1691625601000,0.69,0.69,0.69
1691625602000,0.69,0.69,0.69
1691625603000,0.69,0.69,0.69
1691625604000,0.69,0.69,0.69
1691625605000,0.69,0.69,0.69
1691625606000,0.6899102,0.6899102,0.6899102
1691625607000,0.6901,0.6901,0.6901
1691625608000,0.6903,0.6903,0.6903
1691625609000,0.6903,0.6903,0.6903
1691625610000,0.6903,0.6903,0.6903
1691625611000,0.6903,0.6903,0.6903
1691625612000,0.6903,0.6903,0.6903
1691625613000,0.6902,0.6902,0.6902
1691625614000,0.6904,0.6904,0.6904
1691625615000,0.6903,0.6903,0.6903
1691625616000,0.6903,0.6903,0.6903
1691625617000,0.6904,0.6904,0.6904
1691625618000,0.6902,0.6902,0.6902
1691625619000,0.6902,0.6902,0.6902
1691625620000,0.6901,0.6901,0.6901
1691625621000,0.6901,0.6901,0.6901
1691625622000,0.6901,0.6901,0.6901
1691625623000,0.6901,0.6901,0.6901
1691625624000,0.6902,0.6902,0.6902
1691625625000,0.6902,0.6902,0.6902
1691625626000,0.6902,0.6902,0.6902
1691625627000,0.6902,0.6902,0.6902
1691625628000,0.6903,0.6903,0.6903
1691625629000,0.6902,0.6902,0.6902
1691625630000,0.6903,0.6903,0.6903
1691625631000,0.6902,0.6902,0.6902
1691625632000,0.6904,0.6904,0.6904
1691625633000,0.6904,0.6904,0.6904
1691625634000,0.6904,0.6904,0.6904
1691625635000,0.6904,0.6904,0.6904
1691625636000,0.69021252,0.69021252,0.69021252
1691625637000,0.69021252,0.69021252,0.69021252
1691625638000,0.6902,0.6902,0.6902
1691625639000,0.6902,0.6902,0.6902
1691625640000,0.69012174,0.69012174,0.69012174
1691625641000,0.69012257,0.69012257,0.69012257
1691625642000,0.69012257,0.69012257,0.69012257
1691625643000,0.69012257,0.69012257,0.69012257
1691625644000,0.6902,0.6902,0.6902
1691625645000,0.6902,0.6902,0.6902
1691625646000,0.6902,0.6902,0.6902
1691625647000,0.6902,0.6902,0.6902
1691625648000,0.6902,0.6902,0.6902
1691625649000,0.6902,0.6902,0.6902
1691625650000,0.69013204,0.69013204,0.69013204
1691625651000,0.6902,0.6902,0.6902
1691625652000,0.68992797,0.68992797,0.68992797
1691625653000,0.68992648,0.68992648,0.68992648
1691625654000,0.68992648,0.68992648,0.68992648
1691625655000,0.68990646,0.68990646,0.68990646
1691625656000,0.68992055,0.68992055,0.68992055
1691625657000,0.68992055,0.68992055,0.68992055
1691625658000,0.68991971,0.68991971,0.68991971
1691625659000,0.68985675,0.68985675,0.68985675
1691625660000,0.68981024,0.68981024,0.68981024
1691625661000,0.68974219,0.68974219,0.68974219
1691625662000,0.69,0.69,0.69
1691625663000,0.68991046,0.68991046,0.68991046
1691625664000,0.68991046,0.68991046,0.68991046
1691625665000,0.68991518,0.68991518,0.68991518
1691625666000,0.69,0.69,0.69
1691625667000,0.69,0.69,0.69
1691625668000,0.6901,0.6901,0.6901
1691625669000,0.69,0.69,0.69
1691625670000,0.69,0.69,0.69
1691625671000,0.69,0.69,0.69
1691625672000,0.69,0.69,0.69
1691625673000,0.69,0.69,0.69
1691625674000,0.68991493,0.68991493,0.68991493
1691625675000,0.69,0.69,0.69
1691625676000,0.69,0.69,0.69
1691625677000,0.69,0.69,0.69
1691625678000,0.68991862,0.68991862,0.68991862
1691625679000,0.69,0.69,0.69
1691625680000,0.69,0.69,0.69
1691625681000,0.6901,0.6901,0.6901
1691625682000,0.69,0.69,0.69
1691625683000,0.6901,0.6901,0.6901
1691625684000,0.6901,0.6901,0.6901
1691625685000,0.6902,0.6902,0.6902
1691625686000,0.6902,0.6902,0.6902
1691625687000,0.6902,0.6902,0.6902
1691625688000,0.6903,0.6903,0.6903
1691625689000,0.6903,0.6903,0.6903
1691625690000,0.6903,0.6903,0.6903
1691625691000,0.6903,0.6903,0.6903
1691625692000,0.6903,0.6903,0.6903
1691625693000,0.6902,0.6902,0.6902
1691625694000,0.6902,0.6902,0.6902
1691625695000,0.6902,0.6902,0.6902
1691625696000,0.6903,0.6903,0.6903
1691625697000,0.6903,0.6903,0.6903
1691625698000,0.6903,0.6903,0.6903
1691625699000,0.6903,0.6903,0.6903
1691625700000,0.6902,0.6902,0.6902
1691625701000,0.6902,0.6902,0.6902
1691625702000,0.69007062,0.69007062,0.69007062
1691625703000,0.69008602,0.69008602,0.69008602
1691625704000,0.6901,0.6901,0.6901
1691625705000,0.6902,0.6902,0.6902
1691625706000,0.6902,0.6902,0.6902
1691625707000,0.6902,0.6902,0.6902
1691625708000,0.6902,0.6902,0.6902
1691625709000,0.6902,0.6902,0.6902
1691625710000,0.6902,0.6902,0.6902
1691625711000,0.6903,0.6903,0.6903
1691625712000,0.6903,0.6903,0.6903
1691625713000,0.6904,0.6904,0.6904
1691625714000,0.6904,0.6904,0.6904
1691625715000,0.6904,0.6904,0.6904
1691625716000,0.69043111,0.69043111,0.69043111
1691625717000,0.6906,0.6906,0.6906
1691625718000,0.6907,0.6907,0.6907
1691625719000,0.6907,0.6907,0.6907
1691625720000,0.6906,0.6906,0.6906
1691625721000,0.6906,0.6906,0.6906
1691625722000,0.6906,0.6906,0.6906
1691625723000,0.6906,0.6906,0.6906
1691625724000,0.6907,0.6907,0.6907
1691625725000,0.6906,0.6906,0.6906
1691625726000,0.6906,0.6906,0.6906
1691625727000,0.6907,0.6907,0.6907
1691625728000,0.6907,0.6907,0.6907
1691625729000,0.6907,0.6907,0.6907
1691625730000,0.6906,0.6906,0.6906
1691625731000,0.6907,0.6907,0.6907
1691625732000,0.6906,0.6906,0.6906
1691625733000,0.6907,0.6907,0.6907
1691625734000,0.6907,0.6907,0.6907
1691625735000,0.6906,0.6906,0.6906
1691625736000,0.6906,0.6906,0.6906
1691625737000,0.6906,0.6906,0.6906
1691625738000,0.6906,0.6906,0.6906
1691625739000,0.6907,0.6907,0.6907
1691625740000,0.6907,0.6907,0.6907
1691625741000,0.6907,0.6907,0.6907
1691625742000,0.6906,0.6906,0.6906
1691625743000,0.6906,0.6906,0.6906
1691625744000,0.6906,0.6906,0.6906
1691625745000,0.6907,0.6907,0.6907
1691625746000,0.6907,0.6907,0.6907
1691625747000,0.6907,0.6907,0.6907
1691625748000,0.6907,0.6907,0.6907
1691625749000,0.6907,0.6907,0.6907
1691625750000,0.6907,0.6907,0.6907
1691625751000,0.6907,0.6907,0.6907
1691625752000,0.6907,0.6907,0.6907
1691625753000,0.6907,0.6907,0.6907
1691625754000,0.6907,0.6907,0.6907
1691625755000,0.6907,0.6907,0.6907
1691625756000,0.6906,0.6906,0.6906
1691625757000,0.6906,0.6906,0.6906
1691625758000,0.6906,0.6906,0.6906
1691625759000,0.6905,0.6905,0.6905
1691625760000,0.6905,0.6905,0.6905
1691625761000,0.6905,0.6905,0.6905
1691625762000,0.6905,0.6905,0.6905
1691625763000,0.6906,0.6906,0.6906
1691625764000,0.6906,0.6906,0.6906
1691625765000,0.6906,0.6906,0.6906
1691625766000,0.6904,0.6904,0.6904
1691625767000,0.6904,0.6904,0.6904
1691625768000,0.6904,0.6904,0.6904
1691625769000,0.6904,0.6904,0.6904
1691625770000,0.6906,0.6906,0.6906
1691625771000,0.6906,0.6906,0.6906
1691625772000,0.6907,0.6907,0.6907
1691625773000,0.6908,0.6908,0.6908
1691625774000,0.6908,0.6908,0.6908
1691625775000,0.6908,0.6908,0.6908
1691625776000,0.6907,0.6907,0.6907
1691625777000,0.6907,0.6907,0.6907
1691625778000,0.6907,0.6907,0.6907
1691625779000,0.6906,0.6906,0.6906
1691625780000,0.6906,0.6906,0.6906
1691625781000,0.6906,0.6906,0.6906
1691625782000,0.69057004,0.69057004,0.69057004
1691625783000,0.69054105,0.69054105,0.69054105
1691625784000,0.69054105,0.69054105,0.69054105
1691625785000,0.69031392,0.69031392,0.69031392
1691625786000,0.69031831,0.69031831,0.69031831
1691625787000,0.6903119,0.6903119,0.6903119
1691625788000,0.6903119,0.6903119,0.6903119
1691625789000,0.6903119,0.6903119,0.6903119
1691625790000,0.69031193,0.69031193,0.69031193
1691625791000,0.69029835,0.69029835,0.69029835
1691625792000,0.69031075,0.69031075,0.69031075
1691625793000,0.6903073,0.6903073,0.6903073
1691625794000,0.6903073,0.6903073,0.6903073
1691625795000,0.69030733,0.69030733,0.69030733
1691625796000,0.69017355,0.69017355,0.69017355
1691625797000,0.69003524,0.69003524,0.69003524
1691625798000,0.69002429,0.69002429,0.69002429
1691625799000,0.69002429,0.69002429,0.69002429
1691625800000,0.69002429,0.69002429,0.69002429
1691625801000,0.69002471,0.69002471,0.69002471
1691625802000,0.69002471,0.69002471,0.69002471
1691625803000,0.69002778,0.69002778,0.69002778
1691625804000,0.69002778,0.69002778,0.69002778
1691625805000,0.69004177,0.69004177,0.69004177
1691625806000,0.69004341,0.69004341,0.69004341
1691625807000,0.69004341,0.69004341,0.69004341
1691625808000,0.69004323,0.69004323,0.69004323
1691625809000,0.69004323,0.69004323,0.69004323
1691625810000,0.6901,0.6901,0.6901
1691625811000,0.69004215,0.69004215,0.69004215
1691625812000,0.69004215,0.69004215,0.69004215
1691625813000,0.69003919,0.69003919,0.69003919
1691625814000,0.69003919,0.69003919,0.69003919
1691625815000,0.69008653,0.69008653,0.69008653
1691625816000,0.69008653,0.69008653,0.69008653
1691625817000,0.69008549,0.69008549,0.69008549
1691625818000,0.69008466,0.69008466,0.69008466
1691625819000,0.69007261,0.69007261,0.69007261
1691625820000,0.69007172,0.69007172,0.69007172
1691625821000,0.69006902,0.69006902,0.69006902
1691625822000,0.69006618,0.69006618,0.69006618
1691625823000,0.69006521,0.69006521,0.69006521
1691625824000,0.69006521,0.69006521,0.69006521
1691625825000,0.69006614,0.69006614,0.69006614
1691625826000,0.69006614,0.69006614,0.69006614
1691625827000,0.69006252,0.69006252,0.69006252
1691625828000,0.69004727,0.69004727,0.69004727
1691625829000,0.69004867,0.69004867,0.69004867
1691625830000,0.69004773,0.69004773,0.69004773
1691625831000,0.69004773,0.69004773,0.69004773
1691625832000,0.6901,0.6901,0.6901
1691625833000,0.6901,0.6901,0.6901
1691625834000,0.6901,0.6901,0.6901
1691625835000,0.6901,0.6901,0.6901
1691625836000,0.69011975,0.69011975,0.69011975
1691625837000,0.69012274,0.69012274,0.69012274
1691625838000,0.69012413,0.69012413,0.69012413
1691625839000,0.69012413,0.69012413,0.69012413
1691625840000,0.6902,0.6902,0.6902
1691625841000,0.69018054,0.69018054,0.69018054
1691625842000,0.69017964,0.69017964,0.69017964
1691625843000,0.6901791,0.6901791,0.6901791
1691625844000,0.6903,0.6903,0.6903
1691625845000,0.6903,0.6903,0.6903
1691625846000,0.6903,0.6903,0.6903
1691625847000,0.6902408,0.6902408,0.6902408
1691625848000,0.69024016,0.69024016,0.69024016
1691625849000,0.6902432,0.6902432,0.6902432
1691625850000,0.6903,0.6903,0.6903
1691625851000,0.6903,0.6903,0.6903
1691625852000,0.6903,0.6903,0.6903
1691625853000,0.6903,0.6903,0.6903
1691625854000,0.6903,0.6903,0.6903
1691625855000,0.6903,0.6903,0.6903
1691625856000,0.6903,0.6903,0.6903
1691625857000,0.6903,0.6903,0.6903
1691625858000,0.6903,0.6903,0.6903
1691625859000,0.69029773,0.69029773,0.69029773
1691625860000,0.69029769,0.69029769,0.69029769
1691625861000,0.69033012,0.69033012,0.69033012
1691625862000,0.69033012,0.69033012,0.69033012
1691625863000,0.69032582,0.69032582,0.69032582
1691625864000,0.69021747,0.69021747,0.69021747
1691625865000,0.69021837,0.69021837,0.69021837
1691625866000,0.69021837,0.69021837,0.69021837
1691625867000,0.69021837,0.69021837,0.69021837
1691625868000,0.69021841,0.69021841,0.69021841
1691625869000,0.69021527,0.69021527,0.69021527
1691625870000,0.69021527,0.69021527,0.69021527
1691625871000,0.69021527,0.69021527,0.69021527
1691625872000,0.69021527,0.69021527,0.69021527
1691625873000,0.69021531,0.69021531,0.69021531
1691625874000,0.69021364,0.69021364,0.69021364
1691625875000,0.69020611,0.69020611,0.69020611
1691625876000,0.6901521,0.6901521,0.6901521
1691625877000,0.6901521,0.6901521,0.6901521
1691625878000,0.6901521,0.6901521,0.6901521
1691625879000,0.69015061,0.69015061,0.69015061
1691625880000,0.6901,0.6901,0.6901
1691625881000,0.6902,0.6902,0.6902
1691625882000,0.69027,0.69027,0.69027
1691625883000,0.69027,0.69027,0.69027
1691625884000,0.69027027,0.69027027,0.69027027
1691625885000,0.6903,0.6903,0.6903
1691625886000,0.6903,0.6903,0.6903
1691625887000,0.6903,0.6903,0.6903
1691625888000,0.6904,0.6904,0.6904
1691625889000,0.6904,0.6904,0.6904
1691625890000,0.6904,0.6904,0.6904
1691625891000,0.6904,0.6904,0.6904
1691625892000,0.6903,0.6903,0.6903
1691625893000,0.6903,0.6903,0.6903
1691625894000,0.6903,0.6903,0.6903
1691625895000,0.6903,0.6903,0.6903
1691625896000,0.6904,0.6904,0.6904
1691625897000,0.6904,0.6904,0.6904
1691625898000,0.6904,0.6904,0.6904
1691625899000,0.6904,0.6904,0.6904
1691625900000,0.6904,0.6904,0.6904
1691625901000,0.6904,0.6904,0.6904
1691625902000,0.6904,0.6904,0.6904
1691625903000,0.6903,0.6903,0.6903
1691625904000,0.6903,0.6903,0.6903
1691625905000,0.6904,0.6904,0.6904
1691625906000,0.6904,0.6904,0.6904
1691625907000,0.6903,0.6903,0.6903
1691625908000,0.6904,0.6904,0.6904
1691625909000,0.6904,0.6904,0.6904
1691625910000,0.69040435,0.69040435,0.69040435
1691625911000,0.69040435,0.69040435,0.69040435
1691625912000,0.6904206,0.6904206,0.6904206
1691625913000,0.6904206,0.6904206,0.6904206
1691625914000,0.69042056,0.69042056,0.69042056
1691625915000,0.6904203,0.6904203,0.6904203
1691625916000,0.6905,0.6905,0.6905
1691625917000,0.6905,0.6905,0.6905
1691625918000,0.69041941,0.69041941,0.69041941
1691625919000,0.69041941,0.69041941,0.69041941
1691625920000,0.69041945,0.69041945,0.69041945
1691625921000,0.69041882,0.69041882,0.69041882
1691625922000,0.69041882,0.69041882,0.69041882
1691625923000,0.69041882,0.69041882,0.69041882
1691625924000,0.69041882,0.69041882,0.69041882
1691625925000,0.69041975,0.69041975,0.69041975
1691625926000,0.69041854,0.69041854,0.69041854
1691625927000,0.69041988,0.69041988,0.69041988
1691625928000,0.69041988,0.69041988,0.69041988
1691625929000,0.69041988,0.69041988,0.69041988
1691625930000,0.69041984,0.69041984,0.69041984
1691625931000,0.69041744,0.69041744,0.69041744
1691625932000,0.69041647,0.69041647,0.69041647
1691625933000,0.69041647,0.69041647,0.69041647
1691625934000,0.69041651,0.69041651,0.69041651
1691625935000,0.69041651,0.69041651,0.69041651
1691625936000,0.69041442,0.69041442,0.69041442
1691625937000,0.69041588,0.69041588,0.69041588
1691625938000,0.69041495,0.69041495,0.69041495
1691625939000,0.69041495,0.69041495,0.69041495
1691625940000,0.69041495,0.69041495,0.69041495
1691625941000,0.69041423,0.69041423,0.69041423
1691625942000,0.69041423,0.69041423,0.69041423
1691625943000,0.69036018,0.69036018,0.69036018
1691625944000,0.6904,0.6904,0.6904
1691625945000,0.6904,0.6904,0.6904
1691625946000,0.6904,0.6904,0.6904
1691625947000,0.6904,0.6904,0.6904
1691625948000,0.6904,0.6904,0.6904
1691625949000,0.6904,0.6904,0.6904
1691625950000,0.69036533,0.69036533,0.69036533
1691625951000,0.69036439,0.69036439,0.69036439
1691625952000,0.69036502,0.69036502,0.69036502
1691625953000,0.69036502,0.69036502,0.69036502
1691625954000,0.6904,0.6904,0.6904
1691625955000,0.6904,0.6904,0.6904
1691625956000,0.6904,0.6904,0.6904
1691625957000,0.6904,0.6904,0.6904
1691625958000,0.6904,0.6904,0.6904
1691625959000,0.6904,0.6904,0.6904
1691625960000,0.6904,0.6904,0.6904
1691625961000,0.6904,0.6904,0.6904
1691625962000,0.6905,0.6905,0.6905
1691625963000,0.6905,0.6905,0.6905
1691625964000,0.6908,0.6908,0.6908
1691625965000,0.69084483,0.69084483,0.69084483
1691625966000,0.69084509,0.69084509,0.69084509
1691625967000,0.6909,0.6909,0.6909
1691625968000,0.6909,0.6909,0.6909
1691625969000,0.6909,0.6909,0.6909
1691625970000,0.6909,0.6909,0.6909
1691625971000,0.69080791,0.69080791,0.69080791
1691625972000,0.6909,0.6909,0.6909
1691625973000,0.69090679,0.69090679,0.69090679
1691625974000,0.691,0.691,0.691
1691625975000,0.691,0.691,0.691
1691625976000,0.691,0.691,0.691
1691625977000,0.691,0.691,0.691
1691625978000,0.691,0.691,0.691
1691625979000,0.691,0.691,0.691
1691625980000,0.691,0.691,0.691
1691625981000,0.691,0.691,0.691
1691625982000,0.691,0.691,0.691
1691625983000,0.691,0.691,0.691
1691625984000,0.691,0.691,0.691
1691625985000,0.691,0.691,0.691
1691625986000,0.691,0.691,0.691
1691625987000,0.691,0.691,0.691
1691625988000,0.691,0.691,0.691
1691625989000,0.691,0.691,0.691
1691625990000,0.691,0.691,0.691
1691625991000,0.6911,0.6911,0.6911
1691625992000,0.6912,0.6912,0.6912
1691625993000,0.6912,0.6912,0.6912
1691625994000,0.6912,0.6912,0.6912
1691625995000,0.69113293,0.69113293,0.69113293
1691625996000,0.69113293,0.69113293,0.69113293
1691625997000,0.6911339,0.6911339,0.6911339
1691625998000,0.69113296,0.69113296,0.69113296
1691625999000,0.69112942,0.69112942,0.69112942
1691626000000,0.6911,0.6911,0.6911
1691626001000,0.69102131,0.69102131,0.69102131
1691626002000,0.69102131,0.69102131,0.69102131
1691626003000,0.69102131,0.69102131,0.69102131
1691626004000,0.69102121,0.69102121,0.69102121
1691626005000,0.69102117,0.69102117,0.69102117
1691626006000,0.69102117,0.69102117,0.69102117
1691626007000,0.69102121,0.69102121,0.69102121
1691626008000,0.69102133,0.69102133,0.69102133
1691626009000,0.6911,0.6911,0.6911
1691626010000,0.69103746,0.69103746,0.69103746
1691626011000,0.69103746,0.69103746,0.69103746
1691626012000,0.69102121,0.69102121,0.69102121
1691626013000,0.69102295,0.69102295,0.69102295
1691626014000,0.69102182,0.69102182,0.69102182
1691626015000,0.69102088,0.69102088,0.69102088
1691626016000,0.6911,0.6911,0.6911
1691626017000,0.6911,0.6911,0.6911
1691626018000,0.69109341,0.69109341,0.69109341
1691626019000,0.69109126,0.69109126,0.69109126
1691626020000,0.69109219,0.69109219,0.69109219
1691626021000,0.69109219,0.69109219,0.69109219
1691626022000,0.69109215,0.69109215,0.69109215
1691626023000,0.69107597,0.69107597,0.69107597
1691626024000,0.69107581,0.69107581,0.69107581
1691626025000,0.69107187,0.69107187,0.69107187
1691626026000,0.69107184,0.69107184,0.69107184
1691626027000,0.69107184,0.69107184,0.69107184
1691626028000,0.69105566,0.69105566,0.69105566
1691626029000,0.69100099,0.69100099,0.69100099
1691626030000,0.691,0.691,0.691
1691626031000,0.691,0.691,0.691
1691626032000,0.691,0.691,0.691
1691626033000,0.69099786,0.69099786,0.69099786
1691626034000,0.69099689,0.69099689,0.69099689
1691626035000,0.69099421,0.69099421,0.69099421
1691626036000,0.691,0.691,0.691
1691626037000,0.691,0.691,0.691
1691626038000,0.69099539,0.69099539,0.69099539
1691626039000,0.69099539,0.69099539,0.69099539
1691626040000,0.69099269,0.69099269,0.69099269
1691626041000,0.69099176,0.69099176,0.69099176
1691626042000,0.691,0.691,0.691
1691626043000,0.69104581,0.69104581,0.69104581
1691626044000,0.69104533,0.69104533,0.69104533
1691626045000,0.6910428,0.6910428,0.6910428
1691626046000,0.69104284,0.69104284,0.69104284
1691626047000,0.69104284,0.69104284,0.69104284
1691626048000,0.69104374,0.69104374,0.69104374
1691626049000,0.6911,0.6911,0.6911
1691626050000,0.6911,0.6911,0.6911
1691626051000,0.6911,0.6911,0.6911
1691626052000,0.6911,0.6911,0.6911
1691626053000,0.6911,0.6911,0.6911
1691626054000,0.6911,0.6911,0.6911
1691626055000,0.6911,0.6911,0.6911
1691626056000,0.6911,0.6911,0.6911
1691626057000,0.6911,0.6911,0.6911
1691626058000,0.6911,0.6911,0.6911
1691626059000,0.6911,0.6911,0.6911
1691626060000,0.6911126,0.6911126,0.6911126
1691626061000,0.6911108,0.6911108,0.6911108
1691626062000,0.6911108,0.6911108,0.6911108
1691626063000,0.69111084,0.69111084,0.69111084
1691626064000,0.69111173,0.69111173,0.69111173
1691626065000,0.69111404,0.69111404,0.69111404
1691626066000,0.69111176,0.69111176,0.69111176
1691626067000,0.69111176,0.69111176,0.69111176
1691626068000,0.69111278,0.69111278,0.69111278
1691626069000,0.69111428,0.69111428,0.69111428
1691626070000,0.69111428,0.69111428,0.69111428
1691626071000,0.69116829,0.69116829,0.69116829
1691626072000,0.69116826,0.69116826,0.69116826
1691626073000,0.69116829,0.69116829,0.69116829
1691626074000,0.69116943,0.69116943,0.69116943
1691626075000,0.6912,0.6912,0.6912
1691626076000,0.6912,0.6912,0.6912
1691626077000,0.6912,0.6912,0.6912
1691626078000,0.69116702,0.69116702,0.69116702
1691626079000,0.6912,0.6912,0.6912
1691626080000,0.6912,0.6912,0.6912
1691626081000,0.69112412,0.69112412,0.69112412
1691626082000,0.69113872,0.69113872,0.69113872
1691626083000,0.69113876,0.69113876,0.69113876
1691626084000,0.69107562,0.69107562,0.69107562
1691626085000,0.69101946,0.69101946,0.69101946
1691626086000,0.69101946,0.69101946,0.69101946
1691626087000,0.69101882,0.69101882,0.69101882
1691626088000,0.69101882,0.69101882,0.69101882
1691626089000,0.69101882,0.69101882,0.69101882
1691626090000,0.69101882,0.69101882,0.69101882
1691626091000,0.69107397,0.69107397,0.69107397
1691626092000,0.6912,0.6912,0.6912
1691626093000,0.6912,0.6912,0.6912
1691626094000,0.6912,0.6912,0.6912
1691626095000,0.6912,0.6912,0.6912
1691626096000,0.6912,0.6912,0.6912
1691626097000,0.69120528,0.69120528,0.69120528
1691626098000,0.69120528,0.69120528,0.69120528
1691626099000,0.69120525,0.69120525,0.69120525
1691626100000,0.69120435,0.69120435,0.69120435
1691626101000,0.6911503,0.6911503,0.6911503
1691626102000,0.69114839,0.69114839,0.69114839
1691626103000,0.69114839,0.69114839,0.69114839
1691626104000,0.69114839,0.69114839,0.69114839
1691626105000,0.69114831,0.69114831,0.69114831
1691626106000,0.69114738,0.69114738,0.69114738
1691626107000,0.69114738,0.69114738,0.69114738
1691626108000,0.69114499,0.69114499,0.69114499
1691626109000,0.69114499,0.69114499,0.69114499
1691626110000,0.69114596,0.69114596,0.69114596
1691626111000,0.69114463,0.69114463,0.69114463
1691626112000,0.69114463,0.69114463,0.69114463
1691626113000,0.69114652,0.69114652,0.69114652
1691626114000,0.69120054,0.69120054,0.69120054
1691626115000,0.69120123,0.69120123,0.69120123
1691626116000,0.69120127,0.69120127,0.69120127
1691626117000,0.69120127,0.69120127,0.69120127
1691626118000,0.6912561,0.6912561,0.6912561
1691626119000,0.6912561,0.6912561,0.6912561
1691626120000,0.6912561,0.6912561,0.6912561
1691626121000,0.69125642,0.69125642,0.69125642
1691626122000,0.69125642,0.69125642,0.69125642
1691626123000,0.69125773,0.69125773,0.69125773
1691626124000,0.69126584,0.69126584,0.69126584
1691626125000,0.69126479,0.69126479,0.69126479
1691626126000,0.69126479,0.69126479,0.69126479
1691626127000,0.69126482,0.69126482,0.69126482
1691626128000,0.6912643,0.6912643,0.6912643
1691626129000,0.69126426,0.69126426,0.69126426
1691626130000,0.69126426,0.69126426,0.69126426
1691626131000,0.69126418,0.69126418,0.69126418
1691626132000,0.69126511,0.69126511,0.69126511
1691626133000,0.69126511,0.69126511,0.69126511
1691626134000,0.69126105,0.69126105,0.69126105
1691626135000,0.69126105,0.69126105,0.69126105
1691626136000,0.69126105,0.69126105,0.69126105
1691626137000,0.6912602,0.6912602,0.6912602
1691626138000,0.6912602,0.6912602,0.6912602
1691626139000,0.6912547,0.6912547,0.6912547
1691626140000,0.69125563,0.69125563,0.69125563
1691626141000,0.69126496,0.69126496,0.69126496
1691626142000,0.69126492,0.69126492,0.69126492
1691626143000,0.6912,0.6912,0.6912
1691626144000,0.6913,0.6913,0.6913
1691626145000,0.6913,0.6913,0.6913
1691626146000,0.6913,0.6913,0.6913
1691626147000,0.6913,0.6913,0.6913
1691626148000,0.6913,0.6913,0.6913
1691626149000,0.6913,0.6913,0.6913
1691626150000,0.6913,0.6913,0.6913
1691626151000,0.6913,0.6913,0.6913
1691626152000,0.6913,0.6913,0.6913
1691626153000,0.6913,0.6913,0.6913
1691626154000,0.6913,0.6913,0.6913
1691626155000,0.6913,0.6913,0.6913
1691626156000,0.69142844,0.69142844,0.69142844
1691626157000,0.69142844,0.69142844,0.69142844
1691626158000,0.69137979,0.69137979,0.69137979
1691626159000,0.69137979,0.69137979,0.69137979
1691626160000,0.69138383,0.69138383,0.69138383
1691626161000,0.69130594,0.69130594,0.69130594
1691626162000,0.69130597,0.69130597,0.69130597
1691626163000,0.69130597,0.69130597,0.69130597
1691626164000,0.69130597,0.69130597,0.69130597
1691626165000,0.69130555,0.69130555,0.69130555
1691626166000,0.69130555,0.69130555,0.69130555
1691626167000,0.69130539,0.69130539,0.69130539
1691626168000,0.69135944,0.69135944,0.69135944
1691626169000,0.69135944,0.69135944,0.69135944
1691626170000,0.69136071,0.69136071,0.69136071
1691626171000,0.69130666,0.69130666,0.69130666
1691626172000,0.69131047,0.69131047,0.69131047
1691626173000,0.69131047,0.69131047,0.69131047
1691626174000,0.69131047,0.69131047,0.69131047
1691626175000,0.691327,0.691327,0.691327
1691626176000,0.69132704,0.69132704,0.69132704
1691626177000,0.69132704,0.69132704,0.69132704
1691626178000,0.69133261,0.69133261,0.69133261
1691626179000,0.69133462,0.69133462,0.69133462
1691626180000,0.6914,0.6914,0.6914
1691626181000,0.69135284,0.69135284,0.69135284
1691626182000,0.6914,0.6914,0.6914
1691626183000,0.6914,0.6914,0.6914
1691626184000,0.6914,0.6914,0.6914
1691626185000,0.6914,0.6914,0.6914
1691626186000,0.6914,0.6914,0.6914
1691626187000,0.69141742,0.69141742,0.69141742
1691626188000,0.69141742,0.69141742,0.69141742
1691626189000,0.69141745,0.69141745,0.69141745
1691626190000,0.69141745,0.69141745,0.69141745
1691626191000,0.69141552,0.69141552,0.69141552
1691626192000,0.69141454,0.69141454,0.69141454
1691626193000,0.69141454,0.69141454,0.69141454
1691626194000,0.6914145,0.6914145,0.6914145
1691626195000,0.69141454,0.69141454,0.69141454
1691626196000,0.69141161,0.69141161,0.69141161
1691626197000,0.69141161,0.69141161,0.69141161
1691626198000,0.69141214,0.69141214,0.69141214
1691626199000,0.6914121,0.6914121,0.6914121
1691626200000,0.69141214,0.69141214,0.69141214
1691626201000,0.69140757,0.69140757,0.69140757
1691626202000,0.69121366,0.69121366,0.69121366
1691626203000,0.69121366,0.69121366,0.69121366
1691626204000,0.6913,0.6913,0.6913
1691626205000,0.69132922,0.69132922,0.69132922
1691626206000,0.69132416,0.69132416,0.69132416
1691626207000,0.69132607,0.69132607,0.69132607
1691626208000,0.69132607,0.69132607,0.69132607
1691626209000,0.6914,0.6914,0.6914
1691626210000,0.6914,0.6914,0.6914
1691626211000,0.6914,0.6914,0.6914
1691626212000,0.6914,0.6914,0.6914
1691626213000,0.69143435,0.69143435,0.69143435
1691626214000,0.69143435,0.69143435,0.69143435
1691626215000,0.69143337,0.69143337,0.69143337
1691626216000,0.69143341,0.69143341,0.69143341
1691626217000,0.6914306,0.6914306,0.6914306
1691626218000,0.6914323,0.6914323,0.6914323
1691626219000,0.69143234,0.69143234,0.69143234
1691626220000,0.69143234,0.69143234,0.69143234
1691626221000,0.6914,0.6914,0.6914
1691626222000,0.6914,0.6914,0.6914
1691626223000,0.6914,0.6914,0.6914
1691626224000,0.6914,0.6914,0.6914
1691626225000,0.6914,0.6914,0.6914
1691626226000,0.69137701,0.69137701,0.69137701
1691626227000,0.69137671,0.69137671,0.69137671
1691626228000,0.69137691,0.69137691,0.69137691
1691626229000,0.69137691,0.69137691,0.69137691
1691626230000,0.69138409,0.69138409,0.69138409
1691626231000,0.69138502,0.69138502,0.69138502
1691626232000,0.6913306,0.6913306,0.6913306
1691626233000,0.69133048,0.69133048,0.69133048
1691626234000,0.6914,0.6914,0.6914
1691626235000,0.6914,0.6914,0.6914
1691626236000,0.69133141,0.69133141,0.69133141
1691626237000,0.69133044,0.69133044,0.69133044
1691626238000,0.6914,0.6914,0.6914
1691626239000,0.6914,0.6914,0.6914
1691626240000,0.6914,0.6914,0.6914
1691626241000,0.6914,0.6914,0.6914
1691626242000,0.6914,0.6914,0.6914
1691626243000,0.6914,0.6914,0.6914
1691626244000,0.69133243,0.69133243,0.69133243
1691626245000,0.69133243,0.69133243,0.69133243
1691626246000,0.69138552,0.69138552,0.69138552
1691626247000,0.69138552,0.69138552,0.69138552
1691626248000,0.69138504,0.69138504,0.69138504
1691626249000,0.69138504,0.69138504,0.69138504
1691626250000,0.69138504,0.69138504,0.69138504
1691626251000,0.69138504,0.69138504,0.69138504
1691626252000,0.69138508,0.69138508,0.69138508
1691626253000,0.69138388,0.69138388,0.69138388
1691626254000,0.69138388,0.69138388,0.69138388
1691626255000,0.6914,0.6914,0.6914
1691626256000,0.6914,0.6914,0.6914
1691626257000,0.6913862,0.6913862,0.6913862
1691626258000,0.69138262,0.69138262,0.69138262
1691626259000,0.69138092,0.69138092,0.69138092
1691626260000,0.69138092,0.69138092,0.69138092
1691626261000,0.69137277,0.69137277,0.69137277
1691626262000,0.69137277,0.69137277,0.69137277
1691626263000,0.6914,0.6914,0.6914
1691626264000,0.6914,0.6914,0.6914
1691626265000,0.6914,0.6914,0.6914
1691626266000,0.6916,0.6916,0.6916
1691626267000,0.6916,0.6916,0.6916
1691626268000,0.69153205,0.69153205,0.69153205
1691626269000,0.6916,0.6916,0.6916
1691626270000,0.6916,0.6916,0.6916
1691626271000,0.69152412,0.69152412,0.69152412
1691626272000,0.6916,0.6916,0.6916
1691626273000,0.6916,0.6916,0.6916
1691626274000,0.6916,0.6916,0.6916
1691626275000,0.6916,0.6916,0.6916
1691626276000,0.6916,0.6916,0.6916
1691626277000,0.6916,0.6916,0.6916
1691626278000,0.6916,0.6916,0.6916
1691626279000,0.69157111,0.69157111,0.69157111
1691626280000,0.6916,0.6916,0.6916
1691626281000,0.6916,0.6916,0.6916
1691626282000,0.6916,0.6916,0.6916
1691626283000,0.6916,0.6916,0.6916
1691626284000,0.6915688,0.6915688,0.6915688
1691626285000,0.69156876,0.69156876,0.69156876
1691626286000,0.69156876,0.69156876,0.69156876
1691626287000,0.69151474,0.69151474,0.69151474
1691626288000,0.69151471,0.69151471,0.69151471
1691626289000,0.69151474,0.69151474,0.69151474
1691626290000,0.6916,0.6916,0.6916
1691626291000,0.6916,0.6916,0.6916
1691626292000,0.69156501,0.69156501,0.69156501
1691626293000,0.69156407,0.69156407,0.69156407
1691626294000,0.69156501,0.69156501,0.69156501
1691626295000,0.6915621,0.6915621,0.6915621
1691626296000,0.6917,0.6917,0.6917
1691626297000,0.6917,0.6917,0.6917
1691626298000,0.6917,0.6917,0.6917
1691626299000,0.6917,0.6917,0.6917
1691626300000,0.6917,0.6917,0.6917
1691626301000,0.6917,0.6917,0.6917
1691626302000,0.6917,0.6917,0.6917
1691626303000,0.6918,0.6918,0.6918
1691626304000,0.6918,0.6918,0.6918
1691626305000,0.6918,0.6918,0.6918
1691626306000,0.6918,0.6918,0.6918
1691626307000,0.6918,0.6918,0.6918
1691626308000,0.6919,0.6919,0.6919
1691626309000,0.6919,0.6919,0.6919
1691626310000,0.6919,0.6919,0.6919
1691626311000,0.6919,0.6919,0.6919
1691626312000,0.6919,0.6919,0.6919
1691626313000,0.6919,0.6919,0.6919
1691626314000,0.6919,0.6919,0.6919
1691626315000,0.6919,0.6919,0.6919
1691626316000,0.6919,0.6919,0.6919
1691626317000,0.692,0.692,0.692
1691626318000,0.692,0.692,0.692
1691626319000,0.692,0.692,0.692
1691626320000,0.692,0.692,0.692
1691626321000,0.692,0.692,0.692
1691626322000,0.692,0.692,0.692
1691626323000,0.692,0.692,0.692
1691626324000,0.6919859,0.6919859,0.6919859
1691626325000,0.6919859,0.6919859,0.6919859
1691626326000,0.6919,0.6919,0.6919
1691626327000,0.69189342,0.69189342,0.69189342
1691626328000,0.69163932,0.69163932,0.69163932
1691626329000,0.69163932,0.69163932,0.69163932
1691626330000,0.69163932,0.69163932,0.69163932
1691626331000,0.69167551,0.69167551,0.69167551
1691626332000,0.6916648,0.6916648,0.6916648
1691626333000,0.69161828,0.69161828,0.69161828
1691626334000,0.69161828,0.69161828,0.69161828
1691626335000,0.69165647,0.69165647,0.69165647
1691626336000,0.69164902,0.69164902,0.69164902
1691626337000,0.69164899,0.69164899,0.69164899
1691626338000,0.69160251,0.69160251,0.69160251
1691626339000,0.69160251,0.69160251,0.69160251
1691626340000,0.69160248,0.69160248,0.69160248
1691626341000,0.69159711,0.69159711,0.69159711
1691626342000,0.69159708,0.69159708,0.69159708
1691626343000,0.69159708,0.69159708,0.69159708
1691626344000,0.69159711,0.69159711,0.69159711
1691626345000,0.69159708,0.69159708,0.69159708
1691626346000,0.691486,0.691486,0.691486
1691626347000,0.69148066,0.69148066,0.69148066
1691626348000,0.69148066,0.69148066,0.69148066
1691626349000,0.69148066,0.69148066,0.69148066
1691626350000,0.69148143,0.69148143,0.69148143
1691626351000,0.69148143,0.69148143,0.69148143
1691626352000,0.69146304,0.69146304,0.69146304
1691626353000,0.69146304,0.69146304,0.69146304
1691626354000,0.69146307,0.69146307,0.69146307
1691626355000,0.69146307,0.69146307,0.69146307
1691626356000,0.69150888,0.69150888,0.69150888
1691626357000,0.69150577,0.69150577,0.69150577
1691626358000,0.69150657,0.69150657,0.69150657
1691626359000,0.69150657,0.69150657,0.69150657
1691626360000,0.6915066,0.6915066,0.6915066
1691626361000,0.69151009,0.69151009,0.69151009
1691626362000,0.69150725,0.69150725,0.69150725
1691626363000,0.69150722,0.69150722,0.69150722
1691626364000,0.69150722,0.69150722,0.69150722
1691626365000,0.69150725,0.69150725,0.69150725
1691626366000,0.69150725,0.69150725,0.69150725
1691626367000,0.6915036,0.6915036,0.6915036
1691626368000,0.6915044,0.6915044,0.6915044
1691626369000,0.6915044,0.6915044,0.6915044
1691626370000,0.6915,0.6915,0.6915
1691626371000,0.6915036,0.6915036,0.6915036
1691626372000,0.6915044,0.6915044,0.6915044
1691626373000,0.6915,0.6915,0.6915
1691626374000,0.6915,0.6915,0.6915
1691626375000,0.69150234,0.69150234,0.69150234
1691626376000,0.69150153,0.69150153,0.69150153
1691626377000,0.69150153,0.69150153,0.69150153
1691626378000,0.69149971,0.69149971,0.69149971
1691626379000,0.6915,0.6915,0.6915
1691626380000,0.69150051,0.69150051,0.69150051
1691626381000,0.69146566,0.69146566,0.69146566
1691626382000,0.69146566,0.69146566,0.69146566
1691626383000,0.69136996,0.69136996,0.69136996
1691626384000,0.69132225,0.69132225,0.69132225
1691626385000,0.69132228,0.69132228,0.69132228
1691626386000,0.69132228,0.69132228,0.69132228
1691626387000,0.69132228,0.69132228,0.69132228
1691626388000,0.69131764,0.69131764,0.69131764
1691626389000,0.6913176,0.6913176,0.6913176
1691626390000,0.6913176,0.6913176,0.6913176
1691626391000,0.6913176,0.6913176,0.6913176
1691626392000,0.69131764,0.69131764,0.69131764
1691626393000,0.69131225,0.69131225,0.69131225
1691626394000,0.69131221,0.69131221,0.69131221
1691626395000,0.69131221,0.69131221,0.69131221
1691626396000,0.69131221,0.69131221,0.69131221
1691626397000,0.69126493,0.69126493,0.69126493
1691626398000,0.69126493,0.69126493,0.69126493
1691626399000,0.69126042,0.69126042,0.69126042
1691626400000,0.69126042,0.69126042,0.69126042
1691626401000,0.69126122,0.69126122,0.69126122
1691626402000,0.69126122,0.69126122,0.69126122
1691626403000,0.69126125,0.69126125,0.69126125
1691626404000,0.6912604,0.6912604,0.6912604
1691626405000,0.6912604,0.6912604,0.6912604
1691626406000,0.6912604,0.6912604,0.6912604
1691626407000,0.69130688,0.69130688,0.69130688
1691626408000,0.69129293,0.69129293,0.69129293
1691626409000,0.69129119,0.69129119,0.69129119
1691626410000,0.69129039,0.69129039,0.69129039
1691626411000,0.69129039,0.69129039,0.69129039
1691626412000,0.69123527,0.69123527,0.69123527
1691626413000,0.69122494,0.69122494,0.69122494
1691626414000,0.69122185,0.69122185,0.69122185
1691626415000,0.69122185,0.69122185,0.69122185
1691626416000,0.69122185,0.69122185,0.69122185
1691626417000,0.69122185,0.69122185,0.69122185
1691626418000,0.69121927,0.69121927,0.69121927
1691626419000,0.69121398,0.69121398,0.69121398
1691626420000,0.69121402,0.69121402,0.69121402
1691626421000,0.69121398,0.69121398,0.69121398
1691626422000,0.69121398,0.69121398,0.69121398
1691626423000,0.6912136,0.6912136,0.6912136
1691626424000,0.6912128,0.6912128,0.6912128
1691626425000,0.69120846,0.69120846,0.69120846
1691626426000,0.69120849,0.69120849,0.69120849
1691626427000,0.69120846,0.69120846,0.69120846
1691626428000,0.69120856,0.69120856,0.69120856
1691626429000,0.69120856,0.69120856,0.69120856
1691626430000,0.69120599,0.69120599,0.69120599
1691626431000,0.69120599,0.69120599,0.69120599
1691626432000,0.69120602,0.69120602,0.69120602
1691626433000,0.69115805,0.69115805,0.69115805
1691626434000,0.69120459,0.69120459,0.69120459
1691626435000,0.69120206,0.69120206,0.69120206
1691626436000,0.69120283,0.69120283,0.69120283
1691626437000,0.69120283,0.69120283,0.69120283
1691626438000,0.69120244,0.69120244,0.69120244
1691626439000,0.69120164,0.69120164,0.69120164
1691626440000,0.69119914,0.69119914,0.69119914
1691626441000,0.69117127,0.69117127,0.69117127
1691626442000,0.69117207,0.69117207,0.69117207
1691626443000,0.69116604,0.69116604,0.69116604
1691626444000,0.69116604,0.69116604,0.69116604
1691626445000,0.69115948,0.69115948,0.69115948
1691626446000,0.69116025,0.69116025,0.69116025
1691626447000,0.69115945,0.69115945,0.69115945
1691626448000,0.69115945,0.69115945,0.69115945
1691626449000,0.6911558,0.6911558,0.6911558
1691626450000,0.69115577,0.69115577,0.69115577
1691626451000,0.69114895,0.69114895,0.69114895
1691626452000,0.69110244,0.69110244,0.69110244
1691626453000,0.69114895,0.69114895,0.69114895
1691626454000,0.69114892,0.69114892,0.69114892
1691626455000,0.69114892,0.69114892,0.69114892
1691626456000,0.69109192,0.69109192,0.69109192
1691626457000,0.69109192,0.69109192,0.69109192
1691626458000,0.69109189,0.69109189,0.69109189
1691626459000,0.69108934,0.69108934,0.69108934
1691626460000,0.69108934,0.69108934,0.69108934
1691626461000,0.69108627,0.69108627,0.69108627
1691626462000,0.69108627,0.69108627,0.69108627
1691626463000,0.69109293,0.69109293,0.69109293
1691626464000,0.69105107,0.69105107,0.69105107
1691626465000,0.69105107,0.69105107,0.69105107
1691626466000,0.69104594,0.69104594,0.69104594
1691626467000,0.69104594,0.69104594,0.69104594
1691626468000,0.69104594,0.69104594,0.69104594
1691626469000,0.69104552,0.69104552,0.69104552
1691626470000,0.69104552,0.69104552,0.69104552
1691626471000,0.69104356,0.69104356,0.69104356
1691626472000,0.69104436,0.69104436,0.69104436
1691626473000,0.69104436,0.69104436,0.69104436
1691626474000,0.69108389,0.69108389,0.69108389
1691626475000,0.69108309,0.69108309,0.69108309
1691626476000,0.69108309,0.69108309,0.69108309
1691626477000,0.69103416,0.69103416,0.69103416
1691626478000,0.69103416,0.69103416,0.69103416
1691626479000,0.6909921,0.6909921,0.6909921
1691626480000,0.6909921,0.6909921,0.6909921
1691626481000,0.69099207,0.69099207,0.69099207
1691626482000,0.6909888,0.6909888,0.6909888
1691626483000,0.69098883,0.69098883,0.69098883
1691626484000,0.69098883,0.69098883,0.69098883
1691626485000,0.6909888,0.6909888,0.6909888
1691626486000,0.6910493,0.6910493,0.6910493
1691626487000,0.69104647,0.69104647,0.69104647
1691626488000,0.69104724,0.69104724,0.69104724
1691626489000,0.69104724,0.69104724,0.69104724
1691626490000,0.69104727,0.69104727,0.69104727
1691626491000,0.69104727,0.69104727,0.69104727
1691626492000,0.69104435,0.69104435,0.69104435
1691626493000,0.69104354,0.69104354,0.69104354
1691626494000,0.69104435,0.69104435,0.69104435
1691626495000,0.69104431,0.69104431,0.69104431
1691626496000,0.69104431,0.69104431,0.69104431
1691626497000,0.69104224,0.69104224,0.69104224
1691626498000,0.6911,0.6911,0.6911
1691626499000,0.69104227,0.69104227,0.69104227
1691626500000,0.69104224,0.69104224,0.69104224
1691626501000,0.69104304,0.69104304,0.69104304
1691626502000,0.6911,0.6911,0.6911
1691626503000,0.6911,0.6911,0.6911
1691626504000,0.6911,0.6911,0.6911
1691626505000,0.6911,0.6911,0.6911
1691626506000,0.6912,0.6912,0.6912
1691626507000,0.6912,0.6912,0.6912
1691626508000,0.6911,0.6911,0.6911
1691626509000,0.6912,0.6912,0.6912
1691626510000,0.6911,0.6911,0.6911
1691626511000,0.6911,0.6911,0.6911
1691626512000,0.691044,0.691044,0.691044
1691626513000,0.6911,0.6911,0.6911
1691626514000,0.6911,0.6911,0.6911
1691626515000,0.69102745,0.69102745,0.69102745
1691626516000,0.69102717,0.69102717,0.69102717
1691626517000,0.6910272,0.6910272,0.6910272
1691626518000,0.6911,0.6911,0.6911
1691626519000,0.6912,0.6912,0.6912
1691626520000,0.6912,0.6912,0.6912
1691626521000,0.6912,0.6912,0.6912
1691626522000,0.6912,0.6912,0.6912
1691626523000,0.6911654,0.6911654,0.6911654
1691626524000,0.69111207,0.69111207,0.69111207
1691626525000,0.6911,0.6911,0.6911
1691626526000,0.6912,0.6912,0.6912
1691626527000,0.6913,0.6913,0.6913
1691626528000,0.6913,0.6913,0.6913
1691626529000,0.6913,0.6913,0.6913
1691626530000,0.6913,0.6913,0.6913
1691626531000,0.69152765,0.69152765,0.69152765
1691626532000,0.6917,0.6917,0.6917
1691626533000,0.6917,0.6917,0.6917
1691626534000,0.6918,0.6918,0.6918
1691626535000,0.6918,0.6918,0.6918
1691626536000,0.6917,0.6917,0.6917
1691626537000,0.6917,0.6917,0.6917
1691626538000,0.6917,0.6917,0.6917
1691626539000,0.6917,0.6917,0.6917
1691626540000,0.6917,0.6917,0.6917
1691626541000,0.6917,0.6917,0.6917
1691626542000,0.6917,0.6917,0.6917
1691626543000,0.6916,0.6916,0.6916
1691626544000,0.69151896,0.69151896,0.69151896
1691626545000,0.6915199,0.6915199,0.6915199
1691626546000,0.691492,0.691492,0.691492
1691626547000,0.69130095,0.69130095,0.69130095
1691626548000,0.69130099,0.69130099,0.69130099
1691626549000,0.69134634,0.69134634,0.69134634
1691626550000,0.6914,0.6914,0.6914
1691626551000,0.6914,0.6914,0.6914
1691626552000,0.6914,0.6914,0.6914
1691626553000,0.6914,0.6914,0.6914
1691626554000,0.6914,0.6914,0.6914
1691626555000,0.6914,0.6914,0.6914
1691626556000,0.6915,0.6915,0.6915
1691626557000,0.6915,0.6915,0.6915
1691626558000,0.6916,0.6916,0.6916
1691626559000,0.6916,0.6916,0.6916
1691626560000,0.6916,0.6916,0.6916
1691626561000,0.6916,0.6916,0.6916
1691626562000,0.6916,0.6916,0.6916
1691626563000,0.6916,0.6916,0.6916
1691626564000,0.6916,0.6916,0.6916
1691626565000,0.6916,0.6916,0.6916
1691626566000,0.6916,0.6916,0.6916
1691626567000,0.6916,0.6916,0.6916
1691626568000,0.6916,0.6916,0.6916
1691626569000,0.6917,0.6917,0.6917
1691626570000,0.6916,0.6916,0.6916
1691626571000,0.6916,0.6916,0.6916
1691626572000,0.6916,0.6916,0.6916
1691626573000,0.6916,0.6916,0.6916
1691626574000,0.6917,0.6917,0.6917
1691626575000,0.6917,0.6917,0.6917
1691626576000,0.6917,0.6917,0.6917
1691626577000,0.6917,0.6917,0.6917
1691626578000,0.6917,0.6917,0.6917
1691626579000,0.6917,0.6917,0.6917
1691626580000,0.6917,0.6917,0.6917
1691626581000,0.6917,0.6917,0.6917
1691626582000,0.6917,0.6917,0.6917
1691626583000,0.6916,0.6916,0.6916
1691626584000,0.6916,0.6916,0.6916
1691626585000,0.6916,0.6916,0.6916
1691626586000,0.6916,0.6916,0.6916
1691626587000,0.6916,0.6916,0.6916
1691626588000,0.6916,0.6916,0.6916
1691626589000,0.6916,0.6916,0.6916
1691626590000,0.6916,0.6916,0.6916
1691626591000,0.6918,0.6918,0.6918
1691626592000,0.6918,0.6918,0.6918
1691626593000,0.6918,0.6918,0.6918
1691626594000,0.6918,0.6918,0.6918
1691626595000,0.6918,0.6918,0.6918
1691626596000,0.6918,0.6918,0.6918
1691626597000,0.6918,0.6918,0.6918
1691626598000,0.6918,0.6918,0.6918
1691626599000,0.6916,0.6916,0.6916
1691626600000,0.6916,0.6916,0.6916
1691626601000,0.6916,0.6916,0.6916
1691626602000,0.6916,0.6916,0.6916
1691626603000,0.6916,0.6916,0.6916
1691626604000,0.6916,0.6916,0.6916
1691626605000,0.6916,0.6916,0.6916
1691626606000,0.6916,0.6916,0.6916
1691626607000,0.6915,0.6915,0.6915
1691626608000,0.6916,0.6916,0.6916
1691626609000,0.6915,0.6915,0.6915
1691626610000,0.6916,0.6916,0.6916
1691626611000,0.6916,0.6916,0.6916
1691626612000,0.6916,0.6916,0.6916
1691626613000,0.6916,0.6916,0.6916
1691626614000,0.6916,0.6916,0.6916
1691626615000,0.6916,0.6916,0.6916
1691626616000,0.6916,0.6916,0.6916
1691626617000,0.6916,0.6916,0.6916
1691626618000,0.6916,0.6916,0.6916
1691626619000,0.6916,0.6916,0.6916
1691626620000,0.6916,0.6916,0.6916
1691626621000,0.6916,0.6916,0.6916
1691626622000,0.6916,0.6916,0.6916
1691626623000,0.6916,0.6916,0.6916
1691626624000,0.6916,0.6916,0.6916
1691626625000,0.6916,0.6916,0.6916
1691626626000,0.6916,0.6916,0.6916
1691626627000,0.6916,0.6916,0.6916
1691626628000,0.6915,0.6915,0.6915
1691626629000,0.6915,0.6915,0.6915
1691626630000,0.6915,0.6915,0.6915
1691626631000,0.6915,0.6915,0.6915
1691626632000,0.6915,0.6915,0.6915
1691626633000,0.6915,0.6915,0.6915
1691626634000,0.6915,0.6915,0.6915
1691626635000,0.6915,0.6915,0.6915
1691626636000,0.6915,0.6915,0.6915
1691626637000,0.6915,0.6915,0.6915
1691626638000,0.6915,0.6915,0.6915
1691626639000,0.6915,0.6915,0.6915
1691626640000,0.6916,0.6916,0.6916
1691626641000,0.6916,0.6916,0.6916
1691626642000,0.6915,0.6915,0.6915
1691626643000,0.6915,0.6915,0.6915
1691626644000,0.6915,0.6915,0.6915
1691626645000,0.6915,0.6915,0.6915
1691626646000,0.6915,0.6915,0.6915
1691626647000,0.6915,0.6915,0.6915
1691626648000,0.6915,0.6915,0.6915
1691626649000,0.6915,0.6915,0.6915
1691626650000,0.69143145,0.69143145,0.69143145
1691626651000,0.69143148,0.69143148,0.69143148
1691626652000,0.69143145,0.69143145,0.69143145
1691626653000,0.69143269,0.69143269,0.69143269
1691626654000,0.69139616,0.69139616,0.69139616
1691626655000,0.69139616,0.69139616,0.69139616
1691626656000,0.69134121,0.69134121,0.69134121
1691626657000,0.6914,0.6914,0.6914
1691626658000,0.6914,0.6914,0.6914
1691626659000,0.6914,0.6914,0.6914
1691626660000,0.6914,0.6914,0.6914
1691626661000,0.6914,0.6914,0.6914
1691626662000,0.6915,0.6915,0.6915
1691626663000,0.6915,0.6915,0.6915
1691626664000,0.6915,0.6915,0.6915
1691626665000,0.6915,0.6915,0.6915
1691626666000,0.6915,0.6915,0.6915
1691626667000,0.6915,0.6915,0.6915
1691626668000,0.6915,0.6915,0.6915
1691626669000,0.6915,0.6915,0.6915
1691626670000,0.6915,0.6915,0.6915
1691626671000,0.6915,0.6915,0.6915
1691626672000,0.6915,0.6915,0.6915
1691626673000,0.6915,0.6915,0.6915
1691626674000,0.6915,0.6915,0.6915
1691626675000,0.6915,0.6915,0.6915
1691626676000,0.6915,0.6915,0.6915
1691626677000,0.6915,0.6915,0.6915
1691626678000,0.69140167,0.69140167,0.69140167
1691626679000,0.69140225,0.69140225,0.69140225
1691626680000,0.69140225,0.69140225,0.69140225
1691626681000,0.69140225,0.69140225,0.69140225
1691626682000,0.69140225,0.69140225,0.69140225
1691626683000,0.69140229,0.69140229,0.69140229
1691626684000,0.69140177,0.69140177,0.69140177
1691626685000,0.69140177,0.69140177,0.69140177
1691626686000,0.6914008,0.6914008,0.6914008
1691626687000,0.6914008,0.6914008,0.6914008
1691626688000,0.69140173,0.69140173,0.69140173
1691626689000,0.69140365,0.69140365,0.69140365
1691626690000,0.69140368,0.69140368,0.69140368
1691626691000,0.69140368,0.69140368,0.69140368
1691626692000,0.69140275,0.69140275,0.69140275
1691626693000,0.6914,0.6914,0.6914
1691626694000,0.6914,0.6914,0.6914
1691626695000,0.6914,0.6914,0.6914
1691626696000,0.6914,0.6914,0.6914
1691626697000,0.6914,0.6914,0.6914
1691626698000,0.6914,0.6914,0.6914
1691626699000,0.69133327,0.69133327,0.69133327
1691626700000,0.6913354,0.6913354,0.6913354
1691626701000,0.69133633,0.69133633,0.69133633
1691626702000,0.6914,0.6914,0.6914
1691626703000,0.6914,0.6914,0.6914
1691626704000,0.6914,0.6914,0.6914
1691626705000,0.6914,0.6914,0.6914
1691626706000,0.6914,0.6914,0.6914
1691626707000,0.6914,0.6914,0.6914
1691626708000,0.6914,0.6914,0.6914
1691626709000,0.6914,0.6914,0.6914
1691626710000,0.6914,0.6914,0.6914
1691626711000,0.6914,0.6914,0.6914
1691626712000,0.69133842,0.69133842,0.69133842
1691626713000,0.69133842,0.69133842,0.69133842
1691626714000,0.69133874,0.69133874,0.69133874
1691626715000,0.69134091,0.69134091,0.69134091
1691626716000,0.69134185,0.69134185,0.69134185
1691626717000,0.69134185,0.69134185,0.69134185
1691626718000,0.6915,0.6915,0.6915
1691626719000,0.6915,0.6915,0.6915
1691626720000,0.6915,0.6915,0.6915
1691626721000,0.69140487,0.69140487,0.69140487
1691626722000,0.69140483,0.69140483,0.69140483
1691626723000,0.69142007,0.69142007,0.69142007
1691626724000,0.69142007,0.69142007,0.69142007
1691626725000,0.6915,0.6915,0.6915
1691626726000,0.6915,0.6915,0.6915
1691626727000,0.6915,0.6915,0.6915
1691626728000,0.6915,0.6915,0.6915
1691626729000,0.6915,0.6915,0.6915
1691626730000,0.6914,0.6914,0.6914
1691626731000,0.6914,0.6914,0.6914
1691626732000,0.6914,0.6914,0.6914
1691626733000,0.6914,0.6914,0.6914
1691626734000,0.6914,0.6914,0.6914
1691626735000,0.6914,0.6914,0.6914
1691626736000,0.6914,0.6914,0.6914
1691626737000,0.6914,0.6914,0.6914
1691626738000,0.6913247,0.6913247,0.6913247
1691626739000,0.6913247,0.6913247,0.6913247
1691626740000,0.6913247,0.6913247,0.6913247
1691626741000,0.6914,0.6914,0.6914
1691626742000,0.6914,0.6914,0.6914
1691626743000,0.6914,0.6914,0.6914
1691626744000,0.6914,0.6914,0.6914
1691626745000,0.6914,0.6914,0.6914
1691626746000,0.6914,0.6914,0.6914
1691626747000,0.6914,0.6914,0.6914
1691626748000,0.69131506,0.69131506,0.69131506
1691626749000,0.69131506,0.69131506,0.69131506
1691626750000,0.69134833,0.69134833,0.69134833
1691626751000,0.69136458,0.69136458,0.69136458
1691626752000,0.6915,0.6915,0.6915
1691626753000,0.69147505,0.69147505,0.69147505
1691626754000,0.69147501,0.69147501,0.69147501
1691626755000,0.6914221,0.6914221,0.6914221
1691626756000,0.6918,0.6918,0.6918
1691626757000,0.69173666,0.69173666,0.69173666
1691626758000,0.69173759,0.69173759,0.69173759
1691626759000,0.69173759,0.69173759,0.69173759
1691626760000,0.69173759,0.69173759,0.69173759
1691626761000,0.69173666,0.69173666,0.69173666
1691626762000,0.69174767,0.69174767,0.69174767
1691626763000,0.6917,0.6917,0.6917
1691626764000,0.6917,0.6917,0.6917
1691626765000,0.6917,0.6917,0.6917
1691626766000,0.6917,0.6917,0.6917
1691626767000,0.69173216,0.69173216,0.69173216
1691626768000,0.69173216,0.69173216,0.69173216
1691626769000,0.69173216,0.69173216,0.69173216
1691626770000,0.69173216,0.69173216,0.69173216
1691626771000,0.69173358,0.69173358,0.69173358
1691626772000,0.6918,0.6918,0.6918
1691626773000,0.6918,0.6918,0.6918
1691626774000,0.6919,0.6919,0.6919
1691626775000,0.6919,0.6919,0.6919
1691626776000,0.6919,0.6919,0.6919
1691626777000,0.6919,0.6919,0.6919
1691626778000,0.6919,0.6919,0.6919
1691626779000,0.69184176,0.69184176,0.69184176
1691626780000,0.69184176,0.69184176,0.69184176
1691626781000,0.6919,0.6919,0.6919
1691626782000,0.6919,0.6919,0.6919
1691626783000,0.6919,0.6919,0.6919
1691626784000,0.6919,0.6919,0.6919
1691626785000,0.6919,0.6919,0.6919
1691626786000,0.6919,0.6919,0.6919
1691626787000,0.6919,0.6919,0.6919
1691626788000,0.6919,0.6919,0.6919
1691626789000,0.6919,0.6919,0.6919
1691626790000,0.6919,0.6919,0.6919
1691626791000,0.6919,0.6919,0.6919
1691626792000,0.6919,0.6919,0.6919
1691626793000,0.6919,0.6919,0.6919
1691626794000,0.6919,0.6919,0.6919
1691626795000,0.6919,0.6919,0.6919
1691626796000,0.6919,0.6919,0.6919
1691626797000,0.6919,0.6919,0.6919
1691626798000,0.6919,0.6919,0.6919
1691626799000,0.6919,0.6919,0.6919
1691626800000,0.6919,0.6919,0.6919
1691626801000,0.6919,0.6919,0.6919
1691626802000,0.6919,0.6919,0.6919
1691626803000,0.6919,0.6919,0.6919
1691626804000,0.6919,0.6919,0.6919
1691626805000,0.6919,0.6919,0.6919
1691626806000,0.6919,0.6919,0.6919
1691626807000,0.6918,0.6918,0.6918
1691626808000,0.6918,0.6918,0.6918
1691626809000,0.6918,0.6918,0.6918
1691626810000,0.6918,0.6918,0.6918
1691626811000,0.6918,0.6918,0.6918
1691626812000,0.6919,0.6919,0.6919
1691626813000,0.6919,0.6919,0.6919
1691626814000,0.6919,0.6919,0.6919
1691626815000,0.6919,0.6919,0.6919
1691626816000,0.6919,0.6919,0.6919
1691626817000,0.6919,0.6919,0.6919
1691626818000,0.69180267,0.69180267,0.69180267
1691626819000,0.69180407,0.69180407,0.69180407
1691626820000,0.691805,0.691805,0.691805
1691626821000,0.692,0.692,0.692
1691626822000,0.692,0.692,0.692
1691626823000,0.692,0.692,0.692
1691626824000,0.6921,0.6921,0.6921
1691626825000,0.69218275,0.69218275,0.69218275
1691626826000,0.69218361,0.69218361,0.69218361
1691626827000,0.69218361,0.69218361,0.69218361
1691626828000,0.6922,0.6922,0.6922
1691626829000,0.6921,0.6921,0.6921
1691626830000,0.6921,0.6921,0.6921
1691626831000,0.6921,0.6921,0.6921
1691626832000,0.6921,0.6921,0.6921
1691626833000,0.6921,0.6921,0.6921
1691626834000,0.6921,0.6921,0.6921
1691626835000,0.6921,0.6921,0.6921
1691626836000,0.6923,0.6923,0.6923
1691626837000,0.69235876,0.69235876,0.69235876
1691626838000,0.6924,0.6924,0.6924
1691626839000,0.69234219,0.69234219,0.69234219
1691626840000,0.69234542,0.69234542,0.69234542
1691626841000,0.69234542,0.69234542,0.69234542
1691626842000,0.6925,0.6925,0.6925
1691626843000,0.6925,0.6925,0.6925
1691626844000,0.6924,0.6924,0.6924
1691626845000,0.6924,0.6924,0.6924
1691626846000,0.6924,0.6924,0.6924
1691626847000,0.6924135,0.6924135,0.6924135
1691626848000,0.69241022,0.69241022,0.69241022
1691626849000,0.69240925,0.69240925,0.69240925
1691626850000,0.69241043,0.69241043,0.69241043
1691626851000,0.69242669,0.69242669,0.69242669
1691626852000,0.6924,0.6924,0.6924
1691626853000,0.6924,0.6924,0.6924
1691626854000,0.6924,0.6924,0.6924
1691626855000,0.6924,0.6924,0.6924
1691626856000,0.6924,0.6924,0.6924
1691626857000,0.6924,0.6924,0.6924
1691626858000,0.69236784,0.69236784,0.69236784
1691626859000,0.6924,0.6924,0.6924
1691626860000,0.6924,0.6924,0.6924
1691626861000,0.6924,0.6924,0.6924
1691626862000,0.69236528,0.69236528,0.69236528
1691626863000,0.69236929,0.69236929,0.69236929
1691626864000,0.69237154,0.69237154,0.69237154
1691626865000,0.69237154,0.69237154,0.69237154
1691626866000,0.69236983,0.69236983,0.69236983
1691626867000,0.69236983,0.69236983,0.69236983
1691626868000,0.69236983,0.69236983,0.69236983
1691626869000,0.69236776,0.69236776,0.69236776
1691626870000,0.69236776,0.69236776,0.69236776
1691626871000,0.69236594,0.69236594,0.69236594
1691626872000,0.69236594,0.69236594,0.69236594
1691626873000,0.69236574,0.69236574,0.69236574
1691626874000,0.69236574,0.69236574,0.69236574
1691626875000,0.6924,0.6924,0.6924
1691626876000,0.69236303,0.69236303,0.69236303
1691626877000,0.69236397,0.69236397,0.69236397
1691626878000,0.69236454,0.69236454,0.69236454
1691626879000,0.6924,0.6924,0.6924
1691626880000,0.69236458,0.69236458,0.69236458
1691626881000,0.69236209,0.69236209,0.69236209
1691626882000,0.69236206,0.69236206,0.69236206
1691626883000,0.69236197,0.69236197,0.69236197
1691626884000,0.69236197,0.69236197,0.69236197
1691626885000,0.69236193,0.69236193,0.69236193
1691626886000,0.69236104,0.69236104,0.69236104
1691626887000,0.6923583,0.6923583,0.6923583
1691626888000,0.6923583,0.6923583,0.6923583
1691626889000,0.69235883,0.69235883,0.69235883
1691626890000,0.69235883,0.69235883,0.69235883
1691626891000,0.69235883,0.69235883,0.69235883
1691626892000,0.69235611,0.69235611,0.69235611
1691626893000,0.69235615,0.69235615,0.69235615
1691626894000,0.69235602,0.69235602,0.69235602
1691626895000,0.69235602,0.69235602,0.69235602
1691626896000,0.69235602,0.69235602,0.69235602
1691626897000,0.69235375,0.69235375,0.69235375
1691626898000,0.69235375,0.69235375,0.69235375
1691626899000,0.6923533,0.6923533,0.6923533
1691626900000,0.6923533,0.6923533,0.6923533
1691626901000,0.6924,0.6924,0.6924
1691626902000,0.6924,0.6924,0.6924
1691626903000,0.6924,0.6924,0.6924
1691626904000,0.69234456,0.69234456,0.69234456
1691626905000,0.69234541,0.69234541,0.69234541
1691626906000,0.69234537,0.69234537,0.69234537
1691626907000,0.69234614,0.69234614,0.69234614
1691626908000,0.69234618,0.69234618,0.69234618
1691626909000,0.6923,0.6923,0.6923
1691626910000,0.6923,0.6923,0.6923
1691626911000,0.6923,0.6923,0.6923
1691626912000,0.6923,0.6923,0.6923
1691626913000,0.6923,0.6923,0.6923
1691626914000,0.6923,0.6923,0.6923
1691626915000,0.6923,0.6923,0.6923
1691626916000,0.6923,0.6923,0.6923
1691626917000,0.6923,0.6923,0.6923
1691626918000,0.6923,0.6923,0.6923
1691626919000,0.6923,0.6923,0.6923
1691626920000,0.6923,0.6923,0.6923
1691626921000,0.6924,0.6924,0.6924
1691626922000,0.6924,0.6924,0.6924
1691626923000,0.6924,0.6924,0.6924
1691626924000,0.6924,0.6924,0.6924
1691626925000,0.6924,0.6924,0.6924
1691626926000,0.6924,0.6924,0.6924
1691626927000,0.6926,0.6926,0.6926
1691626928000,0.6926,0.6926,0.6926
1691626929000,0.69265081,0.69265081,0.69265081
1691626930000,0.6927,0.6927,0.6927
1691626931000,0.6927,0.6927,0.6927
1691626932000,0.6927,0.6927,0.6927
1691626933000,0.6927,0.6927,0.6927
1691626934000,0.69270649,0.69270649,0.69270649
1691626935000,0.69270953,0.69270953,0.69270953
1691626936000,0.69270953,0.69270953,0.69270953
1691626937000,0.6927,0.6927,0.6927
1691626938000,0.6927,0.6927,0.6927
1691626939000,0.6928,0.6928,0.6928
1691626940000,0.69272454,0.69272454,0.69272454
1691626941000,0.69272454,0.69272454,0.69272454
1691626942000,0.69272454,0.69272454,0.69272454
1691626943000,0.69273325,0.69273325,0.69273325
1691626944000,0.69273393,0.69273393,0.69273393
1691626945000,0.69273393,0.69273393,0.69273393
1691626946000,0.69273707,0.69273707,0.69273707
1691626947000,0.6929,0.6929,0.6929
1691626948000,0.6928,0.6928,0.6928
1691626949000,0.6928,0.6928,0.6928
1691626950000,0.6929,0.6929,0.6929
1691626951000,0.6928,0.6928,0.6928
1691626952000,0.6928495,0.6928495,0.6928495
1691626953000,0.69285044,0.69285044,0.69285044
1691626954000,0.69285241,0.69285241,0.69285241
1691626955000,0.69299402,0.69299402,0.69299402
1691626956000,0.69299402,0.69299402,0.69299402
1691626957000,0.693,0.693,0.693
1691626958000,0.69294,0.69294,0.69294
1691626959000,0.6929405,0.6929405,0.6929405
1691626960000,0.6928783,0.6928783,0.6928783
1691626961000,0.6928783,0.6928783,0.6928783
1691626962000,0.69282421,0.69282421,0.69282421
1691626963000,0.6927441,0.6927441,0.6927441
1691626964000,0.6927441,0.6927441,0.6927441
1691626965000,0.6928,0.6928,0.6928
1691626966000,0.6927456,0.6927456,0.6927456
1691626967000,0.69269919,0.69269919,0.69269919
1691626968000,0.69264803,0.69264803,0.69264803
1691626969000,0.69260152,0.69260152,0.69260152
1691626970000,0.6925954,0.6925954,0.6925954
1691626971000,0.69259544,0.69259544,0.69259544
1691626972000,0.69259544,0.69259544,0.69259544
1691626973000,0.69259544,0.69259544,0.69259544
1691626974000,0.69259544,0.69259544,0.69259544
1691626975000,0.69256752,0.69256752,0.69256752
1691626976000,0.69256752,0.69256752,0.69256752
1691626977000,0.69256742,0.69256742,0.69256742
1691626978000,0.69256742,0.69256742,0.69256742
1691626979000,0.69252527,0.69252527,0.69252527
1691626980000,0.69252379,0.69252379,0.69252379
1691626981000,0.69251688,0.69251688,0.69251688
1691626982000,0.69251688,0.69251688,0.69251688
1691626983000,0.69251772,0.69251772,0.69251772
1691626984000,0.69251772,0.69251772,0.69251772
1691626985000,0.69251611,0.69251611,0.69251611
1691626986000,0.69251682,0.69251682,0.69251682
1691626987000,0.69251682,0.69251682,0.69251682
1691626988000,0.69251598,0.69251598,0.69251598
1691626989000,0.69251598,0.69251598,0.69251598
1691626990000,0.69251533,0.69251533,0.69251533
1691626991000,0.69251533,0.69251533,0.69251533
1691626992000,0.6926,0.6926,0.6926
1691626993000,0.69251519,0.69251519,0.69251519
1691626994000,0.69251523,0.69251523,0.69251523
1691626995000,0.692516,0.692516,0.692516
1691626996000,0.6925153,0.6925153,0.6925153
1691626997000,0.6925153,0.6925153,0.6925153
1691626998000,0.6925153,0.6925153,0.6925153
1691626999000,0.69251452,0.69251452,0.69251452
1691627000000,0.69251452,0.69251452,0.69251452
1691627001000,0.69251598,0.69251598,0.69251598
1691627002000,0.6925,0.6925,0.6925
1691627003000,0.6925,0.6925,0.6925
1691627004000,0.69242877,0.69242877,0.69242877
1691627005000,0.69238149,0.69238149,0.69238149
1691627006000,0.69238094,0.69238094,0.69238094
1691627007000,0.69238013,0.69238013,0.69238013
1691627008000,0.69238013,0.69238013,0.69238013
1691627009000,0.6923809,0.6923809,0.6923809
1691627010000,0.69238094,0.69238094,0.69238094
1691627011000,0.69237838,0.69237838,0.69237838
1691627012000,0.69237838,0.69237838,0.69237838
1691627013000,0.69237758,0.69237758,0.69237758
1691627014000,0.69237838,0.69237838,0.69237838
1691627015000,0.69237758,0.69237758,0.69237758
1691627016000,0.69237665,0.69237665,0.69237665
1691627017000,0.6923755,0.6923755,0.6923755
1691627018000,0.6923763,0.6923763,0.6923763
1691627019000,0.6923763,0.6923763,0.6923763
1691627020000,0.69237793,0.69237793,0.69237793
1691627021000,0.69242445,0.69242445,0.69242445
1691627022000,0.69242544,0.69242544,0.69242544
1691627023000,0.69242544,0.69242544,0.69242544
1691627024000,0.6924272,0.6924272,0.6924272
1691627025000,0.6924264,0.6924264,0.6924264
1691627026000,0.69237985,0.69237985,0.69237985
1691627027000,0.6923803,0.6923803,0.6923803
1691627028000,0.69231364,0.69231364,0.69231364
1691627029000,0.69231283,0.69231283,0.69231283
1691627030000,0.69231283,0.69231283,0.69231283
1691627031000,0.69231364,0.69231364,0.69231364
1691627032000,0.69230719,0.69230719,0.69230719
1691627033000,0.69230719,0.69230719,0.69230719
1691627034000,0.69226533,0.69226533,0.69226533
1691627035000,0.69226533,0.69226533,0.69226533
1691627036000,0.69226537,0.69226537,0.69226537
1691627037000,0.69216702,0.69216702,0.69216702
1691627038000,0.69216702,0.69216702,0.69216702
1691627039000,0.69216786,0.69216786,0.69216786
1691627040000,0.69216783,0.69216783,0.69216783
1691627041000,0.69216786,0.69216786,0.69216786
1691627042000,0.69216425,0.69216425,0.69216425
1691627043000,0.69215507,0.69215507,0.69215507
1691627044000,0.69215588,0.69215588,0.69215588
1691627045000,0.69215588,0.69215588,0.69215588
1691627046000,0.69215584,0.69215584,0.69215584
1691627047000,0.69215022,0.69215022,0.69215022
1691627048000,0.69214369,0.69214369,0.69214369
1691627049000,0.69214369,0.69214369,0.69214369
1691627050000,0.69209638,0.69209638,0.69209638
1691627051000,0.69209634,0.69209634,0.69209634
1691627052000,0.69209634,0.69209634,0.69209634
1691627053000,0.69209412,0.69209412,0.69209412
1691627054000,0.69209493,0.69209493,0.69209493
1691627055000,0.69209412,0.69209412,0.69209412
1691627056000,0.69209412,0.69209412,0.69209412
1691627057000,0.69214064,0.69214064,0.69214064
1691627058000,0.69213871,0.69213871,0.69213871
1691627059000,0.69213791,0.69213791,0.69213791
1691627060000,0.69213791,0.69213791,0.69213791
1691627061000,0.69213791,0.69213791,0.69213791
1691627062000,0.69213791,0.69213791,0.69213791
1691627063000,0.69213534,0.69213534,0.69213534
1691627064000,0.69213534,0.69213534,0.69213534
1691627065000,0.69213537,0.69213537,0.69213537
1691627066000,0.69213534,0.69213534,0.69213534
1691627067000,0.69208886,0.69208886,0.69208886
1691627068000,0.6920847,0.6920847,0.6920847
1691627069000,0.6920847,0.6920847,0.6920847
1691627070000,0.6920847,0.6920847,0.6920847
1691627071000,0.69205676,0.69205676,0.69205676
1691627072000,0.69205676,0.69205676,0.69205676
1691627073000,0.69205448,0.69205448,0.69205448
1691627074000,0.69210099,0.69210099,0.69210099
1691627075000,0.69210103,0.69210103,0.69210103
1691627076000,0.69210099,0.69210099,0.69210099
1691627077000,0.69210099,0.69210099,0.69210099
1691627078000,0.69210096,0.69210096,0.69210096
1691627079000,0.69209811,0.69209811,0.69209811
1691627080000,0.69209811,0.69209811,0.69209811
1691627081000,0.69209814,0.69209814,0.69209814
1691627082000,0.69209811,0.69209811,0.69209811
1691627083000,0.6920971,0.6920971,0.6920971
1691627084000,0.6920941,0.6920941,0.6920941
1691627085000,0.6920941,0.6920941,0.6920941
1691627086000,0.69209413,0.69209413,0.69209413
1691627087000,0.6920949,0.6920949,0.6920949
1691627088000,0.6920949,0.6920949,0.6920949
1691627089000,0.6920912,0.6920912,0.6920912
1691627090000,0.6920912,0.6920912,0.6920912
1691627091000,0.6920912,0.6920912,0.6920912
1691627092000,0.6920912,0.6920912,0.6920912
1691627093000,0.69209099,0.69209099,0.69209099
1691627094000,0.69208715,0.69208715,0.69208715
1691627095000,0.69208634,0.69208634,0.69208634
1691627096000,0.69208634,0.69208634,0.69208634
1691627097000,0.69208631,0.69208631,0.69208631
1691627098000,0.69208617,0.69208617,0.69208617
1691627099000,0.69208214,0.69208214,0.69208214
1691627100000,0.69208214,0.69208214,0.69208214
1691627101000,0.69208214,0.69208214,0.69208214
1691627102000,0.6922,0.6922,0.6922
1691627103000,0.6922,0.6922,0.6922
1691627104000,0.69221044,0.69221044,0.69221044
1691627105000,0.6922081,0.6922081,0.6922081
1691627106000,0.6922081,0.6922081,0.6922081
1691627107000,0.69220729,0.69220729,0.69220729
1691627108000,0.69220729,0.69220729,0.69220729
1691627109000,0.69221313,0.69221313,0.69221313
1691627110000,0.69221106,0.69221106,0.69221106
1691627111000,0.69221189,0.69221189,0.69221189
1691627112000,0.69221189,0.69221189,0.69221189
1691627113000,0.6923,0.6923,0.6923
1691627114000,0.6923,0.6923,0.6923
1691627115000,0.6923,0.6923,0.6923
1691627116000,0.6923,0.6923,0.6923
1691627117000,0.6923,0.6923,0.6923
1691627118000,0.6923,0.6923,0.6923
1691627119000,0.69225545,0.69225545,0.69225545
1691627120000,0.6922542,0.6922542,0.6922542
1691627121000,0.69225501,0.69225501,0.69225501
1691627122000,0.6924,0.6924,0.6924
1691627123000,0.6924,0.6924,0.6924
1691627124000,0.6924,0.6924,0.6924
1691627125000,0.6923,0.6923,0.6923
1691627126000,0.6923,0.6923,0.6923
1691627127000,0.6923,0.6923,0.6923
1691627128000,0.6923,0.6923,0.6923
1691627129000,0.6923,0.6923,0.6923
1691627130000,0.6923,0.6923,0.6923
1691627131000,0.6924,0.6924,0.6924
1691627132000,0.6924,0.6924,0.6924
1691627133000,0.6924,0.6924,0.6924
1691627134000,0.6924,0.6924,0.6924
1691627135000,0.6924,0.6924,0.6924
1691627136000,0.6924,0.6924,0.6924
1691627137000,0.6924,0.6924,0.6924
1691627138000,0.6924,0.6924,0.6924
1691627139000,0.6924,0.6924,0.6924
1691627140000,0.6924,0.6924,0.6924
1691627141000,0.6924,0.6924,0.6924
1691627142000,0.69232402,0.69232402,0.69232402
1691627143000,0.69232483,0.69232483,0.69232483
1691627144000,0.69232483,0.69232483,0.69232483
1691627145000,0.69232483,0.69232483,0.69232483
1691627146000,0.69232327,0.69232327,0.69232327
1691627147000,0.69232327,0.69232327,0.69232327
1691627148000,0.69227556,0.69227556,0.69227556
1691627149000,0.69222908,0.69222908,0.69222908
1691627150000,0.69222908,0.69222908,0.69222908
1691627151000,0.69222588,0.69222588,0.69222588
1691627152000,0.69222588,0.69222588,0.69222588
1691627153000,0.69222669,0.69222669,0.69222669
1691627154000,0.69222669,0.69222669,0.69222669
1691627155000,0.69222588,0.69222588,0.69222588
1691627156000,0.69222205,0.69222205,0.69222205
1691627157000,0.69222205,0.69222205,0.69222205
1691627158000,0.69222205,0.69222205,0.69222205
1691627159000,0.69217438,0.69217438,0.69217438
1691627160000,0.69217438,0.69217438,0.69217438
1691627161000,0.69217134,0.69217134,0.69217134
1691627162000,0.69216632,0.69216632,0.69216632
1691627163000,0.69216632,0.69216632,0.69216632
1691627164000,0.69216632,0.69216632,0.69216632
1691627165000,0.69216723,0.69216723,0.69216723
1691627166000,0.69216726,0.69216726,0.69216726
1691627167000,0.69216398,0.69216398,0.69216398
1691627168000,0.69221049,0.69221049,0.69221049
1691627169000,0.69221049,0.69221049,0.69221049
1691627170000,0.69221227,0.69221227,0.69221227
1691627171000,0.6922134,0.6922134,0.6922134
1691627172000,0.69221432,0.69221432,0.69221432
1691627173000,0.69221432,0.69221432,0.69221432
1691627174000,0.69221432,0.69221432,0.69221432
1691627175000,0.69221725,0.69221725,0.69221725
1691627176000,0.69221645,0.69221645,0.69221645
1691627177000,0.69221558,0.69221558,0.69221558
1691627178000,0.69221558,0.69221558,0.69221558
1691627179000,0.69221561,0.69221561,0.69221561
1691627180000,0.69221558,0.69221558,0.69221558
1691627181000,0.69221558,0.69221558,0.69221558
1691627182000,0.69226489,0.69226489,0.69226489
1691627183000,0.69226489,0.69226489,0.69226489
1691627184000,0.6922176,0.6922176,0.6922176
1691627185000,0.6922176,0.6922176,0.6922176
1691627186000,0.6922176,0.6922176,0.6922176
1691627187000,0.69221838,0.69221838,0.69221838
1691627188000,0.69221841,0.69221841,0.69221841
1691627189000,0.69221838,0.69221838,0.69221838
1691627190000,0.69221838,0.69221838,0.69221838
1691627191000,0.69222324,0.69222324,0.69222324
1691627192000,0.69222324,0.69222324,0.69222324
1691627193000,0.69222293,0.69222293,0.69222293
1691627194000,0.69222297,0.69222297,0.69222297
1691627195000,0.69222297,0.69222297,0.69222297
1691627196000,0.6922,0.6922,0.6922
1691627197000,0.6923,0.6923,0.6923
1691627198000,0.6923,0.6923,0.6923
1691627199000,0.6923,0.6923,0.6923
1691627200000,0.6923,0.6923,0.6923
1691627201000,0.6923,0.6923,0.6923
1691627202000,0.6923,0.6923,0.6923
1691627203000,0.6923,0.6923,0.6923
1691627204000,0.6922,0.6922,0.6922
1691627205000,0.6922,0.6922,0.6922
1691627206000,0.6922,0.6922,0.6922
1691627207000,0.6922,0.6922,0.6922
1691627208000,0.6922,0.6922,0.6922
1691627209000,0.6922,0.6922,0.6922
1691627210000,0.69216913,0.69216913,0.69216913
1691627211000,0.69216913,0.69216913,0.69216913
1691627212000,0.69216881,0.69216881,0.69216881
1691627213000,0.69216605,0.69216605,0.69216605
1691627214000,0.69216605,0.69216605,0.69216605
1691627215000,0.69216605,0.69216605,0.69216605
1691627216000,0.69216636,0.69216636,0.69216636
1691627217000,0.69216636,0.69216636,0.69216636
1691627218000,0.69212065,0.69212065,0.69212065
1691627219000,0.69211622,0.69211622,0.69211622
1691627220000,0.69211541,0.69211541,0.69211541
1691627221000,0.69211548,0.69211548,0.69211548
1691627222000,0.69211545,0.69211545,0.69211545
1691627223000,0.6922,0.6922,0.6922
1691627224000,0.6922,0.6922,0.6922
1691627225000,0.6922,0.6922,0.6922
1691627226000,0.6922,0.6922,0.6922
1691627227000,0.6922,0.6922,0.6922
1691627228000,0.6922,0.6922,0.6922
1691627229000,0.6922,0.6922,0.6922
1691627230000,0.6922,0.6922,0.6922
1691627231000,0.69211343,0.69211343,0.69211343
1691627232000,0.69211374,0.69211374,0.69211374
1691627233000,0.69211451,0.69211451,0.69211451
1691627234000,0.69211352,0.69211352,0.69211352
1691627235000,0.69205811,0.69205811,0.69205811
1691627236000,0.6920543,0.6920543,0.6920543
1691627237000,0.69200476,0.69200476,0.69200476
1691627238000,0.69200479,0.69200479,0.69200479
1691627239000,0.69200231,0.69200231,0.69200231
1691627240000,0.69200227,0.69200227,0.69200227
1691627241000,0.69200231,0.69200231,0.69200231
1691627242000,0.69193164,0.69193164,0.69193164
1691627243000,0.69193164,0.69193164,0.69193164
1691627244000,0.69192621,0.69192621,0.69192621
1691627245000,0.692,0.692,0.692
1691627246000,0.692,0.692,0.692
1691627247000,0.692,0.692,0.692
1691627248000,0.692,0.692,0.692
1691627249000,0.692,0.692,0.692
1691627250000,0.692,0.692,0.692
1691627251000,0.6919,0.6919,0.6919
1691627252000,0.6919,0.6919,0.6919
1691627253000,0.6919,0.6919,0.6919
1691627254000,0.6919,0.6919,0.6919
1691627255000,0.6919,0.6919,0.6919
1691627256000,0.6919,0.6919,0.6919
1691627257000,0.6919,0.6919,0.6919
1691627258000,0.6919,0.6919,0.6919
1691627259000,0.6919,0.6919,0.6919
1691627260000,0.6919,0.6919,0.6919
1691627261000,0.6919,0.6919,0.6919
1691627262000,0.6919,0.6919,0.6919
1691627263000,0.69187382,0.69187382,0.69187382
1691627264000,0.69187382,0.69187382,0.69187382
1691627265000,0.69187198,0.69187198,0.69187198
1691627266000,0.69187198,0.69187198,0.69187198
1691627267000,0.6919,0.6919,0.6919
1691627268000,0.6919,0.6919,0.6919
1691627269000,0.6919,0.6919,0.6919
1691627270000,0.6919,0.6919,0.6919
1691627271000,0.6918,0.6918,0.6918
1691627272000,0.6918,0.6918,0.6918
1691627273000,0.6918,0.6918,0.6918
1691627274000,0.6918,0.6918,0.6918
1691627275000,0.6918,0.6918,0.6918
1691627276000,0.6918,0.6918,0.6918
1691627277000,0.6918,0.6918,0.6918
1691627278000,0.6918,0.6918,0.6918
1691627279000,0.6918,0.6918,0.6918
1691627280000,0.6918,0.6918,0.6918
1691627281000,0.6919,0.6919,0.6919
1691627282000,0.6919,0.6919,0.6919
1691627283000,0.6919,0.6919,0.6919
1691627284000,0.6919,0.6919,0.6919
1691627285000,0.6919,0.6919,0.6919
1691627286000,0.6919,0.6919,0.6919
1691627287000,0.6919,0.6919,0.6919
1691627288000,0.6918,0.6918,0.6918
1691627289000,0.6918,0.6918,0.6918
1691627290000,0.6918,0.6918,0.6918
1691627291000,0.6918,0.6918,0.6918
1691627292000,0.6918,0.6918,0.6918
1691627293000,0.6918,0.6918,0.6918
1691627294000,0.6919,0.6919,0.6919
1691627295000,0.6918,0.6918,0.6918
1691627296000,0.6918,0.6918,0.6918
1691627297000,0.6918,0.6918,0.6918
1691627298000,0.6918,0.6918,0.6918
1691627299000,0.6918,0.6918,0.6918
1691627300000,0.6918,0.6918,0.6918
1691627301000,0.6918,0.6918,0.6918
1691627302000,0.6918,0.6918,0.6918
1691627303000,0.6918,0.6918,0.6918
1691627304000,0.6918,0.6918,0.6918
1691627305000,0.6918,0.6918,0.6918
1691627306000,0.6918,0.6918,0.6918
1691627307000,0.6918,0.6918,0.6918
1691627308000,0.69165428,0.69165428,0.69165428
1691627309000,0.69160857,0.69160857,0.69160857
1691627310000,0.69156206,0.69156206,0.69156206
1691627311000,0.69156206,0.69156206,0.69156206
1691627312000,0.69156067,0.69156067,0.69156067
1691627313000,0.69156151,0.69156151,0.69156151
1691627314000,0.69155509,0.69155509,0.69155509
1691627315000,0.69155509,0.69155509,0.69155509
1691627316000,0.6915559,0.6915559,0.6915559
1691627317000,0.69155454,0.69155454,0.69155454
1691627318000,0.69155454,0.69155454,0.69155454
1691627319000,0.69155506,0.69155506,0.69155506
1691627320000,0.6916,0.6916,0.6916
1691627321000,0.6916,0.6916,0.6916
1691627322000,0.69155293,0.69155293,0.69155293
1691627323000,0.6915,0.6915,0.6915
1691627324000,0.6915,0.6915,0.6915
1691627325000,0.6915,0.6915,0.6915
1691627326000,0.6915,0.6915,0.6915
1691627327000,0.6915,0.6915,0.6915
1691627328000,0.6915,0.6915,0.6915
1691627329000,0.6915,0.6915,0.6915
1691627330000,0.6915,0.6915,0.6915
1691627331000,0.6915,0.6915,0.6915
1691627332000,0.6915,0.6915,0.6915
1691627333000,0.6916,0.6916,0.6916
1691627334000,0.6916,0.6916,0.6916
1691627335000,0.6915,0.6915,0.6915
1691627336000,0.6915,0.6915,0.6915
1691627337000,0.6916,0.6916,0.6916
1691627338000,0.6916,0.6916,0.6916
1691627339000,0.6915,0.6915,0.6915
1691627340000,0.6915,0.6915,0.6915
1691627341000,0.6916,0.6916,0.6916
1691627342000,0.6916,0.6916,0.6916
1691627343000,0.6916,0.6916,0.6916
1691627344000,0.6915,0.6915,0.6915
1691627345000,0.6915,0.6915,0.6915
1691627346000,0.6915,0.6915,0.6915
1691627347000,0.6915,0.6915,0.6915
1691627348000,0.6915,0.6915,0.6915
1691627349000,0.6915,0.6915,0.6915
1691627350000,0.6915,0.6915,0.6915
1691627351000,0.6915,0.6915,0.6915
1691627352000,0.6915,0.6915,0.6915
1691627353000,0.6915,0.6915,0.6915
1691627354000,0.6915,0.6915,0.6915
1691627355000,0.6915,0.6915,0.6915
1691627356000,0.6915,0.6915,0.6915
1691627357000,0.6915,0.6915,0.6915
1691627358000,0.6915,0.6915,0.6915
1691627359000,0.6916,0.6916,0.6916
1691627360000,0.6916,0.6916,0.6916
1691627361000,0.6916,0.6916,0.6916
1691627362000,0.6916,0.6916,0.6916
1691627363000,0.6916,0.6916,0.6916
1691627364000,0.6915,0.6915,0.6915
1691627365000,0.6915,0.6915,0.6915
1691627366000,0.6915,0.6915,0.6915
1691627367000,0.6915,0.6915,0.6915
1691627368000,0.6915,0.6915,0.6915
1691627369000,0.6916,0.6916,0.6916
1691627370000,0.6916,0.6916,0.6916
1691627371000,0.6915,0.6915,0.6915
1691627372000,0.6915,0.6915,0.6915
1691627373000,0.6916,0.6916,0.6916
1691627374000,0.6916,0.6916,0.6916
1691627375000,0.6915,0.6915,0.6915
1691627376000,0.6915,0.6915,0.6915
1691627377000,0.6915,0.6915,0.6915
1691627378000,0.6915,0.6915,0.6915
1691627379000,0.6915,0.6915,0.6915
1691627380000,0.6916,0.6916,0.6916
1691627381000,0.6916,0.6916,0.6916
1691627382000,0.6915,0.6915,0.6915
1691627383000,0.6917,0.6917,0.6917
1691627384000,0.6917,0.6917,0.6917
1691627385000,0.6917,0.6917,0.6917
1691627386000,0.6916,0.6916,0.6916
1691627387000,0.6916,0.6916,0.6916
1691627388000,0.6916,0.6916,0.6916
1691627389000,0.6916,0.6916,0.6916
1691627390000,0.6916,0.6916,0.6916
1691627391000,0.6916,0.6916,0.6916
1691627392000,0.6916,0.6916,0.6916
1691627393000,0.6916,0.6916,0.6916
1691627394000,0.6917,0.6917,0.6917
1691627395000,0.6917,0.6917,0.6917
1691627396000,0.6916,0.6916,0.6916
1691627397000,0.6916,0.6916,0.6916
1691627398000,0.6916,0.6916,0.6916
1691627399000,0.6918,0.6918,0.6918
1691627400000,0.6917,0.6917,0.6917
1691627401000,0.6917,0.6917,0.6917
1691627402000,0.6918,0.6918,0.6918
1691627403000,0.6918,0.6918,0.6918
1691627404000,0.6917,0.6917,0.6917
1691627405000,0.6917,0.6917,0.6917
1691627406000,0.6916,0.6916,0.6916
1691627407000,0.6916,0.6916,0.6916
1691627408000,0.6916,0.6916,0.6916
1691627409000,0.6916,0.6916,0.6916
1691627410000,0.6916,0.6916,0.6916
1691627411000,0.6916,0.6916,0.6916
1691627412000,0.6916,0.6916,0.6916
1691627413000,0.6916,0.6916,0.6916
1691627414000,0.6916,0.6916,0.6916
1691627415000,0.6916,0.6916,0.6916
1691627416000,0.6916,0.6916,0.6916
1691627417000,0.6917,0.6917,0.6917
1691627418000,0.6916,0.6916,0.6916
1691627419000,0.6917,0.6917,0.6917
1691627420000,0.6917,0.6917,0.6917
1691627421000,0.6918,0.6918,0.6918
1691627422000,0.6918,0.6918,0.6918
1691627423000,0.6918,0.6918,0.6918
1691627424000,0.6918,0.6918,0.6918
1691627425000,0.6918,0.6918,0.6918
1691627426000,0.6918,0.6918,0.6918
1691627427000,0.6918,0.6918,0.6918
1691627428000,0.6918,0.6918,0.6918
1691627429000,0.6918,0.6918,0.6918
1691627430000,0.6918,0.6918,0.6918
1691627431000,0.6918,0.6918,0.6918
1691627432000,0.6918,0.6918,0.6918
1691627433000,0.6918,0.6918,0.6918
1691627434000,0.6918,0.6918,0.6918
1691627435000,0.6917,0.6917,0.6917
1691627436000,0.6917,0.6917,0.6917
1691627437000,0.6917,0.6917,0.6917
1691627438000,0.6917,0.6917,0.6917
1691627439000,0.6917,0.6917,0.6917
1691627440000,0.6917,0.6917,0.6917
1691627441000,0.6917,0.6917,0.6917
1691627442000,0.6917,0.6917,0.6917
1691627443000,0.6917,0.6917,0.6917
1691627444000,0.6917,0.6917,0.6917
1691627445000,0.6917,0.6917,0.6917
1691627446000,0.6917,0.6917,0.6917
1691627447000,0.6917,0.6917,0.6917
1691627448000,0.6917,0.6917,0.6917
1691627449000,0.6917,0.6917,0.6917
1691627450000,0.6916,0.6916,0.6916
1691627451000,0.6916,0.6916,0.6916
1691627452000,0.6916,0.6916,0.6916
1691627453000,0.6917,0.6917,0.6917
1691627454000,0.6917,0.6917,0.6917
1691627455000,0.6917,0.6917,0.6917
1691627456000,0.69159642,0.69159642,0.69159642
1691627457000,0.6915995,0.6915995,0.6915995
1691627458000,0.69159922,0.69159922,0.69159922
1691627459000,0.6916,0.6916,0.6916
1691627460000,0.6916,0.6916,0.6916
1691627461000,0.69155271,0.69155271,0.69155271
1691627462000,0.6916,0.6916,0.6916
1691627463000,0.69152672,0.69152672,0.69152672
1691627464000,0.69152668,0.69152668,0.69152668
1691627465000,0.69152668,0.69152668,0.69152668
1691627466000,0.69152672,0.69152672,0.69152672
1691627467000,0.69152655,0.69152655,0.69152655
1691627468000,0.69152725,0.69152725,0.69152725
1691627469000,0.69152725,0.69152725,0.69152725
1691627470000,0.69147994,0.69147994,0.69147994
1691627471000,0.69147877,0.69147877,0.69147877
1691627472000,0.69142902,0.69142902,0.69142902
1691627473000,0.69142584,0.69142584,0.69142584
1691627474000,0.69142587,0.69142587,0.69142587
1691627475000,0.69142587,0.69142587,0.69142587
1691627476000,0.69142584,0.69142584,0.69142584
1691627477000,0.69142504,0.69142504,0.69142504
1691627478000,0.69142198,0.69142198,0.69142198
1691627479000,0.69142198,0.69142198,0.69142198
1691627480000,0.69142198,0.69142198,0.69142198
1691627481000,0.69142278,0.69142278,0.69142278
1691627482000,0.69142216,0.69142216,0.69142216
1691627483000,0.6913928,0.6913928,0.6913928
1691627484000,0.69139164,0.69139164,0.69139164
1691627485000,0.69139164,0.69139164,0.69139164
1691627486000,0.69139083,0.69139083,0.69139083
1691627487000,0.69139083,0.69139083,0.69139083
1691627488000,0.69138857,0.69138857,0.69138857
1691627489000,0.69138761,0.69138761,0.69138761
1691627490000,0.69138764,0.69138764,0.69138764
1691627491000,0.69138764,0.69138764,0.69138764
1691627492000,0.6913868,0.6913868,0.6913868
1691627493000,0.69133977,0.69133977,0.69133977
1691627494000,0.69133808,0.69133808,0.69133808
1691627495000,0.69133808,0.69133808,0.69133808
1691627496000,0.6913,0.6913,0.6913
1691627497000,0.6912959,0.6912959,0.6912959
1691627498000,0.6912959,0.6912959,0.6912959
1691627499000,0.69129469,0.69129469,0.69129469
1691627500000,0.69129469,0.69129469,0.69129469
1691627501000,0.69129317,0.69129317,0.69129317
1691627502000,0.6912924,0.6912924,0.6912924
1691627503000,0.69129097,0.69129097,0.69129097
1691627504000,0.69124175,0.69124175,0.69124175
1691627505000,0.69124175,0.69124175,0.69124175
1691627506000,0.69124175,0.69124175,0.69124175
1691627507000,0.69121388,0.69121388,0.69121388
1691627508000,0.69121388,0.69121388,0.69121388
1691627509000,0.69121096,0.69121096,0.69121096
1691627510000,0.69121096,0.69121096,0.69121096
1691627511000,0.69121096,0.69121096,0.69121096
1691627512000,0.69120863,0.69120863,0.69120863
1691627513000,0.69120744,0.69120744,0.69120744
1691627514000,0.69120741,0.69120741,0.69120741
1691627515000,0.69120772,0.69120772,0.69120772
1691627516000,0.69120692,0.69120692,0.69120692
1691627517000,0.69120772,0.69120772,0.69120772
1691627518000,0.69120772,0.69120772,0.69120772
1691627519000,0.69120772,0.69120772,0.69120772
1691627520000,0.69120976,0.69120976,0.69120976
1691627521000,0.69120976,0.69120976,0.69120976
1691627522000,0.6913,0.6913,0.6913
1691627523000,0.6913,0.6913,0.6913
1691627524000,0.6913,0.6913,0.6913
1691627525000,0.6913,0.6913,0.6913
1691627526000,0.6913,0.6913,0.6913
1691627527000,0.6913,0.6913,0.6913
1691627528000,0.6913,0.6913,0.6913
1691627529000,0.6913,0.6913,0.6913
1691627530000,0.6913,0.6913,0.6913
1691627531000,0.6913,0.6913,0.6913
1691627532000,0.6914,0.6914,0.6914
1691627533000,0.69130345,0.69130345,0.69130345
1691627534000,0.69130335,0.69130335,0.69130335
1691627535000,0.69130338,0.69130338,0.69130338
1691627536000,0.69130338,0.69130338,0.69130338
1691627537000,0.69130338,0.69130338,0.69130338
1691627538000,0.69130338,0.69130338,0.69130338
1691627539000,0.69130244,0.69130244,0.69130244
1691627540000,0.69130241,0.69130241,0.69130241
1691627541000,0.69130683,0.69130683,0.69130683
1691627542000,0.69126028,0.69126028,0.69126028
1691627543000,0.69126028,0.69126028,0.69126028
1691627544000,0.69126046,0.69126046,0.69126046
1691627545000,0.69125969,0.69125969,0.69125969
1691627546000,0.69125889,0.69125889,0.69125889
1691627547000,0.69125889,0.69125889,0.69125889
1691627548000,0.69125886,0.69125886,0.69125886
1691627549000,0.69125962,0.69125962,0.69125962
1691627550000,0.69125962,0.69125962,0.69125962
1691627551000,0.69125721,0.69125721,0.69125721
1691627552000,0.69125721,0.69125721,0.69125721
1691627553000,0.69125724,0.69125724,0.69125724
1691627554000,0.69125724,0.69125724,0.69125724
1691627555000,0.69125574,0.69125574,0.69125574
1691627556000,0.69125662,0.69125662,0.69125662
1691627557000,0.69125662,0.69125662,0.69125662
1691627558000,0.69130313,0.69130313,0.69130313
1691627559000,0.69130372,0.69130372,0.69130372
1691627560000,0.69130372,0.69130372,0.69130372
1691627561000,0.69130127,0.69130127,0.69130127
1691627562000,0.69130124,0.69130124,0.69130124
1691627563000,0.69130007,0.69130007,0.69130007
1691627564000,0.69130007,0.69130007,0.69130007
1691627565000,0.69129934,0.69129934,0.69129934
1691627566000,0.69125748,0.69125748,0.69125748
1691627567000,0.69125684,0.69125684,0.69125684
1691627568000,0.69125684,0.69125684,0.69125684
1691627569000,0.69125681,0.69125681,0.69125681
1691627570000,0.69125677,0.69125677,0.69125677
1691627571000,0.69121026,0.69121026,0.69121026
1691627572000,0.69134783,0.69134783,0.69134783
1691627573000,0.69134783,0.69134783,0.69134783
1691627574000,0.69134783,0.69134783,0.69134783
1691627575000,0.6913495,0.6913495,0.6913495
1691627576000,0.6913495,0.6913495,0.6913495
1691627577000,0.69134946,0.69134946,0.69134946
1691627578000,0.69136258,0.69136258,0.69136258
1691627579000,0.69136258,0.69136258,0.69136258
1691627580000,0.69136261,0.69136261,0.69136261
1691627581000,0.6914,0.6914,0.6914
1691627582000,0.69115552,0.69115552,0.69115552
1691627583000,0.69115552,0.69115552,0.69115552
1691627584000,0.69115632,0.69115632,0.69115632
1691627585000,0.69115632,0.69115632,0.69115632
1691627586000,0.6911605,0.6911605,0.6911605
1691627587000,0.691158,0.691158,0.691158
1691627588000,0.69115796,0.69115796,0.69115796
1691627589000,0.6911588,0.6911588,0.6911588
1691627590000,0.69115869,0.69115869,0.69115869
1691627591000,0.69115786,0.69115786,0.69115786
1691627592000,0.6911552,0.6911552,0.6911552
1691627593000,0.69115601,0.69115601,0.69115601
1691627594000,0.69116262,0.69116262,0.69116262
1691627595000,0.69116262,0.69116262,0.69116262
1691627596000,0.69116185,0.69116185,0.69116185
1691627597000,0.69116185,0.69116185,0.69116185
1691627598000,0.69113287,0.69113287,0.69113287
1691627599000,0.69113367,0.69113367,0.69113367
1691627600000,0.69113367,0.69113367,0.69113367
1691627601000,0.69113367,0.69113367,0.69113367
1691627602000,0.69113367,0.69113367,0.69113367
1691627603000,0.6911,0.6911,0.6911
1691627604000,0.6911,0.6911,0.6911
1691627605000,0.6911,0.6911,0.6911
1691627606000,0.6914,0.6914,0.6914
1691627607000,0.6914,0.6914,0.6914
1691627608000,0.6914,0.6914,0.6914
1691627609000,0.6914,0.6914,0.6914
1691627610000,0.6914,0.6914,0.6914
1691627611000,0.6914,0.6914,0.6914
1691627612000,0.6914,0.6914,0.6914
1691627613000,0.69130332,0.69130332,0.69130332
1691627614000,0.69130336,0.69130336,0.69130336
1691627615000,0.69130336,0.69130336,0.69130336
1691627616000,0.69130239,0.69130239,0.69130239
1691627617000,0.69130243,0.69130243,0.69130243
1691627618000,0.69130284,0.69130284,0.69130284
1691627619000,0.69130284,0.69130284,0.69130284
1691627620000,0.69130371,0.69130371,0.69130371
1691627621000,0.69130116,0.69130116,0.69130116
1691627622000,0.69130116,0.69130116,0.69130116
1691627623000,0.69130116,0.69130116,0.69130116
1691627624000,0.69130163,0.69130163,0.69130163
1691627625000,0.6913095,0.6913095,0.6913095
1691627626000,0.6913,0.6913,0.6913
1691627627000,0.6913,0.6913,0.6913
1691627628000,0.6913,0.6913,0.6913
1691627629000,0.6913,0.6913,0.6913
1691627630000,0.6913,0.6913,0.6913
1691627631000,0.6913,0.6913,0.6913
1691627632000,0.6913,0.6913,0.6913
1691627633000,0.6913,0.6913,0.6913
1691627634000,0.6913,0.6913,0.6913
1691627635000,0.6912,0.6912,0.6912
1691627636000,0.69106774,0.69106774,0.69106774
1691627637000,0.69106774,0.69106774,0.69106774
1691627638000,0.69101968,0.69101968,0.69101968
1691627639000,0.69101716,0.69101716,0.69101716
1691627640000,0.691,0.691,0.691
1691627641000,0.6909,0.6909,0.6909
1691627642000,0.6909,0.6909,0.6909
1691627643000,0.6909,0.6909,0.6909
1691627644000,0.69087368,0.69087368,0.69087368
1691627645000,0.69087503,0.69087503,0.69087503
1691627646000,0.69087491,0.69087491,0.69087491
1691627647000,0.69087491,0.69087491,0.69087491
1691627648000,0.69087588,0.69087588,0.69087588
1691627649000,0.69087415,0.69087415,0.69087415
1691627650000,0.6909,0.6909,0.6909
1691627651000,0.6909,0.6909,0.6909
1691627652000,0.6909,0.6909,0.6909
1691627653000,0.6909,0.6909,0.6909
1691627654000,0.6909,0.6909,0.6909
1691627655000,0.69083139,0.69083139,0.69083139
1691627656000,0.6909,0.6909,0.6909
1691627657000,0.6909,0.6909,0.6909
1691627658000,0.69083046,0.69083046,0.69083046
1691627659000,0.69083139,0.69083139,0.69083139
1691627660000,0.6909,0.6909,0.6909
1691627661000,0.6909,0.6909,0.6909
1691627662000,0.6909,0.6909,0.6909
1691627663000,0.6908296,0.6908296,0.6908296
1691627664000,0.6908296,0.6908296,0.6908296
1691627665000,0.6907,0.6907,0.6907
1691627666000,0.6907,0.6907,0.6907
1691627667000,0.6907,0.6907,0.6907
1691627668000,0.6907,0.6907,0.6907
1691627669000,0.69064301,0.69064301,0.69064301
1691627670000,0.6906,0.6906,0.6906
1691627671000,0.69058622,0.69058622,0.69058622
1691627672000,0.69058622,0.69058622,0.69058622
1691627673000,0.69058231,0.69058231,0.69058231
1691627674000,0.69054888,0.69054888,0.69054888
1691627675000,0.69049278,0.69049278,0.69049278
1691627676000,0.69049278,0.69049278,0.69049278
1691627677000,0.69049278,0.69049278,0.69049278
1691627678000,0.69049278,0.69049278,0.69049278
1691627679000,0.69049049,0.69049049,0.69049049
1691627680000,0.69049146,0.69049146,0.69049146
1691627681000,0.69048816,0.69048816,0.69048816
1691627682000,0.690485,0.690485,0.690485
1691627683000,0.690485,0.690485,0.690485
1691627684000,0.6905,0.6905,0.6905
1691627685000,0.69048496,0.69048496,0.69048496
1691627686000,0.6905,0.6905,0.6905
1691627687000,0.6905,0.6905,0.6905
1691627688000,0.6905,0.6905,0.6905
1691627689000,0.6905,0.6905,0.6905
1691627690000,0.6905,0.6905,0.6905
1691627691000,0.6906,0.6906,0.6906
1691627692000,0.6906,0.6906,0.6906
1691627693000,0.6906,0.6906,0.6906
1691627694000,0.6906,0.6906,0.6906
1691627695000,0.6905,0.6905,0.6905
1691627696000,0.6905,0.6905,0.6905
1691627697000,0.6905,0.6905,0.6905
1691627698000,0.6905,0.6905,0.6905
1691627699000,0.6905,0.6905,0.6905
1691627700000,0.6905,0.6905,0.6905
1691627701000,0.6905,0.6905,0.6905
1691627702000,0.6905,0.6905,0.6905
1691627703000,0.6905,0.6905,0.6905
1691627704000,0.6905,0.6905,0.6905
1691627705000,0.69047056,0.69047056,0.69047056
1691627706000,0.69047053,0.69047053,0.69047053
1691627707000,0.69046829,0.69046829,0.69046829
1691627708000,0.6905,0.6905,0.6905
1691627709000,0.69046663,0.69046663,0.69046663
1691627710000,0.69046667,0.69046667,0.69046667
1691627711000,0.69046756,0.69046756,0.69046756
1691627712000,0.6905,0.6905,0.6905
1691627713000,0.6905,0.6905,0.6905
1691627714000,0.6905,0.6905,0.6905
1691627715000,0.6905,0.6905,0.6905
1691627716000,0.6905,0.6905,0.6905
1691627717000,0.6904099,0.6904099,0.6904099
1691627718000,0.6904,0.6904,0.6904
1691627719000,0.6904,0.6904,0.6904
1691627720000,0.6903,0.6903,0.6903
1691627721000,0.6903,0.6903,0.6903
1691627722000,0.6903,0.6903,0.6903
1691627723000,0.69027447,0.69027447,0.69027447
1691627724000,0.69027163,0.69027163,0.69027163
1691627725000,0.69027159,0.69027159,0.69027159
1691627726000,0.6903,0.6903,0.6903
1691627727000,0.69026788,0.69026788,0.69026788
1691627728000,0.69026788,0.69026788,0.69026788
1691627729000,0.6903,0.6903,0.6903
1691627730000,0.6903,0.6903,0.6903
1691627731000,0.6903,0.6903,0.6903
1691627732000,0.6903,0.6903,0.6903
1691627733000,0.6903,0.6903,0.6903
1691627734000,0.69025259,0.69025259,0.69025259
1691627735000,0.6902,0.6902,0.6902
1691627736000,0.6902,0.6902,0.6902
1691627737000,0.6903,0.6903,0.6903
1691627738000,0.6903,0.6903,0.6903
1691627739000,0.6903,0.6903,0.6903
1691627740000,0.6903,0.6903,0.6903
1691627741000,0.6903,0.6903,0.6903
1691627742000,0.6903,0.6903,0.6903
1691627743000,0.6903,0.6903,0.6903
1691627744000,0.6903,0.6903,0.6903
1691627745000,0.6903,0.6903,0.6903
1691627746000,0.6902,0.6902,0.6902
1691627747000,0.6902,0.6902,0.6902
1691627748000,0.6903,0.6903,0.6903
1691627749000,0.6903,0.6903,0.6903
1691627750000,0.6901,0.6901,0.6901
1691627751000,0.6902,0.6902,0.6902
1691627752000,0.6902,0.6902,0.6902
1691627753000,0.6902,0.6902,0.6902
1691627754000,0.6902,0.6902,0.6902
1691627755000,0.6902,0.6902,0.6902
1691627756000,0.6901,0.6901,0.6901
1691627757000,0.6901,0.6901,0.6901
1691627758000,0.6901,0.6901,0.6901
1691627759000,0.6901,0.6901,0.6901
1691627760000,0.6901,0.6901,0.6901
1691627761000,0.6902,0.6902,0.6902
1691627762000,0.6903,0.6903,0.6903
1691627763000,0.6903,0.6903,0.6903
1691627764000,0.6903,0.6903,0.6903
1691627765000,0.6903,0.6903,0.6903
1691627766000,0.6903,0.6903,0.6903
1691627767000,0.6902,0.6902,0.6902
1691627768000,0.6902,0.6902,0.6902
1691627769000,0.6902,0.6902,0.6902
1691627770000,0.6901,0.6901,0.6901
1691627771000,0.69,0.69,0.69
1691627772000,0.69,0.69,0.69
1691627773000,0.69,0.69,0.69
1691627774000,0.69,0.69,0.69
1691627775000,0.69,0.69,0.69
1691627776000,0.69,0.69,0.69
1691627777000,0.69,0.69,0.69
1691627778000,0.69,0.69,0.69
1691627779000,0.6899,0.6899,0.6899
1691627780000,0.69,0.69,0.69
1691627781000,0.69,0.69,0.69
1691627782000,0.69,0.69,0.69
1691627783000,0.6899,0.6899,0.6899
1691627784000,0.6899,0.6899,0.6899
1691627785000,0.6899,0.6899,0.6899
1691627786000,0.6899,0.6899,0.6899
1691627787000,0.6899,0.6899,0.6899
1691627788000,0.6899,0.6899,0.6899
1691627789000,0.6899,0.6899,0.6899
1691627790000,0.6899,0.6899,0.6899
1691627791000,0.69,0.69,0.69
1691627792000,0.69,0.69,0.69
1691627793000,0.69,0.69,0.69
1691627794000,0.69,0.69,0.69
1691627795000,0.69,0.69,0.69
1691627796000,0.69,0.69,0.69
1691627797000,0.69,0.69,0.69
1691627798000,0.6899,0.6899,0.6899
1691627799000,0.68984169,0.68984169,0.68984169
1691627800000,0.68984218,0.68984218,0.68984218
1691627801000,0.68984218,0.68984218,0.68984218
1691627802000,0.6898,0.6898,0.6898
1691627803000,0.689703,0.689703,0.689703
1691627804000,0.6897,0.6897,0.6897
1691627805000,0.6897,0.6897,0.6897
1691627806000,0.6897,0.6897,0.6897
1691627807000,0.6897,0.6897,0.6897
1691627808000,0.6897,0.6897,0.6897
1691627809000,0.6897,0.6897,0.6897
1691627810000,0.6897,0.6897,0.6897
1691627811000,0.6897,0.6897,0.6897
1691627812000,0.6897,0.6897,0.6897
1691627813000,0.6897,0.6897,0.6897
1691627814000,0.68962923,0.68962923,0.68962923
1691627815000,0.6897,0.6897,0.6897
1691627816000,0.6897,0.6897,0.6897
1691627817000,0.6897,0.6897,0.6897
1691627818000,0.6897,0.6897,0.6897
1691627819000,0.6897,0.6897,0.6897
1691627820000,0.68968408,0.68968408,0.68968408
1691627821000,0.6897,0.6897,0.6897
1691627822000,0.6897,0.6897,0.6897
1691627823000,0.6897,0.6897,0.6897
1691627824000,0.68968455,0.68968455,0.68968455
1691627825000,0.68968455,0.68968455,0.68968455
1691627826000,0.68968333,0.68968333,0.68968333
1691627827000,0.68968126,0.68968126,0.68968126
1691627828000,0.68968126,0.68968126,0.68968126
1691627829000,0.6896813,0.6896813,0.6896813
1691627830000,0.6896813,0.6896813,0.6896813
1691627831000,0.68967985,0.68967985,0.68967985
1691627832000,0.68967985,0.68967985,0.68967985
1691627833000,0.68967985,0.68967985,0.68967985
1691627834000,0.6897,0.6897,0.6897
1691627835000,0.6897,0.6897,0.6897
1691627836000,0.6897,0.6897,0.6897
1691627837000,0.6897,0.6897,0.6897
1691627838000,0.6898,0.6898,0.6898
1691627839000,0.6897,0.6897,0.6897
1691627840000,0.6899,0.6899,0.6899
1691627841000,0.69,0.69,0.69
1691627842000,0.69,0.69,0.69
1691627843000,0.69,0.69,0.69
1691627844000,0.69,0.69,0.69
1691627845000,0.69,0.69,0.69
1691627846000,0.6899,0.6899,0.6899
1691627847000,0.6899,0.6899,0.6899
1691627848000,0.68985329,0.68985329,0.68985329
1691627849000,0.68972221,0.68972221,0.68972221
1691627850000,0.6898,0.6898,0.6898
1691627851000,0.68965474,0.68965474,0.68965474
1691627852000,0.68962275,0.68962275,0.68962275
1691627853000,0.6897,0.6897,0.6897
1691627854000,0.6897,0.6897,0.6897
1691627855000,0.6897,0.6897,0.6897
1691627856000,0.6897,0.6897,0.6897
1691627857000,0.6897,0.6897,0.6897
1691627858000,0.6896,0.6896,0.6896
1691627859000,0.6896,0.6896,0.6896
1691627860000,0.6896259,0.6896259,0.6896259
1691627861000,0.6896259,0.6896259,0.6896259
1691627862000,0.68962858,0.68962858,0.68962858
1691627863000,0.68962684,0.68962684,0.68962684
1691627864000,0.6896268,0.6896268,0.6896268
1691627865000,0.68962773,0.68962773,0.68962773
1691627866000,0.68962773,0.68962773,0.68962773
1691627867000,0.6896118,0.6896118,0.6896118
1691627868000,0.6896145,0.6896145,0.6896145
1691627869000,0.6896145,0.6896145,0.6896145
1691627870000,0.6897,0.6897,0.6897
1691627871000,0.6897,0.6897,0.6897
1691627872000,0.68961175,0.68961175,0.68961175
1691627873000,0.68961398,0.68961398,0.68961398
1691627874000,0.68961398,0.68961398,0.68961398
1691627875000,0.68961398,0.68961398,0.68961398
1691627876000,0.68961398,0.68961398,0.68961398
1691627877000,0.68961398,0.68961398,0.68961398
1691627878000,0.68961452,0.68961452,0.68961452
1691627879000,0.6896,0.6896,0.6896
1691627880000,0.68961545,0.68961545,0.68961545
1691627881000,0.6897,0.6897,0.6897
1691627882000,0.6897,0.6897,0.6897
1691627883000,0.6897,0.6897,0.6897
1691627884000,0.6898,0.6898,0.6898
1691627885000,0.6897,0.6897,0.6897
1691627886000,0.6897,0.6897,0.6897
1691627887000,0.6897,0.6897,0.6897
1691627888000,0.6898,0.6898,0.6898
1691627889000,0.6898,0.6898,0.6898
1691627890000,0.6898,0.6898,0.6898
1691627891000,0.6898,0.6898,0.6898
1691627892000,0.6898,0.6898,0.6898
1691627893000,0.6897,0.6897,0.6897
1691627894000,0.6897,0.6897,0.6897
1691627895000,0.6897,0.6897,0.6897
1691627896000,0.6898,0.6898,0.6898
1691627897000,0.6898,0.6898,0.6898
1691627898000,0.6897,0.6897,0.6897
1691627899000,0.6897,0.6897,0.6897
1691627900000,0.6897,0.6897,0.6897
1691627901000,0.6897,0.6897,0.6897
1691627902000,0.6897,0.6897,0.6897
1691627903000,0.6897,0.6897,0.6897
1691627904000,0.6897,0.6897,0.6897
1691627905000,0.6897,0.6897,0.6897
1691627906000,0.6897,0.6897,0.6897
1691627907000,0.6897,0.6897,0.6897
1691627908000,0.6897,0.6897,0.6897
1691627909000,0.6897,0.6897,0.6897
1691627910000,0.6897,0.6897,0.6897
1691627911000,0.6897,0.6897,0.6897
1691627912000,0.6897,0.6897,0.6897
1691627913000,0.6899,0.6899,0.6899
1691627914000,0.6899,0.6899,0.6899
1691627915000,0.6899,0.6899,0.6899
1691627916000,0.6899,0.6899,0.6899
1691627917000,0.6899,0.6899,0.6899
1691627918000,0.6899,0.6899,0.6899
1691627919000,0.6898,0.6898,0.6898
1691627920000,0.6898,0.6898,0.6898
1691627921000,0.6898,0.6898,0.6898
1691627922000,0.6898,0.6898,0.6898
1691627923000,0.6899,0.6899,0.6899
1691627924000,0.6899,0.6899,0.6899
1691627925000,0.6899,0.6899,0.6899
1691627926000,0.6899,0.6899,0.6899
1691627927000,0.6899,0.6899,0.6899
1691627928000,0.6898,0.6898,0.6898
1691627929000,0.6898,0.6898,0.6898
1691627930000,0.6898,0.6898,0.6898
1691627931000,0.6898,0.6898,0.6898
1691627932000,0.6898,0.6898,0.6898
1691627933000,0.6898,0.6898,0.6898
1691627934000,0.6898,0.6898,0.6898
1691627935000,0.6898,0.6898,0.6898
1691627936000,0.68972151,0.68972151,0.68972151
1691627937000,0.6897,0.6897,0.6897
1691627938000,0.6897,0.6897,0.6897
1691627939000,0.6897,0.6897,0.6897
1691627940000,0.6897,0.6897,0.6897
1691627941000,0.6898,0.6898,0.6898
1691627942000,0.6897,0.6897,0.6897
1691627943000,0.6897,0.6897,0.6897
1691627944000,0.6897,0.6897,0.6897
1691627945000,0.6898,0.6898,0.6898
1691627946000,0.6898,0.6898,0.6898
1691627947000,0.6899,0.6899,0.6899
1691627948000,0.6899,0.6899,0.6899
1691627949000,0.6899,0.6899,0.6899
1691627950000,0.6899,0.6899,0.6899
1691627951000,0.6899,0.6899,0.6899
1691627952000,0.6899,0.6899,0.6899
1691627953000,0.6899,0.6899,0.6899
1691627954000,0.6899,0.6899,0.6899
1691627955000,0.6899,0.6899,0.6899
1691627956000,0.6899,0.6899,0.6899
1691627957000,0.6899,0.6899,0.6899
1691627958000,0.6899,0.6899,0.6899
1691627959000,0.68982706,0.68982706,0.68982706
1691627960000,0.68981664,0.68981664,0.68981664
1691627961000,0.68981754,0.68981754,0.68981754
1691627962000,0.68977103,0.68977103,0.68977103
1691627963000,0.68977103,0.68977103,0.68977103
1691627964000,0.68977103,0.68977103,0.68977103
1691627965000,0.68977149,0.68977149,0.68977149
1691627966000,0.68977091,0.68977091,0.68977091
1691627967000,0.68977091,0.68977091,0.68977091
1691627968000,0.68977091,0.68977091,0.68977091
1691627969000,0.6897698,0.6897698,0.6897698
1691627970000,0.6897698,0.6897698,0.6897698
1691627971000,0.6897698,0.6897698,0.6897698
1691627972000,0.68977095,0.68977095,0.68977095
1691627973000,0.68977175,0.68977175,0.68977175
1691627974000,0.6899,0.6899,0.6899
1691627975000,0.6899,0.6899,0.6899
1691627976000,0.6899,0.6899,0.6899
1691627977000,0.69,0.69,0.69
1691627978000,0.69,0.69,0.69
1691627979000,0.69,0.69,0.69
1691627980000,0.6901,0.6901,0.6901
1691627981000,0.6901,0.6901,0.6901
1691627982000,0.69,0.69,0.69
1691627983000,0.69,0.69,0.69
1691627984000,0.69,0.69,0.69
1691627985000,0.69,0.69,0.69
1691627986000,0.69,0.69,0.69
1691627987000,0.69,0.69,0.69
1691627988000,0.69,0.69,0.69
1691627989000,0.69,0.69,0.69
1691627990000,0.6899,0.6899,0.6899
1691627991000,0.6899,0.6899,0.6899
1691627992000,0.6899,0.6899,0.6899
1691627993000,0.6899,0.6899,0.6899
1691627994000,0.69,0.69,0.69
1691627995000,0.6899,0.6899,0.6899
1691627996000,0.6899,0.6899,0.6899
1691627997000,0.6899,0.6899,0.6899
1691627998000,0.6899,0.6899,0.6899
1691627999000,0.6899,0.6899,0.6899
1691628000000,0.6899,0.6899,0.6899
1691628001000,0.69,0.69,0.69
1691628002000,0.69,0.69,0.69
1691628003000,0.69,0.69,0.69
1691628004000,0.69,0.69,0.69
1691628005000,0.6899,0.6899,0.6899
1691628006000,0.6899,0.6899,0.6899
1691628007000,0.6899,0.6899,0.6899
1691628008000,0.6899,0.6899,0.6899
1691628009000,0.6899,0.6899,0.6899
1691628010000,0.6899,0.6899,0.6899
1691628011000,0.6899,0.6899,0.6899
1691628012000,0.6899,0.6899,0.6899
1691628013000,0.6899,0.6899,0.6899
1691628014000,0.6899,0.6899,0.6899
1691628015000,0.6899,0.6899,0.6899
1691628016000,0.6899,0.6899,0.6899
1691628017000,0.69,0.69,0.69
1691628018000,0.69,0.69,0.69
1691628019000,0.69,0.69,0.69
1691628020000,0.69,0.69,0.69
1691628021000,0.69,0.69,0.69
1691628022000,0.69,0.69,0.69
1691628023000,0.69,0.69,0.69
1691628024000,0.69,0.69,0.69
1691628025000,0.69,0.69,0.69
1691628026000,0.69,0.69,0.69
1691628027000,0.69,0.69,0.69
1691628028000,0.69,0.69,0.69
1691628029000,0.69,0.69,0.69
1691628030000,0.69,0.69,0.69
1691628031000,0.69,0.69,0.69
1691628032000,0.69,0.69,0.69
1691628033000,0.69,0.69,0.69
1691628034000,0.6899,0.6899,0.6899
1691628035000,0.6899,0.6899,0.6899
1691628036000,0.6899,0.6899,0.6899
1691628037000,0.6899,0.6899,0.6899
1691628038000,0.6899,0.6899,0.6899
1691628039000,0.68992813,0.68992813,0.68992813
1691628040000,0.68992813,0.68992813,0.68992813
1691628041000,0.68992806,0.68992806,0.68992806
1691628042000,0.68992806,0.68992806,0.68992806
1691628043000,0.68992109,0.68992109,0.68992109
1691628044000,0.68992085,0.68992085,0.68992085
1691628045000,0.68992085,0.68992085,0.68992085
1691628046000,0.68991977,0.68991977,0.68991977
1691628047000,0.68991981,0.68991981,0.68991981
1691628048000,0.68991981,0.68991981,0.68991981
1691628049000,0.68991885,0.68991885,0.68991885
1691628050000,0.68991885,0.68991885,0.68991885
1691628051000,0.68991993,0.68991993,0.68991993
1691628052000,0.6899199,0.6899199,0.6899199
1691628053000,0.69,0.69,0.69
1691628054000,0.68992131,0.68992131,0.68992131
1691628055000,0.68992131,0.68992131,0.68992131
1691628056000,0.68992036,0.68992036,0.68992036
1691628057000,0.6899212,0.6899212,0.6899212
1691628058000,0.69,0.69,0.69
1691628059000,0.69,0.69,0.69
1691628060000,0.69,0.69,0.69
1691628061000,0.69,0.69,0.69
1691628062000,0.68992171,0.68992171,0.68992171
1691628063000,0.68992171,0.68992171,0.68992171
1691628064000,0.6901,0.6901,0.6901
1691628065000,0.6902,0.6902,0.6902
1691628066000,0.6901,0.6901,0.6901
1691628067000,0.6901,0.6901,0.6901
1691628068000,0.6901,0.6901,0.6901
1691628069000,0.6901,0.6901,0.6901
1691628070000,0.6901,0.6901,0.6901
1691628071000,0.6901,0.6901,0.6901
1691628072000,0.6901,0.6901,0.6901
1691628073000,0.6901,0.6901,0.6901
1691628074000,0.6901,0.6901,0.6901
1691628075000,0.6901,0.6901,0.6901
1691628076000,0.6901,0.6901,0.6901
1691628077000,0.6901,0.6901,0.6901
1691628078000,0.6901,0.6901,0.6901
1691628079000,0.6901,0.6901,0.6901
1691628080000,0.6901,0.6901,0.6901
1691628081000,0.6901,0.6901,0.6901
1691628082000,0.6901,0.6901,0.6901
1691628083000,0.6901,0.6901,0.6901
1691628084000,0.6902,0.6902,0.6902
1691628085000,0.6902,0.6902,0.6902
1691628086000,0.6902,0.6902,0.6902
1691628087000,0.6902,0.6902,0.6902
1691628088000,0.6902,0.6902,0.6902
1691628089000,0.6901,0.6901,0.6901
1691628090000,0.6901,0.6901,0.6901
1691628091000,0.6901,0.6901,0.6901
1691628092000,0.6901,0.6901,0.6901
1691628093000,0.6901,0.6901,0.6901
1691628094000,0.6901,0.6901,0.6901
1691628095000,0.6901,0.6901,0.6901
1691628096000,0.6901,0.6901,0.6901
1691628097000,0.6901,0.6901,0.6901
1691628098000,0.6901,0.6901,0.6901
1691628099000,0.6901,0.6901,0.6901
1691628100000,0.6901,0.6901,0.6901
1691628101000,0.6901,0.6901,0.6901
1691628102000,0.6901,0.6901,0.6901
1691628103000,0.6901,0.6901,0.6901
1691628104000,0.6901,0.6901,0.6901
1691628105000,0.6901,0.6901,0.6901
1691628106000,0.6901,0.6901,0.6901
1691628107000,0.6901,0.6901,0.6901
1691628108000,0.6901,0.6901,0.6901
1691628109000,0.69002718,0.69002718,0.69002718
1691628110000,0.69002718,0.69002718,0.69002718
1691628111000,0.69002715,0.69002715,0.69002715
1691628112000,0.69002884,0.69002884,0.69002884
1691628113000,0.69002887,0.69002887,0.69002887
1691628114000,0.69002887,0.69002887,0.69002887
1691628115000,0.69002803,0.69002803,0.69002803
1691628116000,0.6901,0.6901,0.6901
1691628117000,0.6901,0.6901,0.6901
1691628118000,0.6901,0.6901,0.6901
1691628119000,0.6901,0.6901,0.6901
1691628120000,0.6901,0.6901,0.6901
1691628121000,0.6901,0.6901,0.6901
1691628122000,0.6901,0.6901,0.6901
1691628123000,0.6901,0.6901,0.6901
1691628124000,0.6901,0.6901,0.6901
1691628125000,0.6901,0.6901,0.6901
1691628126000,0.6901,0.6901,0.6901
1691628127000,0.6901,0.6901,0.6901
1691628128000,0.6901,0.6901,0.6901
1691628129000,0.6901,0.6901,0.6901
1691628130000,0.69002498,0.69002498,0.69002498
1691628131000,0.69002498,0.69002498,0.69002498
1691628132000,0.69002913,0.69002913,0.69002913
1691628133000,0.69002896,0.69002896,0.69002896
1691628134000,0.69002896,0.69002896,0.69002896
1691628135000,0.69002896,0.69002896,0.69002896
1691628136000,0.69002896,0.69002896,0.69002896
1691628137000,0.69003149,0.69003149,0.69003149
1691628138000,0.6900318,0.6900318,0.6900318
1691628139000,0.6900318,0.6900318,0.6900318
1691628140000,0.69003176,0.69003176,0.69003176
1691628141000,0.6900318,0.6900318,0.6900318
1691628142000,0.69003099,0.69003099,0.69003099
1691628143000,0.69002903,0.69002903,0.69002903
1691628144000,0.69002903,0.69002903,0.69002903
1691628145000,0.69002983,0.69002983,0.69002983
1691628146000,0.69002983,0.69002983,0.69002983
1691628147000,0.69002903,0.69002903,0.69002903
1691628148000,0.69003036,0.69003036,0.69003036
1691628149000,0.6901,0.6901,0.6901
1691628150000,0.6901,0.6901,0.6901
1691628151000,0.69003116,0.69003116,0.69003116
1691628152000,0.69003113,0.69003113,0.69003113
1691628153000,0.6901,0.6901,0.6901
1691628154000,0.6901,0.6901,0.6901
1691628155000,0.6901,0.6901,0.6901
1691628156000,0.6901,0.6901,0.6901
1691628157000,0.6901,0.6901,0.6901
1691628158000,0.6901,0.6901,0.6901
1691628159000,0.69003613,0.69003613,0.69003613
1691628160000,0.69003693,0.69003693,0.69003693
1691628161000,0.6901,0.6901,0.6901
1691628162000,0.6901,0.6901,0.6901
1691628163000,0.6901,0.6901,0.6901
1691628164000,0.6901,0.6901,0.6901
1691628165000,0.6901,0.6901,0.6901
1691628166000,0.6901,0.6901,0.6901
1691628167000,0.6901,0.6901,0.6901
1691628168000,0.6901,0.6901,0.6901
1691628169000,0.6901,0.6901,0.6901
1691628170000,0.6901,0.6901,0.6901
1691628171000,0.6901,0.6901,0.6901
1691628172000,0.6901,0.6901,0.6901
1691628173000,0.6901,0.6901,0.6901
1691628174000,0.6901,0.6901,0.6901
1691628175000,0.69004474,0.69004474,0.69004474
1691628176000,0.69004474,0.69004474,0.69004474
1691628177000,0.69004474,0.69004474,0.69004474
1691628178000,0.69004474,0.69004474,0.69004474
1691628179000,0.69004355,0.69004355,0.69004355
1691628180000,0.69004355,0.69004355,0.69004355
1691628181000,0.6901,0.6901,0.6901
1691628182000,0.6901,0.6901,0.6901
1691628183000,0.69004435,0.69004435,0.69004435
1691628184000,0.69004629,0.69004629,0.69004629
1691628185000,0.69004925,0.69004925,0.69004925
1691628186000,0.69004925,0.69004925,0.69004925
1691628187000,0.69003529,0.69003529,0.69003529
1691628188000,0.69003529,0.69003529,0.69003529
1691628189000,0.69003382,0.69003382,0.69003382
1691628190000,0.69003218,0.69003218,0.69003218
1691628191000,0.69003218,0.69003218,0.69003218
1691628192000,0.69003218,0.69003218,0.69003218
1691628193000,0.69003138,0.69003138,0.69003138
1691628194000,0.69003138,0.69003138,0.69003138
1691628195000,0.69003089,0.69003089,0.69003089
1691628196000,0.69003089,0.69003089,0.69003089
1691628197000,0.69003169,0.69003169,0.69003169
1691628198000,0.69003089,0.69003089,0.69003089
1691628199000,0.69003089,0.69003089,0.69003089
1691628200000,0.69003085,0.69003085,0.69003085
1691628201000,0.69003088,0.69003088,0.69003088
1691628202000,0.69003088,0.69003088,0.69003088
1691628203000,0.69002337,0.69002337,0.69002337
1691628204000,0.69002337,0.69002337,0.69002337
1691628205000,0.69002291,0.69002291,0.69002291
1691628206000,0.69002291,0.69002291,0.69002291
1691628207000,0.69,0.69,0.69
1691628208000,0.69,0.69,0.69
1691628209000,0.69,0.69,0.69
1691628210000,0.69,0.69,0.69
1691628211000,0.69,0.69,0.69
1691628212000,0.69,0.69,0.69
1691628213000,0.69,0.69,0.69
1691628214000,0.69,0.69,0.69
1691628215000,0.69,0.69,0.69
1691628216000,0.69,0.69,0.69
1691628217000,0.69,0.69,0.69
1691628218000,0.69,0.69,0.69
1691628219000,0.69,0.69,0.69
1691628220000,0.69,0.69,0.69
1691628221000,0.69,0.69,0.69
1691628222000,0.69,0.69,0.69
1691628223000,0.69,0.69,0.69
1691628224000,0.69,0.69,0.69
1691628225000,0.68995601,0.68995601,0.68995601
1691628226000,0.6899569,0.6899569,0.6899569
1691628227000,0.6899577,0.6899577,0.6899577
1691628228000,0.6899577,0.6899577,0.6899577
1691628229000,0.68995767,0.68995767,0.68995767
1691628230000,0.68995634,0.68995634,0.68995634
1691628231000,0.689956,0.689956,0.689956
1691628232000,0.689956,0.689956,0.689956
1691628233000,0.6899552,0.6899552,0.6899552
1691628234000,0.68995517,0.68995517,0.68995517
1691628235000,0.68995524,0.68995524,0.68995524
1691628236000,0.68995574,0.68995574,0.68995574
1691628237000,0.68995574,0.68995574,0.68995574
1691628238000,0.68995574,0.68995574,0.68995574
1691628239000,0.68995574,0.68995574,0.68995574
1691628240000,0.68995501,0.68995501,0.68995501
1691628241000,0.6899512,0.6899512,0.6899512
1691628242000,0.6899504,0.6899504,0.6899504
1691628243000,0.6899504,0.6899504,0.6899504
1691628244000,0.6899504,0.6899504,0.6899504
1691628245000,0.68995037,0.68995037,0.68995037
1691628246000,0.68990647,0.68990647,0.68990647
1691628247000,0.68990647,0.68990647,0.68990647
1691628248000,0.68990647,0.68990647,0.68990647
1691628249000,0.68990647,0.68990647,0.68990647
1691628250000,0.68990647,0.68990647,0.68990647
1691628251000,0.68990626,0.68990626,0.68990626
1691628252000,0.68990391,0.68990391,0.68990391
1691628253000,0.68990391,0.68990391,0.68990391
1691628254000,0.69,0.69,0.69
1691628255000,0.69,0.69,0.69
1691628256000,0.69,0.69,0.69
1691628257000,0.69,0.69,0.69
1691628258000,0.69,0.69,0.69
1691628259000,0.68990617,0.68990617,0.68990617
1691628260000,0.68990614,0.68990614,0.68990614
1691628261000,0.68990582,0.68990582,0.68990582
1691628262000,0.68990837,0.68990837,0.68990837
1691628263000,0.68990841,0.68990841,0.68990841
1691628264000,0.68990841,0.68990841,0.68990841
1691628265000,0.68990918,0.68990918,0.68990918
1691628266000,0.68990918,0.68990918,0.68990918
1691628267000,0.68991218,0.68991218,0.68991218
1691628268000,0.68991218,0.68991218,0.68991218
1691628269000,0.68991218,0.68991218,0.68991218
1691628270000,0.69,0.69,0.69
1691628271000,0.69,0.69,0.69
1691628272000,0.69,0.69,0.69
1691628273000,0.69,0.69,0.69
1691628274000,0.68991363,0.68991363,0.68991363
1691628275000,0.68991363,0.68991363,0.68991363
1691628276000,0.68992828,0.68992828,0.68992828
1691628277000,0.68992828,0.68992828,0.68992828
1691628278000,0.69,0.69,0.69
1691628279000,0.69,0.69,0.69
1691628280000,0.69,0.69,0.69
1691628281000,0.68992798,0.68992798,0.68992798
1691628282000,0.68992795,0.68992795,0.68992795
1691628283000,0.68992705,0.68992705,0.68992705
1691628284000,0.68992789,0.68992789,0.68992789
1691628285000,0.68992789,0.68992789,0.68992789
1691628286000,0.68992789,0.68992789,0.68992789
1691628287000,0.68992782,0.68992782,0.68992782
1691628288000,0.69,0.69,0.69
1691628289000,0.69,0.69,0.69
1691628290000,0.69,0.69,0.69
1691628291000,0.69,0.69,0.69
1691628292000,0.69,0.69,0.69
1691628293000,0.68992422,0.68992422,0.68992422
1691628294000,0.68992418,0.68992418,0.68992418
1691628295000,0.68992418,0.68992418,0.68992418
1691628296000,0.68996633,0.68996633,0.68996633
1691628297000,0.68996654,0.68996654,0.68996654
1691628298000,0.68996576,0.68996576,0.68996576
1691628299000,0.68996576,0.68996576,0.68996576
1691628300000,0.68996576,0.68996576,0.68996576
1691628301000,0.6901,0.6901,0.6901
1691628302000,0.6901,0.6901,0.6901
1691628303000,0.6901,0.6901,0.6901
1691628304000,0.6901,0.6901,0.6901
1691628305000,0.69010845,0.69010845,0.69010845
1691628306000,0.69010845,0.69010845,0.69010845
1691628307000,0.6902,0.6902,0.6902
1691628308000,0.6902,0.6902,0.6902
1691628309000,0.6902,0.6902,0.6902
1691628310000,0.6902,0.6902,0.6902
1691628311000,0.6902,0.6902,0.6902
1691628312000,0.6903,0.6903,0.6903
1691628313000,0.6903,0.6903,0.6903
1691628314000,0.6903,0.6903,0.6903
1691628315000,0.6903,0.6903,0.6903
1691628316000,0.6903,0.6903,0.6903
1691628317000,0.6903,0.6903,0.6903
1691628318000,0.6902,0.6902,0.6902
1691628319000,0.6902,0.6902,0.6902
1691628320000,0.6902,0.6902,0.6902
1691628321000,0.6903,0.6903,0.6903
1691628322000,0.6903,0.6903,0.6903
1691628323000,0.6903,0.6903,0.6903
1691628324000,0.6903,0.6903,0.6903
1691628325000,0.6903,0.6903,0.6903
1691628326000,0.6903,0.6903,0.6903
1691628327000,0.6903,0.6903,0.6903
1691628328000,0.69020257,0.69020257,0.69020257
1691628329000,0.69020314,0.69020314,0.69020314
1691628330000,0.69010931,0.69010931,0.69010931
1691628331000,0.69011015,0.69011015,0.69011015
1691628332000,0.69007891,0.69007891,0.69007891
1691628333000,0.69002598,0.69002598,0.69002598
1691628334000,0.69002598,0.69002598,0.69002598
1691628335000,0.69002411,0.69002411,0.69002411
1691628336000,0.69002491,0.69002491,0.69002491
1691628337000,0.69002491,0.69002491,0.69002491
1691628338000,0.69002411,0.69002411,0.69002411
1691628339000,0.69002411,0.69002411,0.69002411
1691628340000,0.68998177,0.68998177,0.68998177
1691628341000,0.68998097,0.68998097,0.68998097
1691628342000,0.6899818,0.6899818,0.6899818
1691628343000,0.6899818,0.6899818,0.6899818
1691628344000,0.68998062,0.68998062,0.68998062
1691628345000,0.68993577,0.68993577,0.68993577
1691628346000,0.68998305,0.68998305,0.68998305
1691628347000,0.68998305,0.68998305,0.68998305
1691628348000,0.68998259,0.68998259,0.68998259
1691628349000,0.68998259,0.68998259,0.68998259
1691628350000,0.6899841,0.6899841,0.6899841
1691628351000,0.6899841,0.6899841,0.6899841
1691628352000,0.6899841,0.6899841,0.6899841
1691628353000,0.68998305,0.68998305,0.68998305
1691628354000,0.68993734,0.68993734,0.68993734
1691628355000,0.68993723,0.68993723,0.68993723
1691628356000,0.68993723,0.68993723,0.68993723
1691628357000,0.69,0.69,0.69
1691628358000,0.6902034,0.6902034,0.6902034
1691628359000,0.69020337,0.69020337,0.69020337
1691628360000,0.69020337,0.69020337,0.69020337
1691628361000,0.69020461,0.69020461,0.69020461
1691628362000,0.69020461,0.69020461,0.69020461
1691628363000,0.69020363,0.69020363,0.69020363
1691628364000,0.69020363,0.69020363,0.69020363
1691628365000,0.69020363,0.69020363,0.69020363
1691628366000,0.69020171,0.69020171,0.69020171
1691628367000,0.69020171,0.69020171,0.69020171
1691628368000,0.69008078,0.69008078,0.69008078
1691628369000,0.6900759,0.6900759,0.6900759
1691628370000,0.6900759,0.6900759,0.6900759
1691628371000,0.69007392,0.69007392,0.69007392
1691628372000,0.69007472,0.69007472,0.69007472
1691628373000,0.69007472,0.69007472,0.69007472
1691628374000,0.69007472,0.69007472,0.69007472
1691628375000,0.69007664,0.69007664,0.69007664
1691628376000,0.69007441,0.69007441,0.69007441
1691628377000,0.69007364,0.69007364,0.69007364
1691628378000,0.69002793,0.69002793,0.69002793
1691628379000,0.69002793,0.69002793,0.69002793
1691628380000,0.6901,0.6901,0.6901
1691628381000,0.6901,0.6901,0.6901
1691628382000,0.6901,0.6901,0.6901
1691628383000,0.6901,0.6901,0.6901
1691628384000,0.6901,0.6901,0.6901
1691628385000,0.6901,0.6901,0.6901
1691628386000,0.6901,0.6901,0.6901
1691628387000,0.6901,0.6901,0.6901
1691628388000,0.6901,0.6901,0.6901
1691628389000,0.6901,0.6901,0.6901
1691628390000,0.6901,0.6901,0.6901
1691628391000,0.6901,0.6901,0.6901
1691628392000,0.6901,0.6901,0.6901
1691628393000,0.6901,0.6901,0.6901
1691628394000,0.6901,0.6901,0.6901
1691628395000,0.6901,0.6901,0.6901
1691628396000,0.6901,0.6901,0.6901
1691628397000,0.6901,0.6901,0.6901
1691628398000,0.6901,0.6901,0.6901
1691628399000,0.6901,0.6901,0.6901
1691628400000,0.69006987,0.69006987,0.69006987
1691628401000,0.69007064,0.69007064,0.69007064
1691628402000,0.69006811,0.69006811,0.69006811
1691628403000,0.6901,0.6901,0.6901
1691628404000,0.6901,0.6901,0.6901
1691628405000,0.6901,0.6901,0.6901
1691628406000,0.69006836,0.69006836,0.69006836
1691628407000,0.69006639,0.69006639,0.69006639
1691628408000,0.6900672,0.6900672,0.6900672
1691628409000,0.69006716,0.69006716,0.69006716
1691628410000,0.69006716,0.69006716,0.69006716
1691628411000,0.69006559,0.69006559,0.69006559
1691628412000,0.69006531,0.69006531,0.69006531
1691628413000,0.69006608,0.69006608,0.69006608
1691628414000,0.69006608,0.69006608,0.69006608
1691628415000,0.68997201,0.68997201,0.68997201
1691628416000,0.68995625,0.68995625,0.68995625
1691628417000,0.68995625,0.68995625,0.68995625
1691628418000,0.68995338,0.68995338,0.68995338
1691628419000,0.68995415,0.68995415,0.68995415
1691628420000,0.68995122,0.68995122,0.68995122
1691628421000,0.68995125,0.68995125,0.68995125
1691628422000,0.68995125,0.68995125,0.68995125
1691628423000,0.68994779,0.68994779,0.68994779
1691628424000,0.68994782,0.68994782,0.68994782
1691628425000,0.68994447,0.68994447,0.68994447
1691628426000,0.68994451,0.68994451,0.68994451
1691628427000,0.68994451,0.68994451,0.68994451
1691628428000,0.68994028,0.68994028,0.68994028
1691628429000,0.68984729,0.68984729,0.68984729
1691628430000,0.68984729,0.68984729,0.68984729
1691628431000,0.6899,0.6899,0.6899
1691628432000,0.6899,0.6899,0.6899
1691628433000,0.6899,0.6899,0.6899
1691628434000,0.6899,0.6899,0.6899
1691628435000,0.6899,0.6899,0.6899
1691628436000,0.6899,0.6899,0.6899
1691628437000,0.68984658,0.68984658,0.68984658
1691628438000,0.68984622,0.68984622,0.68984622
1691628439000,0.6899,0.6899,0.6899
1691628440000,0.6899,0.6899,0.6899
1691628441000,0.6899,0.6899,0.6899
1691628442000,0.6899,0.6899,0.6899
1691628443000,0.6899,0.6899,0.6899
1691628444000,0.6899,0.6899,0.6899
1691628445000,0.6899,0.6899,0.6899
1691628446000,0.6899,0.6899,0.6899
1691628447000,0.6899,0.6899,0.6899
1691628448000,0.6899,0.6899,0.6899
1691628449000,0.6899,0.6899,0.6899
1691628450000,0.6899,0.6899,0.6899
1691628451000,0.6899,0.6899,0.6899
1691628452000,0.6899,0.6899,0.6899
1691628453000,0.6899,0.6899,0.6899
1691628454000,0.6899,0.6899,0.6899
1691628455000,0.6899,0.6899,0.6899
1691628456000,0.6899,0.6899,0.6899
1691628457000,0.6899,0.6899,0.6899
1691628458000,0.6899,0.6899,0.6899
1691628459000,0.6899,0.6899,0.6899
1691628460000,0.6899,0.6899,0.6899
1691628461000,0.6899,0.6899,0.6899
1691628462000,0.6899,0.6899,0.6899
1691628463000,0.6899,0.6899,0.6899
1691628464000,0.68989016,0.68989016,0.68989016
1691628465000,0.68989019,0.68989019,0.68989019
1691628466000,0.68988992,0.68988992,0.68988992
1691628467000,0.68988995,0.68988995,0.68988995
1691628468000,0.68988992,0.68988992,0.68988992
1691628469000,0.68988992,0.68988992,0.68988992
1691628470000,0.68988799,0.68988799,0.68988799
1691628471000,0.689842,0.689842,0.689842
1691628472000,0.689842,0.689842,0.689842
1691628473000,0.6898412,0.6898412,0.6898412
1691628474000,0.6898412,0.6898412,0.6898412
1691628475000,0.6898874,0.6898874,0.6898874
1691628476000,0.6898874,0.6898874,0.6898874
1691628477000,0.68988715,0.68988715,0.68988715
1691628478000,0.68988635,0.68988635,0.68988635
1691628479000,0.68983984,0.68983984,0.68983984
1691628480000,0.68984035,0.68984035,0.68984035
1691628481000,0.6899,0.6899,0.6899
1691628482000,0.6899,0.6899,0.6899
1691628483000,0.6899,0.6899,0.6899
1691628484000,0.6899,0.6899,0.6899
1691628485000,0.6899,0.6899,0.6899
1691628486000,0.6899,0.6899,0.6899
1691628487000,0.6899,0.6899,0.6899
1691628488000,0.6899,0.6899,0.6899
1691628489000,0.6899,0.6899,0.6899
1691628490000,0.6899,0.6899,0.6899
1691628491000,0.6899,0.6899,0.6899
1691628492000,0.6899,0.6899,0.6899
1691628493000,0.6899,0.6899,0.6899
1691628494000,0.6899,0.6899,0.6899
1691628495000,0.6899,0.6899,0.6899
1691628496000,0.68988949,0.68988949,0.68988949
1691628497000,0.68989039,0.68989039,0.68989039
1691628498000,0.68989039,0.68989039,0.68989039
1691628499000,0.68989036,0.68989036,0.68989036
1691628500000,0.68989036,0.68989036,0.68989036
1691628501000,0.68988987,0.68988987,0.68988987
1691628502000,0.68981545,0.68981545,0.68981545
1691628503000,0.68981134,0.68981134,0.68981134
1691628504000,0.68981217,0.68981217,0.68981217
1691628505000,0.68981214,0.68981214,0.68981214
1691628506000,0.68981063,0.68981063,0.68981063
1691628507000,0.68981077,0.68981077,0.68981077
1691628508000,0.68981,0.68981,0.68981
1691628509000,0.68981,0.68981,0.68981
1691628510000,0.68981,0.68981,0.68981
1691628511000,0.68980811,0.68980811,0.68980811
1691628512000,0.68969662,0.68969662,0.68969662
1691628513000,0.68969659,0.68969659,0.68969659
1691628514000,0.68969659,0.68969659,0.68969659
1691628515000,0.68968184,0.68968184,0.68968184
1691628516000,0.68967699,0.68967699,0.68967699
1691628517000,0.68962981,0.68962981,0.68962981
1691628518000,0.68962981,0.68962981,0.68962981
1691628519000,0.68962447,0.68962447,0.68962447
1691628520000,0.6896245,0.6896245,0.6896245
1691628521000,0.68962208,0.68962208,0.68962208
1691628522000,0.68962208,0.68962208,0.68962208
1691628523000,0.68962128,0.68962128,0.68962128
1691628524000,0.68962205,0.68962205,0.68962205
1691628525000,0.68962205,0.68962205,0.68962205
1691628526000,0.68962205,0.68962205,0.68962205
1691628527000,0.68961901,0.68961901,0.68961901
1691628528000,0.68961817,0.68961817,0.68961817
1691628529000,0.68966013,0.68966013,0.68966013
1691628530000,0.68966013,0.68966013,0.68966013
1691628531000,0.6896609,0.6896609,0.6896609
1691628532000,0.68966032,0.68966032,0.68966032
1691628533000,0.68966165,0.68966165,0.68966165
1691628534000,0.68966248,0.68966248,0.68966248
1691628535000,0.68966248,0.68966248,0.68966248
1691628536000,0.68966248,0.68966248,0.68966248
1691628537000,0.68966104,0.68966104,0.68966104
1691628538000,0.68964715,0.68964715,0.68964715
1691628539000,0.68964715,0.68964715,0.68964715
1691628540000,0.68964798,0.68964798,0.68964798
1691628541000,0.68964798,0.68964798,0.68964798
1691628542000,0.68964758,0.68964758,0.68964758
1691628543000,0.6897,0.6897,0.6897
1691628544000,0.68964737,0.68964737,0.68964737
1691628545000,0.68964039,0.68964039,0.68964039
1691628546000,0.6896,0.6896,0.6896
1691628547000,0.6896,0.6896,0.6896
1691628548000,0.6896,0.6896,0.6896
1691628549000,0.6896,0.6896,0.6896
1691628550000,0.6896,0.6896,0.6896
1691628551000,0.6897,0.6897,0.6897
1691628552000,0.6897,0.6897,0.6897
1691628553000,0.68963705,0.68963705,0.68963705
1691628554000,0.68963589,0.68963589,0.68963589
1691628555000,0.68963589,0.68963589,0.68963589
1691628556000,0.68963589,0.68963589,0.68963589
1691628557000,0.68963589,0.68963589,0.68963589
1691628558000,0.6896,0.6896,0.6896
1691628559000,0.6896,0.6896,0.6896
1691628560000,0.68958257,0.68958257,0.68958257
1691628561000,0.68958257,0.68958257,0.68958257
1691628562000,0.68958254,0.68958254,0.68958254
1691628563000,0.68958087,0.68958087,0.68958087
1691628564000,0.68958178,0.68958178,0.68958178
1691628565000,0.68958094,0.68958094,0.68958094
1691628566000,0.68958094,0.68958094,0.68958094
1691628567000,0.68958174,0.68958174,0.68958174
1691628568000,0.68957708,0.68957708,0.68957708
1691628569000,0.68957708,0.68957708,0.68957708
1691628570000,0.68957708,0.68957708,0.68957708
1691628571000,0.68957708,0.68957708,0.68957708
1691628572000,0.68957711,0.68957711,0.68957711
1691628573000,0.68957379,0.68957379,0.68957379
1691628574000,0.68957352,0.68957352,0.68957352
1691628575000,0.68957352,0.68957352,0.68957352
1691628576000,0.68957352,0.68957352,0.68957352
1691628577000,0.68957355,0.68957355,0.68957355
1691628578000,0.68956983,0.68956983,0.68956983
1691628579000,0.68956983,0.68956983,0.68956983
1691628580000,0.68956983,0.68956983,0.68956983
1691628581000,0.689569,0.689569,0.689569
1691628582000,0.689569,0.689569,0.689569
1691628583000,0.68955682,0.68955682,0.68955682
1691628584000,0.6895537,0.6895537,0.6895537
1691628585000,0.6895537,0.6895537,0.6895537
1691628586000,0.6895529,0.6895529,0.6895529
1691628587000,0.6895529,0.6895529,0.6895529
1691628588000,0.68950486,0.68950486,0.68950486
1691628589000,0.689502,0.689502,0.689502
1691628590000,0.6894989,0.6894989,0.6894989
1691628591000,0.68948414,0.68948414,0.68948414
1691628592000,0.68948414,0.68948414,0.68948414
1691628593000,0.68948414,0.68948414,0.68948414
1691628594000,0.68947905,0.68947905,0.68947905
1691628595000,0.68947985,0.68947985,0.68947985
1691628596000,0.68947985,0.68947985,0.68947985
1691628597000,0.68947982,0.68947982,0.68947982
1691628598000,0.68947905,0.68947905,0.68947905
1691628599000,0.6894763,0.6894763,0.6894763
1691628600000,0.68947707,0.68947707,0.68947707
1691628601000,0.68947703,0.68947703,0.68947703
1691628602000,0.68947626,0.68947626,0.68947626
1691628603000,0.68947626,0.68947626,0.68947626
1691628604000,0.68946973,0.68946973,0.68946973
1691628605000,0.68946973,0.68946973,0.68946973
1691628606000,0.68946973,0.68946973,0.68946973
1691628607000,0.6894697,0.6894697,0.6894697
1691628608000,0.6894697,0.6894697,0.6894697
1691628609000,0.68942239,0.68942239,0.68942239
1691628610000,0.68941908,0.68941908,0.68941908
1691628611000,0.68941905,0.68941905,0.68941905
1691628612000,0.68941905,0.68941905,0.68941905
1691628613000,0.68941988,0.68941988,0.68941988
1691628614000,0.68940581,0.68940581,0.68940581
1691628615000,0.6893513,0.6893513,0.6893513
1691628616000,0.68933037,0.68933037,0.68933037
1691628617000,0.68928385,0.68928385,0.68928385
1691628618000,0.68928469,0.68928469,0.68928469
1691628619000,0.68932967,0.68932967,0.68932967
1691628620000,0.68923193,0.68923193,0.68923193
1691628621000,0.6892319,0.6892319,0.6892319
1691628622000,0.68923274,0.68923274,0.68923274
1691628623000,0.68923274,0.68923274,0.68923274
1691628624000,0.68926449,0.68926449,0.68926449
1691628625000,0.689261,0.689261,0.689261
1691628626000,0.689261,0.689261,0.689261
1691628627000,0.68921449,0.68921449,0.68921449
1691628628000,0.6893,0.6893,0.6893
1691628629000,0.6893,0.6893,0.6893
1691628630000,0.6893,0.6893,0.6893
1691628631000,0.68925592,0.68925592,0.68925592
1691628632000,0.6892094,0.6892094,0.6892094
1691628633000,0.68918582,0.68918582,0.68918582
1691628634000,0.68918498,0.68918498,0.68918498
1691628635000,0.68917966,0.68917966,0.68917966
1691628636000,0.68918049,0.68918049,0.68918049
1691628637000,0.68918049,0.68918049,0.68918049
1691628638000,0.68913315,0.68913315,0.68913315
1691628639000,0.68913395,0.68913395,0.68913395
1691628640000,0.68907268,0.68907268,0.68907268
1691628641000,0.68906788,0.68906788,0.68906788
1691628642000,0.68906788,0.68906788,0.68906788
1691628643000,0.68906792,0.68906792,0.68906792
1691628644000,0.68906792,0.68906792,0.68906792
1691628645000,0.68906792,0.68906792,0.68906792
1691628646000,0.68901588,0.68901588,0.68901588
1691628647000,0.68901588,0.68901588,0.68901588
1691628648000,0.68899913,0.68899913,0.68899913
1691628649000,0.6892,0.6892,0.6892
1691628650000,0.6892,0.6892,0.6892
1691628651000,0.6892,0.6892,0.6892
1691628652000,0.68911748,0.68911748,0.68911748
1691628653000,0.68911748,0.68911748,0.68911748
1691628654000,0.68911748,0.68911748,0.68911748
1691628655000,0.68911748,0.68911748,0.68911748
1691628656000,0.68911585,0.68911585,0.68911585
1691628657000,0.68911662,0.68911662,0.68911662
1691628658000,0.68911582,0.68911582,0.68911582
1691628659000,0.68911585,0.68911585,0.68911585
1691628660000,0.68912388,0.68912388,0.68912388
1691628661000,0.6892,0.6892,0.6892
1691628662000,0.68912175,0.68912175,0.68912175
1691628663000,0.68912179,0.68912179,0.68912179
1691628664000,0.68912175,0.68912175,0.68912175
1691628665000,0.68912175,0.68912175,0.68912175
1691628666000,0.6891183,0.6891183,0.6891183
1691628667000,0.68913178,0.68913178,0.68913178
1691628668000,0.6892,0.6892,0.6892
1691628669000,0.6892,0.6892,0.6892
1691628670000,0.6892,0.6892,0.6892
1691628671000,0.6892,0.6892,0.6892
1691628672000,0.6892,0.6892,0.6892
1691628673000,0.6892,0.6892,0.6892
1691628674000,0.68913163,0.68913163,0.68913163
1691628675000,0.6891,0.6891,0.6891
1691628676000,0.68908592,0.68908592,0.68908592
1691628677000,0.68908127,0.68908127,0.68908127
1691628678000,0.68908127,0.68908127,0.68908127
1691628679000,0.6891,0.6891,0.6891
1691628680000,0.68908207,0.68908207,0.68908207
1691628681000,0.6890821,0.6890821,0.6890821
1691628682000,0.68907632,0.68907632,0.68907632
1691628683000,0.68907632,0.68907632,0.68907632
1691628684000,0.68907632,0.68907632,0.68907632
1691628685000,0.68907629,0.68907629,0.68907629
1691628686000,0.68907574,0.68907574,0.68907574
1691628687000,0.68902565,0.68902565,0.68902565
1691628688000,0.68902569,0.68902569,0.68902569
1691628689000,0.68902569,0.68902569,0.68902569
1691628690000,0.68902569,0.68902569,0.68902569
1691628691000,0.6892,0.6892,0.6892
1691628692000,0.68922296,0.68922296,0.68922296
1691628693000,0.6892196,0.6892196,0.6892196
1691628694000,0.6892196,0.6892196,0.6892196
1691628695000,0.6892196,0.6892196,0.6892196
1691628696000,0.6892196,0.6892196,0.6892196
1691628697000,0.68917204,0.68917204,0.68917204
1691628698000,0.68916688,0.68916688,0.68916688
1691628699000,0.68916765,0.68916765,0.68916765
1691628700000,0.68912317,0.68912317,0.68912317
1691628701000,0.68900625,0.68900625,0.68900625
1691628702000,0.68894186,0.68894186,0.68894186
1691628703000,0.68893732,0.68893732,0.68893732
1691628704000,0.68893816,0.68893816,0.68893816
1691628705000,0.68893816,0.68893816,0.68893816
1691628706000,0.68893816,0.68893816,0.68893816
1691628707000,0.68893816,0.68893816,0.68893816
1691628708000,0.68887871,0.68887871,0.68887871
1691628709000,0.68887871,0.68887871,0.68887871
1691628710000,0.68886556,0.68886556,0.68886556
1691628711000,0.68886556,0.68886556,0.68886556
1691628712000,0.68886556,0.68886556,0.68886556
1691628713000,0.68881167,0.68881167,0.68881167
1691628714000,0.6888,0.6888,0.6888
1691628715000,0.6888,0.6888,0.6888
1691628716000,0.6889,0.6889,0.6889
1691628717000,0.6889,0.6889,0.6889
1691628718000,0.68890022,0.68890022,0.68890022
1691628719000,0.68890115,0.68890115,0.68890115
1691628720000,0.68890022,0.68890022,0.68890022
1691628721000,0.689,0.689,0.689
1691628722000,0.68904346,0.68904346,0.68904346
1691628723000,0.68909189,0.68909189,0.68909189
1691628724000,0.68914978,0.68914978,0.68914978
1691628725000,0.68914978,0.68914978,0.68914978
1691628726000,0.68914978,0.68914978,0.68914978
1691628727000,0.6891,0.6891,0.6891
1691628728000,0.6891,0.6891,0.6891
1691628729000,0.6891,0.6891,0.6891
1691628730000,0.68903536,0.68903536,0.68903536
1691628731000,0.68891644,0.68891644,0.68891644
1691628732000,0.689,0.689,0.689
1691628733000,0.689,0.689,0.689
1691628734000,0.68891385,0.68891385,0.68891385
1691628735000,0.6889,0.6889,0.6889
1691628736000,0.68886584,0.68886584,0.68886584
1691628737000,0.68881552,0.68881552,0.68881552
1691628738000,0.68881552,0.68881552,0.68881552
1691628739000,0.68881419,0.68881419,0.68881419
1691628740000,0.68883044,0.68883044,0.68883044
1691628741000,0.68883044,0.68883044,0.68883044
1691628742000,0.6888,0.6888,0.6888
1691628743000,0.6888,0.6888,0.6888
1691628744000,0.6888,0.6888,0.6888
1691628745000,0.6888,0.6888,0.6888
1691628746000,0.6888,0.6888,0.6888
1691628747000,0.6889,0.6889,0.6889
1691628748000,0.6889,0.6889,0.6889
1691628749000,0.6889,0.6889,0.6889
1691628750000,0.6889,0.6889,0.6889
1691628751000,0.6889,0.6889,0.6889
1691628752000,0.6889,0.6889,0.6889
1691628753000,0.6889,0.6889,0.6889
1691628754000,0.6889,0.6889,0.6889
1691628755000,0.6889,0.6889,0.6889
1691628756000,0.6889,0.6889,0.6889
1691628757000,0.6889,0.6889,0.6889
1691628758000,0.68880999,0.68880999,0.68880999
1691628759000,0.6888,0.6888,0.6888
1691628760000,0.6888,0.6888,0.6888
1691628761000,0.6888,0.6888,0.6888
1691628762000,0.6888,0.6888,0.6888
1691628763000,0.6888,0.6888,0.6888
1691628764000,0.6888,0.6888,0.6888
1691628765000,0.6888,0.6888,0.6888
1691628766000,0.6888,0.6888,0.6888
1691628767000,0.6888,0.6888,0.6888
1691628768000,0.6888,0.6888,0.6888
1691628769000,0.6887,0.6887,0.6887
1691628770000,0.6887,0.6887,0.6887
1691628771000,0.6888,0.6888,0.6888
1691628772000,0.6888,0.6888,0.6888
1691628773000,0.6888,0.6888,0.6888
1691628774000,0.6888,0.6888,0.6888
1691628775000,0.6888,0.6888,0.6888
1691628776000,0.6888,0.6888,0.6888
1691628777000,0.6887,0.6887,0.6887
1691628778000,0.6887,0.6887,0.6887
1691628779000,0.6887,0.6887,0.6887
1691628780000,0.6887,0.6887,0.6887
1691628781000,0.68866222,0.68866222,0.68866222
1691628782000,0.6887,0.6887,0.6887
1691628783000,0.6887,0.6887,0.6887
1691628784000,0.6887,0.6887,0.6887
1691628785000,0.6887,0.6887,0.6887
1691628786000,0.6887,0.6887,0.6887
1691628787000,0.6888,0.6888,0.6888
1691628788000,0.6887,0.6887,0.6887
1691628789000,0.6887,0.6887,0.6887
1691628790000,0.6887,0.6887,0.6887
1691628791000,0.6887,0.6887,0.6887
1691628792000,0.6887,0.6887,0.6887
1691628793000,0.6887,0.6887,0.6887
1691628794000,0.6888,0.6888,0.6888
1691628795000,0.6888,0.6888,0.6888
1691628796000,0.6888,0.6888,0.6888
1691628797000,0.6888,0.6888,0.6888
1691628798000,0.6888,0.6888,0.6888
1691628799000,0.6888,0.6888,0.6888
1691628800000,0.6888,0.6888,0.6888
1691628801000,0.6888,0.6888,0.6888
1691628802000,0.6888,0.6888,0.6888
1691628803000,0.6888,0.6888,0.6888
1691628804000,0.6888,0.6888,0.6888
1691628805000,0.6888,0.6888,0.6888
1691628806000,0.6888,0.6888,0.6888
1691628807000,0.6888,0.6888,0.6888
1691628808000,0.6888,0.6888,0.6888
1691628809000,0.6888,0.6888,0.6888
1691628810000,0.6888,0.6888,0.6888
1691628811000,0.6888,0.6888,0.6888
1691628812000,0.6888,0.6888,0.6888
1691628813000,0.6888,0.6888,0.6888
1691628814000,0.6888,0.6888,0.6888
1691628815000,0.6888,0.6888,0.6888
1691628816000,0.6888,0.6888,0.6888
1691628817000,0.6888,0.6888,0.6888
1691628818000,0.6888,0.6888,0.6888
1691628819000,0.6888,0.6888,0.6888
1691628820000,0.6888,0.6888,0.6888
1691628821000,0.6888,0.6888,0.6888
1691628822000,0.6888,0.6888,0.6888
1691628823000,0.68871287,0.68871287,0.68871287
1691628824000,0.68871291,0.68871291,0.68871291
1691628825000,0.68871202,0.68871202,0.68871202
1691628826000,0.68871295,0.68871295,0.68871295
1691628827000,0.68871312,0.68871312,0.68871312
1691628828000,0.68871312,0.68871312,0.68871312
1691628829000,0.6887,0.6887,0.6887
1691628830000,0.6887,0.6887,0.6887
1691628831000,0.68864053,0.68864053,0.68864053
1691628832000,0.6886,0.6886,0.6886
1691628833000,0.6886,0.6886,0.6886
1691628834000,0.688616,0.688616,0.688616
1691628835000,0.688616,0.688616,0.688616
1691628836000,0.68861382,0.68861382,0.68861382
1691628837000,0.68861382,0.68861382,0.68861382
1691628838000,0.68861298,0.68861298,0.68861298
1691628839000,0.68861163,0.68861163,0.68861163
1691628840000,0.68866422,0.68866422,0.68866422
1691628841000,0.6883,0.6883,0.6883
1691628842000,0.6883,0.6883,0.6883
1691628843000,0.6883,0.6883,0.6883
1691628844000,0.6883,0.6883,0.6883
1691628845000,0.6883,0.6883,0.6883
1691628846000,0.6883,0.6883,0.6883
1691628847000,0.6883,0.6883,0.6883
1691628848000,0.6882363,0.6882363,0.6882363
1691628849000,0.6883,0.6883,0.6883
1691628850000,0.6883,0.6883,0.6883
1691628851000,0.6883,0.6883,0.6883
1691628852000,0.6883,0.6883,0.6883
1691628853000,0.6883,0.6883,0.6883
1691628854000,0.6883,0.6883,0.6883
1691628855000,0.6883,0.6883,0.6883
1691628856000,0.6883,0.6883,0.6883
1691628857000,0.6883,0.6883,0.6883
1691628858000,0.6883,0.6883,0.6883
1691628859000,0.6883,0.6883,0.6883
1691628860000,0.6883,0.6883,0.6883
1691628861000,0.6883,0.6883,0.6883
1691628862000,0.6883,0.6883,0.6883
1691628863000,0.6882,0.6882,0.6882
1691628864000,0.6882,0.6882,0.6882
1691628865000,0.6882,0.6882,0.6882
1691628866000,0.6882,0.6882,0.6882
1691628867000,0.6882,0.6882,0.6882
1691628868000,0.6883,0.6883,0.6883
1691628869000,0.6883,0.6883,0.6883
1691628870000,0.6885,0.6885,0.6885
1691628871000,0.6885,0.6885,0.6885
1691628872000,0.6884,0.6884,0.6884
1691628873000,0.6884,0.6884,0.6884
1691628874000,0.6884,0.6884,0.6884
1691628875000,0.6884,0.6884,0.6884
1691628876000,0.6884,0.6884,0.6884
1691628877000,0.6884,0.6884,0.6884
1691628878000,0.6884,0.6884,0.6884
1691628879000,0.6884,0.6884,0.6884
1691628880000,0.6884,0.6884,0.6884
1691628881000,0.6884,0.6884,0.6884
1691628882000,0.6885,0.6885,0.6885
1691628883000,0.6885,0.6885,0.6885
1691628884000,0.6885,0.6885,0.6885
1691628885000,0.6885,0.6885,0.6885
1691628886000,0.6885,0.6885,0.6885
1691628887000,0.6885,0.6885,0.6885
1691628888000,0.68843228,0.68843228,0.68843228
1691628889000,0.68829267,0.68829267,0.68829267
1691628890000,0.68829312,0.68829312,0.68829312
1691628891000,0.6884,0.6884,0.6884
1691628892000,0.6884,0.6884,0.6884
1691628893000,0.6884,0.6884,0.6884
1691628894000,0.6884,0.6884,0.6884
1691628895000,0.6884,0.6884,0.6884
1691628896000,0.6884,0.6884,0.6884
1691628897000,0.6884,0.6884,0.6884
1691628898000,0.6884,0.6884,0.6884
1691628899000,0.6884,0.6884,0.6884
1691628900000,0.68829402,0.68829402,0.68829402
1691628901000,0.6885,0.6885,0.6885
1691628902000,0.6885,0.6885,0.6885
1691628903000,0.6884,0.6884,0.6884
1691628904000,0.6884,0.6884,0.6884
1691628905000,0.6884,0.6884,0.6884
1691628906000,0.6884,0.6884,0.6884
1691628907000,0.6884,0.6884,0.6884
1691628908000,0.68836099,0.68836099,0.68836099
1691628909000,0.6883772,0.6883772,0.6883772
1691628910000,0.68837963,0.68837963,0.68837963
1691628911000,0.6884,0.6884,0.6884
1691628912000,0.6885,0.6885,0.6885
1691628913000,0.6885,0.6885,0.6885
1691628914000,0.6885,0.6885,0.6885
1691628915000,0.6884,0.6884,0.6884
1691628916000,0.6884,0.6884,0.6884
1691628917000,0.6884,0.6884,0.6884
1691628918000,0.6884,0.6884,0.6884
1691628919000,0.6884,0.6884,0.6884
1691628920000,0.6884,0.6884,0.6884
1691628921000,0.6884,0.6884,0.6884
1691628922000,0.68838362,0.68838362,0.68838362
1691628923000,0.68838273,0.68838273,0.68838273
1691628924000,0.68838273,0.68838273,0.68838273
1691628925000,0.68838269,0.68838269,0.68838269
1691628926000,0.6884,0.6884,0.6884
1691628927000,0.6884,0.6884,0.6884
1691628928000,0.6885,0.6885,0.6885
1691628929000,0.68833067,0.68833067,0.68833067
1691628930000,0.6883,0.6883,0.6883
1691628931000,0.6883,0.6883,0.6883
1691628932000,0.6883,0.6883,0.6883
1691628933000,0.6883,0.6883,0.6883
1691628934000,0.68821082,0.68821082,0.68821082
1691628935000,0.68821078,0.68821078,0.68821078
1691628936000,0.68821454,0.68821454,0.68821454
1691628937000,0.68821454,0.68821454,0.68821454
1691628938000,0.68814405,0.68814405,0.68814405
1691628939000,0.68814401,0.68814401,0.68814401
1691628940000,0.68814308,0.68814308,0.68814308
1691628941000,0.6882,0.6882,0.6882
1691628942000,0.6883,0.6883,0.6883
1691628943000,0.6881,0.6881,0.6881
1691628944000,0.6881,0.6881,0.6881
1691628945000,0.6881,0.6881,0.6881
1691628946000,0.6881,0.6881,0.6881
1691628947000,0.6882,0.6882,0.6882
1691628948000,0.6881,0.6881,0.6881
1691628949000,0.6881,0.6881,0.6881
1691628950000,0.6881,0.6881,0.6881
1691628951000,0.6881,0.6881,0.6881
1691628952000,0.6881,0.6881,0.6881
1691628953000,0.6881,0.6881,0.6881
1691628954000,0.6881,0.6881,0.6881
1691628955000,0.6881,0.6881,0.6881
1691628956000,0.6881,0.6881,0.6881
1691628957000,0.6881,0.6881,0.6881
1691628958000,0.6882,0.6882,0.6882
1691628959000,0.6882,0.6882,0.6882
1691628960000,0.6882,0.6882,0.6882
1691628961000,0.6882,0.6882,0.6882
1691628962000,0.6882003,0.6882003,0.6882003
1691628963000,0.6884,0.6884,0.6884
1691628964000,0.68838769,0.68838769,0.68838769
1691628965000,0.68837144,0.68837144,0.68837144
1691628966000,0.68821631,0.68821631,0.68821631
1691628967000,0.68821465,0.68821465,0.68821465
1691628968000,0.68821461,0.68821461,0.68821461
1691628969000,0.68821461,0.68821461,0.68821461
1691628970000,0.6883,0.6883,0.6883
1691628971000,0.68821461,0.68821461,0.68821461
1691628972000,0.68821368,0.68821368,0.68821368
1691628973000,0.68821388,0.68821388,0.68821388
1691628974000,0.68821639,0.68821639,0.68821639
1691628975000,0.68821639,0.68821639,0.68821639
1691628976000,0.68821639,0.68821639,0.68821639
1691628977000,0.68821639,0.68821639,0.68821639
1691628978000,0.6882,0.6882,0.6882
1691628979000,0.6882,0.6882,0.6882
1691628980000,0.6882,0.6882,0.6882
1691628981000,0.6882,0.6882,0.6882
1691628982000,0.6882,0.6882,0.6882
1691628983000,0.6882,0.6882,0.6882
1691628984000,0.6882,0.6882,0.6882
1691628985000,0.6882,0.6882,0.6882
1691628986000,0.6883,0.6883,0.6883
1691628987000,0.6883,0.6883,0.6883
1691628988000,0.6883,0.6883,0.6883
1691628989000,0.6883,0.6883,0.6883
1691628990000,0.6883,0.6883,0.6883
1691628991000,0.6883,0.6883,0.6883
1691628992000,0.6883,0.6883,0.6883
1691628993000,0.6883,0.6883,0.6883
1691628994000,0.6883,0.6883,0.6883
1691628995000,0.6883,0.6883,0.6883
1691628996000,0.6883,0.6883,0.6883
1691628997000,0.6883,0.6883,0.6883
1691628998000,0.6883,0.6883,0.6883
1691628999000,0.6884,0.6884,0.6884
1691629000000,0.6884,0.6884,0.6884
1691629001000,0.6884,0.6884,0.6884
1691629002000,0.6884,0.6884,0.6884
1691629003000,0.6885,0.6885,0.6885
1691629004000,0.6885,0.6885,0.6885
1691629005000,0.6885,0.6885,0.6885
1691629006000,0.6885,0.6885,0.6885
1691629007000,0.6886,0.6886,0.6886
1691629008000,0.6885,0.6885,0.6885
1691629009000,0.6885,0.6885,0.6885
1691629010000,0.6885,0.6885,0.6885
1691629011000,0.6885,0.6885,0.6885
1691629012000,0.6885,0.6885,0.6885
1691629013000,0.6885,0.6885,0.6885
1691629014000,0.6886,0.6886,0.6886
1691629015000,0.6886,0.6886,0.6886
1691629016000,0.6886,0.6886,0.6886
1691629017000,0.6886,0.6886,0.6886
1691629018000,0.6886,0.6886,0.6886
1691629019000,0.6885,0.6885,0.6885
1691629020000,0.6885,0.6885,0.6885
1691629021000,0.6886,0.6886,0.6886
1691629022000,0.6885,0.6885,0.6885
1691629023000,0.6886,0.6886,0.6886
1691629024000,0.6886,0.6886,0.6886
1691629025000,0.6886,0.6886,0.6886
1691629026000,0.6886,0.6886,0.6886
1691629027000,0.6886,0.6886,0.6886
1691629028000,0.6886,0.6886,0.6886
1691629029000,0.6886,0.6886,0.6886
1691629030000,0.6886,0.6886,0.6886
1691629031000,0.6886,0.6886,0.6886
1691629032000,0.6886,0.6886,0.6886
1691629033000,0.6885,0.6885,0.6885
1691629034000,0.6885,0.6885,0.6885
1691629035000,0.6885,0.6885,0.6885
1691629036000,0.68852041,0.68852041,0.68852041
1691629037000,0.6886,0.6886,0.6886
1691629038000,0.6886,0.6886,0.6886
1691629039000,0.6886,0.6886,0.6886
1691629040000,0.6886,0.6886,0.6886
1691629041000,0.6886,0.6886,0.6886
1691629042000,0.6886,0.6886,0.6886
1691629043000,0.6886,0.6886,0.6886
1691629044000,0.6886,0.6886,0.6886
1691629045000,0.6886,0.6886,0.6886
1691629046000,0.6886,0.6886,0.6886
1691629047000,0.6886,0.6886,0.6886
1691629048000,0.6886,0.6886,0.6886
1691629049000,0.6886,0.6886,0.6886
1691629050000,0.6886,0.6886,0.6886
1691629051000,0.6886,0.6886,0.6886
1691629052000,0.6886,0.6886,0.6886
1691629053000,0.6886,0.6886,0.6886
1691629054000,0.6886,0.6886,0.6886
1691629055000,0.6887,0.6887,0.6887
1691629056000,0.6887,0.6887,0.6887
1691629057000,0.6887,0.6887,0.6887
1691629058000,0.6887,0.6887,0.6887
1691629059000,0.68875665,0.68875665,0.68875665
1691629060000,0.6888,0.6888,0.6888
1691629061000,0.6888,0.6888,0.6888
1691629062000,0.6888,0.6888,0.6888
1691629063000,0.6888,0.6888,0.6888
1691629064000,0.6888,0.6888,0.6888
1691629065000,0.6888,0.6888,0.6888
1691629066000,0.6888,0.6888,0.6888
1691629067000,0.6888,0.6888,0.6888
1691629068000,0.6888,0.6888,0.6888
1691629069000,0.68875414,0.68875414,0.68875414
1691629070000,0.6888,0.6888,0.6888
1691629071000,0.6889,0.6889,0.6889
1691629072000,0.6889,0.6889,0.6889
1691629073000,0.6889,0.6889,0.6889
1691629074000,0.6888,0.6888,0.6888
1691629075000,0.6888,0.6888,0.6888
1691629076000,0.6888,0.6888,0.6888
1691629077000,0.6888,0.6888,0.6888
1691629078000,0.6888,0.6888,0.6888
1691629079000,0.6888,0.6888,0.6888
1691629080000,0.6888,0.6888,0.6888
1691629081000,0.6888,0.6888,0.6888
1691629082000,0.68880778,0.68880778,0.68880778
1691629083000,0.6889,0.6889,0.6889
1691629084000,0.6889,0.6889,0.6889
1691629085000,0.6889,0.6889,0.6889
1691629086000,0.6889,0.6889,0.6889
1691629087000,0.689,0.689,0.689
1691629088000,0.689,0.689,0.689
1691629089000,0.6889,0.6889,0.6889
1691629090000,0.6889,0.6889,0.6889
1691629091000,0.6889,0.6889,0.6889
1691629092000,0.689,0.689,0.689
1691629093000,0.689,0.689,0.689
1691629094000,0.689,0.689,0.689
1691629095000,0.689,0.689,0.689
1691629096000,0.689,0.689,0.689
1691629097000,0.689,0.689,0.689
1691629098000,0.689,0.689,0.689
1691629099000,0.689,0.689,0.689
1691629100000,0.689,0.689,0.689
1691629101000,0.689,0.689,0.689
1691629102000,0.689,0.689,0.689
1691629103000,0.689,0.689,0.689
1691629104000,0.689,0.689,0.689
1691629105000,0.689,0.689,0.689
1691629106000,0.689,0.689,0.689
1691629107000,0.6891,0.6891,0.6891
1691629108000,0.6891,0.6891,0.6891
1691629109000,0.68925393,0.68925393,0.68925393
1691629110000,0.6892,0.6892,0.6892
1691629111000,0.6892,0.6892,0.6892
1691629112000,0.689261,0.689261,0.689261
1691629113000,0.6892,0.6892,0.6892
1691629114000,0.6892,0.6892,0.6892
1691629115000,0.68910339,0.68910339,0.68910339
1691629116000,0.68910339,0.68910339,0.68910339
1691629117000,0.6892,0.6892,0.6892
1691629118000,0.6892,0.6892,0.6892
1691629119000,0.6891,0.6891,0.6891
1691629120000,0.6891,0.6891,0.6891
1691629121000,0.6892,0.6892,0.6892
1691629122000,0.6892,0.6892,0.6892
1691629123000,0.6892,0.6892,0.6892
1691629124000,0.6892,0.6892,0.6892
1691629125000,0.6892,0.6892,0.6892
1691629126000,0.6892,0.6892,0.6892
1691629127000,0.6892,0.6892,0.6892
1691629128000,0.6892,0.6892,0.6892
1691629129000,0.6892,0.6892,0.6892
1691629130000,0.6891,0.6891,0.6891
1691629131000,0.6892,0.6892,0.6892
1691629132000,0.6894,0.6894,0.6894
1691629133000,0.6894,0.6894,0.6894
1691629134000,0.6893,0.6893,0.6893
1691629135000,0.6893,0.6893,0.6893
1691629136000,0.6893,0.6893,0.6893
1691629137000,0.6893,0.6893,0.6893
1691629138000,0.6893,0.6893,0.6893
1691629139000,0.6893,0.6893,0.6893
1691629140000,0.6893,0.6893,0.6893
1691629141000,0.6893,0.6893,0.6893
1691629142000,0.6893,0.6893,0.6893
1691629143000,0.68922161,0.68922161,0.68922161
1691629144000,0.68923077,0.68923077,0.68923077
1691629145000,0.68920987,0.68920987,0.68920987
1691629146000,0.68920987,0.68920987,0.68920987
1691629147000,0.68920987,0.68920987,0.68920987
1691629148000,0.6892,0.6892,0.6892
1691629149000,0.6892,0.6892,0.6892
1691629150000,0.6892,0.6892,0.6892
1691629151000,0.6892,0.6892,0.6892
1691629152000,0.6893,0.6893,0.6893
1691629153000,0.6893,0.6893,0.6893
1691629154000,0.6893,0.6893,0.6893
1691629155000,0.68920332,0.68920332,0.68920332
1691629156000,0.68920335,0.68920335,0.68920335
1691629157000,0.6893,0.6893,0.6893
1691629158000,0.6893,0.6893,0.6893
1691629159000,0.6893,0.6893,0.6893
1691629160000,0.6894,0.6894,0.6894
1691629161000,0.6894,0.6894,0.6894
1691629162000,0.6894,0.6894,0.6894
1691629163000,0.6894,0.6894,0.6894
1691629164000,0.6894,0.6894,0.6894
1691629165000,0.6894,0.6894,0.6894
1691629166000,0.6894,0.6894,0.6894
1691629167000,0.6894,0.6894,0.6894
1691629168000,0.6894,0.6894,0.6894
1691629169000,0.6894,0.6894,0.6894
1691629170000,0.6894,0.6894,0.6894
1691629171000,0.6894,0.6894,0.6894
1691629172000,0.6894,0.6894,0.6894
1691629173000,0.6894,0.6894,0.6894
1691629174000,0.6894,0.6894,0.6894
1691629175000,0.6894,0.6894,0.6894
1691629176000,0.6894,0.6894,0.6894
1691629177000,0.6894,0.6894,0.6894
1691629178000,0.6894,0.6894,0.6894
1691629179000,0.6894,0.6894,0.6894
1691629180000,0.6894,0.6894,0.6894
1691629181000,0.6894,0.6894,0.6894
1691629182000,0.6895,0.6895,0.6895
1691629183000,0.6895,0.6895,0.6895
1691629184000,0.6895,0.6895,0.6895
1691629185000,0.6895,0.6895,0.6895
1691629186000,0.6895,0.6895,0.6895
1691629187000,0.6895,0.6895,0.6895
1691629188000,0.6895,0.6895,0.6895
1691629189000,0.6896,0.6896,0.6896
1691629190000,0.6896,0.6896,0.6896
1691629191000,0.6896,0.6896,0.6896
1691629192000,0.6896,0.6896,0.6896
1691629193000,0.6896,0.6896,0.6896
1691629194000,0.6896,0.6896,0.6896
1691629195000,0.6896,0.6896,0.6896
1691629196000,0.6896,0.6896,0.6896
1691629197000,0.6896,0.6896,0.6896
1691629198000,0.6896,0.6896,0.6896
1691629199000,0.68960275,0.68960275,0.68960275
1691629200000,0.68960275,0.68960275,0.68960275
1691629201000,0.68960359,0.68960359,0.68960359
1691629202000,0.6897,0.6897,0.6897
1691629203000,0.6897,0.6897,0.6897
1691629204000,0.68982883,0.68982883,0.68982883
1691629205000,0.6899,0.6899,0.6899
1691629206000,0.69,0.69,0.69
1691629207000,0.69,0.69,0.69
1691629208000,0.69,0.69,0.69
1691629209000,0.69,0.69,0.69
1691629210000,0.69,0.69,0.69
1691629211000,0.69,0.69,0.69
1691629212000,0.69,0.69,0.69
1691629213000,0.69,0.69,0.69
1691629214000,0.68988953,0.68988953,0.68988953
1691629215000,0.68988953,0.68988953,0.68988953
1691629216000,0.6898933,0.6898933,0.6898933
1691629217000,0.6899,0.6899,0.6899
1691629218000,0.6899,0.6899,0.6899
1691629219000,0.6898933,0.6898933,0.6898933
1691629220000,0.68989327,0.68989327,0.68989327
1691629221000,0.6899,0.6899,0.6899
1691629222000,0.6899,0.6899,0.6899
1691629223000,0.68990687,0.68990687,0.68990687
1691629224000,0.68990687,0.68990687,0.68990687
1691629225000,0.68990687,0.68990687,0.68990687
1691629226000,0.68990687,0.68990687,0.68990687
1691629227000,0.6899061,0.6899061,0.6899061
1691629228000,0.6899061,0.6899061,0.6899061
1691629229000,0.68990614,0.68990614,0.68990614
1691629230000,0.68990614,0.68990614,0.68990614
1691629231000,0.6899081,0.6899081,0.6899081
1691629232000,0.68991109,0.68991109,0.68991109
1691629233000,0.68991109,0.68991109,0.68991109
1691629234000,0.68991326,0.68991326,0.68991326
1691629235000,0.68991329,0.68991329,0.68991329
1691629236000,0.68991329,0.68991329,0.68991329
1691629237000,0.68991291,0.68991291,0.68991291
1691629238000,0.68991294,0.68991294,0.68991294
1691629239000,0.68990834,0.68990834,0.68990834
1691629240000,0.68990834,0.68990834,0.68990834
1691629241000,0.68990834,0.68990834,0.68990834
1691629242000,0.68990856,0.68990856,0.68990856
1691629243000,0.68990856,0.68990856,0.68990856
1691629244000,0.68990936,0.68990936,0.68990936
1691629245000,0.68990981,0.68990981,0.68990981
1691629246000,0.68990981,0.68990981,0.68990981
1691629247000,0.68990834,0.68990834,0.68990834
1691629248000,0.68990834,0.68990834,0.68990834
1691629249000,0.68990834,0.68990834,0.68990834
1691629250000,0.68991183,0.68991183,0.68991183
1691629251000,0.68991106,0.68991106,0.68991106
1691629252000,0.68991106,0.68991106,0.68991106
1691629253000,0.69,0.69,0.69
1691629254000,0.69,0.69,0.69
1691629255000,0.69,0.69,0.69
1691629256000,0.69,0.69,0.69
1691629257000,0.69,0.69,0.69
1691629258000,0.69,0.69,0.69
1691629259000,0.69,0.69,0.69
1691629260000,0.69,0.69,0.69
1691629261000,0.6901,0.6901,0.6901
1691629262000,0.6901,0.6901,0.6901
1691629263000,0.68996835,0.68996835,0.68996835
1691629264000,0.68996835,0.68996835,0.68996835
1691629265000,0.68996709,0.68996709,0.68996709
1691629266000,0.68996709,0.68996709,0.68996709
1691629267000,0.68996709,0.68996709,0.68996709
1691629268000,0.69,0.69,0.69
1691629269000,0.69,0.69,0.69
1691629270000,0.69,0.69,0.69
1691629271000,0.69,0.69,0.69
1691629272000,0.69,0.69,0.69
1691629273000,0.69,0.69,0.69
1691629274000,0.68997325,0.68997325,0.68997325
1691629275000,0.68997325,0.68997325,0.68997325
1691629276000,0.69001913,0.69001913,0.69001913
1691629277000,0.69001913,0.69001913,0.69001913
1691629278000,0.69001913,0.69001913,0.69001913
1691629279000,0.68997904,0.68997904,0.68997904
1691629280000,0.68997859,0.68997859,0.68997859
1691629281000,0.68997859,0.68997859,0.68997859
1691629282000,0.68997859,0.68997859,0.68997859
1691629283000,0.69,0.69,0.69
1691629284000,0.69,0.69,0.69
1691629285000,0.69,0.69,0.69
1691629286000,0.69002078,0.69002078,0.69002078
1691629287000,0.69002081,0.69002081,0.69002081
1691629288000,0.69002081,0.69002081,0.69002081
1691629289000,0.69002206,0.69002206,0.69002206
1691629290000,0.69002206,0.69002206,0.69002206
1691629291000,0.69002209,0.69002209,0.69002209
1691629292000,0.69002206,0.69002206,0.69002206
1691629293000,0.69002286,0.69002286,0.69002286
1691629294000,0.69002589,0.69002589,0.69002589
1691629295000,0.69002592,0.69002592,0.69002592
1691629296000,0.69002603,0.69002603,0.69002603
1691629297000,0.69002519,0.69002519,0.69002519
1691629298000,0.690026,0.690026,0.690026
1691629299000,0.69002763,0.69002763,0.69002763
1691629300000,0.69002763,0.69002763,0.69002763
1691629301000,0.69002763,0.69002763,0.69002763
1691629302000,0.69002777,0.69002777,0.69002777
1691629303000,0.69002693,0.69002693,0.69002693
1691629304000,0.69002693,0.69002693,0.69002693
1691629305000,0.69,0.69,0.69
1691629306000,0.69,0.69,0.69
1691629307000,0.69,0.69,0.69
1691629308000,0.69,0.69,0.69
1691629309000,0.68990932,0.68990932,0.68990932
1691629310000,0.68990971,0.68990971,0.68990971
1691629311000,0.68990971,0.68990971,0.68990971
1691629312000,0.68990699,0.68990699,0.68990699
1691629313000,0.68990702,0.68990702,0.68990702
1691629314000,0.68990702,0.68990702,0.68990702
1691629315000,0.68990307,0.68990307,0.68990307
1691629316000,0.68990143,0.68990143,0.68990143
1691629317000,0.68990143,0.68990143,0.68990143
1691629318000,0.68990143,0.68990143,0.68990143
1691629319000,0.68990143,0.68990143,0.68990143
1691629320000,0.68989764,0.68989764,0.68989764
1691629321000,0.68989597,0.68989597,0.68989597
1691629322000,0.68989597,0.68989597,0.68989597
1691629323000,0.68989597,0.68989597,0.68989597
1691629324000,0.68989677,0.68989677,0.68989677
1691629325000,0.68989396,0.68989396,0.68989396
1691629326000,0.68965431,0.68965431,0.68965431
1691629327000,0.68965431,0.68965431,0.68965431
1691629328000,0.68965431,0.68965431,0.68965431
1691629329000,0.68965431,0.68965431,0.68965431
1691629330000,0.6896503,0.6896503,0.6896503
1691629331000,0.68960302,0.68960302,0.68960302
1691629332000,0.68960302,0.68960302,0.68960302
1691629333000,0.6897,0.6897,0.6897
1691629334000,0.6897,0.6897,0.6897
1691629335000,0.6898,0.6898,0.6898
1691629336000,0.6899,0.6899,0.6899
1691629337000,0.6899,0.6899,0.6899
1691629338000,0.6899,0.6899,0.6899
1691629339000,0.6899,0.6899,0.6899
1691629340000,0.68981621,0.68981621,0.68981621
1691629341000,0.68981713,0.68981713,0.68981713
1691629342000,0.68981713,0.68981713,0.68981713
1691629343000,0.68981713,0.68981713,0.68981713
1691629344000,0.68981713,0.68981713,0.68981713
1691629345000,0.68981716,0.68981716,0.68981716
1691629346000,0.68981519,0.68981519,0.68981519
1691629347000,0.68981519,0.68981519,0.68981519
1691629348000,0.68981439,0.68981439,0.68981439
1691629349000,0.68981439,0.68981439,0.68981439
1691629350000,0.68981439,0.68981439,0.68981439
1691629351000,0.68976474,0.68976474,0.68976474
1691629352000,0.68976474,0.68976474,0.68976474
1691629353000,0.68976551,0.68976551,0.68976551
1691629354000,0.68976551,0.68976551,0.68976551
1691629355000,0.68976551,0.68976551,0.68976551
1691629356000,0.68976254,0.68976254,0.68976254
1691629357000,0.6899,0.6899,0.6899
1691629358000,0.6899,0.6899,0.6899
1691629359000,0.6899,0.6899,0.6899
1691629360000,0.6899,0.6899,0.6899
1691629361000,0.6899,0.6899,0.6899
1691629362000,0.6899,0.6899,0.6899
1691629363000,0.6899,0.6899,0.6899
1691629364000,0.6899,0.6899,0.6899
1691629365000,0.68980932,0.68980932,0.68980932
1691629366000,0.68980932,0.68980932,0.68980932
1691629367000,0.68980904,0.68980904,0.68980904
1691629368000,0.68980904,0.68980904,0.68980904
1691629369000,0.68980904,0.68980904,0.68980904
1691629370000,0.68980904,0.68980904,0.68980904
1691629371000,0.68980904,0.68980904,0.68980904
1691629372000,0.68983547,0.68983547,0.68983547
1691629373000,0.68983537,0.68983537,0.68983537
1691629374000,0.68983537,0.68983537,0.68983537
1691629375000,0.68983533,0.68983533,0.68983533
1691629376000,0.68983457,0.68983457,0.68983457
1691629377000,0.68983291,0.68983291,0.68983291
1691629378000,0.68983491,0.68983491,0.68983491
1691629379000,0.68983491,0.68983491,0.68983491
1691629380000,0.68983491,0.68983491,0.68983491
1691629381000,0.68983494,0.68983494,0.68983494
1691629382000,0.68983327,0.68983327,0.68983327
1691629383000,0.68974101,0.68974101,0.68974101
1691629384000,0.68971031,0.68971031,0.68971031
1691629385000,0.68971031,0.68971031,0.68971031
1691629386000,0.68971031,0.68971031,0.68971031
1691629387000,0.68961732,0.68961732,0.68961732
1691629388000,0.68960983,0.68960983,0.68960983
1691629389000,0.68960903,0.68960903,0.68960903
1691629390000,0.68960903,0.68960903,0.68960903
1691629391000,0.68965118,0.68965118,0.68965118
1691629392000,0.68965118,0.68965118,0.68965118
1691629393000,0.68964693,0.68964693,0.68964693
1691629394000,0.68959909,0.68959909,0.68959909
1691629395000,0.68959913,0.68959913,0.68959913
1691629396000,0.68959913,0.68959913,0.68959913
1691629397000,0.68959909,0.68959909,0.68959909
1691629398000,0.68959535,0.68959535,0.68959535
1691629399000,0.68959259,0.68959259,0.68959259
1691629400000,0.68959259,0.68959259,0.68959259
1691629401000,0.68959259,0.68959259,0.68959259
1691629402000,0.68959259,0.68959259,0.68959259
1691629403000,0.68959005,0.68959005,0.68959005
1691629404000,0.68963656,0.68963656,0.68963656
1691629405000,0.68963736,0.68963736,0.68963736
1691629406000,0.68963736,0.68963736,0.68963736
1691629407000,0.68963739,0.68963739,0.68963739
1691629408000,0.68963283,0.68963283,0.68963283
1691629409000,0.68963283,0.68963283,0.68963283
1691629410000,0.68963283,0.68963283,0.68963283
1691629411000,0.68963203,0.68963203,0.68963203
1691629412000,0.68963203,0.68963203,0.68963203
1691629413000,0.68962528,0.68962528,0.68962528
1691629414000,0.68962487,0.68962487,0.68962487
1691629415000,0.68962563,0.68962563,0.68962563
1691629416000,0.68962563,0.68962563,0.68962563
1691629417000,0.68962567,0.68962567,0.68962567
1691629418000,0.68962563,0.68962563,0.68962563
1691629419000,0.68962279,0.68962279,0.68962279
1691629420000,0.68962279,0.68962279,0.68962279
1691629421000,0.68962279,0.68962279,0.68962279
1691629422000,0.68962282,0.68962282,0.68962282
1691629423000,0.68966933,0.68966933,0.68966933
1691629424000,0.68966505,0.68966505,0.68966505
1691629425000,0.68966505,0.68966505,0.68966505
1691629426000,0.68966505,0.68966505,0.68966505
1691629427000,0.68966508,0.68966508,0.68966508
1691629428000,0.68966508,0.68966508,0.68966508
1691629429000,0.68966012,0.68966012,0.68966012
1691629430000,0.68966012,0.68966012,0.68966012
1691629431000,0.68966012,0.68966012,0.68966012
1691629432000,0.68966012,0.68966012,0.68966012
1691629433000,0.68966009,0.68966009,0.68966009
1691629434000,0.68965572,0.68965572,0.68965572
1691629435000,0.68965572,0.68965572,0.68965572
1691629436000,0.68965575,0.68965575,0.68965575
1691629437000,0.68965575,0.68965575,0.68965575
1691629438000,0.68965575,0.68965575,0.68965575
1691629439000,0.68960456,0.68960456,0.68960456
1691629440000,0.68965104,0.68965104,0.68965104
1691629441000,0.68965104,0.68965104,0.68965104
1691629442000,0.68965107,0.68965107,0.68965107
1691629443000,0.68965107,0.68965107,0.68965107
1691629444000,0.68965104,0.68965104,0.68965104
1691629445000,0.68964858,0.68964858,0.68964858
1691629446000,0.68964858,0.68964858,0.68964858
1691629447000,0.68964858,0.68964858,0.68964858
1691629448000,0.68964858,0.68964858,0.68964858
1691629449000,0.68964872,0.68964872,0.68964872
1691629450000,0.68963363,0.68963363,0.68963363
1691629451000,0.68963363,0.68963363,0.68963363
1691629452000,0.68963363,0.68963363,0.68963363
1691629453000,0.68963363,0.68963363,0.68963363
1691629454000,0.6896336,0.6896336,0.6896336
1691629455000,0.6897,0.6897,0.6897
1691629456000,0.6897,0.6897,0.6897
1691629457000,0.6897,0.6897,0.6897
1691629458000,0.6897,0.6897,0.6897
1691629459000,0.68963112,0.68963112,0.68963112
1691629460000,0.68963096,0.68963096,0.68963096
1691629461000,0.68963096,0.68963096,0.68963096
1691629462000,0.68963096,0.68963096,0.68963096
1691629463000,0.68963096,0.68963096,0.68963096
1691629464000,0.68963096,0.68963096,0.68963096
1691629465000,0.6897,0.6897,0.6897
1691629466000,0.68962922,0.68962922,0.68962922
1691629467000,0.68962922,0.68962922,0.68962922
1691629468000,0.68962922,0.68962922,0.68962922
1691629469000,0.68962922,0.68962922,0.68962922
1691629470000,0.68963134,0.68963134,0.68963134
1691629471000,0.6896262,0.6896262,0.6896262
1691629472000,0.6896262,0.6896262,0.6896262
1691629473000,0.68967271,0.68967271,0.68967271
1691629474000,0.68967271,0.68967271,0.68967271
1691629475000,0.68967191,0.68967191,0.68967191
1691629476000,0.68967119,0.68967119,0.68967119
1691629477000,0.68967119,0.68967119,0.68967119
1691629478000,0.68967119,0.68967119,0.68967119
1691629479000,0.68967119,0.68967119,0.68967119
1691629480000,0.68967119,0.68967119,0.68967119
1691629481000,0.68966719,0.68966719,0.68966719
1691629482000,0.68966719,0.68966719,0.68966719
1691629483000,0.68966719,0.68966719,0.68966719
1691629484000,0.68966716,0.68966716,0.68966716
1691629485000,0.68966719,0.68966719,0.68966719
1691629486000,0.68961592,0.68961592,0.68961592
1691629487000,0.68961588,0.68961588,0.68961588
1691629488000,0.68961588,0.68961588,0.68961588
1691629489000,0.68961588,0.68961588,0.68961588
1691629490000,0.68958721,0.68958721,0.68958721
1691629491000,0.68957932,0.68957932,0.68957932
1691629492000,0.68958012,0.68958012,0.68958012
1691629493000,0.68958012,0.68958012,0.68958012
1691629494000,0.68958012,0.68958012,0.68958012
1691629495000,0.68958012,0.68958012,0.68958012
1691629496000,0.68957402,0.68957402,0.68957402
1691629497000,0.68957402,0.68957402,0.68957402
1691629498000,0.68958801,0.68958801,0.68958801
1691629499000,0.68958878,0.68958878,0.68958878
1691629500000,0.68958878,0.68958878,0.68958878
1691629501000,0.6895879,0.6895879,0.6895879
1691629502000,0.68958267,0.68958267,0.68958267
1691629503000,0.68958264,0.68958264,0.68958264
1691629504000,0.68958344,0.68958344,0.68958344
1691629505000,0.68958344,0.68958344,0.68958344
1691629506000,0.68934418,0.68934418,0.68934418
1691629507000,0.68933597,0.68933597,0.68933597
1691629508000,0.689336,0.689336,0.689336
1691629509000,0.6893352,0.6893352,0.6893352
1691629510000,0.6893352,0.6893352,0.6893352
1691629511000,0.68933133,0.68933133,0.68933133
1691629512000,0.68932723,0.68932723,0.68932723
1691629513000,0.68932723,0.68932723,0.68932723
1691629514000,0.6893272,0.6893272,0.6893272
1691629515000,0.6893272,0.6893272,0.6893272
1691629516000,0.68929932,0.68929932,0.68929932
1691629517000,0.68934605,0.68934605,0.68934605
1691629518000,0.68934605,0.68934605,0.68934605
1691629519000,0.68934685,0.68934685,0.68934685
1691629520000,0.68934685,0.68934685,0.68934685
1691629521000,0.6893927,0.6893927,0.6893927
1691629522000,0.6894,0.6894,0.6894
1691629523000,0.6895,0.6895,0.6895
1691629524000,0.6895,0.6895,0.6895
1691629525000,0.6895,0.6895,0.6895
1691629526000,0.6894,0.6894,0.6894
1691629527000,0.6894,0.6894,0.6894
1691629528000,0.6894,0.6894,0.6894
1691629529000,0.68939776,0.68939776,0.68939776
1691629530000,0.68939776,0.68939776,0.68939776
1691629531000,0.68939779,0.68939779,0.68939779
1691629532000,0.6894,0.6894,0.6894
1691629533000,0.6895,0.6895,0.6895
1691629534000,0.6895,0.6895,0.6895
1691629535000,0.6895,0.6895,0.6895
1691629536000,0.6895,0.6895,0.6895
1691629537000,0.6895,0.6895,0.6895
1691629538000,0.6895,0.6895,0.6895
1691629539000,0.6895,0.6895,0.6895
1691629540000,0.6895,0.6895,0.6895
1691629541000,0.6895,0.6895,0.6895
1691629542000,0.6895,0.6895,0.6895
1691629543000,0.6895,0.6895,0.6895
1691629544000,0.6894,0.6894,0.6894
1691629545000,0.6894,0.6894,0.6894
1691629546000,0.6894,0.6894,0.6894
1691629547000,0.6894,0.6894,0.6894
1691629548000,0.6894,0.6894,0.6894
1691629549000,0.6894,0.6894,0.6894
1691629550000,0.6894,0.6894,0.6894
1691629551000,0.6894,0.6894,0.6894
1691629552000,0.6894,0.6894,0.6894
1691629553000,0.6894,0.6894,0.6894
1691629554000,0.6894,0.6894,0.6894
1691629555000,0.6894,0.6894,0.6894
1691629556000,0.68943718,0.68943718,0.68943718
1691629557000,0.68943718,0.68943718,0.68943718
1691629558000,0.6895,0.6895,0.6895
1691629559000,0.6895,0.6895,0.6895
1691629560000,0.6895,0.6895,0.6895
1691629561000,0.6895,0.6895,0.6895
1691629562000,0.68943477,0.68943477,0.68943477
1691629563000,0.6894348,0.6894348,0.6894348
1691629564000,0.68943161,0.68943161,0.68943161
1691629565000,0.68943158,0.68943158,0.68943158
1691629566000,0.68943078,0.68943078,0.68943078
1691629567000,0.68943078,0.68943078,0.68943078
1691629568000,0.68943078,0.68943078,0.68943078
1691629569000,0.68942923,0.68942923,0.68942923
1691629570000,0.68942923,0.68942923,0.68942923
1691629571000,0.68942923,0.68942923,0.68942923
1691629572000,0.68942923,0.68942923,0.68942923
1691629573000,0.68943003,0.68943003,0.68943003
1691629574000,0.68942852,0.68942852,0.68942852
1691629575000,0.68942855,0.68942855,0.68942855
1691629576000,0.6895,0.6895,0.6895
1691629577000,0.6897,0.6897,0.6897
1691629578000,0.6897,0.6897,0.6897
1691629579000,0.6897,0.6897,0.6897
1691629580000,0.6897,0.6897,0.6897
1691629581000,0.68960766,0.68960766,0.68960766
1691629582000,0.68960766,0.68960766,0.68960766
1691629583000,0.6896,0.6896,0.6896
1691629584000,0.68956118,0.68956118,0.68956118
1691629585000,0.6896,0.6896,0.6896
1691629586000,0.6896,0.6896,0.6896
1691629587000,0.6896,0.6896,0.6896
1691629588000,0.6896,0.6896,0.6896
1691629589000,0.6896,0.6896,0.6896
1691629590000,0.6896,0.6896,0.6896
1691629591000,0.6896,0.6896,0.6896
1691629592000,0.6896,0.6896,0.6896
1691629593000,0.6896,0.6896,0.6896
1691629594000,0.6896,0.6896,0.6896
1691629595000,0.6896,0.6896,0.6896
1691629596000,0.6897,0.6897,0.6897
1691629597000,0.6897,0.6897,0.6897
1691629598000,0.6897,0.6897,0.6897
1691629599000,0.6897,0.6897,0.6897
1691629600000,0.6896,0.6896,0.6896
1691629601000,0.6896,0.6896,0.6896
1691629602000,0.6896,0.6896,0.6896
1691629603000,0.6896,0.6896,0.6896
1691629604000,0.6896,0.6896,0.6896
1691629605000,0.6896,0.6896,0.6896
1691629606000,0.6896,0.6896,0.6896
1691629607000,0.6896,0.6896,0.6896
1691629608000,0.6896,0.6896,0.6896
1691629609000,0.6896,0.6896,0.6896
1691629610000,0.6896,0.6896,0.6896
1691629611000,0.6896,0.6896,0.6896
1691629612000,0.6896,0.6896,0.6896
1691629613000,0.6896,0.6896,0.6896
1691629614000,0.6896,0.6896,0.6896
1691629615000,0.6896,0.6896,0.6896
1691629616000,0.6896,0.6896,0.6896
1691629617000,0.6896,0.6896,0.6896
1691629618000,0.6896,0.6896,0.6896
1691629619000,0.6896,0.6896,0.6896
1691629620000,0.6896,0.6896,0.6896
1691629621000,0.6897,0.6897,0.6897
1691629622000,0.6897,0.6897,0.6897
1691629623000,0.6897,0.6897,0.6897
1691629624000,0.6897,0.6897,0.6897
1691629625000,0.6897,0.6897,0.6897
1691629626000,0.6897,0.6897,0.6897
1691629627000,0.6897,0.6897,0.6897
1691629628000,0.6897,0.6897,0.6897
1691629629000,0.6897,0.6897,0.6897
1691629630000,0.6897,0.6897,0.6897
1691629631000,0.6897,0.6897,0.6897
1691629632000,0.6897,0.6897,0.6897
1691629633000,0.6896,0.6896,0.6896
1691629634000,0.6896,0.6896,0.6896
1691629635000,0.6896,0.6896,0.6896
1691629636000,0.6896,0.6896,0.6896
1691629637000,0.6896,0.6896,0.6896
1691629638000,0.6896,0.6896,0.6896
1691629639000,0.68953956,0.68953956,0.68953956
1691629640000,0.68953956,0.68953956,0.68953956
1691629641000,0.68953956,0.68953956,0.68953956
1691629642000,0.68953862,0.68953862,0.68953862
1691629643000,0.68953859,0.68953859,0.68953859
1691629644000,0.68953757,0.68953757,0.68953757
1691629645000,0.6895,0.6895,0.6895
1691629646000,0.68953757,0.68953757,0.68953757
1691629647000,0.6896,0.6896,0.6896
1691629648000,0.6896,0.6896,0.6896
1691629649000,0.6896,0.6896,0.6896
1691629650000,0.6896,0.6896,0.6896
1691629651000,0.68953827,0.68953827,0.68953827
1691629652000,0.68953653,0.68953653,0.68953653
1691629653000,0.68953653,0.68953653,0.68953653
1691629654000,0.68953559,0.68953559,0.68953559
1691629655000,0.68953639,0.68953639,0.68953639
1691629656000,0.68953639,0.68953639,0.68953639
1691629657000,0.6895,0.6895,0.6895
1691629658000,0.6895,0.6895,0.6895
1691629659000,0.6895,0.6895,0.6895
1691629660000,0.6895,0.6895,0.6895
1691629661000,0.6895,0.6895,0.6895
1691629662000,0.6895,0.6895,0.6895
1691629663000,0.6895,0.6895,0.6895
1691629664000,0.6895,0.6895,0.6895
1691629665000,0.6895,0.6895,0.6895
1691629666000,0.6895,0.6895,0.6895
1691629667000,0.6895,0.6895,0.6895
1691629668000,0.6895,0.6895,0.6895
1691629669000,0.6895,0.6895,0.6895
1691629670000,0.6895,0.6895,0.6895
1691629671000,0.6895,0.6895,0.6895
1691629672000,0.6895,0.6895,0.6895
1691629673000,0.6895,0.6895,0.6895
1691629674000,0.6895,0.6895,0.6895
1691629675000,0.6895,0.6895,0.6895
1691629676000,0.6895,0.6895,0.6895
1691629677000,0.6895,0.6895,0.6895
1691629678000,0.6895,0.6895,0.6895
1691629679000,0.6895,0.6895,0.6895
1691629680000,0.6895,0.6895,0.6895
1691629681000,0.6895,0.6895,0.6895
1691629682000,0.6895,0.6895,0.6895
1691629683000,0.6895,0.6895,0.6895
1691629684000,0.6895,0.6895,0.6895
1691629685000,0.6895,0.6895,0.6895
1691629686000,0.6895,0.6895,0.6895
1691629687000,0.6895,0.6895,0.6895
1691629688000,0.6895,0.6895,0.6895
1691629689000,0.6895,0.6895,0.6895
1691629690000,0.6895,0.6895,0.6895
1691629691000,0.6895,0.6895,0.6895
1691629692000,0.6895,0.6895,0.6895
1691629693000,0.6895,0.6895,0.6895
1691629694000,0.68951142,0.68951142,0.68951142
1691629695000,0.68951154,0.68951154,0.68951154
1691629696000,0.68951158,0.68951158,0.68951158
1691629697000,0.68951428,0.68951428,0.68951428
1691629698000,0.68951428,0.68951428,0.68951428
1691629699000,0.68951627,0.68951627,0.68951627
1691629700000,0.68951627,0.68951627,0.68951627
1691629701000,0.68951648,0.68951648,0.68951648
1691629702000,0.68951648,0.68951648,0.68951648
1691629703000,0.68951648,0.68951648,0.68951648
1691629704000,0.68951766,0.68951766,0.68951766
1691629705000,0.68944255,0.68944255,0.68944255
1691629706000,0.68944002,0.68944002,0.68944002
1691629707000,0.68944005,0.68944005,0.68944005
1691629708000,0.68944002,0.68944002,0.68944002
1691629709000,0.68943998,0.68943998,0.68943998
1691629710000,0.68943998,0.68943998,0.68943998
1691629711000,0.68943974,0.68943974,0.68943974
1691629712000,0.68943974,0.68943974,0.68943974
1691629713000,0.68943974,0.68943974,0.68943974
1691629714000,0.6892281,0.6892281,0.6892281
1691629715000,0.68922338,0.68922338,0.68922338
1691629716000,0.6892,0.6892,0.6892
1691629717000,0.68916296,0.68916296,0.68916296
1691629718000,0.689163,0.689163,0.689163
1691629719000,0.68916296,0.68916296,0.68916296
1691629720000,0.68916319,0.68916319,0.68916319
1691629721000,0.68916222,0.68916222,0.68916222
1691629722000,0.68916222,0.68916222,0.68916222
1691629723000,0.68916129,0.68916129,0.68916129
1691629724000,0.68916129,0.68916129,0.68916129
1691629725000,0.68916177,0.68916177,0.68916177
1691629726000,0.68916201,0.68916201,0.68916201
1691629727000,0.68916108,0.68916108,0.68916108
1691629728000,0.68916108,0.68916108,0.68916108
1691629729000,0.68916108,0.68916108,0.68916108
1691629730000,0.68916305,0.68916305,0.68916305
1691629731000,0.6891627,0.6891627,0.6891627
1691629732000,0.6891627,0.6891627,0.6891627
1691629733000,0.6891627,0.6891627,0.6891627
1691629734000,0.68916367,0.68916367,0.68916367
1691629735000,0.68916566,0.68916566,0.68916566
1691629736000,0.68916472,0.68916472,0.68916472
1691629737000,0.68916513,0.68916513,0.68916513
1691629738000,0.68911652,0.68911652,0.68911652
1691629739000,0.68911652,0.68911652,0.68911652
1691629740000,0.68911754,0.68911754,0.68911754
1691629741000,0.68911847,0.68911847,0.68911847
1691629742000,0.68911847,0.68911847,0.68911847
1691629743000,0.68911847,0.68911847,0.68911847
1691629744000,0.68911758,0.68911758,0.68911758
1691629745000,0.68911602,0.68911602,0.68911602
1691629746000,0.6891,0.6891,0.6891
1691629747000,0.6891,0.6891,0.6891
1691629748000,0.6892,0.6892,0.6892
1691629749000,0.6892,0.6892,0.6892
1691629750000,0.6892,0.6892,0.6892
1691629751000,0.6892,0.6892,0.6892
1691629752000,0.6892,0.6892,0.6892
1691629753000,0.6892,0.6892,0.6892
1691629754000,0.68912023,0.68912023,0.68912023
1691629755000,0.68912023,0.68912023,0.68912023
1691629756000,0.68911956,0.68911956,0.68911956
1691629757000,0.6891,0.6891,0.6891
1691629758000,0.6891,0.6891,0.6891
1691629759000,0.6891,0.6891,0.6891
1691629760000,0.6891,0.6891,0.6891
1691629761000,0.6891,0.6891,0.6891
1691629762000,0.6891,0.6891,0.6891
1691629763000,0.6891,0.6891,0.6891
1691629764000,0.68906383,0.68906383,0.68906383
1691629765000,0.68900978,0.68900978,0.68900978
1691629766000,0.68901819,0.68901819,0.68901819
1691629767000,0.68901908,0.68901908,0.68901908
1691629768000,0.68901912,0.68901912,0.68901912
1691629769000,0.68901912,0.68901912,0.68901912
1691629770000,0.68901912,0.68901912,0.68901912
1691629771000,0.68901847,0.68901847,0.68901847
1691629772000,0.68906982,0.68906982,0.68906982
1691629773000,0.68906982,0.68906982,0.68906982
1691629774000,0.68906982,0.68906982,0.68906982
1691629775000,0.68906982,0.68906982,0.68906982
1691629776000,0.68906982,0.68906982,0.68906982
1691629777000,0.68906814,0.68906814,0.68906814
1691629778000,0.68906904,0.68906904,0.68906904
1691629779000,0.68901502,0.68901502,0.68901502
1691629780000,0.68901498,0.68901498,0.68901498
1691629781000,0.68901498,0.68901498,0.68901498
1691629782000,0.68901422,0.68901422,0.68901422
1691629783000,0.68900781,0.68900781,0.68900781
1691629784000,0.68900785,0.68900785,0.68900785
1691629785000,0.68900781,0.68900781,0.68900781
1691629786000,0.68900875,0.68900875,0.68900875
1691629787000,0.68901102,0.68901102,0.68901102
1691629788000,0.68901102,0.68901102,0.68901102
1691629789000,0.68901099,0.68901099,0.68901099
1691629790000,0.68901099,0.68901099,0.68901099
1691629791000,0.68901099,0.68901099,0.68901099
1691629792000,0.68901171,0.68901171,0.68901171
1691629793000,0.68901171,0.68901171,0.68901171
1691629794000,0.68901114,0.68901114,0.68901114
1691629795000,0.68901021,0.68901021,0.68901021
1691629796000,0.68901021,0.68901021,0.68901021
1691629797000,0.68901093,0.68901093,0.68901093
1691629798000,0.68901004,0.68901004,0.68901004
1691629799000,0.68906503,0.68906503,0.68906503
1691629800000,0.68906503,0.68906503,0.68906503
1691629801000,0.68906406,0.68906406,0.68906406
1691629802000,0.68906503,0.68906503,0.68906503
1691629803000,0.6890652,0.6890652,0.6890652
1691629804000,0.6890652,0.6890652,0.6890652
1691629805000,0.6890652,0.6890652,0.6890652
1691629806000,0.6890652,0.6890652,0.6890652
1691629807000,0.6890652,0.6890652,0.6890652
1691629808000,0.68907024,0.68907024,0.68907024
1691629809000,0.6891,0.6891,0.6891
1691629810000,0.6891,0.6891,0.6891
1691629811000,0.6891,0.6891,0.6891
1691629812000,0.6891,0.6891,0.6891
1691629813000,0.6891,0.6891,0.6891
1691629814000,0.68907088,0.68907088,0.68907088
1691629815000,0.68903845,0.68903845,0.68903845
1691629816000,0.68903845,0.68903845,0.68903845
1691629817000,0.68903845,0.68903845,0.68903845
1691629818000,0.6891,0.6891,0.6891
1691629819000,0.6891,0.6891,0.6891
1691629820000,0.6891,0.6891,0.6891
1691629821000,0.68911103,0.68911103,0.68911103
1691629822000,0.68911099,0.68911099,0.68911099
1691629823000,0.68911087,0.68911087,0.68911087
1691629824000,0.68910921,0.68910921,0.68910921
1691629825000,0.68910917,0.68910917,0.68910917
1691629826000,0.68910917,0.68910917,0.68910917
1691629827000,0.6891,0.6891,0.6891
1691629828000,0.6891,0.6891,0.6891
1691629829000,0.6891,0.6891,0.6891
1691629830000,0.6891,0.6891,0.6891
1691629831000,0.6891,0.6891,0.6891
1691629832000,0.6891,0.6891,0.6891
1691629833000,0.68910872,0.68910872,0.68910872
1691629834000,0.68910938,0.68910938,0.68910938
1691629835000,0.68910938,0.68910938,0.68910938
1691629836000,0.68910942,0.68910942,0.68910942
1691629837000,0.68910938,0.68910938,0.68910938
1691629838000,0.68898869,0.68898869,0.68898869
1691629839000,0.68893959,0.68893959,0.68893959
1691629840000,0.68893959,0.68893959,0.68893959
1691629841000,0.68893959,0.68893959,0.68893959
1691629842000,0.68898766,0.68898766,0.68898766
1691629843000,0.68898766,0.68898766,0.68898766
1691629844000,0.68898699,0.68898699,0.68898699
1691629845000,0.68898099,0.68898099,0.68898099
1691629846000,0.68898131,0.68898131,0.68898131
1691629847000,0.68897754,0.68897754,0.68897754
1691629848000,0.68897754,0.68897754,0.68897754
1691629849000,0.6889762,0.6889762,0.6889762
1691629850000,0.68897527,0.68897527,0.68897527
1691629851000,0.68897527,0.68897527,0.68897527
1691629852000,0.6889762,0.6889762,0.6889762
1691629853000,0.68897527,0.68897527,0.68897527
1691629854000,0.68897389,0.68897389,0.68897389
1691629855000,0.68897393,0.68897393,0.68897393
1691629856000,0.68897389,0.68897389,0.68897389
1691629857000,0.68897393,0.68897393,0.68897393
1691629858000,0.68897393,0.68897393,0.68897393
1691629859000,0.68897389,0.68897389,0.68897389
1691629860000,0.68896445,0.68896445,0.68896445
1691629861000,0.68896445,0.68896445,0.68896445
1691629862000,0.68886046,0.68886046,0.68886046
1691629863000,0.68885953,0.68885953,0.68885953
1691629864000,0.68885953,0.68885953,0.68885953
1691629865000,0.68885386,0.68885386,0.68885386
1691629866000,0.68885386,0.68885386,0.68885386
1691629867000,0.68885382,0.68885382,0.68885382
1691629868000,0.68885382,0.68885382,0.68885382
1691629869000,0.6889,0.6889,0.6889
1691629870000,0.6889,0.6889,0.6889
1691629871000,0.68890124,0.68890124,0.68890124
1691629872000,0.6889003,0.6889003,0.6889003
1691629873000,0.6889003,0.6889003,0.6889003
1691629874000,0.68891668,0.68891668,0.68891668
1691629875000,0.68891635,0.68891635,0.68891635
1691629876000,0.68891639,0.68891639,0.68891639
1691629877000,0.68891732,0.68891732,0.68891732
1691629878000,0.68891732,0.68891732,0.68891732
1691629879000,0.68891639,0.68891639,0.68891639
1691629880000,0.68891542,0.68891542,0.68891542
1691629881000,0.68891538,0.68891538,0.68891538
1691629882000,0.68891448,0.68891448,0.68891448
1691629883000,0.68891448,0.68891448,0.68891448
1691629884000,0.68891448,0.68891448,0.68891448
1691629885000,0.68891188,0.68891188,0.68891188
1691629886000,0.68891188,0.68891188,0.68891188
1691629887000,0.68891099,0.68891099,0.68891099
1691629888000,0.68891188,0.68891188,0.68891188
1691629889000,0.68891188,0.68891188,0.68891188
1691629890000,0.68891188,0.68891188,0.68891188
1691629891000,0.68891008,0.68891008,0.68891008
1691629892000,0.68891008,0.68891008,0.68891008
1691629893000,0.68891008,0.68891008,0.68891008
1691629894000,0.68891008,0.68891008,0.68891008
1691629895000,0.6889087,0.6889087,0.6889087
1691629896000,0.6889063,0.6889063,0.6889063
1691629897000,0.68890626,0.68890626,0.68890626
1691629898000,0.68890626,0.68890626,0.68890626
1691629899000,0.68890626,0.68890626,0.68890626
1691629900000,0.68890719,0.68890719,0.68890719
1691629901000,0.68890382,0.68890382,0.68890382
1691629902000,0.68890289,0.68890289,0.68890289
1691629903000,0.6889,0.6889,0.6889
1691629904000,0.6889,0.6889,0.6889
1691629905000,0.6889,0.6889,0.6889
1691629906000,0.6889,0.6889,0.6889
1691629907000,0.68890439,0.68890439,0.68890439
1691629908000,0.68890439,0.68890439,0.68890439
1691629909000,0.68890439,0.68890439,0.68890439
1691629910000,0.68890342,0.68890342,0.68890342
1691629911000,0.6889,0.6889,0.6889
1691629912000,0.68885305,0.68885305,0.68885305
1691629913000,0.68885305,0.68885305,0.68885305
1691629914000,0.68885305,0.68885305,0.68885305
1691629915000,0.68885309,0.68885309,0.68885309
1691629916000,0.68885305,0.68885305,0.68885305
1691629917000,0.68885219,0.68885219,0.68885219
1691629918000,0.68885219,0.68885219,0.68885219
1691629919000,0.6889,0.6889,0.6889
1691629920000,0.6889,0.6889,0.6889
1691629921000,0.6889,0.6889,0.6889
1691629922000,0.6889,0.6889,0.6889
1691629923000,0.6889,0.6889,0.6889
1691629924000,0.68885382,0.68885382,0.68885382
1691629925000,0.6889,0.6889,0.6889
1691629926000,0.6889,0.6889,0.6889
1691629927000,0.6889,0.6889,0.6889
1691629928000,0.6889,0.6889,0.6889
1691629929000,0.6889,0.6889,0.6889
1691629930000,0.6889,0.6889,0.6889
1691629931000,0.6889,0.6889,0.6889
1691629932000,0.6889,0.6889,0.6889
1691629933000,0.6889,0.6889,0.6889
1691629934000,0.6889,0.6889,0.6889
1691629935000,0.6889,0.6889,0.6889
1691629936000,0.6889,0.6889,0.6889
1691629937000,0.6889,0.6889,0.6889
1691629938000,0.6889,0.6889,0.6889
1691629939000,0.6889,0.6889,0.6889
1691629940000,0.6889,0.6889,0.6889
1691629941000,0.6889,0.6889,0.6889
1691629942000,0.689,0.689,0.689
1691629943000,0.689,0.689,0.689
1691629944000,0.689,0.689,0.689
1691629945000,0.689,0.689,0.689
1691629946000,0.689,0.689,0.689
1691629947000,0.689,0.689,0.689
1691629948000,0.689,0.689,0.689
1691629949000,0.689,0.689,0.689
1691629950000,0.689,0.689,0.689
1691629951000,0.689,0.689,0.689
1691629952000,0.689,0.689,0.689
1691629953000,0.689,0.689,0.689
1691629954000,0.689,0.689,0.689
1691629955000,0.689,0.689,0.689
1691629956000,0.689,0.689,0.689
1691629957000,0.689,0.689,0.689
1691629958000,0.689,0.689,0.689
1691629959000,0.689,0.689,0.689
1691629960000,0.689,0.689,0.689
1691629961000,0.689,0.689,0.689
1691629962000,0.689,0.689,0.689
1691629963000,0.689,0.689,0.689
1691629964000,0.689,0.689,0.689
1691629965000,0.689,0.689,0.689
1691629966000,0.689,0.689,0.689
1691629967000,0.689,0.689,0.689
1691629968000,0.689,0.689,0.689
1691629969000,0.68893218,0.68893218,0.68893218
1691629970000,0.6889,0.6889,0.6889
1691629971000,0.6889,0.6889,0.6889
1691629972000,0.6889,0.6889,0.6889
1691629973000,0.6889,0.6889,0.6889
1691629974000,0.6889,0.6889,0.6889
1691629975000,0.68887201,0.68887201,0.68887201
1691629976000,0.68887201,0.68887201,0.68887201
1691629977000,0.6889,0.6889,0.6889
1691629978000,0.6889,0.6889,0.6889
1691629979000,0.6889,0.6889,0.6889
1691629980000,0.6889,0.6889,0.6889
1691629981000,0.6889,0.6889,0.6889
1691629982000,0.6889,0.6889,0.6889
1691629983000,0.6889,0.6889,0.6889
1691629984000,0.6889,0.6889,0.6889
1691629985000,0.6889,0.6889,0.6889
1691629986000,0.6889,0.6889,0.6889
1691629987000,0.6889,0.6889,0.6889
1691629988000,0.6889,0.6889,0.6889
1691629989000,0.689,0.689,0.689
1691629990000,0.689,0.689,0.689
1691629991000,0.689,0.689,0.689
1691629992000,0.689,0.689,0.689
1691629993000,0.689,0.689,0.689
1691629994000,0.689,0.689,0.689
1691629995000,0.689,0.689,0.689
1691629996000,0.689,0.689,0.689
1691629997000,0.689,0.689,0.689
1691629998000,0.689,0.689,0.689
1691629999000,0.689,0.689,0.689
1691630000000,0.689,0.689,0.689
1691630001000,0.689,0.689,0.689
1691630002000,0.689,0.689,0.689
1691630003000,0.6891,0.6891,0.6891
1691630004000,0.6891,0.6891,0.6891
1691630005000,0.6891,0.6891,0.6891
1691630006000,0.6891,0.6891,0.6891
1691630007000,0.689,0.689,0.689
1691630008000,0.689,0.689,0.689
1691630009000,0.689,0.689,0.689
1691630010000,0.689,0.689,0.689
1691630011000,0.689,0.689,0.689
1691630012000,0.689,0.689,0.689
1691630013000,0.689,0.689,0.689
1691630014000,0.68891361,0.68891361,0.68891361
1691630015000,0.68891484,0.68891484,0.68891484
1691630016000,0.6889,0.6889,0.6889
1691630017000,0.6889,0.6889,0.6889
1691630018000,0.6889,0.6889,0.6889
1691630019000,0.6889,0.6889,0.6889
1691630020000,0.689,0.689,0.689
1691630021000,0.689,0.689,0.689
1691630022000,0.689,0.689,0.689
1691630023000,0.689,0.689,0.689
1691630024000,0.68891576,0.68891576,0.68891576
1691630025000,0.68891573,0.68891573,0.68891573
1691630026000,0.68881334,0.68881334,0.68881334
1691630027000,0.68881334,0.68881334,0.68881334
1691630028000,0.68880908,0.68880908,0.68880908
1691630029000,0.68875503,0.68875503,0.68875503
1691630030000,0.68864894,0.68864894,0.68864894
1691630031000,0.68864703,0.68864703,0.68864703
1691630032000,0.68864699,0.68864699,0.68864699
1691630033000,0.68851889,0.68851889,0.68851889
1691630034000,0.68846773,0.68846773,0.68846773
1691630035000,0.68846773,0.68846773,0.68846773
1691630036000,0.6884663,0.6884663,0.6884663
1691630037000,0.6884663,0.6884663,0.6884663
1691630038000,0.68847542,0.68847542,0.68847542
1691630039000,0.68847542,0.68847542,0.68847542
1691630040000,0.68847635,0.68847635,0.68847635
1691630041000,0.68846492,0.68846492,0.68846492
1691630042000,0.68846492,0.68846492,0.68846492
1691630043000,0.68846492,0.68846492,0.68846492
1691630044000,0.68846488,0.68846488,0.68846488
1691630045000,0.6884652,0.6884652,0.6884652
1691630046000,0.68846054,0.68846054,0.68846054
1691630047000,0.68840742,0.68840742,0.68840742
1691630048000,0.68840645,0.68840645,0.68840645
1691630049000,0.68840645,0.68840645,0.68840645
1691630050000,0.68840482,0.68840482,0.68840482
1691630051000,0.68840572,0.68840572,0.68840572
1691630052000,0.68840408,0.68840408,0.68840408
1691630053000,0.68845814,0.68845814,0.68845814
1691630054000,0.68845935,0.68845935,0.68845935
1691630055000,0.68845935,0.68845935,0.68845935
1691630056000,0.68845935,0.68845935,0.68845935
1691630057000,0.68845842,0.68845842,0.68845842
1691630058000,0.68845746,0.68845746,0.68845746
1691630059000,0.68845717,0.68845717,0.68845717
1691630060000,0.6884581,0.6884581,0.6884581
1691630061000,0.68845721,0.68845721,0.68845721
1691630062000,0.68845705,0.68845705,0.68845705
1691630063000,0.68845795,0.68845795,0.68845795
1691630064000,0.68845807,0.68845807,0.68845807
1691630065000,0.68845807,0.68845807,0.68845807
1691630066000,0.68840401,0.68840401,0.68840401
1691630067000,0.68840294,0.68840294,0.68840294
1691630068000,0.68845606,0.68845606,0.68845606
1691630069000,0.68845432,0.68845432,0.68845432
1691630070000,0.68845432,0.68845432,0.68845432
1691630071000,0.68845432,0.68845432,0.68845432
1691630072000,0.68845509,0.68845509,0.68845509
1691630073000,0.68845606,0.68845606,0.68845606
1691630074000,0.68845724,0.68845724,0.68845724
1691630075000,0.68845724,0.68845724,0.68845724
1691630076000,0.6885,0.6885,0.6885
1691630077000,0.6885,0.6885,0.6885
1691630078000,0.6886,0.6886,0.6886
1691630079000,0.6887,0.6887,0.6887
1691630080000,0.6888,0.6888,0.6888
1691630081000,0.6888,0.6888,0.6888
1691630082000,0.6889,0.6889,0.6889
1691630083000,0.6889,0.6889,0.6889
1691630084000,0.6888,0.6888,0.6888
1691630085000,0.6888,0.6888,0.6888
1691630086000,0.6888,0.6888,0.6888
1691630087000,0.6888,0.6888,0.6888
1691630088000,0.6888,0.6888,0.6888
1691630089000,0.6888,0.6888,0.6888
1691630090000,0.6888,0.6888,0.6888
1691630091000,0.6888,0.6888,0.6888
1691630092000,0.6888,0.6888,0.6888
1691630093000,0.6888,0.6888,0.6888
1691630094000,0.6889,0.6889,0.6889
1691630095000,0.6889,0.6889,0.6889
1691630096000,0.6889,0.6889,0.6889
1691630097000,0.6889,0.6889,0.6889
1691630098000,0.6889,0.6889,0.6889
1691630099000,0.6889,0.6889,0.6889
1691630100000,0.6889,0.6889,0.6889
1691630101000,0.6889,0.6889,0.6889
1691630102000,0.6889,0.6889,0.6889
1691630103000,0.6889,0.6889,0.6889
1691630104000,0.6888,0.6888,0.6888
1691630105000,0.6888,0.6888,0.6888
1691630106000,0.6888,0.6888,0.6888
1691630107000,0.6888,0.6888,0.6888
1691630108000,0.6888,0.6888,0.6888
1691630109000,0.6888,0.6888,0.6888
1691630110000,0.6888,0.6888,0.6888
1691630111000,0.68870916,0.68870916,0.68870916
1691630112000,0.68870832,0.68870832,0.68870832
1691630113000,0.6888,0.6888,0.6888
1691630114000,0.6888,0.6888,0.6888
1691630115000,0.6888,0.6888,0.6888
1691630116000,0.6888,0.6888,0.6888
1691630117000,0.6888,0.6888,0.6888
1691630118000,0.6888,0.6888,0.6888
1691630119000,0.6888,0.6888,0.6888
1691630120000,0.6889,0.6889,0.6889
1691630121000,0.6889,0.6889,0.6889
1691630122000,0.6889,0.6889,0.6889
1691630123000,0.6889,0.6889,0.6889
1691630124000,0.6888,0.6888,0.6888
1691630125000,0.6888,0.6888,0.6888
1691630126000,0.6888,0.6888,0.6888
1691630127000,0.6888,0.6888,0.6888
1691630128000,0.6888,0.6888,0.6888
1691630129000,0.6888,0.6888,0.6888
1691630130000,0.6888,0.6888,0.6888
1691630131000,0.6889,0.6889,0.6889
1691630132000,0.6889,0.6889,0.6889
1691630133000,0.6889,0.6889,0.6889
1691630134000,0.6889,0.6889,0.6889
1691630135000,0.6889,0.6889,0.6889
1691630136000,0.6888,0.6888,0.6888
1691630137000,0.6888,0.6888,0.6888
1691630138000,0.6888,0.6888,0.6888
1691630139000,0.6888,0.6888,0.6888
1691630140000,0.68897918,0.68897918,0.68897918
1691630141000,0.68897964,0.68897964,0.68897964
1691630142000,0.68897963,0.68897963,0.68897963
1691630143000,0.68897966,0.68897966,0.68897966
1691630144000,0.689,0.689,0.689
1691630145000,0.689,0.689,0.689
1691630146000,0.6889,0.6889,0.6889
1691630147000,0.6889,0.6889,0.6889
1691630148000,0.6889,0.6889,0.6889
1691630149000,0.6889,0.6889,0.6889
1691630150000,0.6889,0.6889,0.6889
1691630151000,0.6889,0.6889,0.6889
1691630152000,0.6889,0.6889,0.6889
1691630153000,0.6889,0.6889,0.6889
1691630154000,0.6889,0.6889,0.6889
1691630155000,0.6889,0.6889,0.6889
1691630156000,0.6889,0.6889,0.6889
1691630157000,0.6889,0.6889,0.6889
1691630158000,0.6889,0.6889,0.6889
1691630159000,0.689,0.689,0.689
1691630160000,0.689,0.689,0.689
1691630161000,0.689,0.689,0.689
1691630162000,0.689,0.689,0.689
1691630163000,0.6891,0.6891,0.6891
1691630164000,0.6892,0.6892,0.6892
1691630165000,0.6893,0.6893,0.6893
1691630166000,0.6892,0.6892,0.6892
1691630167000,0.6892,0.6892,0.6892
1691630168000,0.6892,0.6892,0.6892
1691630169000,0.68927234,0.68927234,0.68927234
1691630170000,0.68927233,0.68927233,0.68927233
1691630171000,0.68927233,0.68927233,0.68927233
1691630172000,0.68927271,0.68927271,0.68927271
1691630173000,0.68936571,0.68936571,0.68936571
1691630174000,0.6893,0.6893,0.6893
1691630175000,0.6893,0.6893,0.6893
1691630176000,0.6893,0.6893,0.6893
1691630177000,0.68936845,0.68936845,0.68936845
1691630178000,0.68936842,0.68936842,0.68936842
1691630179000,0.68936842,0.68936842,0.68936842
1691630180000,0.68939635,0.68939635,0.68939635
1691630181000,0.68939635,0.68939635,0.68939635
1691630182000,0.68940022,0.68940022,0.68940022
1691630183000,0.68940022,0.68940022,0.68940022
1691630184000,0.68939726,0.68939726,0.68939726
1691630185000,0.68939726,0.68939726,0.68939726
1691630186000,0.68939729,0.68939729,0.68939729
1691630187000,0.68939729,0.68939729,0.68939729
1691630188000,0.68948525,0.68948525,0.68948525
1691630189000,0.68948525,0.68948525,0.68948525
1691630190000,0.68948525,0.68948525,0.68948525
1691630191000,0.6895,0.6895,0.6895
1691630192000,0.6895,0.6895,0.6895
1691630193000,0.6895,0.6895,0.6895
1691630194000,0.6895,0.6895,0.6895
1691630195000,0.6895,0.6895,0.6895
1691630196000,0.6895,0.6895,0.6895
1691630197000,0.6895,0.6895,0.6895
1691630198000,0.6895,0.6895,0.6895
1691630199000,0.6895,0.6895,0.6895
1691630200000,0.6895,0.6895,0.6895
1691630201000,0.6895,0.6895,0.6895
1691630202000,0.6895,0.6895,0.6895
1691630203000,0.68949984,0.68949984,0.68949984
1691630204000,0.6894,0.6894,0.6894
1691630205000,0.6894,0.6894,0.6894
1691630206000,0.6894,0.6894,0.6894
1691630207000,0.6894,0.6894,0.6894
1691630208000,0.6894,0.6894,0.6894
1691630209000,0.6894,0.6894,0.6894
1691630210000,0.6894,0.6894,0.6894
1691630211000,0.6894,0.6894,0.6894
1691630212000,0.6894,0.6894,0.6894
1691630213000,0.6894,0.6894,0.6894
1691630214000,0.6894,0.6894,0.6894
1691630215000,0.6894,0.6894,0.6894
1691630216000,0.6894,0.6894,0.6894
1691630217000,0.6894,0.6894,0.6894
1691630218000,0.6894,0.6894,0.6894
1691630219000,0.6894,0.6894,0.6894
1691630220000,0.6894,0.6894,0.6894
1691630221000,0.6894,0.6894,0.6894
1691630222000,0.6894,0.6894,0.6894
1691630223000,0.6894,0.6894,0.6894
1691630224000,0.6894,0.6894,0.6894
1691630225000,0.6894,0.6894,0.6894
1691630226000,0.6894,0.6894,0.6894
1691630227000,0.6894,0.6894,0.6894
1691630228000,0.6895,0.6895,0.6895
1691630229000,0.6895,0.6895,0.6895
1691630230000,0.6895,0.6895,0.6895
1691630231000,0.6895,0.6895,0.6895
1691630232000,0.6895,0.6895,0.6895
1691630233000,0.6895,0.6895,0.6895
1691630234000,0.6895,0.6895,0.6895
1691630235000,0.6896,0.6896,0.6896
1691630236000,0.6896,0.6896,0.6896
1691630237000,0.6896,0.6896,0.6896
1691630238000,0.6896,0.6896,0.6896
1691630239000,0.6896,0.6896,0.6896
1691630240000,0.6896,0.6896,0.6896
1691630241000,0.6896,0.6896,0.6896
1691630242000,0.6896,0.6896,0.6896
1691630243000,0.6896,0.6896,0.6896
1691630244000,0.6896,0.6896,0.6896
1691630245000,0.68968322,0.68968322,0.68968322
1691630246000,0.68968321,0.68968321,0.68968321
1691630247000,0.68963666,0.68963666,0.68963666
1691630248000,0.68963666,0.68963666,0.68963666
1691630249000,0.68963669,0.68963669,0.68963669
1691630250000,0.6896832,0.6896832,0.6896832
1691630251000,0.6896832,0.6896832,0.6896832
1691630252000,0.6896832,0.6896832,0.6896832
1691630253000,0.6896832,0.6896832,0.6896832
1691630254000,0.68968892,0.68968892,0.68968892
1691630255000,0.68968888,0.68968888,0.68968888
1691630256000,0.68968808,0.68968808,0.68968808
1691630257000,0.68967492,0.68967492,0.68967492
1691630258000,0.68967492,0.68967492,0.68967492
1691630259000,0.6896,0.6896,0.6896
1691630260000,0.6896,0.6896,0.6896
1691630261000,0.6896,0.6896,0.6896
1691630262000,0.6896,0.6896,0.6896
1691630263000,0.6896,0.6896,0.6896
1691630264000,0.6896,0.6896,0.6896
1691630265000,0.6896,0.6896,0.6896
1691630266000,0.6896,0.6896,0.6896
1691630267000,0.6896,0.6896,0.6896
1691630268000,0.6895,0.6895,0.6895
1691630269000,0.6895,0.6895,0.6895
1691630270000,0.6895,0.6895,0.6895
1691630271000,0.6896,0.6896,0.6896
1691630272000,0.6896,0.6896,0.6896
1691630273000,0.6896,0.6896,0.6896
1691630274000,0.6896,0.6896,0.6896
1691630275000,0.6896,0.6896,0.6896
1691630276000,0.6896,0.6896,0.6896
1691630277000,0.6895,0.6895,0.6895
1691630278000,0.6895,0.6895,0.6895
1691630279000,0.6895,0.6895,0.6895
1691630280000,0.6895,0.6895,0.6895
1691630281000,0.6895,0.6895,0.6895
1691630282000,0.6895,0.6895,0.6895
1691630283000,0.6895,0.6895,0.6895
1691630284000,0.6895,0.6895,0.6895
1691630285000,0.6895,0.6895,0.6895
1691630286000,0.6895,0.6895,0.6895
1691630287000,0.6895,0.6895,0.6895
1691630288000,0.6895,0.6895,0.6895
1691630289000,0.6895,0.6895,0.6895
1691630290000,0.6895,0.6895,0.6895
1691630291000,0.6895,0.6895,0.6895
1691630292000,0.6895,0.6895,0.6895
1691630293000,0.6895,0.6895,0.6895
1691630294000,0.6895,0.6895,0.6895
1691630295000,0.6895,0.6895,0.6895
1691630296000,0.6895,0.6895,0.6895
1691630297000,0.6895,0.6895,0.6895
1691630298000,0.6895,0.6895,0.6895
1691630299000,0.6895,0.6895,0.6895
1691630300000,0.68941128,0.68941128,0.68941128
1691630301000,0.68941368,0.68941368,0.68941368
1691630302000,0.68941371,0.68941371,0.68941371
1691630303000,0.68941368,0.68941368,0.68941368
1691630304000,0.68923232,0.68923232,0.68923232
1691630305000,0.6892,0.6892,0.6892
1691630306000,0.6892,0.6892,0.6892
1691630307000,0.6892,0.6892,0.6892
1691630308000,0.6892,0.6892,0.6892
1691630309000,0.6892,0.6892,0.6892
1691630310000,0.6892,0.6892,0.6892
1691630311000,0.6892,0.6892,0.6892
1691630312000,0.6892,0.6892,0.6892
1691630313000,0.6892,0.6892,0.6892
1691630314000,0.6892,0.6892,0.6892
1691630315000,0.6892,0.6892,0.6892
1691630316000,0.6892,0.6892,0.6892
1691630317000,0.6892,0.6892,0.6892
1691630318000,0.6892,0.6892,0.6892
1691630319000,0.6892,0.6892,0.6892
1691630320000,0.6892,0.6892,0.6892
1691630321000,0.68921958,0.68921958,0.68921958
1691630322000,0.68921672,0.68921672,0.68921672
1691630323000,0.68921564,0.68921564,0.68921564
1691630324000,0.68921564,0.68921564,0.68921564
1691630325000,0.68921579,0.68921579,0.68921579
1691630326000,0.68922974,0.68922974,0.68922974
1691630327000,0.68923511,0.68923511,0.68923511
1691630328000,0.68923428,0.68923428,0.68923428
1691630329000,0.68923428,0.68923428,0.68923428
1691630330000,0.68923379,0.68923379,0.68923379
1691630331000,0.68923383,0.68923383,0.68923383
1691630332000,0.68923847,0.68923847,0.68923847
1691630333000,0.68923847,0.68923847,0.68923847
1691630334000,0.68923366,0.68923366,0.68923366
1691630335000,0.68923349,0.68923349,0.68923349
1691630336000,0.6892,0.6892,0.6892
1691630337000,0.6892,0.6892,0.6892
1691630338000,0.6892,0.6892,0.6892
1691630339000,0.6892,0.6892,0.6892
1691630340000,0.6892,0.6892,0.6892
1691630341000,0.68918863,0.68918863,0.68918863
1691630342000,0.68919301,0.68919301,0.68919301
1691630343000,0.68918979,0.68918979,0.68918979
1691630344000,0.68918981,0.68918981,0.68918981
1691630345000,0.68918985,0.68918985,0.68918985
1691630346000,0.68918744,0.68918744,0.68918744
1691630347000,0.68918929,0.68918929,0.68918929
1691630348000,0.68914278,0.68914278,0.68914278
1691630349000,0.68914278,0.68914278,0.68914278
1691630350000,0.68914278,0.68914278,0.68914278
1691630351000,0.68914278,0.68914278,0.68914278
1691630352000,0.68914062,0.68914062,0.68914062
1691630353000,0.68914062,0.68914062,0.68914062
1691630354000,0.6891401,0.6891401,0.6891401
1691630355000,0.6891401,0.6891401,0.6891401
1691630356000,0.6891393,0.6891393,0.6891393
1691630357000,0.68913933,0.68913933,0.68913933
1691630358000,0.68914123,0.68914123,0.68914123
1691630359000,0.68914104,0.68914104,0.68914104
1691630360000,0.68914104,0.68914104,0.68914104
1691630361000,0.68914049,0.68914049,0.68914049
1691630362000,0.68914129,0.68914129,0.68914129
1691630363000,0.68914321,0.68914321,0.68914321
1691630364000,0.68914324,0.68914324,0.68914324
1691630365000,0.68914324,0.68914324,0.68914324
1691630366000,0.68914324,0.68914324,0.68914324
1691630367000,0.68914324,0.68914324,0.68914324
1691630368000,0.68914682,0.68914682,0.68914682
1691630369000,0.68914599,0.68914599,0.68914599
1691630370000,0.68914599,0.68914599,0.68914599
1691630371000,0.68914794,0.68914794,0.68914794
1691630372000,0.68914794,0.68914794,0.68914794
1691630373000,0.68915145,0.68915145,0.68915145
1691630374000,0.68915149,0.68915149,0.68915149
1691630375000,0.68915149,0.68915149,0.68915149
1691630376000,0.68915149,0.68915149,0.68915149
1691630377000,0.68907533,0.68907533,0.68907533
1691630378000,0.68907888,0.68907888,0.68907888
1691630379000,0.68910231,0.68910231,0.68910231
1691630380000,0.68910227,0.68910227,0.68910227
1691630381000,0.68910227,0.68910227,0.68910227
1691630382000,0.68909643,0.68909643,0.68909643
1691630383000,0.68909647,0.68909647,0.68909647
1691630384000,0.68909488,0.68909488,0.68909488
1691630385000,0.68909488,0.68909488,0.68909488
1691630386000,0.68909581,0.68909581,0.68909581
1691630387000,0.6891536,0.6891536,0.6891536
1691630388000,0.6891536,0.6891536,0.6891536
1691630389000,0.68915205,0.68915205,0.68915205
1691630390000,0.68915205,0.68915205,0.68915205
1691630391000,0.68915202,0.68915202,0.68915202
1691630392000,0.68915202,0.68915202,0.68915202
1691630393000,0.68915299,0.68915299,0.68915299
1691630394000,0.68920791,0.68920791,0.68920791
1691630395000,0.68920791,0.68920791,0.68920791
1691630396000,0.68920884,0.68920884,0.68920884
1691630397000,0.68920932,0.68920932,0.68920932
1691630398000,0.68920929,0.68920929,0.68920929
1691630399000,0.68921095,0.68921095,0.68921095
1691630400000,0.68921095,0.68921095,0.68921095
1691630401000,0.68921095,0.68921095,0.68921095
1691630402000,0.6893,0.6893,0.6893
1691630403000,0.6893,0.6893,0.6893
1691630404000,0.6893,0.6893,0.6893
1691630405000,0.6893,0.6893,0.6893
1691630406000,0.6893,0.6893,0.6893
1691630407000,0.68921403,0.68921403,0.68921403
1691630408000,0.68921403,0.68921403,0.68921403
1691630409000,0.68921403,0.68921403,0.68921403
1691630410000,0.68921566,0.68921566,0.68921566
1691630411000,0.68921566,0.68921566,0.68921566
1691630412000,0.68921404,0.68921404,0.68921404
1691630413000,0.6892131,0.6892131,0.6892131
1691630414000,0.6892131,0.6892131,0.6892131
1691630415000,0.68921453,0.68921453,0.68921453
1691630416000,0.68921453,0.68921453,0.68921453
1691630417000,0.68921417,0.68921417,0.68921417
1691630418000,0.68921417,0.68921417,0.68921417
1691630419000,0.6892151,0.6892151,0.6892151
1691630420000,0.68921498,0.68921498,0.68921498
1691630421000,0.68921494,0.68921494,0.68921494
1691630422000,0.68924693,0.68924693,0.68924693
1691630423000,0.68924693,0.68924693,0.68924693
1691630424000,0.68925347,0.68925347,0.68925347
1691630425000,0.68925163,0.68925163,0.68925163
1691630426000,0.68925163,0.68925163,0.68925163
1691630427000,0.68925163,0.68925163,0.68925163
1691630428000,0.68925312,0.68925312,0.68925312
1691630429000,0.68925312,0.68925312,0.68925312
1691630430000,0.6892524,0.6892524,0.6892524
1691630431000,0.68925337,0.68925337,0.68925337
1691630432000,0.68925333,0.68925333,0.68925333
1691630433000,0.68925337,0.68925337,0.68925337
1691630434000,0.68925476,0.68925476,0.68925476
1691630435000,0.68925571,0.68925571,0.68925571
1691630436000,0.68925571,0.68925571,0.68925571
1691630437000,0.6893,0.6893,0.6893
1691630438000,0.6893,0.6893,0.6893
1691630439000,0.6893,0.6893,0.6893
1691630440000,0.6893,0.6893,0.6893
1691630441000,0.68930991,0.68930991,0.68930991
1691630442000,0.68930991,0.68930991,0.68930991
1691630443000,0.68925468,0.68925468,0.68925468
1691630444000,0.68925468,0.68925468,0.68925468
1691630445000,0.68925471,0.68925471,0.68925471
1691630446000,0.6892541,0.6892541,0.6892541
1691630447000,0.6892541,0.6892541,0.6892541
1691630448000,0.68925309,0.68925309,0.68925309
1691630449000,0.68925309,0.68925309,0.68925309
1691630450000,0.68925309,0.68925309,0.68925309
1691630451000,0.6892522,0.6892522,0.6892522
1691630452000,0.6892522,0.6892522,0.6892522
1691630453000,0.68925118,0.68925118,0.68925118
1691630454000,0.68925122,0.68925122,0.68925122
1691630455000,0.68925122,0.68925122,0.68925122
1691630456000,0.68925212,0.68925212,0.68925212
1691630457000,0.68925212,0.68925212,0.68925212
1691630458000,0.6893,0.6893,0.6893
1691630459000,0.6893,0.6893,0.6893
1691630460000,0.68925346,0.68925346,0.68925346
1691630461000,0.6893,0.6893,0.6893
1691630462000,0.68944823,0.68944823,0.68944823
1691630463000,0.68944822,0.68944822,0.68944822
1691630464000,0.68955133,0.68955133,0.68955133
1691630465000,0.68955226,0.68955226,0.68955226
1691630466000,0.6896,0.6896,0.6896
1691630467000,0.6896,0.6896,0.6896
1691630468000,0.6896053,0.6896053,0.6896053
1691630469000,0.68960494,0.68960494,0.68960494
1691630470000,0.68960494,0.68960494,0.68960494
1691630471000,0.68960494,0.68960494,0.68960494
1691630472000,0.68960242,0.68960242,0.68960242
1691630473000,0.68960242,0.68960242,0.68960242
1691630474000,0.68960295,0.68960295,0.68960295
1691630475000,0.68960202,0.68960202,0.68960202
1691630476000,0.68960198,0.68960198,0.68960198
1691630477000,0.6896,0.6896,0.6896
1691630478000,0.6896,0.6896,0.6896
1691630479000,0.6896,0.6896,0.6896
1691630480000,0.6896,0.6896,0.6896
1691630481000,0.689599,0.689599,0.689599
1691630482000,0.68959524,0.68959524,0.68959524
1691630483000,0.6896,0.6896,0.6896
1691630484000,0.6896,0.6896,0.6896
1691630485000,0.6896,0.6896,0.6896
1691630486000,0.6896,0.6896,0.6896
1691630487000,0.68959441,0.68959441,0.68959441
1691630488000,0.68959441,0.68959441,0.68959441
1691630489000,0.6895395,0.6895395,0.6895395
1691630490000,0.68953857,0.68953857,0.68953857
1691630491000,0.68953853,0.68953853,0.68953853
1691630492000,0.6895381,0.6895381,0.6895381
1691630493000,0.68953806,0.68953806,0.68953806
1691630494000,0.68959301,0.68959301,0.68959301
1691630495000,0.68959301,0.68959301,0.68959301
1691630496000,0.68959301,0.68959301,0.68959301
1691630497000,0.68957679,0.68957679,0.68957679
1691630498000,0.6895754,0.6895754,0.6895754
1691630499000,0.68957621,0.68957621,0.68957621
1691630500000,0.68957617,0.68957617,0.68957617
1691630501000,0.68957617,0.68957617,0.68957617
1691630502000,0.68957714,0.68957714,0.68957714
1691630503000,0.68957609,0.68957609,0.68957609
1691630504000,0.68957544,0.68957544,0.68957544
1691630505000,0.68957544,0.68957544,0.68957544
1691630506000,0.68956937,0.68956937,0.68956937
1691630507000,0.68956937,0.68956937,0.68956937
1691630508000,0.68956509,0.68956509,0.68956509
1691630509000,0.68956322,0.68956322,0.68956322
1691630510000,0.68956318,0.68956318,0.68956318
1691630511000,0.68956322,0.68956322,0.68956322
1691630512000,0.68956322,0.68956322,0.68956322
1691630513000,0.68955988,0.68955988,0.68955988
1691630514000,0.68955988,0.68955988,0.68955988
1691630515000,0.68956979,0.68956979,0.68956979
1691630516000,0.68956979,0.68956979,0.68956979
1691630517000,0.68956979,0.68956979,0.68956979
1691630518000,0.68956817,0.68956817,0.68956817
1691630519000,0.68956817,0.68956817,0.68956817
1691630520000,0.68956825,0.68956825,0.68956825
1691630521000,0.68956821,0.68956821,0.68956821
1691630522000,0.68956821,0.68956821,0.68956821
1691630523000,0.68956732,0.68956732,0.68956732
1691630524000,0.68956498,0.68956498,0.68956498
1691630525000,0.68956433,0.68956433,0.68956433
1691630526000,0.68956433,0.68956433,0.68956433
1691630527000,0.68956433,0.68956433,0.68956433
1691630528000,0.68951024,0.68951024,0.68951024
1691630529000,0.68950697,0.68950697,0.68950697
1691630530000,0.68950661,0.68950661,0.68950661
1691630531000,0.68950661,0.68950661,0.68950661
1691630532000,0.68950661,0.68950661,0.68950661
1691630533000,0.68950657,0.68950657,0.68950657
1691630534000,0.68950238,0.68950238,0.68950238
1691630535000,0.68948377,0.68948377,0.68948377
1691630536000,0.68948467,0.68948467,0.68948467
1691630537000,0.68948471,0.68948471,0.68948471
1691630538000,0.68937109,0.68937109,0.68937109
1691630539000,0.68935702,0.68935702,0.68935702
1691630540000,0.68935702,0.68935702,0.68935702
1691630541000,0.68935232,0.68935232,0.68935232
1691630542000,0.68935228,0.68935228,0.68935228
1691630543000,0.68935232,0.68935232,0.68935232
1691630544000,0.68934636,0.68934636,0.68934636
1691630545000,0.6893451,0.6893451,0.6893451
1691630546000,0.68931267,0.68931267,0.68931267
1691630547000,0.68931263,0.68931263,0.68931263
1691630548000,0.68931263,0.68931263,0.68931263
1691630549000,0.68930722,0.68930722,0.68930722
1691630550000,0.68930718,0.68930718,0.68930718
1691630551000,0.68930836,0.68930836,0.68930836
1691630552000,0.68930836,0.68930836,0.68930836
1691630553000,0.68930836,0.68930836,0.68930836
1691630554000,0.68930746,0.68930746,0.68930746
1691630555000,0.68930255,0.68930255,0.68930255
1691630556000,0.6892485,0.6892485,0.6892485
1691630557000,0.6892485,0.6892485,0.6892485
1691630558000,0.68924846,0.68924846,0.68924846
1691630559000,0.68924846,0.68924846,0.68924846
1691630560000,0.68924363,0.68924363,0.68924363
1691630561000,0.68904866,0.68904866,0.68904866
1691630562000,0.68904866,0.68904866,0.68904866
1691630563000,0.68904863,0.68904863,0.68904863
1691630564000,0.68904863,0.68904863,0.68904863
1691630565000,0.68904204,0.68904204,0.68904204
1691630566000,0.68903531,0.68903531,0.68903531
1691630567000,0.68903531,0.68903531,0.68903531
1691630568000,0.68903531,0.68903531,0.68903531
1691630569000,0.68903527,0.68903527,0.68903527
1691630570000,0.68903192,0.68903192,0.68903192
1691630571000,0.68903192,0.68903192,0.68903192
1691630572000,0.68903192,0.68903192,0.68903192
1691630573000,0.68903192,0.68903192,0.68903192
1691630574000,0.68903192,0.68903192,0.68903192
1691630575000,0.68897448,0.68897448,0.68897448
1691630576000,0.68897448,0.68897448,0.68897448
1691630577000,0.68897448,0.68897448,0.68897448
1691630578000,0.68897542,0.68897542,0.68897542
1691630579000,0.68897545,0.68897545,0.68897545
1691630580000,0.68897545,0.68897545,0.68897545
1691630581000,0.688971,0.688971,0.688971
1691630582000,0.688971,0.688971,0.688971
1691630583000,0.68897011,0.68897011,0.68897011
1691630584000,0.68897007,0.68897007,0.68897007
1691630585000,0.68898633,0.68898633,0.68898633
1691630586000,0.68898561,0.68898561,0.68898561
1691630587000,0.68898008,0.68898008,0.68898008
1691630588000,0.68898008,0.68898008,0.68898008
1691630589000,0.68898012,0.68898012,0.68898012
1691630590000,0.68898008,0.68898008,0.68898008
1691630591000,0.6889791,0.6889791,0.6889791
1691630592000,0.6889791,0.6889791,0.6889791
1691630593000,0.689,0.689,0.689
1691630594000,0.68903312,0.68903312,0.68903312
1691630595000,0.68903222,0.68903222,0.68903222
1691630596000,0.68903127,0.68903127,0.68903127
1691630597000,0.68903127,0.68903127,0.68903127
1691630598000,0.68903131,0.68903131,0.68903131
1691630599000,0.68903131,0.68903131,0.68903131
1691630600000,0.68903131,0.68903131,0.68903131
1691630601000,0.68902906,0.68902906,0.68902906
1691630602000,0.689,0.689,0.689
1691630603000,0.689,0.689,0.689
1691630604000,0.689,0.689,0.689
1691630605000,0.689,0.689,0.689
1691630606000,0.689,0.689,0.689
1691630607000,0.689,0.689,0.689
1691630608000,0.689,0.689,0.689
1691630609000,0.689,0.689,0.689
1691630610000,0.689,0.689,0.689
1691630611000,0.689,0.689,0.689
1691630612000,0.68897189,0.68897189,0.68897189
1691630613000,0.68897192,0.68897192,0.68897192
1691630614000,0.68897189,0.68897189,0.68897189
1691630615000,0.68897192,0.68897192,0.68897192
1691630616000,0.68896044,0.68896044,0.68896044
1691630617000,0.689,0.689,0.689
1691630618000,0.689,0.689,0.689
1691630619000,0.689,0.689,0.689
1691630620000,0.68901483,0.68901483,0.68901483
1691630621000,0.6892,0.6892,0.6892
1691630622000,0.6892,0.6892,0.6892
1691630623000,0.6892,0.6892,0.6892
1691630624000,0.6893,0.6893,0.6893
1691630625000,0.6893,0.6893,0.6893
1691630626000,0.6893,0.6893,0.6893
1691630627000,0.6893,0.6893,0.6893
1691630628000,0.6893,0.6893,0.6893
1691630629000,0.6893,0.6893,0.6893
1691630630000,0.68948153,0.68948153,0.68948153
1691630631000,0.6894,0.6894,0.6894
1691630632000,0.6894,0.6894,0.6894
1691630633000,0.6894,0.6894,0.6894
1691630634000,0.6894,0.6894,0.6894
1691630635000,0.6894,0.6894,0.6894
1691630636000,0.68960219,0.68960219,0.68960219
1691630637000,0.6897,0.6897,0.6897
1691630638000,0.6897,0.6897,0.6897
1691630639000,0.6897,0.6897,0.6897
1691630640000,0.6897,0.6897,0.6897
1691630641000,0.6897,0.6897,0.6897
1691630642000,0.6897,0.6897,0.6897
1691630643000,0.68962568,0.68962568,0.68962568
1691630644000,0.6898,0.6898,0.6898
1691630645000,0.6898,0.6898,0.6898
1691630646000,0.6898,0.6898,0.6898
1691630647000,0.6898,0.6898,0.6898
1691630648000,0.6898,0.6898,0.6898
1691630649000,0.6899,0.6899,0.6899
1691630650000,0.6899,0.6899,0.6899
1691630651000,0.6899,0.6899,0.6899
1691630652000,0.68999409,0.68999409,0.68999409
1691630653000,0.68999409,0.68999409,0.68999409
1691630654000,0.6899,0.6899,0.6899
1691630655000,0.6899,0.6899,0.6899
1691630656000,0.6899,0.6899,0.6899
1691630657000,0.6899,0.6899,0.6899
1691630658000,0.6899,0.6899,0.6899
1691630659000,0.6899,0.6899,0.6899
1691630660000,0.6899,0.6899,0.6899
1691630661000,0.6899,0.6899,0.6899
1691630662000,0.6899,0.6899,0.6899
1691630663000,0.69,0.69,0.69
1691630664000,0.69,0.69,0.69
1691630665000,0.69,0.69,0.69
1691630666000,0.68993271,0.68993271,0.68993271
1691630667000,0.68993267,0.68993267,0.68993267
1691630668000,0.68993421,0.68993421,0.68993421
1691630669000,0.6901,0.6901,0.6901
1691630670000,0.69012507,0.69012507,0.69012507
1691630671000,0.6902,0.6902,0.6902
1691630672000,0.69059393,0.69059393,0.69059393
1691630673000,0.6907,0.6907,0.6907
1691630674000,0.69069911,0.69069911,0.69069911
1691630675000,0.69069911,0.69069911,0.69069911
1691630676000,0.69068435,0.69068435,0.69068435
1691630677000,0.69068283,0.69068283,0.69068283
1691630678000,0.69068283,0.69068283,0.69068283
1691630679000,0.69066632,0.69066632,0.69066632
1691630680000,0.69066628,0.69066628,0.69066628
1691630681000,0.69066632,0.69066632,0.69066632
1691630682000,0.69066632,0.69066632,0.69066632
1691630683000,0.69066632,0.69066632,0.69066632
1691630684000,0.69065289,0.69065289,0.69065289
1691630685000,0.69061486,0.69061486,0.69061486
1691630686000,0.69061486,0.69061486,0.69061486
1691630687000,0.69061569,0.69061569,0.69061569
1691630688000,0.69061489,0.69061489,0.69061489
1691630689000,0.69061489,0.69061489,0.69061489
1691630690000,0.69061101,0.69061101,0.69061101
1691630691000,0.69061217,0.69061217,0.69061217
1691630692000,0.69061217,0.69061217,0.69061217
1691630693000,0.69060895,0.69060895,0.69060895
1691630694000,0.69060892,0.69060892,0.69060892
1691630695000,0.69060413,0.69060413,0.69060413
1691630696000,0.69060413,0.69060413,0.69060413
1691630697000,0.69060413,0.69060413,0.69060413
1691630698000,0.69060493,0.69060493,0.69060493
1691630699000,0.69060493,0.69060493,0.69060493
1691630700000,0.69060026,0.69060026,0.69060026
1691630701000,0.69060026,0.69060026,0.69060026
1691630702000,0.69060026,0.69060026,0.69060026
1691630703000,0.69060026,0.69060026,0.69060026
1691630704000,0.69060029,0.69060029,0.69060029
1691630705000,0.6906,0.6906,0.6906
1691630706000,0.6908,0.6908,0.6908
1691630707000,0.6908,0.6908,0.6908
1691630708000,0.6908,0.6908,0.6908
1691630709000,0.69073986,0.69073986,0.69073986
1691630710000,0.69073684,0.69073684,0.69073684
1691630711000,0.69099931,0.69099931,0.69099931
1691630712000,0.6909,0.6909,0.6909
1691630713000,0.69084927,0.69084927,0.69084927
1691630714000,0.69080041,0.69080041,0.69080041
1691630715000,0.69080118,0.69080118,0.69080118
1691630716000,0.6908,0.6908,0.6908
1691630717000,0.6908,0.6908,0.6908
1691630718000,0.6908,0.6908,0.6908
1691630719000,0.69080415,0.69080415,0.69080415
1691630720000,0.69080415,0.69080415,0.69080415
1691630721000,0.6908018,0.6908018,0.6908018
1691630722000,0.6908026,0.6908026,0.6908026
1691630723000,0.69084914,0.69084914,0.69084914
1691630724000,0.69084911,0.69084911,0.69084911
1691630725000,0.69084555,0.69084555,0.69084555
1691630726000,0.69084371,0.69084371,0.69084371
1691630727000,0.69084371,0.69084371,0.69084371
1691630728000,0.6908429,0.6908429,0.6908429
1691630729000,0.6908429,0.6908429,0.6908429
1691630730000,0.69084496,0.69084496,0.69084496
1691630731000,0.6908401,0.6908401,0.6908401
1691630732000,0.69083309,0.69083309,0.69083309
1691630733000,0.69083309,0.69083309,0.69083309
1691630734000,0.69083393,0.69083393,0.69083393
1691630735000,0.6908341,0.6908341,0.6908341
1691630736000,0.69083092,0.69083092,0.69083092
1691630737000,0.69083092,0.69083092,0.69083092
1691630738000,0.69083092,0.69083092,0.69083092
1691630739000,0.69083092,0.69083092,0.69083092
1691630740000,0.69083092,0.69083092,0.69083092
1691630741000,0.69083123,0.69083123,0.69083123
1691630742000,0.69082806,0.69082806,0.69082806
1691630743000,0.69082806,0.69082806,0.69082806
1691630744000,0.6908281,0.6908281,0.6908281
1691630745000,0.6908281,0.6908281,0.6908281
1691630746000,0.69083669,0.69083669,0.69083669
1691630747000,0.69084978,0.69084978,0.69084978
1691630748000,0.69084978,0.69084978,0.69084978
1691630749000,0.69080323,0.69080323,0.69080323
1691630750000,0.69080323,0.69080323,0.69080323
1691630751000,0.6909,0.6909,0.6909
1691630752000,0.6909,0.6909,0.6909
1691630753000,0.6909,0.6909,0.6909
1691630754000,0.6909,0.6909,0.6909
1691630755000,0.6909,0.6909,0.6909
1691630756000,0.6909,0.6909,0.6909
1691630757000,0.6909,0.6909,0.6909
1691630758000,0.69085881,0.69085881,0.69085881
1691630759000,0.69085958,0.69085958,0.69085958
1691630760000,0.69085958,0.69085958,0.69085958
1691630761000,0.69085962,0.69085962,0.69085962
1691630762000,0.69085755,0.69085755,0.69085755
1691630763000,0.69085755,0.69085755,0.69085755
1691630764000,0.69079447,0.69079447,0.69079447
1691630765000,0.69079451,0.69079451,0.69079451
1691630766000,0.69079447,0.69079447,0.69079447
1691630767000,0.69079447,0.69079447,0.69079447
1691630768000,0.69079013,0.69079013,0.69079013
1691630769000,0.6907901,0.6907901,0.6907901
1691630770000,0.6907901,0.6907901,0.6907901
1691630771000,0.6907901,0.6907901,0.6907901
1691630772000,0.6907901,0.6907901,0.6907901
1691630773000,0.69075794,0.69075794,0.69075794
1691630774000,0.69075794,0.69075794,0.69075794
1691630775000,0.69075791,0.69075791,0.69075791
1691630776000,0.69075791,0.69075791,0.69075791
1691630777000,0.69075871,0.69075871,0.69075871
1691630778000,0.69075574,0.69075574,0.69075574
1691630779000,0.69075574,0.69075574,0.69075574
1691630780000,0.69075574,0.69075574,0.69075574
1691630781000,0.69075574,0.69075574,0.69075574
1691630782000,0.69075574,0.69075574,0.69075574
1691630783000,0.69075024,0.69075024,0.69075024
1691630784000,0.69075024,0.69075024,0.69075024
1691630785000,0.69075024,0.69075024,0.69075024
1691630786000,0.69075021,0.69075021,0.69075021
1691630787000,0.69065722,0.69065722,0.69065722
1691630788000,0.69065337,0.69065337,0.69065337
1691630789000,0.69065257,0.69065257,0.69065257
1691630790000,0.69065257,0.69065257,0.69065257
1691630791000,0.69063859,0.69063859,0.69063859
1691630792000,0.69063684,0.69063684,0.69063684
1691630793000,0.69063684,0.69063684,0.69063684
1691630794000,0.69063306,0.69063306,0.69063306
1691630795000,0.69063309,0.69063309,0.69063309
1691630796000,0.6906048,0.6906048,0.6906048
1691630797000,0.69056348,0.69056348,0.69056348
1691630798000,0.69056348,0.69056348,0.69056348
1691630799000,0.69056064,0.69056064,0.69056064
1691630800000,0.69055984,0.69055984,0.69055984
1691630801000,0.69056033,0.69056033,0.69056033
1691630802000,0.69056036,0.69056036,0.69056036
1691630803000,0.69056116,0.69056116,0.69056116
1691630804000,0.69055923,0.69055923,0.69055923
1691630805000,0.69055923,0.69055923,0.69055923
1691630806000,0.6906,0.6906,0.6906
1691630807000,0.6906,0.6906,0.6906
1691630808000,0.6906,0.6906,0.6906
1691630809000,0.6906,0.6906,0.6906
1691630810000,0.6906,0.6906,0.6906
1691630811000,0.6906,0.6906,0.6906
1691630812000,0.6906,0.6906,0.6906
1691630813000,0.6906,0.6906,0.6906
1691630814000,0.6906,0.6906,0.6906
1691630815000,0.6906,0.6906,0.6906
1691630816000,0.6906,0.6906,0.6906
1691630817000,0.6906,0.6906,0.6906
1691630818000,0.6906,0.6906,0.6906
1691630819000,0.6906,0.6906,0.6906
1691630820000,0.69060001,0.69060001,0.69060001
1691630821000,0.6906,0.6906,0.6906
1691630822000,0.6907,0.6907,0.6907
1691630823000,0.6907,0.6907,0.6907
1691630824000,0.6906,0.6906,0.6906
1691630825000,0.6906,0.6906,0.6906
1691630826000,0.6906,0.6906,0.6906
1691630827000,0.6906,0.6906,0.6906
1691630828000,0.6906,0.6906,0.6906
1691630829000,0.6906,0.6906,0.6906
1691630830000,0.6906,0.6906,0.6906
1691630831000,0.6906,0.6906,0.6906
1691630832000,0.69055575,0.69055575,0.69055575
1691630833000,0.69055987,0.69055987,0.69055987
1691630834000,0.6905599,0.6905599,0.6905599
1691630835000,0.69056052,0.69056052,0.69056052
1691630836000,0.6907,0.6907,0.6907
1691630837000,0.6906,0.6906,0.6906
1691630838000,0.6906,0.6906,0.6906
1691630839000,0.6906,0.6906,0.6906
1691630840000,0.69059063,0.69059063,0.69059063
1691630841000,0.6905906,0.6905906,0.6905906
1691630842000,0.69063589,0.69063589,0.69063589
1691630843000,0.69063589,0.69063589,0.69063589
1691630844000,0.69063589,0.69063589,0.69063589
1691630845000,0.69051367,0.69051367,0.69051367
1691630846000,0.69051367,0.69051367,0.69051367
1691630847000,0.6905137,0.6905137,0.6905137
1691630848000,0.6905137,0.6905137,0.6905137
1691630849000,0.69051294,0.69051294,0.69051294
1691630850000,0.69051294,0.69051294,0.69051294
1691630851000,0.69051646,0.69051646,0.69051646
1691630852000,0.69051646,0.69051646,0.69051646
1691630853000,0.69051559,0.69051559,0.69051559
1691630854000,0.69051559,0.69051559,0.69051559
1691630855000,0.69051559,0.69051559,0.69051559
1691630856000,0.6905157,0.6905157,0.6905157
1691630857000,0.69051651,0.69051651,0.69051651
1691630858000,0.69051518,0.69051518,0.69051518
1691630859000,0.69051518,0.69051518,0.69051518
1691630860000,0.69051518,0.69051518,0.69051518
1691630861000,0.69051782,0.69051782,0.69051782
1691630862000,0.69051782,0.69051782,0.69051782
1691630863000,0.69051677,0.69051677,0.69051677
1691630864000,0.69051757,0.69051757,0.69051757
1691630865000,0.69051757,0.69051757,0.69051757
1691630866000,0.69051686,0.69051686,0.69051686
1691630867000,0.69051683,0.69051683,0.69051683
1691630868000,0.69051609,0.69051609,0.69051609
1691630869000,0.69051609,0.69051609,0.69051609
1691630870000,0.6905618,0.6905618,0.6905618
1691630871000,0.69056081,0.69056081,0.69056081
1691630872000,0.69056081,0.69056081,0.69056081
1691630873000,0.69056081,0.69056081,0.69056081
1691630874000,0.6905611,0.6905611,0.6905611
1691630875000,0.6905611,0.6905611,0.6905611
1691630876000,0.6905611,0.6905611,0.6905611
1691630877000,0.69056035,0.69056035,0.69056035
1691630878000,0.6906,0.6906,0.6906
1691630879000,0.69064315,0.69064315,0.69064315
1691630880000,0.6907,0.6907,0.6907
1691630881000,0.6907,0.6907,0.6907
1691630882000,0.6907,0.6907,0.6907
1691630883000,0.6907,0.6907,0.6907
1691630884000,0.6907,0.6907,0.6907
1691630885000,0.6907,0.6907,0.6907
1691630886000,0.6908,0.6908,0.6908
1691630887000,0.6908,0.6908,0.6908
1691630888000,0.69070812,0.69070812,0.69070812
1691630889000,0.69073547,0.69073547,0.69073547
1691630890000,0.69073606,0.69073606,0.69073606
1691630891000,0.69072909,0.69072909,0.69072909
1691630892000,0.6907,0.6907,0.6907
1691630893000,0.6907,0.6907,0.6907
1691630894000,0.6907,0.6907,0.6907
1691630895000,0.6907,0.6907,0.6907
1691630896000,0.6907,0.6907,0.6907
1691630897000,0.69068112,0.69068112,0.69068112
1691630898000,0.6907,0.6907,0.6907
1691630899000,0.6907,0.6907,0.6907
1691630900000,0.6907,0.6907,0.6907
1691630901000,0.6907,0.6907,0.6907
1691630902000,0.6907,0.6907,0.6907
1691630903000,0.69068098,0.69068098,0.69068098
1691630904000,0.69068098,0.69068098,0.69068098
1691630905000,0.6907,0.6907,0.6907
1691630906000,0.6907,0.6907,0.6907
1691630907000,0.6907,0.6907,0.6907
1691630908000,0.6907,0.6907,0.6907
1691630909000,0.6907,0.6907,0.6907
1691630910000,0.6907,0.6907,0.6907
1691630911000,0.6907,0.6907,0.6907
1691630912000,0.6907,0.6907,0.6907
1691630913000,0.6907,0.6907,0.6907
1691630914000,0.6907,0.6907,0.6907
1691630915000,0.6907,0.6907,0.6907
1691630916000,0.6907,0.6907,0.6907
1691630917000,0.6907,0.6907,0.6907
1691630918000,0.6907,0.6907,0.6907
1691630919000,0.69067934,0.69067934,0.69067934
1691630920000,0.69063457,0.69063457,0.69063457
1691630921000,0.69063457,0.69063457,0.69063457
1691630922000,0.69063374,0.69063374,0.69063374
1691630923000,0.69063248,0.69063248,0.69063248
1691630924000,0.69063178,0.69063178,0.69063178
1691630925000,0.69063181,0.69063181,0.69063181
1691630926000,0.69063178,0.69063178,0.69063178
1691630927000,0.69063178,0.69063178,0.69063178
1691630928000,0.69062991,0.69062991,0.69062991
1691630929000,0.6907,0.6907,0.6907
1691630930000,0.69063061,0.69063061,0.69063061
1691630931000,0.69063058,0.69063058,0.69063058
1691630932000,0.69063058,0.69063058,0.69063058
1691630933000,0.69063058,0.69063058,0.69063058
1691630934000,0.69062684,0.69062684,0.69062684
1691630935000,0.69062628,0.69062628,0.69062628
1691630936000,0.69062544,0.69062544,0.69062544
1691630937000,0.69062544,0.69062544,0.69062544
1691630938000,0.69062544,0.69062544,0.69062544
1691630939000,0.69061977,0.69061977,0.69061977
1691630940000,0.69061963,0.69061963,0.69061963
1691630941000,0.69061963,0.69061963,0.69061963
1691630942000,0.6906196,0.6906196,0.6906196
1691630943000,0.6906196,0.6906196,0.6906196
1691630944000,0.69061514,0.69061514,0.69061514
1691630945000,0.69052521,0.69052521,0.69052521
1691630946000,0.69052521,0.69052521,0.69052521
1691630947000,0.69047834,0.69047834,0.69047834
1691630948000,0.69047753,0.69047753,0.69047753
1691630949000,0.6905,0.6905,0.6905
1691630950000,0.6905,0.6905,0.6905
1691630951000,0.69045794,0.69045794,0.69045794
1691630952000,0.69045794,0.69045794,0.69045794
1691630953000,0.69045791,0.69045791,0.69045791
1691630954000,0.69040626,0.69040626,0.69040626
1691630955000,0.69040626,0.69040626,0.69040626
1691630956000,0.69040355,0.69040355,0.69040355
1691630957000,0.69040435,0.69040435,0.69040435
1691630958000,0.69040355,0.69040355,0.69040355
1691630959000,0.69045006,0.69045006,0.69045006
1691630960000,0.69044501,0.69044501,0.69044501
1691630961000,0.69044501,0.69044501,0.69044501
1691630962000,0.69044501,0.69044501,0.69044501
1691630963000,0.69044501,0.69044501,0.69044501
1691630964000,0.6905,0.6905,0.6905
1691630965000,0.6905,0.6905,0.6905
1691630966000,0.6905,0.6905,0.6905
1691630967000,0.6905,0.6905,0.6905
1691630968000,0.6905,0.6905,0.6905
1691630969000,0.6905,0.6905,0.6905
1691630970000,0.6905,0.6905,0.6905
1691630971000,0.6906,0.6906,0.6906
1691630972000,0.691,0.691,0.691
1691630973000,0.691,0.691,0.691
1691630974000,0.691,0.691,0.691
1691630975000,0.691,0.691,0.691
1691630976000,0.691,0.691,0.691
1691630977000,0.6909,0.6909,0.6909
1691630978000,0.691,0.691,0.691
1691630979000,0.6908,0.6908,0.6908
1691630980000,0.6908,0.6908,0.6908
1691630981000,0.6908,0.6908,0.6908
1691630982000,0.6908,0.6908,0.6908
1691630983000,0.6908,0.6908,0.6908
1691630984000,0.6908,0.6908,0.6908
1691630985000,0.6908,0.6908,0.6908
1691630986000,0.69073065,0.69073065,0.69073065
1691630987000,0.69073065,0.69073065,0.69073065
1691630988000,0.69073065,0.69073065,0.69073065
1691630989000,0.69073069,0.69073069,0.69073069
1691630990000,0.6907,0.6907,0.6907
1691630991000,0.6907,0.6907,0.6907
1691630992000,0.69067785,0.69067785,0.69067785
1691630993000,0.69067785,0.69067785,0.69067785
1691630994000,0.69067785,0.69067785,0.69067785
1691630995000,0.69067878,0.69067878,0.69067878
1691630996000,0.69067903,0.69067903,0.69067903
1691630997000,0.69067092,0.69067092,0.69067092
1691630998000,0.69067096,0.69067096,0.69067096
1691630999000,0.69067096,0.69067096,0.69067096
1691631000000,0.69067003,0.69067003,0.69067003
1691631001000,0.69067136,0.69067136,0.69067136
1691631002000,0.69067132,0.69067132,0.69067132
1691631003000,0.69067132,0.69067132,0.69067132
1691631004000,0.69067225,0.69067225,0.69067225
1691631005000,0.69067225,0.69067225,0.69067225
1691631006000,0.6907,0.6907,0.6907
1691631007000,0.6907,0.6907,0.6907
1691631008000,0.69067119,0.69067119,0.69067119
1691631009000,0.6907,0.6907,0.6907
1691631010000,0.6907,0.6907,0.6907
1691631011000,0.6907,0.6907,0.6907
1691631012000,0.6907,0.6907,0.6907
1691631013000,0.6907,0.6907,0.6907
1691631014000,0.6907,0.6907,0.6907
1691631015000,0.6907,0.6907,0.6907
1691631016000,0.6907,0.6907,0.6907
1691631017000,0.6907,0.6907,0.6907
1691631018000,0.6908,0.6908,0.6908
1691631019000,0.6908,0.6908,0.6908
1691631020000,0.6908,0.6908,0.6908
1691631021000,0.6908,0.6908,0.6908
1691631022000,0.6908,0.6908,0.6908
1691631023000,0.6908,0.6908,0.6908
1691631024000,0.6908,0.6908,0.6908
1691631025000,0.6908,0.6908,0.6908
1691631026000,0.6907,0.6907,0.6907
1691631027000,0.6908,0.6908,0.6908
1691631028000,0.6908,0.6908,0.6908
1691631029000,0.6908,0.6908,0.6908
1691631030000,0.691,0.691,0.691
1691631031000,0.6909,0.6909,0.6909
1691631032000,0.6909,0.6909,0.6909
1691631033000,0.6909,0.6909,0.6909
1691631034000,0.6909,0.6909,0.6909
1691631035000,0.6909,0.6909,0.6909
1691631036000,0.6909,0.6909,0.6909
1691631037000,0.6909,0.6909,0.6909
1691631038000,0.691,0.691,0.691
1691631039000,0.691,0.691,0.691
1691631040000,0.691,0.691,0.691
1691631041000,0.691,0.691,0.691
1691631042000,0.691,0.691,0.691
1691631043000,0.6911,0.6911,0.6911
1691631044000,0.6911,0.6911,0.6911
1691631045000,0.6911,0.6911,0.6911
1691631046000,0.6911,0.6911,0.6911
1691631047000,0.691,0.691,0.691
1691631048000,0.6909,0.6909,0.6909
1691631049000,0.6909,0.6909,0.6909
1691631050000,0.6909,0.6909,0.6909
1691631051000,0.691,0.691,0.691
1691631052000,0.6909,0.6909,0.6909
1691631053000,0.6909,0.6909,0.6909
1691631054000,0.6909,0.6909,0.6909
1691631055000,0.6909,0.6909,0.6909
1691631056000,0.69090683,0.69090683,0.69090683
1691631057000,0.69090776,0.69090776,0.69090776
1691631058000,0.69090801,0.69090801,0.69090801
1691631059000,0.69090747,0.69090747,0.69090747
1691631060000,0.69090747,0.69090747,0.69090747
1691631061000,0.69090744,0.69090744,0.69090744
1691631062000,0.69090744,0.69090744,0.69090744
1691631063000,0.69090745,0.69090745,0.69090745
1691631064000,0.6909,0.6909,0.6909
1691631065000,0.691,0.691,0.691
1691631066000,0.6909,0.6909,0.6909
1691631067000,0.691,0.691,0.691
1691631068000,0.691,0.691,0.691
1691631069000,0.691,0.691,0.691
1691631070000,0.691,0.691,0.691
1691631071000,0.6908,0.6908,0.6908
1691631072000,0.6908,0.6908,0.6908
1691631073000,0.6908,0.6908,0.6908
1691631074000,0.6908,0.6908,0.6908
1691631075000,0.6908,0.6908,0.6908
1691631076000,0.6908,0.6908,0.6908
1691631077000,0.6908,0.6908,0.6908
1691631078000,0.6909,0.6909,0.6909
1691631079000,0.6908,0.6908,0.6908
1691631080000,0.6908,0.6908,0.6908
1691631081000,0.6908,0.6908,0.6908
1691631082000,0.6908,0.6908,0.6908
1691631083000,0.6908,0.6908,0.6908
1691631084000,0.6908,0.6908,0.6908
1691631085000,0.6908,0.6908,0.6908
1691631086000,0.6908,0.6908,0.6908
1691631087000,0.6908,0.6908,0.6908
1691631088000,0.6908,0.6908,0.6908
1691631089000,0.6908,0.6908,0.6908
1691631090000,0.6908,0.6908,0.6908
1691631091000,0.6908,0.6908,0.6908
1691631092000,0.6908,0.6908,0.6908
1691631093000,0.6909,0.6909,0.6909
1691631094000,0.6909,0.6909,0.6909
1691631095000,0.6909,0.6909,0.6909
1691631096000,0.6909,0.6909,0.6909
1691631097000,0.6909,0.6909,0.6909
1691631098000,0.6909,0.6909,0.6909
1691631099000,0.6909,0.6909,0.6909
1691631100000,0.6909,0.6909,0.6909
1691631101000,0.6909,0.6909,0.6909
1691631102000,0.6909,0.6909,0.6909
1691631103000,0.6909,0.6909,0.6909
1691631104000,0.6908,0.6908,0.6908
1691631105000,0.6908,0.6908,0.6908
1691631106000,0.6908,0.6908,0.6908
1691631107000,0.6908,0.6908,0.6908
1691631108000,0.6908,0.6908,0.6908
1691631109000,0.6908,0.6908,0.6908
1691631110000,0.6908,0.6908,0.6908
1691631111000,0.6908,0.6908,0.6908
1691631112000,0.69081269,0.69081269,0.69081269
1691631113000,0.69081269,0.69081269,0.69081269
1691631114000,0.6908127,0.6908127,0.6908127
1691631115000,0.6909,0.6909,0.6909
1691631116000,0.69081195,0.69081195,0.69081195
1691631117000,0.69081195,0.69081195,0.69081195
1691631118000,0.69081195,0.69081195,0.69081195
1691631119000,0.69081211,0.69081211,0.69081211
1691631120000,0.69081206,0.69081206,0.69081206
1691631121000,0.69081206,0.69081206,0.69081206
1691631122000,0.6908121,0.6908121,0.6908121
1691631123000,0.690813,0.690813,0.690813
1691631124000,0.690813,0.690813,0.690813
1691631125000,0.69081259,0.69081259,0.69081259
1691631126000,0.6908119,0.6908119,0.6908119
1691631127000,0.6908119,0.6908119,0.6908119
1691631128000,0.69080971,0.69080971,0.69080971
1691631129000,0.69065272,0.69065272,0.69065272
1691631130000,0.69054677,0.69054677,0.69054677
1691631131000,0.69054411,0.69054411,0.69054411
1691631132000,0.69054411,0.69054411,0.69054411
1691631133000,0.69054411,0.69054411,0.69054411
1691631134000,0.69054226,0.69054226,0.69054226
1691631135000,0.69051436,0.69051436,0.69051436
1691631136000,0.69051218,0.69051218,0.69051218
1691631137000,0.69051218,0.69051218,0.69051218
1691631138000,0.69051218,0.69051218,0.69051218
1691631139000,0.6903693,0.6903693,0.6903693
1691631140000,0.6903693,0.6903693,0.6903693
1691631141000,0.69036865,0.69036865,0.69036865
1691631142000,0.69036865,0.69036865,0.69036865
1691631143000,0.69036245,0.69036245,0.69036245
1691631144000,0.69036248,0.69036248,0.69036248
1691631145000,0.69036551,0.69036551,0.69036551
1691631146000,0.69036464,0.69036464,0.69036464
1691631147000,0.69036464,0.69036464,0.69036464
1691631148000,0.69036464,0.69036464,0.69036464
1691631149000,0.69036467,0.69036467,0.69036467
1691631150000,0.69036477,0.69036477,0.69036477
1691631151000,0.69036477,0.69036477,0.69036477
1691631152000,0.69031904,0.69031904,0.69031904
1691631153000,0.69031907,0.69031907,0.69031907
1691631154000,0.69031907,0.69031907,0.69031907
1691631155000,0.69031907,0.69031907,0.69031907
1691631156000,0.69031579,0.69031579,0.69031579
1691631157000,0.69031408,0.69031408,0.69031408
1691631158000,0.69031405,0.69031405,0.69031405
1691631159000,0.69031325,0.69031325,0.69031325
1691631160000,0.69026286,0.69026286,0.69026286
1691631161000,0.69026286,0.69026286,0.69026286
1691631162000,0.690262,0.690262,0.690262
1691631163000,0.690262,0.690262,0.690262
1691631164000,0.690262,0.690262,0.690262
1691631165000,0.69025572,0.69025572,0.69025572
1691631166000,0.69025572,0.69025572,0.69025572
1691631167000,0.6903,0.6903,0.6903
1691631168000,0.69030674,0.69030674,0.69030674
1691631169000,0.69030678,0.69030678,0.69030678
1691631170000,0.69030678,0.69030678,0.69030678
1691631171000,0.69036034,0.69036034,0.69036034
1691631172000,0.69035931,0.69035931,0.69035931
1691631173000,0.69035935,0.69035935,0.69035935
1691631174000,0.69035931,0.69035931,0.69035931
1691631175000,0.69035931,0.69035931,0.69035931
1691631176000,0.69035781,0.69035781,0.69035781
1691631177000,0.69035785,0.69035785,0.69035785
1691631178000,0.69038398,0.69038398,0.69038398
1691631179000,0.69037422,0.69037422,0.69037422
1691631180000,0.69037433,0.69037433,0.69037433
1691631181000,0.6903743,0.6903743,0.6903743
1691631182000,0.6903743,0.6903743,0.6903743
1691631183000,0.69036947,0.69036947,0.69036947
1691631184000,0.69036947,0.69036947,0.69036947
1691631185000,0.69036862,0.69036862,0.69036862
1691631186000,0.6903675,0.6903675,0.6903675
1691631187000,0.6903675,0.6903675,0.6903675
1691631188000,0.69036371,0.69036371,0.69036371
1691631189000,0.69036455,0.69036455,0.69036455
1691631190000,0.69036455,0.69036455,0.69036455
1691631191000,0.69031804,0.69031804,0.69031804
1691631192000,0.69031723,0.69031723,0.69031723
1691631193000,0.69031465,0.69031465,0.69031465
1691631194000,0.69031469,0.69031469,0.69031469
1691631195000,0.69031469,0.69031469,0.69031469
1691631196000,0.69031465,0.69031465,0.69031465
1691631197000,0.69031465,0.69031465,0.69031465
1691631198000,0.69031213,0.69031213,0.69031213
1691631199000,0.69031213,0.69031213,0.69031213
1691631200000,0.69026562,0.69026562,0.69026562
1691631201000,0.69026562,0.69026562,0.69026562
1691631202000,0.69026565,0.69026565,0.69026565
1691631203000,0.69026565,0.69026565,0.69026565
1691631204000,0.69026387,0.69026387,0.69026387
1691631205000,0.69026387,0.69026387,0.69026387
1691631206000,0.69026387,0.69026387,0.69026387
1691631207000,0.69022201,0.69022201,0.69022201
1691631208000,0.69022204,0.69022204,0.69022204
1691631209000,0.6902186,0.6902186,0.6902186
1691631210000,0.6902186,0.6902186,0.6902186
1691631211000,0.69021863,0.69021863,0.69021863
1691631212000,0.6902186,0.6902186,0.6902186
1691631213000,0.6902186,0.6902186,0.6902186
1691631214000,0.69021594,0.69021594,0.69021594
1691631215000,0.69021594,0.69021594,0.69021594
1691631216000,0.69021591,0.69021591,0.69021591
1691631217000,0.69021591,0.69021591,0.69021591
1691631218000,0.69021594,0.69021594,0.69021594
1691631219000,0.69021325,0.69021325,0.69021325
1691631220000,0.69021325,0.69021325,0.69021325
1691631221000,0.69021084,0.69021084,0.69021084
1691631222000,0.69021084,0.69021084,0.69021084
1691631223000,0.69021084,0.69021084,0.69021084
1691631224000,0.6902074,0.6902074,0.6902074
1691631225000,0.6902074,0.6902074,0.6902074
1691631226000,0.6902074,0.6902074,0.6902074
1691631227000,0.69020785,0.69020785,0.69020785
1691631228000,0.69020789,0.69020789,0.69020789
1691631229000,0.69020443,0.69020443,0.69020443
1691631230000,0.69020443,0.69020443,0.69020443
1691631231000,0.69020443,0.69020443,0.69020443
1691631232000,0.69020467,0.69020467,0.69020467
1691631233000,0.6902047,0.6902047,0.6902047
1691631234000,0.6902047,0.6902047,0.6902047
1691631235000,0.69020291,0.69020291,0.69020291
1691631236000,0.69020291,0.69020291,0.69020291
1691631237000,0.69020211,0.69020211,0.69020211
1691631238000,0.69020176,0.69020176,0.69020176
1691631239000,0.69021491,0.69021491,0.69021491
1691631240000,0.69021315,0.69021315,0.69021315
1691631241000,0.69021315,0.69021315,0.69021315
1691631242000,0.69021332,0.69021332,0.69021332
1691631243000,0.69021328,0.69021328,0.69021328
1691631244000,0.69021332,0.69021332,0.69021332
1691631245000,0.69021135,0.69021135,0.69021135
1691631246000,0.69021135,0.69021135,0.69021135
1691631247000,0.69020992,0.69020992,0.69020992
1691631248000,0.69021072,0.69021072,0.69021072
1691631249000,0.69020988,0.69020988,0.69020988
1691631250000,0.69020806,0.69020806,0.69020806
1691631251000,0.69020886,0.69020886,0.69020886
1691631252000,0.69020886,0.69020886,0.69020886
1691631253000,0.69020806,0.69020806,0.69020806
1691631254000,0.69020809,0.69020809,0.69020809
1691631255000,0.6902063,0.6902063,0.6902063
1691631256000,0.6902063,0.6902063,0.6902063
1691631257000,0.69015972,0.69015972,0.69015972
1691631258000,0.69015972,0.69015972,0.69015972
1691631259000,0.69015972,0.69015972,0.69015972
1691631260000,0.69015972,0.69015972,0.69015972
1691631261000,0.69015913,0.69015913,0.69015913
1691631262000,0.6902055,0.6902055,0.6902055
1691631263000,0.69020554,0.69020554,0.69020554
1691631264000,0.69020554,0.69020554,0.69020554
1691631265000,0.69020554,0.69020554,0.69020554
1691631266000,0.69020354,0.69020354,0.69020354
1691631267000,0.69020354,0.69020354,0.69020354
1691631268000,0.69020382,0.69020382,0.69020382
1691631269000,0.69020382,0.69020382,0.69020382
1691631270000,0.69020378,0.69020378,0.69020378
1691631271000,0.69020028,0.69020028,0.69020028
1691631272000,0.69020028,0.69020028,0.69020028
1691631273000,0.69019997,0.69019997,0.69019997
1691631274000,0.69019997,0.69019997,0.69019997
1691631275000,0.69019997,0.69019997,0.69019997
1691631276000,0.6901942,0.6901942,0.6901942
1691631277000,0.6901942,0.6901942,0.6901942
1691631278000,0.69019406,0.69019406,0.69019406
1691631279000,0.69019409,0.69019409,0.69019409
1691631280000,0.6904,0.6904,0.6904
1691631281000,0.6903,0.6903,0.6903
1691631282000,0.6903,0.6903,0.6903
1691631283000,0.6904,0.6904,0.6904
1691631284000,0.6903,0.6903,0.6903
1691631285000,0.6904,0.6904,0.6904
1691631286000,0.6904,0.6904,0.6904
1691631287000,0.6904,0.6904,0.6904
1691631288000,0.6904,0.6904,0.6904
1691631289000,0.6904,0.6904,0.6904
1691631290000,0.6904,0.6904,0.6904
1691631291000,0.6904,0.6904,0.6904
1691631292000,0.6904,0.6904,0.6904
1691631293000,0.69034957,0.69034957,0.69034957
1691631294000,0.6903047,0.6903047,0.6903047
1691631295000,0.6904,0.6904,0.6904
1691631296000,0.6904,0.6904,0.6904
1691631297000,0.6904,0.6904,0.6904
1691631298000,0.6904,0.6904,0.6904
1691631299000,0.69034683,0.69034683,0.69034683
1691631300000,0.69034683,0.69034683,0.69034683
1691631301000,0.6904,0.6904,0.6904
1691631302000,0.6904,0.6904,0.6904
1691631303000,0.6904,0.6904,0.6904
1691631304000,0.69035302,0.69035302,0.69035302
1691631305000,0.69035302,0.69035302,0.69035302
1691631306000,0.69035305,0.69035305,0.69035305
1691631307000,0.69035296,0.69035296,0.69035296
1691631308000,0.69036042,0.69036042,0.69036042
1691631309000,0.69036407,0.69036407,0.69036407
1691631310000,0.69036407,0.69036407,0.69036407
1691631311000,0.69036407,0.69036407,0.69036407
1691631312000,0.69026743,0.69026743,0.69026743
1691631313000,0.69026743,0.69026743,0.69026743
1691631314000,0.69026593,0.69026593,0.69026593
1691631315000,0.69026593,0.69026593,0.69026593
1691631316000,0.69026593,0.69026593,0.69026593
1691631317000,0.69033336,0.69033336,0.69033336
1691631318000,0.69032884,0.69032884,0.69032884
1691631319000,0.69033108,0.69033108,0.69033108
1691631320000,0.69033108,0.69033108,0.69033108
1691631321000,0.69033108,0.69033108,0.69033108
1691631322000,0.69033191,0.69033191,0.69033191
1691631323000,0.69032789,0.69032789,0.69032789
1691631324000,0.69032789,0.69032789,0.69032789
1691631325000,0.69032841,0.69032841,0.69032841
1691631326000,0.6904,0.6904,0.6904
1691631327000,0.6904,0.6904,0.6904
1691631328000,0.6904,0.6904,0.6904
1691631329000,0.6904,0.6904,0.6904
1691631330000,0.6904,0.6904,0.6904
1691631331000,0.6904,0.6904,0.6904
1691631332000,0.6904,0.6904,0.6904
1691631333000,0.6904,0.6904,0.6904
1691631334000,0.6904622,0.6904622,0.6904622
1691631335000,0.69046217,0.69046217,0.69046217
1691631336000,0.69046217,0.69046217,0.69046217
1691631337000,0.6905,0.6905,0.6905
1691631338000,0.6906,0.6906,0.6906
1691631339000,0.6906,0.6906,0.6906
1691631340000,0.6906,0.6906,0.6906
1691631341000,0.6906,0.6906,0.6906
1691631342000,0.6906,0.6906,0.6906
1691631343000,0.6906,0.6906,0.6906
1691631344000,0.6906,0.6906,0.6906
1691631345000,0.6905,0.6905,0.6905
1691631346000,0.6906,0.6906,0.6906
1691631347000,0.6906,0.6906,0.6906
1691631348000,0.6906,0.6906,0.6906
1691631349000,0.6906,0.6906,0.6906
1691631350000,0.6906,0.6906,0.6906
1691631351000,0.6906,0.6906,0.6906
1691631352000,0.6906,0.6906,0.6906
1691631353000,0.6906,0.6906,0.6906
1691631354000,0.6906,0.6906,0.6906
1691631355000,0.6906,0.6906,0.6906
1691631356000,0.6906,0.6906,0.6906
1691631357000,0.6906,0.6906,0.6906
1691631358000,0.6906,0.6906,0.6906
1691631359000,0.6906,0.6906,0.6906
1691631360000,0.6906,0.6906,0.6906
1691631361000,0.6906,0.6906,0.6906
1691631362000,0.6906,0.6906,0.6906
1691631363000,0.6907,0.6907,0.6907
1691631364000,0.6907,0.6907,0.6907
1691631365000,0.6907,0.6907,0.6907
1691631366000,0.6907,0.6907,0.6907
1691631367000,0.6907,0.6907,0.6907
1691631368000,0.6907,0.6907,0.6907
1691631369000,0.6908,0.6908,0.6908
1691631370000,0.6909,0.6909,0.6909
1691631371000,0.6909,0.6909,0.6909
1691631372000,0.6909,0.6909,0.6909
1691631373000,0.6909,0.6909,0.6909
1691631374000,0.691,0.691,0.691
1691631375000,0.691,0.691,0.691
1691631376000,0.691,0.691,0.691
1691631377000,0.691,0.691,0.691
1691631378000,0.691,0.691,0.691
1691631379000,0.691,0.691,0.691
1691631380000,0.691,0.691,0.691
1691631381000,0.69108626,0.69108626,0.69108626
1691631382000,0.69108709,0.69108709,0.69108709
1691631383000,0.691,0.691,0.691
1691631384000,0.691,0.691,0.691
1691631385000,0.69108646,0.69108646,0.69108646
1691631386000,0.6912,0.6912,0.6912
1691631387000,0.6913,0.6913,0.6913
1691631388000,0.6913,0.6913,0.6913
1691631389000,0.6913,0.6913,0.6913
1691631390000,0.6914,0.6914,0.6914
1691631391000,0.69147316,0.69147316,0.69147316
1691631392000,0.6915,0.6915,0.6915
1691631393000,0.69173611,0.69173611,0.69173611
1691631394000,0.69178588,0.69178588,0.69178588
1691631395000,0.69178587,0.69178587,0.69178587
1691631396000,0.69151761,0.69151761,0.69151761
1691631397000,0.6915,0.6915,0.6915
1691631398000,0.6914213,0.6914213,0.6914213
1691631399000,0.6915,0.6915,0.6915
1691631400000,0.6915,0.6915,0.6915
1691631401000,0.6915,0.6915,0.6915
1691631402000,0.6915,0.6915,0.6915
1691631403000,0.6915,0.6915,0.6915
1691631404000,0.6915,0.6915,0.6915
1691631405000,0.6915,0.6915,0.6915
1691631406000,0.6915,0.6915,0.6915
1691631407000,0.6915,0.6915,0.6915
1691631408000,0.6915,0.6915,0.6915
1691631409000,0.6915,0.6915,0.6915
1691631410000,0.6915,0.6915,0.6915
1691631411000,0.6915,0.6915,0.6915
1691631412000,0.6915,0.6915,0.6915
1691631413000,0.6915,0.6915,0.6915
1691631414000,0.6915,0.6915,0.6915
1691631415000,0.6916,0.6916,0.6916
1691631416000,0.6916,0.6916,0.6916
1691631417000,0.6916,0.6916,0.6916
1691631418000,0.6916,0.6916,0.6916
1691631419000,0.6916,0.6916,0.6916
1691631420000,0.6916,0.6916,0.6916
1691631421000,0.6916,0.6916,0.6916
1691631422000,0.6916,0.6916,0.6916
1691631423000,0.6916,0.6916,0.6916
1691631424000,0.6916,0.6916,0.6916
1691631425000,0.6916,0.6916,0.6916
1691631426000,0.6916,0.6916,0.6916
1691631427000,0.6917,0.6917,0.6917
1691631428000,0.6917,0.6917,0.6917
1691631429000,0.6917,0.6917,0.6917
1691631430000,0.6917,0.6917,0.6917
1691631431000,0.6917,0.6917,0.6917
1691631432000,0.6916,0.6916,0.6916
1691631433000,0.6916,0.6916,0.6916
1691631434000,0.6916,0.6916,0.6916
1691631435000,0.6916,0.6916,0.6916
1691631436000,0.6916,0.6916,0.6916
1691631437000,0.6916,0.6916,0.6916
1691631438000,0.6917,0.6917,0.6917
1691631439000,0.6917,0.6917,0.6917
1691631440000,0.6917,0.6917,0.6917
1691631441000,0.69178697,0.69178697,0.69178697
1691631442000,0.6918,0.6918,0.6918
1691631443000,0.6918,0.6918,0.6918
1691631444000,0.6918,0.6918,0.6918
1691631445000,0.6919,0.6919,0.6919
1691631446000,0.6919,0.6919,0.6919
1691631447000,0.6919,0.6919,0.6919
1691631448000,0.6919,0.6919,0.6919
1691631449000,0.6919,0.6919,0.6919
1691631450000,0.6919,0.6919,0.6919
1691631451000,0.6919,0.6919,0.6919
1691631452000,0.692,0.692,0.692
1691631453000,0.692,0.692,0.692
1691631454000,0.692,0.692,0.692
1691631455000,0.692,0.692,0.692
1691631456000,0.692,0.692,0.692
1691631457000,0.692,0.692,0.692
1691631458000,0.692,0.692,0.692
1691631459000,0.6919,0.6919,0.6919
1691631460000,0.6919,0.6919,0.6919
1691631461000,0.692,0.692,0.692
1691631462000,0.692,0.692,0.692
1691631463000,0.692,0.692,0.692
1691631464000,0.6919,0.6919,0.6919
1691631465000,0.6919,0.6919,0.6919
1691631466000,0.6919,0.6919,0.6919
1691631467000,0.6919,0.6919,0.6919
1691631468000,0.6919,0.6919,0.6919
1691631469000,0.692,0.692,0.692
1691631470000,0.692,0.692,0.692
1691631471000,0.692,0.692,0.692
1691631472000,0.692,0.692,0.692
1691631473000,0.6919,0.6919,0.6919
1691631474000,0.6919,0.6919,0.6919
1691631475000,0.6918,0.6918,0.6918
1691631476000,0.6918,0.6918,0.6918
1691631477000,0.6918,0.6918,0.6918
1691631478000,0.6918,0.6918,0.6918
1691631479000,0.69178551,0.69178551,0.69178551
1691631480000,0.69181338,0.69181338,0.69181338
1691631481000,0.69172036,0.69172036,0.69172036
1691631482000,0.69172039,0.69172039,0.69172039
1691631483000,0.69171882,0.69171882,0.69171882
1691631484000,0.6917209,0.6917209,0.6917209
1691631485000,0.6917209,0.6917209,0.6917209
1691631486000,0.6917209,0.6917209,0.6917209
1691631487000,0.6917209,0.6917209,0.6917209
1691631488000,0.6917209,0.6917209,0.6917209
1691631489000,0.69172295,0.69172295,0.69172295
1691631490000,0.69172295,0.69172295,0.69172295
1691631491000,0.6918,0.6918,0.6918
1691631492000,0.69176327,0.69176327,0.69176327
1691631493000,0.69175533,0.69175533,0.69175533
1691631494000,0.69175829,0.69175829,0.69175829
1691631495000,0.69175797,0.69175797,0.69175797
1691631496000,0.69171146,0.69171146,0.69171146
1691631497000,0.69171146,0.69171146,0.69171146
1691631498000,0.69170999,0.69170999,0.69170999
1691631499000,0.69171161,0.69171161,0.69171161
1691631500000,0.6918,0.6918,0.6918
1691631501000,0.6918,0.6918,0.6918
1691631502000,0.6918,0.6918,0.6918
1691631503000,0.6918,0.6918,0.6918
1691631504000,0.6918,0.6918,0.6918
1691631505000,0.6918,0.6918,0.6918
1691631506000,0.6918,0.6918,0.6918
1691631507000,0.6918,0.6918,0.6918
1691631508000,0.6918,0.6918,0.6918
1691631509000,0.6918,0.6918,0.6918
1691631510000,0.6918,0.6918,0.6918
1691631511000,0.6918,0.6918,0.6918
1691631512000,0.6918,0.6918,0.6918
1691631513000,0.6918,0.6918,0.6918
1691631514000,0.6918,0.6918,0.6918
1691631515000,0.69172127,0.69172127,0.69172127
1691631516000,0.69176778,0.69176778,0.69176778
1691631517000,0.69176778,0.69176778,0.69176778
1691631518000,0.69176778,0.69176778,0.69176778
1691631519000,0.69176778,0.69176778,0.69176778
1691631520000,0.69177122,0.69177122,0.69177122
1691631521000,0.69177038,0.69177038,0.69177038
1691631522000,0.69177038,0.69177038,0.69177038
1691631523000,0.6918,0.6918,0.6918
1691631524000,0.6918,0.6918,0.6918
1691631525000,0.6918,0.6918,0.6918
1691631526000,0.6918,0.6918,0.6918
1691631527000,0.6918,0.6918,0.6918
1691631528000,0.6918,0.6918,0.6918
1691631529000,0.69186721,0.69186721,0.69186721
1691631530000,0.69186988,0.69186988,0.69186988
1691631531000,0.69186907,0.69186907,0.69186907
1691631532000,0.69186907,0.69186907,0.69186907
1691631533000,0.69182256,0.69182256,0.69182256
1691631534000,0.6919,0.6919,0.6919
1691631535000,0.6919,0.6919,0.6919
1691631536000,0.6919,0.6919,0.6919
1691631537000,0.6919,0.6919,0.6919
1691631538000,0.69192262,0.69192262,0.69192262
1691631539000,0.69192262,0.69192262,0.69192262
1691631540000,0.69195415,0.69195415,0.69195415
1691631541000,0.69195963,0.69195963,0.69195963
1691631542000,0.69195963,0.69195963,0.69195963
1691631543000,0.69195966,0.69195966,0.69195966
1691631544000,0.69195966,0.69195966,0.69195966
1691631545000,0.69191385,0.69191385,0.69191385
1691631546000,0.69191721,0.69191721,0.69191721
1691631547000,0.69191721,0.69191721,0.69191721
1691631548000,0.69191721,0.69191721,0.69191721
1691631549000,0.6918164,0.6918164,0.6918164
1691631550000,0.69181644,0.69181644,0.69181644
1691631551000,0.69181649,0.69181649,0.69181649
1691631552000,0.69181649,0.69181649,0.69181649
1691631553000,0.69181649,0.69181649,0.69181649
1691631554000,0.69180156,0.69180156,0.69180156
1691631555000,0.69180156,0.69180156,0.69180156
1691631556000,0.69180307,0.69180307,0.69180307
1691631557000,0.69180307,0.69180307,0.69180307
1691631558000,0.69180304,0.69180304,0.69180304
1691631559000,0.69180304,0.69180304,0.69180304
1691631560000,0.69180255,0.69180255,0.69180255
1691631561000,0.69180255,0.69180255,0.69180255
1691631562000,0.69180441,0.69180441,0.69180441
1691631563000,0.69180445,0.69180445,0.69180445
1691631564000,0.69185096,0.69185096,0.69185096
1691631565000,0.69183679,0.69183679,0.69183679
1691631566000,0.69183679,0.69183679,0.69183679
1691631567000,0.69183892,0.69183892,0.69183892
1691631568000,0.69183889,0.69183889,0.69183889
1691631569000,0.69183889,0.69183889,0.69183889
1691631570000,0.69183823,0.69183823,0.69183823
1691631571000,0.69183823,0.69183823,0.69183823
1691631572000,0.69184041,0.69184041,0.69184041
1691631573000,0.6918396,0.6918396,0.6918396
1691631574000,0.6918396,0.6918396,0.6918396
1691631575000,0.69184075,0.69184075,0.69184075
1691631576000,0.69183995,0.69183995,0.69183995
1691631577000,0.6918421,0.6918421,0.6918421
1691631578000,0.6918421,0.6918421,0.6918421
1691631579000,0.6918421,0.6918421,0.6918421
1691631580000,0.69184168,0.69184168,0.69184168
1691631581000,0.69184168,0.69184168,0.69184168
1691631582000,0.69183902,0.69183902,0.69183902
1691631583000,0.69183902,0.69183902,0.69183902
1691631584000,0.69183902,0.69183902,0.69183902
1691631585000,0.69182563,0.69182563,0.69182563
1691631586000,0.69182563,0.69182563,0.69182563
1691631587000,0.69182566,0.69182566,0.69182566
1691631588000,0.69182332,0.69182332,0.69182332
1691631589000,0.69180856,0.69180856,0.69180856
1691631590000,0.69180839,0.69180839,0.69180839
1691631591000,0.69180839,0.69180839,0.69180839
1691631592000,0.69180839,0.69180839,0.69180839
1691631593000,0.69180866,0.69180866,0.69180866
1691631594000,0.69180863,0.69180863,0.69180863
1691631595000,0.69180835,0.69180835,0.69180835
1691631596000,0.69180838,0.69180838,0.69180838
1691631597000,0.69180838,0.69180838,0.69180838
1691631598000,0.69180787,0.69180787,0.69180787
1691631599000,0.69180787,0.69180787,0.69180787
1691631600000,0.69182183,0.69182183,0.69182183
1691631601000,0.69182183,0.69182183,0.69182183
1691631602000,0.69182218,0.69182218,0.69182218
1691631603000,0.69182216,0.69182216,0.69182216
1691631604000,0.69177562,0.69177562,0.69177562
1691631605000,0.69176247,0.69176247,0.69176247
1691631606000,0.69176247,0.69176247,0.69176247
1691631607000,0.6917609,0.6917609,0.6917609
1691631608000,0.69176028,0.69176028,0.69176028
1691631609000,0.69176108,0.69176108,0.69176108
1691631610000,0.69176111,0.69176111,0.69176111
1691631611000,0.6917608,0.6917608,0.6917608
1691631612000,0.6917608,0.6917608,0.6917608
1691631613000,0.69176367,0.69176367,0.69176367
1691631614000,0.69176367,0.69176367,0.69176367
1691631615000,0.69176367,0.69176367,0.69176367
1691631616000,0.69176329,0.69176329,0.69176329
1691631617000,0.69176332,0.69176332,0.69176332
1691631618000,0.69176249,0.69176249,0.69176249
1691631619000,0.69176549,0.69176549,0.69176549
1691631620000,0.69176552,0.69176552,0.69176552
1691631621000,0.69176552,0.69176552,0.69176552
1691631622000,0.69176532,0.69176532,0.69176532
1691631623000,0.69176532,0.69176532,0.69176532
1691631624000,0.69176615,0.69176615,0.69176615
1691631625000,0.69176615,0.69176615,0.69176615
1691631626000,0.69176615,0.69176615,0.69176615
1691631627000,0.69176577,0.69176577,0.69176577
1691631628000,0.69176577,0.69176577,0.69176577
1691631629000,0.69176495,0.69176495,0.69176495
1691631630000,0.69176492,0.69176492,0.69176492
1691631631000,0.6917183,0.6917183,0.6917183
1691631632000,0.69171914,0.69171914,0.69171914
1691631633000,0.69162608,0.69162608,0.69162608
1691631634000,0.69162362,0.69162362,0.69162362
1691631635000,0.69162362,0.69162362,0.69162362
1691631636000,0.69162362,0.69162362,0.69162362
1691631637000,0.6915716,0.6915716,0.6915716
1691631638000,0.69157163,0.69157163,0.69157163
1691631639000,0.69157041,0.69157041,0.69157041
1691631640000,0.69152981,0.69152981,0.69152981
1691631641000,0.69152985,0.69152985,0.69152985
1691631642000,0.69152577,0.69152577,0.69152577
1691631643000,0.69152577,0.69152577,0.69152577
1691631644000,0.69148307,0.69148307,0.69148307
1691631645000,0.69152791,0.69152791,0.69152791
1691631646000,0.69152791,0.69152791,0.69152791
1691631647000,0.69152791,0.69152791,0.69152791
1691631648000,0.69152753,0.69152753,0.69152753
1691631649000,0.69152753,0.69152753,0.69152753
1691631650000,0.6916177,0.6916177,0.6916177
1691631651000,0.6916177,0.6916177,0.6916177
1691631652000,0.6916219,0.6916219,0.6916219
1691631653000,0.69162186,0.69162186,0.69162186
1691631654000,0.69186521,0.69186521,0.69186521
1691631655000,0.6919,0.6919,0.6919
1691631656000,0.69188409,0.69188409,0.69188409
1691631657000,0.69211498,0.69211498,0.69211498
1691631658000,0.69211497,0.69211497,0.69211497
1691631659000,0.6922,0.6922,0.6922
1691631660000,0.6922,0.6922,0.6922
1691631661000,0.6922,0.6922,0.6922
1691631662000,0.6922,0.6922,0.6922
1691631663000,0.6921,0.6921,0.6921
1691631664000,0.6922,0.6922,0.6922
1691631665000,0.6921,0.6921,0.6921
1691631666000,0.6921,0.6921,0.6921
1691631667000,0.6921,0.6921,0.6921
1691631668000,0.69202983,0.69202983,0.69202983
1691631669000,0.6921,0.6921,0.6921
1691631670000,0.6921,0.6921,0.6921
1691631671000,0.6921,0.6921,0.6921
1691631672000,0.6921,0.6921,0.6921
1691631673000,0.6921,0.6921,0.6921
1691631674000,0.69202418,0.69202418,0.69202418
1691631675000,0.69202421,0.69202421,0.69202421
1691631676000,0.6921,0.6921,0.6921
1691631677000,0.6921,0.6921,0.6921
1691631678000,0.6921,0.6921,0.6921
1691631679000,0.6921,0.6921,0.6921
1691631680000,0.6921,0.6921,0.6921
1691631681000,0.6921,0.6921,0.6921
1691631682000,0.6921,0.6921,0.6921
1691631683000,0.6921,0.6921,0.6921
1691631684000,0.6921,0.6921,0.6921
1691631685000,0.6921,0.6921,0.6921
1691631686000,0.69204112,0.69204112,0.69204112
1691631687000,0.69204112,0.69204112,0.69204112
1691631688000,0.69204112,0.69204112,0.69204112
1691631689000,0.6921,0.6921,0.6921
1691631690000,0.6921,0.6921,0.6921
1691631691000,0.69203761,0.69203761,0.69203761
1691631692000,0.69203761,0.69203761,0.69203761
1691631693000,0.69203761,0.69203761,0.69203761
1691631694000,0.69203761,0.69203761,0.69203761
1691631695000,0.69203761,0.69203761,0.69203761
1691631696000,0.6921,0.6921,0.6921
1691631697000,0.6921,0.6921,0.6921
1691631698000,0.6921,0.6921,0.6921
1691631699000,0.6922,0.6922,0.6922
1691631700000,0.6921,0.6921,0.6921
1691631701000,0.6921,0.6921,0.6921
1691631702000,0.6921,0.6921,0.6921
1691631703000,0.6921,0.6921,0.6921
1691631704000,0.6921,0.6921,0.6921
1691631705000,0.6921,0.6921,0.6921
1691631706000,0.6921,0.6921,0.6921
1691631707000,0.6921,0.6921,0.6921
1691631708000,0.6921,0.6921,0.6921
1691631709000,0.6921,0.6921,0.6921
1691631710000,0.6921,0.6921,0.6921
1691631711000,0.6921,0.6921,0.6921
1691631712000,0.6921,0.6921,0.6921
1691631713000,0.6921,0.6921,0.6921
1691631714000,0.69202417,0.69202417,0.69202417
1691631715000,0.69202498,0.69202498,0.69202498
1691631716000,0.69202495,0.69202495,0.69202495
1691631717000,0.69202306,0.69202306,0.69202306
1691631718000,0.69202306,0.69202306,0.69202306
1691631719000,0.6920091,0.6920091,0.6920091
1691631720000,0.6920091,0.6920091,0.6920091
1691631721000,0.69192584,0.69192584,0.69192584
1691631722000,0.69183037,0.69183037,0.69183037
1691631723000,0.69181611,0.69181611,0.69181611
1691631724000,0.69180753,0.69180753,0.69180753
1691631725000,0.69180267,0.69180267,0.69180267
1691631726000,0.69180267,0.69180267,0.69180267
1691631727000,0.69180267,0.69180267,0.69180267
1691631728000,0.69179042,0.69179042,0.69179042
1691631729000,0.69165941,0.69165941,0.69165941
1691631730000,0.69165941,0.69165941,0.69165941
1691631731000,0.69165938,0.69165938,0.69165938
1691631732000,0.69165938,0.69165938,0.69165938
1691631733000,0.69164,0.69164,0.69164
1691631734000,0.69164,0.69164,0.69164
1691631735000,0.69162231,0.69162231,0.69162231
1691631736000,0.69162231,0.69162231,0.69162231
1691631737000,0.69162231,0.69162231,0.69162231
1691631738000,0.69161479,0.69161479,0.69161479
1691631739000,0.69161716,0.69161716,0.69161716
1691631740000,0.69161716,0.69161716,0.69161716
1691631741000,0.69161719,0.69161719,0.69161719
1691631742000,0.69161719,0.69161719,0.69161719
1691631743000,0.69160871,0.69160871,0.69160871
1691631744000,0.69160809,0.69160809,0.69160809
1691631745000,0.69160809,0.69160809,0.69160809
1691631746000,0.69160809,0.69160809,0.69160809
1691631747000,0.69160809,0.69160809,0.69160809
1691631748000,0.69155298,0.69155298,0.69155298
1691631749000,0.69150703,0.69150703,0.69150703
1691631750000,0.69150703,0.69150703,0.69150703
1691631751000,0.6915078,0.6915078,0.6915078
1691631752000,0.6915078,0.6915078,0.6915078
1691631753000,0.6915078,0.6915078,0.6915078
1691631754000,0.69150082,0.69150082,0.69150082
1691631755000,0.69149991,0.69149991,0.69149991
1691631756000,0.69149995,0.69149995,0.69149995
1691631757000,0.69149991,0.69149991,0.69149991
1691631758000,0.69149995,0.69149995,0.69149995
1691631759000,0.69149467,0.69149467,0.69149467
1691631760000,0.69154118,0.69154118,0.69154118
1691631761000,0.69154118,0.69154118,0.69154118
1691631762000,0.69149547,0.69149547,0.69149547
1691631763000,0.69149547,0.69149547,0.69149547
1691631764000,0.69153557,0.69153557,0.69153557
1691631765000,0.69153557,0.69153557,0.69153557
1691631766000,0.69153626,0.69153626,0.69153626
1691631767000,0.69153626,0.69153626,0.69153626
1691631768000,0.69153626,0.69153626,0.69153626
1691631769000,0.69153093,0.69153093,0.69153093
1691631770000,0.69152939,0.69152939,0.69152939
1691631771000,0.69152939,0.69152939,0.69152939
1691631772000,0.69152936,0.69152936,0.69152936
1691631773000,0.69152936,0.69152936,0.69152936
1691631774000,0.69152477,0.69152477,0.69152477
1691631775000,0.69152798,0.69152798,0.69152798
1691631776000,0.69152802,0.69152802,0.69152802
1691631777000,0.69143732,0.69143732,0.69143732
1691631778000,0.69143732,0.69143732,0.69143732
1691631779000,0.6917,0.6917,0.6917
1691631780000,0.6918,0.6918,0.6918
1691631781000,0.6918,0.6918,0.6918
1691631782000,0.6918,0.6918,0.6918
1691631783000,0.6917,0.6917,0.6917
1691631784000,0.6917,0.6917,0.6917
1691631785000,0.6917,0.6917,0.6917
1691631786000,0.6918,0.6918,0.6918
1691631787000,0.6918,0.6918,0.6918
1691631788000,0.6919,0.6919,0.6919
1691631789000,0.6919,0.6919,0.6919
1691631790000,0.6919,0.6919,0.6919
1691631791000,0.6919,0.6919,0.6919
1691631792000,0.6919,0.6919,0.6919
1691631793000,0.6919,0.6919,0.6919
1691631794000,0.6919,0.6919,0.6919
1691631795000,0.6919,0.6919,0.6919
1691631796000,0.6919,0.6919,0.6919
1691631797000,0.6919,0.6919,0.6919
1691631798000,0.6919,0.6919,0.6919
1691631799000,0.692,0.692,0.692
1691631800000,0.692,0.692,0.692
1691631801000,0.692,0.692,0.692
1691631802000,0.692,0.692,0.692
1691631803000,0.692,0.692,0.692
1691631804000,0.692,0.692,0.692
1691631805000,0.692,0.692,0.692
1691631806000,0.692,0.692,0.692
1691631807000,0.692,0.692,0.692
1691631808000,0.692,0.692,0.692
1691631809000,0.6921,0.6921,0.6921
1691631810000,0.6921,0.6921,0.6921
1691631811000,0.6921,0.6921,0.6921
1691631812000,0.6921,0.6921,0.6921
1691631813000,0.6921,0.6921,0.6921
1691631814000,0.6921,0.6921,0.6921
1691631815000,0.6921,0.6921,0.6921
1691631816000,0.692,0.692,0.692
1691631817000,0.692,0.692,0.692
1691631818000,0.69209401,0.69209401,0.69209401
1691631819000,0.692094,0.692094,0.692094
1691631820000,0.6921,0.6921,0.6921
1691631821000,0.6921,0.6921,0.6921
1691631822000,0.6922,0.6922,0.6922
1691631823000,0.6922,0.6922,0.6922
1691631824000,0.6922,0.6922,0.6922
1691631825000,0.6922,0.6922,0.6922
1691631826000,0.6922,0.6922,0.6922
1691631827000,0.6922,0.6922,0.6922
1691631828000,0.6922,0.6922,0.6922
1691631829000,0.6922,0.6922,0.6922
1691631830000,0.6922,0.6922,0.6922
1691631831000,0.6922,0.6922,0.6922
1691631832000,0.6922,0.6922,0.6922
1691631833000,0.6922,0.6922,0.6922
1691631834000,0.6922,0.6922,0.6922
1691631835000,0.6923,0.6923,0.6923
1691631836000,0.6923,0.6923,0.6923
1691631837000,0.6923,0.6923,0.6923
1691631838000,0.6923,0.6923,0.6923
1691631839000,0.6923,0.6923,0.6923
1691631840000,0.6923,0.6923,0.6923
1691631841000,0.6924,0.6924,0.6924
1691631842000,0.6924,0.6924,0.6924
1691631843000,0.69230527,0.69230527,0.69230527
1691631844000,0.69230527,0.69230527,0.69230527
1691631845000,0.69230531,0.69230531,0.69230531
1691631846000,0.69230531,0.69230531,0.69230531
1691631847000,0.69230174,0.69230174,0.69230174
1691631848000,0.69230174,0.69230174,0.69230174
1691631849000,0.69224769,0.69224769,0.69224769
1691631850000,0.69224769,0.69224769,0.69224769
1691631851000,0.69230271,0.69230271,0.69230271
1691631852000,0.69230459,0.69230459,0.69230459
1691631853000,0.69230455,0.69230455,0.69230455
1691631854000,0.69230455,0.69230455,0.69230455
1691631855000,0.69230455,0.69230455,0.69230455
1691631856000,0.69230365,0.69230365,0.69230365
1691631857000,0.69230332,0.69230332,0.69230332
1691631858000,0.69230332,0.69230332,0.69230332
1691631859000,0.69230332,0.69230332,0.69230332
1691631860000,0.6924,0.6924,0.6924
1691631861000,0.6924,0.6924,0.6924
1691631862000,0.6924,0.6924,0.6924
1691631863000,0.6925,0.6925,0.6925
1691631864000,0.6925,0.6925,0.6925
1691631865000,0.6925,0.6925,0.6925
1691631866000,0.6925,0.6925,0.6925
1691631867000,0.6925,0.6925,0.6925
1691631868000,0.6925,0.6925,0.6925
1691631869000,0.6925,0.6925,0.6925
1691631870000,0.6927,0.6927,0.6927
1691631871000,0.6927746,0.6927746,0.6927746
1691631872000,0.6928,0.6928,0.6928
1691631873000,0.69258594,0.69258594,0.69258594
1691631874000,0.69258594,0.69258594,0.69258594
1691631875000,0.69253053,0.69253053,0.69253053
1691631876000,0.6927,0.6927,0.6927
1691631877000,0.6927,0.6927,0.6927
1691631878000,0.6927,0.6927,0.6927
1691631879000,0.6927,0.6927,0.6927
1691631880000,0.6927,0.6927,0.6927
1691631881000,0.6927,0.6927,0.6927
1691631882000,0.6926,0.6926,0.6926
1691631883000,0.6928,0.6928,0.6928
1691631884000,0.6928,0.6928,0.6928
1691631885000,0.6928,0.6928,0.6928
1691631886000,0.6928,0.6928,0.6928
1691631887000,0.6928,0.6928,0.6928
1691631888000,0.6928,0.6928,0.6928
1691631889000,0.6928,0.6928,0.6928
1691631890000,0.69270156,0.69270156,0.69270156
1691631891000,0.6927,0.6927,0.6927
1691631892000,0.69264751,0.69264751,0.69264751
1691631893000,0.69264849,0.69264849,0.69264849
1691631894000,0.69264971,0.69264971,0.69264971
1691631895000,0.6927,0.6927,0.6927
1691631896000,0.6927,0.6927,0.6927
1691631897000,0.6927,0.6927,0.6927
1691631898000,0.6928,0.6928,0.6928
1691631899000,0.6928,0.6928,0.6928
1691631900000,0.6927,0.6927,0.6927
1691631901000,0.6927,0.6927,0.6927
1691631902000,0.6927,0.6927,0.6927
1691631903000,0.69265538,0.69265538,0.69265538
1691631904000,0.69265597,0.69265597,0.69265597
1691631905000,0.6928,0.6928,0.6928
1691631906000,0.69284222,0.69284222,0.69284222
1691631907000,0.69289628,0.69289628,0.69289628
1691631908000,0.69290013,0.69290013,0.69290013
1691631909000,0.69284755,0.69284755,0.69284755
1691631910000,0.69284733,0.69284733,0.69284733
1691631911000,0.69284733,0.69284733,0.69284733
1691631912000,0.69284736,0.69284736,0.69284736
1691631913000,0.69284672,0.69284672,0.69284672
1691631914000,0.69284816,0.69284816,0.69284816
1691631915000,0.69284816,0.69284816,0.69284816
1691631916000,0.69284816,0.69284816,0.69284816
1691631917000,0.69284813,0.69284813,0.69284813
1691631918000,0.69278986,0.69278986,0.69278986
1691631919000,0.69278986,0.69278986,0.69278986
1691631920000,0.69278965,0.69278965,0.69278965
1691631921000,0.69278965,0.69278965,0.69278965
1691631922000,0.69278965,0.69278965,0.69278965
1691631923000,0.69279038,0.69279038,0.69279038
1691631924000,0.69278948,0.69278948,0.69278948
1691631925000,0.69278498,0.69278498,0.69278498
1691631926000,0.69278498,0.69278498,0.69278498
1691631927000,0.69278498,0.69278498,0.69278498
1691631928000,0.69278413,0.69278413,0.69278413
1691631929000,0.69278413,0.69278413,0.69278413
1691631930000,0.69278326,0.69278326,0.69278326
1691631931000,0.69278083,0.69278083,0.69278083
1691631932000,0.69278083,0.69278083,0.69278083
1691631933000,0.69277273,0.69277273,0.69277273
1691631934000,0.69277273,0.69277273,0.69277273
1691631935000,0.69272085,0.69272085,0.69272085
1691631936000,0.6926668,0.6926668,0.6926668
1691631937000,0.6927,0.6927,0.6927
1691631938000,0.6927,0.6927,0.6927
1691631939000,0.6927,0.6927,0.6927
1691631940000,0.6927,0.6927,0.6927
1691631941000,0.6927,0.6927,0.6927
1691631942000,0.69266741,0.69266741,0.69266741
1691631943000,0.69266741,0.69266741,0.69266741
1691631944000,0.6927,0.6927,0.6927
1691631945000,0.6928,0.6928,0.6928
1691631946000,0.6928,0.6928,0.6928
1691631947000,0.6928,0.6928,0.6928
1691631948000,0.6928,0.6928,0.6928
1691631949000,0.6928,0.6928,0.6928
1691631950000,0.6928,0.6928,0.6928
1691631951000,0.6928,0.6928,0.6928
1691631952000,0.6928,0.6928,0.6928
1691631953000,0.6926727,0.6926727,0.6926727
1691631954000,0.69261657,0.69261657,0.69261657
1691631955000,0.69261657,0.69261657,0.69261657
1691631956000,0.69261806,0.69261806,0.69261806
1691631957000,0.69261713,0.69261713,0.69261713
1691631958000,0.69261713,0.69261713,0.69261713
1691631959000,0.69261697,0.69261697,0.69261697
1691631960000,0.6926179,0.6926179,0.6926179
1691631961000,0.69261413,0.69261413,0.69261413
1691631962000,0.69229492,0.69229492,0.69229492
1691631963000,0.69229492,0.69229492,0.69229492
1691631964000,0.69228341,0.69228341,0.69228341
1691631965000,0.6923,0.6923,0.6923
1691631966000,0.6923,0.6923,0.6923
1691631967000,0.6923,0.6923,0.6923
1691631968000,0.6923,0.6923,0.6923
1691631969000,0.6923,0.6923,0.6923
1691631970000,0.6923,0.6923,0.6923
1691631971000,0.6923,0.6923,0.6923
1691631972000,0.6923,0.6923,0.6923
1691631973000,0.6923,0.6923,0.6923
1691631974000,0.69222487,0.69222487,0.69222487
1691631975000,0.69222484,0.69222484,0.69222484
1691631976000,0.6923,0.6923,0.6923
1691631977000,0.6923,0.6923,0.6923
1691631978000,0.6923,0.6923,0.6923
1691631979000,0.6923,0.6923,0.6923
1691631980000,0.6923,0.6923,0.6923
1691631981000,0.6923,0.6923,0.6923
1691631982000,0.6923,0.6923,0.6923
1691631983000,0.6923,0.6923,0.6923
1691631984000,0.6923,0.6923,0.6923
1691631985000,0.6923,0.6923,0.6923
1691631986000,0.6925,0.6925,0.6925
1691631987000,0.6925,0.6925,0.6925
1691631988000,0.6925,0.6925,0.6925
1691631989000,0.6925,0.6925,0.6925
1691631990000,0.6925,0.6925,0.6925
1691631991000,0.6925,0.6925,0.6925
1691631992000,0.6925,0.6925,0.6925
1691631993000,0.6925,0.6925,0.6925
1691631994000,0.6926,0.6926,0.6926
1691631995000,0.6926,0.6926,0.6926
1691631996000,0.6926,0.6926,0.6926
1691631997000,0.6926,0.6926,0.6926
1691631998000,0.6926,0.6926,0.6926
1691631999000,0.6926,0.6926,0.6926
1691632000000,0.6926,0.6926,0.6926
1691632001000,0.6926,0.6926,0.6926
1691632002000,0.6927,0.6927,0.6927
1691632003000,0.6927,0.6927,0.6927
1691632004000,0.6927,0.6927,0.6927
1691632005000,0.6927,0.6927,0.6927
1691632006000,0.6927,0.6927,0.6927
1691632007000,0.6927,0.6927,0.6927
1691632008000,0.6927,0.6927,0.6927
1691632009000,0.6927,0.6927,0.6927
1691632010000,0.6927,0.6927,0.6927
1691632011000,0.6927,0.6927,0.6927
1691632012000,0.6927,0.6927,0.6927
1691632013000,0.6927,0.6927,0.6927
1691632014000,0.6927,0.6927,0.6927
1691632015000,0.6927,0.6927,0.6927
1691632016000,0.6927,0.6927,0.6927
1691632017000,0.6927,0.6927,0.6927
1691632018000,0.6927,0.6927,0.6927
1691632019000,0.6927,0.6927,0.6927
1691632020000,0.69268286,0.69268286,0.69268286
1691632021000,0.69268335,0.69268335,0.69268335
1691632022000,0.69271578,0.69271578,0.69271578
1691632023000,0.6928,0.6928,0.6928
1691632024000,0.6929,0.6929,0.6929
1691632025000,0.6929,0.6929,0.6929
1691632026000,0.69283163,0.69283163,0.69283163
1691632027000,0.6929,0.6929,0.6929
1691632028000,0.6929,0.6929,0.6929
1691632029000,0.6929,0.6929,0.6929
1691632030000,0.6929,0.6929,0.6929
1691632031000,0.6929,0.6929,0.6929
1691632032000,0.6929,0.6929,0.6929
1691632033000,0.6929,0.6929,0.6929
1691632034000,0.69283897,0.69283897,0.69283897
1691632035000,0.6928,0.6928,0.6928
1691632036000,0.6928,0.6928,0.6928
1691632037000,0.6928,0.6928,0.6928
1691632038000,0.6928,0.6928,0.6928
1691632039000,0.6929,0.6929,0.6929
1691632040000,0.6929,0.6929,0.6929
1691632041000,0.6928,0.6928,0.6928
1691632042000,0.6929,0.6929,0.6929
1691632043000,0.6929,0.6929,0.6929
1691632044000,0.6929,0.6929,0.6929
1691632045000,0.6929,0.6929,0.6929
1691632046000,0.69280439,0.69280439,0.69280439
1691632047000,0.69280439,0.69280439,0.69280439
1691632048000,0.69280442,0.69280442,0.69280442
1691632049000,0.69281704,0.69281704,0.69281704
1691632050000,0.69281701,0.69281701,0.69281701
1691632051000,0.69281704,0.69281704,0.69281704
1691632052000,0.69281701,0.69281701,0.69281701
1691632053000,0.69281701,0.69281701,0.69281701
1691632054000,0.69281701,0.69281701,0.69281701
1691632055000,0.692821,0.692821,0.692821
1691632056000,0.692821,0.692821,0.692821
1691632057000,0.692821,0.692821,0.692821
1691632058000,0.692821,0.692821,0.692821
1691632059000,0.692821,0.692821,0.692821
1691632060000,0.69282498,0.69282498,0.69282498
1691632061000,0.69282498,0.69282498,0.69282498
1691632062000,0.69281944,0.69281944,0.69281944
1691632063000,0.69281944,0.69281944,0.69281944
1691632064000,0.69281944,0.69281944,0.69281944
1691632065000,0.69277771,0.69277771,0.69277771
1691632066000,0.69277771,0.69277771,0.69277771
1691632067000,0.69277767,0.69277767,0.69277767
1691632068000,0.69275678,0.69275678,0.69275678
1691632069000,0.69275674,0.69275674,0.69275674
1691632070000,0.69275907,0.69275907,0.69275907
1691632071000,0.69275907,0.69275907,0.69275907
1691632072000,0.69275907,0.69275907,0.69275907
1691632073000,0.69275907,0.69275907,0.69275907
1691632074000,0.69275826,0.69275826,0.69275826
1691632075000,0.69276085,0.69276085,0.69276085
1691632076000,0.69271282,0.69271282,0.69271282
1691632077000,0.69271282,0.69271282,0.69271282
1691632078000,0.69271282,0.69271282,0.69271282
1691632079000,0.69271201,0.69271201,0.69271201
1691632080000,0.6927147,0.6927147,0.6927147
1691632081000,0.6927147,0.6927147,0.6927147
1691632082000,0.69271473,0.69271473,0.69271473
1691632083000,0.69272167,0.69272167,0.69272167
1691632084000,0.69272167,0.69272167,0.69272167
1691632085000,0.69272167,0.69272167,0.69272167
1691632086000,0.69270565,0.69270565,0.69270565
1691632087000,0.69270163,0.69270163,0.69270163
1691632088000,0.69270861,0.69270861,0.69270861
1691632089000,0.69270163,0.69270163,0.69270163
1691632090000,0.69270163,0.69270163,0.69270163
1691632091000,0.6926994,0.6926994,0.6926994
1691632092000,0.6926994,0.6926994,0.6926994
1691632093000,0.69269993,0.69269993,0.69269993
1691632094000,0.69269993,0.69269993,0.69269993
1691632095000,0.6927,0.6927,0.6927
1691632096000,0.6927,0.6927,0.6927
1691632097000,0.6927,0.6927,0.6927
1691632098000,0.6928,0.6928,0.6928
1691632099000,0.6928,0.6928,0.6928
1691632100000,0.6928,0.6928,0.6928
1691632101000,0.69274578,0.69274578,0.69274578
1691632102000,0.69274578,0.69274578,0.69274578
1691632103000,0.69274526,0.69274526,0.69274526
1691632104000,0.69274526,0.69274526,0.69274526
1691632105000,0.69274526,0.69274526,0.69274526
1691632106000,0.692743,0.692743,0.692743
1691632107000,0.692743,0.692743,0.692743
1691632108000,0.69273786,0.69273786,0.69273786
1691632109000,0.69273869,0.69273869,0.69273869
1691632110000,0.69273869,0.69273869,0.69273869
1691632111000,0.69269215,0.69269215,0.69269215
1691632112000,0.69268853,0.69268853,0.69268853
1691632113000,0.69268805,0.69268805,0.69268805
1691632114000,0.69268805,0.69268805,0.69268805
1691632115000,0.69268805,0.69268805,0.69268805
1691632116000,0.6927,0.6927,0.6927
1691632117000,0.6927,0.6927,0.6927
1691632118000,0.6927,0.6927,0.6927
1691632119000,0.6927,0.6927,0.6927
1691632120000,0.6927,0.6927,0.6927
1691632121000,0.6927,0.6927,0.6927
1691632122000,0.6927,0.6927,0.6927
1691632123000,0.6927,0.6927,0.6927
1691632124000,0.6927,0.6927,0.6927
1691632125000,0.6927,0.6927,0.6927
1691632126000,0.6927,0.6927,0.6927
1691632127000,0.69272363,0.69272363,0.69272363
1691632128000,0.69272363,0.69272363,0.69272363
1691632129000,0.69272499,0.69272499,0.69272499
1691632130000,0.69272499,0.69272499,0.69272499
1691632131000,0.69272503,0.69272503,0.69272503
1691632132000,0.69272318,0.69272318,0.69272318
1691632133000,0.69276431,0.69276431,0.69276431
1691632134000,0.69276431,0.69276431,0.69276431
1691632135000,0.69276511,0.69276511,0.69276511
1691632136000,0.69276511,0.69276511,0.69276511
1691632137000,0.69276511,0.69276511,0.69276511
1691632138000,0.69276179,0.69276179,0.69276179
1691632139000,0.69276755,0.69276755,0.69276755
1691632140000,0.69276755,0.69276755,0.69276755
1691632141000,0.69276755,0.69276755,0.69276755
1691632142000,0.69276755,0.69276755,0.69276755
1691632143000,0.69278074,0.69278074,0.69278074
1691632144000,0.69278203,0.69278203,0.69278203
1691632145000,0.69278207,0.69278207,0.69278207
1691632146000,0.69278203,0.69278203,0.69278203
1691632147000,0.69278203,0.69278203,0.69278203
1691632148000,0.69278228,0.69278228,0.69278228
1691632149000,0.69278235,0.69278235,0.69278235
1691632150000,0.69278235,0.69278235,0.69278235
1691632151000,0.69278315,0.69278315,0.69278315
1691632152000,0.69278315,0.69278315,0.69278315
1691632153000,0.69278328,0.69278328,0.69278328
1691632154000,0.69282976,0.69282976,0.69282976
1691632155000,0.69283091,0.69283091,0.69283091
1691632156000,0.69283011,0.69283011,0.69283011
1691632157000,0.69283011,0.69283011,0.69283011
1691632158000,0.69283035,0.69283035,0.69283035
1691632159000,0.69283102,0.69283102,0.69283102
1691632160000,0.69283105,0.69283105,0.69283105
1691632161000,0.69283102,0.69283102,0.69283102
1691632162000,0.69283102,0.69283102,0.69283102
1691632163000,0.69283025,0.69283025,0.69283025
1691632164000,0.69282717,0.69282717,0.69282717
1691632165000,0.6928286,0.6928286,0.6928286
1691632166000,0.69282857,0.69282857,0.69282857
1691632167000,0.69282857,0.69282857,0.69282857
1691632168000,0.6928286,0.6928286,0.6928286
1691632169000,0.69282647,0.69282647,0.69282647
1691632170000,0.69282647,0.69282647,0.69282647
1691632171000,0.69282563,0.69282563,0.69282563
1691632172000,0.69282644,0.69282644,0.69282644
1691632173000,0.69282644,0.69282644,0.69282644
1691632174000,0.6928,0.6928,0.6928
1691632175000,0.6928,0.6928,0.6928
1691632176000,0.6928,0.6928,0.6928
1691632177000,0.6928,0.6928,0.6928
1691632178000,0.6928,0.6928,0.6928
1691632179000,0.6928,0.6928,0.6928
1691632180000,0.6928,0.6928,0.6928
1691632181000,0.6928,0.6928,0.6928
1691632182000,0.69277109,0.69277109,0.69277109
1691632183000,0.69277226,0.69277226,0.69277226
1691632184000,0.69259339,0.69259339,0.69259339
1691632185000,0.69259339,0.69259339,0.69259339
1691632186000,0.69259339,0.69259339,0.69259339
1691632187000,0.69259262,0.69259262,0.69259262
1691632188000,0.69259339,0.69259339,0.69259339
1691632189000,0.69259343,0.69259343,0.69259343
1691632190000,0.69253745,0.69253745,0.69253745
1691632191000,0.69253745,0.69253745,0.69253745
1691632192000,0.69253513,0.69253513,0.69253513
1691632193000,0.69253509,0.69253509,0.69253509
1691632194000,0.6925816,0.6925816,0.6925816
1691632195000,0.69257772,0.69257772,0.69257772
1691632196000,0.69257908,0.69257908,0.69257908
1691632197000,0.69256516,0.69256516,0.69256516
1691632198000,0.69256516,0.69256516,0.69256516
1691632199000,0.69256513,0.69256513,0.69256513
1691632200000,0.69255938,0.69255938,0.69255938
1691632201000,0.69255938,0.69255938,0.69255938
1691632202000,0.69255942,0.69255942,0.69255942
1691632203000,0.69255942,0.69255942,0.69255942
1691632204000,0.69253148,0.69253148,0.69253148
1691632205000,0.69252647,0.69252647,0.69252647
1691632206000,0.69252647,0.69252647,0.69252647
1691632207000,0.6925265,0.6925265,0.6925265
1691632208000,0.69244373,0.69244373,0.69244373
1691632209000,0.69244373,0.69244373,0.69244373
1691632210000,0.69243523,0.69243523,0.69243523
1691632211000,0.69243523,0.69243523,0.69243523
1691632212000,0.69242845,0.69242845,0.69242845
1691632213000,0.69242765,0.69242765,0.69242765
1691632214000,0.69233463,0.69233463,0.69233463
1691632215000,0.69237829,0.69237829,0.69237829
1691632216000,0.69237829,0.69237829,0.69237829
1691632217000,0.69237713,0.69237713,0.69237713
1691632218000,0.69233604,0.69233604,0.69233604
1691632219000,0.69233604,0.69233604,0.69233604
1691632220000,0.69214186,0.69214186,0.69214186
1691632221000,0.69214286,0.69214286,0.69214286
1691632222000,0.69214283,0.69214283,0.69214283
1691632223000,0.69214283,0.69214283,0.69214283
1691632224000,0.69214053,0.69214053,0.69214053
1691632225000,0.69210059,0.69210059,0.69210059
1691632226000,0.6921,0.6921,0.6921
1691632227000,0.69210006,0.69210006,0.69210006
1691632228000,0.69210006,0.69210006,0.69210006
1691632229000,0.69209922,0.69209922,0.69209922
1691632230000,0.69209922,0.69209922,0.69209922
1691632231000,0.69210178,0.69210178,0.69210178
1691632232000,0.69210178,0.69210178,0.69210178
1691632233000,0.69210178,0.69210178,0.69210178
1691632234000,0.6921483,0.6921483,0.6921483
1691632235000,0.6921483,0.6921483,0.6921483
1691632236000,0.69214543,0.69214543,0.69214543
1691632237000,0.69214543,0.69214543,0.69214543
1691632238000,0.69214543,0.69214543,0.69214543
1691632239000,0.69209798,0.69209798,0.69209798
1691632240000,0.69209798,0.69209798,0.69209798
1691632241000,0.69209629,0.69209629,0.69209629
1691632242000,0.69209629,0.69209629,0.69209629
1691632243000,0.6921,0.6921,0.6921
1691632244000,0.6921,0.6921,0.6921
1691632245000,0.6921428,0.6921428,0.6921428
1691632246000,0.69214193,0.69214193,0.69214193
1691632247000,0.69213859,0.69213859,0.69213859
1691632248000,0.69213859,0.69213859,0.69213859
1691632249000,0.69213609,0.69213609,0.69213609
1691632250000,0.69213687,0.69213687,0.69213687
1691632251000,0.69198483,0.69198483,0.69198483
1691632252000,0.69179169,0.69179169,0.69179169
1691632253000,0.69171012,0.69171012,0.69171012
1691632254000,0.69171012,0.69171012,0.69171012
1691632255000,0.69169584,0.69169584,0.69169584
1691632256000,0.69168398,0.69168398,0.69168398
1691632257000,0.69168116,0.69168116,0.69168116
1691632258000,0.691682,0.691682,0.691682
1691632259000,0.69168116,0.69168116,0.69168116
1691632260000,0.69168116,0.69168116,0.69168116
1691632261000,0.69168232,0.69168232,0.69168232
1691632262000,0.69168142,0.69168142,0.69168142
1691632263000,0.69168142,0.69168142,0.69168142
1691632264000,0.69169382,0.69169382,0.69169382
1691632265000,0.69169382,0.69169382,0.69169382
1691632266000,0.69169382,0.69169382,0.69169382
1691632267000,0.69167844,0.69167844,0.69167844
1691632268000,0.69167786,0.69167786,0.69167786
1691632269000,0.69167743,0.69167743,0.69167743
1691632270000,0.69167454,0.69167454,0.69167454
1691632271000,0.69167454,0.69167454,0.69167454
1691632272000,0.6917,0.6917,0.6917
1691632273000,0.69159204,0.69159204,0.69159204
1691632274000,0.69158248,0.69158248,0.69158248
1691632275000,0.69158248,0.69158248,0.69158248
1691632276000,0.69158209,0.69158209,0.69158209
1691632277000,0.69157937,0.69157937,0.69157937
1691632278000,0.69157609,0.69157609,0.69157609
1691632279000,0.69157609,0.69157609,0.69157609
1691632280000,0.69157692,0.69157692,0.69157692
1691632281000,0.69157689,0.69157689,0.69157689
1691632282000,0.6915764,0.6915764,0.6915764
1691632283000,0.69157557,0.69157557,0.69157557
1691632284000,0.6916,0.6916,0.6916
1691632285000,0.6916,0.6916,0.6916
1691632286000,0.6916,0.6916,0.6916
1691632287000,0.69157564,0.69157564,0.69157564
1691632288000,0.69157133,0.69157133,0.69157133
1691632289000,0.69157133,0.69157133,0.69157133
1691632290000,0.69157133,0.69157133,0.69157133
1691632291000,0.69156577,0.69156577,0.69156577
1691632292000,0.69156406,0.69156406,0.69156406
1691632293000,0.69155824,0.69155824,0.69155824
1691632294000,0.6915117,0.6915117,0.6915117
1691632295000,0.69151,0.69151,0.69151
1691632296000,0.69152396,0.69152396,0.69152396
1691632297000,0.69152305,0.69152305,0.69152305
1691632298000,0.69152302,0.69152302,0.69152302
1691632299000,0.69151994,0.69151994,0.69151994
1691632300000,0.69151994,0.69151994,0.69151994
1691632301000,0.69151371,0.69151371,0.69151371
1691632302000,0.69151371,0.69151371,0.69151371
1691632303000,0.6916,0.6916,0.6916
1691632304000,0.6916,0.6916,0.6916
1691632305000,0.69161275,0.69161275,0.69161275
1691632306000,0.69161275,0.69161275,0.69161275
1691632307000,0.6916,0.6916,0.6916
1691632308000,0.6916,0.6916,0.6916
1691632309000,0.6916,0.6916,0.6916
1691632310000,0.6916,0.6916,0.6916
1691632311000,0.6916,0.6916,0.6916
1691632312000,0.6916,0.6916,0.6916
1691632313000,0.6916,0.6916,0.6916
1691632314000,0.6916,0.6916,0.6916
1691632315000,0.6915,0.6915,0.6915
1691632316000,0.6915,0.6915,0.6915
1691632317000,0.69153279,0.69153279,0.69153279
1691632318000,0.69153289,0.69153289,0.69153289
1691632319000,0.69153328,0.69153328,0.69153328
1691632320000,0.69153328,0.69153328,0.69153328
1691632321000,0.69152846,0.69152846,0.69152846
1691632322000,0.69152849,0.69152849,0.69152849
1691632323000,0.69152678,0.69152678,0.69152678
1691632324000,0.69152485,0.69152485,0.69152485
1691632325000,0.69152407,0.69152407,0.69152407
1691632326000,0.69152407,0.69152407,0.69152407
1691632327000,0.69152323,0.69152323,0.69152323
1691632328000,0.69152323,0.69152323,0.69152323
1691632329000,0.69152368,0.69152368,0.69152368
1691632330000,0.69152101,0.69152101,0.69152101
1691632331000,0.69152101,0.69152101,0.69152101
1691632332000,0.69152181,0.69152181,0.69152181
1691632333000,0.69152028,0.69152028,0.69152028
1691632334000,0.69151951,0.69151951,0.69151951
1691632335000,0.69151593,0.69151593,0.69151593
1691632336000,0.69151667,0.69151667,0.69151667
1691632337000,0.69151663,0.69151663,0.69151663
1691632338000,0.69151744,0.69151744,0.69151744
1691632339000,0.69151607,0.69151607,0.69151607
1691632340000,0.69149432,0.69149432,0.69149432
1691632341000,0.69149432,0.69149432,0.69149432
1691632342000,0.69149432,0.69149432,0.69149432
1691632343000,0.69149226,0.69149226,0.69149226
1691632344000,0.69149226,0.69149226,0.69149226
1691632345000,0.6914,0.6914,0.6914
1691632346000,0.6914,0.6914,0.6914
1691632347000,0.6913945,0.6913945,0.6913945
1691632348000,0.6913,0.6913,0.6913
1691632349000,0.6913,0.6913,0.6913
1691632350000,0.6913,0.6913,0.6913
1691632351000,0.6913,0.6913,0.6913
1691632352000,0.69127117,0.69127117,0.69127117
1691632353000,0.69126869,0.69126869,0.69126869
1691632354000,0.69126872,0.69126872,0.69126872
1691632355000,0.69126872,0.69126872,0.69126872
1691632356000,0.6912496,0.6912496,0.6912496
1691632357000,0.69123845,0.69123845,0.69123845
1691632358000,0.69123369,0.69123369,0.69123369
1691632359000,0.69120982,0.69120982,0.69120982
1691632360000,0.69120982,0.69120982,0.69120982
1691632361000,0.69120006,0.69120006,0.69120006
1691632362000,0.69107913,0.69107913,0.69107913
1691632363000,0.69107913,0.69107913,0.69107913
1691632364000,0.6910732,0.6910732,0.6910732
1691632365000,0.6910732,0.6910732,0.6910732
1691632366000,0.69106982,0.69106982,0.69106982
1691632367000,0.69106982,0.69106982,0.69106982
1691632368000,0.69106982,0.69106982,0.69106982
1691632369000,0.69106982,0.69106982,0.69106982
1691632370000,0.6910224,0.6910224,0.6910224
1691632371000,0.69101988,0.69101988,0.69101988
1691632372000,0.69088638,0.69088638,0.69088638
1691632373000,0.6908097,0.6908097,0.6908097
1691632374000,0.69081339,0.69081339,0.69081339
1691632375000,0.6908099,0.6908099,0.6908099
1691632376000,0.69080389,0.69080389,0.69080389
1691632377000,0.69080389,0.69080389,0.69080389
1691632378000,0.69089688,0.69089688,0.69089688
1691632379000,0.69089691,0.69089691,0.69089691
1691632380000,0.69084249,0.69084249,0.69084249
1691632381000,0.69083785,0.69083785,0.69083785
1691632382000,0.69074253,0.69074253,0.69074253
1691632383000,0.69074253,0.69074253,0.69074253
1691632384000,0.69073538,0.69073538,0.69073538
1691632385000,0.69073535,0.69073535,0.69073535
1691632386000,0.69073535,0.69073535,0.69073535
1691632387000,0.69068254,0.69068254,0.69068254
1691632388000,0.69068257,0.69068257,0.69068257
1691632389000,0.69068358,0.69068358,0.69068358
1691632390000,0.69068355,0.69068355,0.69068355
1691632391000,0.69072926,0.69072926,0.69072926
1691632392000,0.69072529,0.69072529,0.69072529
1691632393000,0.69072532,0.69072532,0.69072532
1691632394000,0.69072647,0.69072647,0.69072647
1691632395000,0.69072647,0.69072647,0.69072647
1691632396000,0.69072647,0.69072647,0.69072647
1691632397000,0.69072254,0.69072254,0.69072254
1691632398000,0.69071306,0.69071306,0.69071306
1691632399000,0.69067177,0.69067177,0.69067177
1691632400000,0.69067111,0.69067111,0.69067111
1691632401000,0.69067111,0.69067111,0.69067111
1691632402000,0.69066558,0.69066558,0.69066558
1691632403000,0.69066558,0.69066558,0.69066558
1691632404000,0.69066558,0.69066558,0.69066558
1691632405000,0.69071069,0.69071069,0.69071069
1691632406000,0.69071069,0.69071069,0.69071069
1691632407000,0.69070434,0.69070434,0.69070434
1691632408000,0.69070437,0.69070437,0.69070437
1691632409000,0.69070437,0.69070437,0.69070437
1691632410000,0.69070437,0.69070437,0.69070437
1691632411000,0.69070361,0.69070361,0.69070361
1691632412000,0.69070361,0.69070361,0.69070361
1691632413000,0.6906997,0.6906997,0.6906997
1691632414000,0.69069973,0.69069973,0.69069973
1691632415000,0.69069973,0.69069973,0.69069973
1691632416000,0.69063854,0.69063854,0.69063854
1691632417000,0.69063857,0.69063857,0.69063857
1691632418000,0.69063388,0.69063388,0.69063388
1691632419000,0.69063174,0.69063174,0.69063174
1691632420000,0.69063056,0.69063056,0.69063056
1691632421000,0.69062489,0.69062489,0.69062489
1691632422000,0.6906722,0.6906722,0.6906722
1691632423000,0.69066854,0.69066854,0.69066854
1691632424000,0.69062087,0.69062087,0.69062087
1691632425000,0.69066619,0.69066619,0.69066619
1691632426000,0.69066619,0.69066619,0.69066619
1691632427000,0.6907,0.6907,0.6907
1691632428000,0.6907,0.6907,0.6907
1691632429000,0.6907,0.6907,0.6907
1691632430000,0.6907,0.6907,0.6907
1691632431000,0.6907,0.6907,0.6907
1691632432000,0.6907,0.6907,0.6907
1691632433000,0.6907,0.6907,0.6907
1691632434000,0.6907,0.6907,0.6907
1691632435000,0.6907,0.6907,0.6907
1691632436000,0.6907,0.6907,0.6907
1691632437000,0.6907,0.6907,0.6907
1691632438000,0.6907,0.6907,0.6907
1691632439000,0.6907,0.6907,0.6907
1691632440000,0.6907,0.6907,0.6907
1691632441000,0.6907,0.6907,0.6907
1691632442000,0.6907,0.6907,0.6907
1691632443000,0.6907,0.6907,0.6907
1691632444000,0.69067018,0.69067018,0.69067018
1691632445000,0.69066937,0.69066937,0.69066937
1691632446000,0.69066976,0.69066976,0.69066976
1691632447000,0.69066976,0.69066976,0.69066976
1691632448000,0.69066972,0.69066972,0.69066972
1691632449000,0.69066543,0.69066543,0.69066543
1691632450000,0.69067683,0.69067683,0.69067683
1691632451000,0.6906768,0.6906768,0.6906768
1691632452000,0.6906768,0.6906768,0.6906768
1691632453000,0.6906559,0.6906559,0.6906559
1691632454000,0.69063743,0.69063743,0.69063743
1691632455000,0.69054437,0.69054437,0.69054437
1691632456000,0.69054437,0.69054437,0.69054437
1691632457000,0.6905444,0.6905444,0.6905444
1691632458000,0.69052344,0.69052344,0.69052344
1691632459000,0.69047331,0.69047331,0.69047331
1691632460000,0.69047331,0.69047331,0.69047331
1691632461000,0.69047334,0.69047334,0.69047334
1691632462000,0.69047334,0.69047334,0.69047334
1691632463000,0.69045935,0.69045935,0.69045935
1691632464000,0.69045855,0.69045855,0.69045855
1691632465000,0.69045478,0.69045478,0.69045478
1691632466000,0.69045478,0.69045478,0.69045478
1691632467000,0.69045478,0.69045478,0.69045478
1691632468000,0.69044083,0.69044083,0.69044083
1691632469000,0.69034545,0.69034545,0.69034545
1691632470000,0.69031236,0.69031236,0.69031236
1691632471000,0.69030117,0.69030117,0.69030117
1691632472000,0.6903012,0.6903012,0.6903012
1691632473000,0.6903012,0.6903012,0.6903012
1691632474000,0.69030117,0.69030117,0.69030117
1691632475000,0.6903,0.6903,0.6903
1691632476000,0.6903,0.6903,0.6903
1691632477000,0.69031297,0.69031297,0.69031297
1691632478000,0.69031297,0.69031297,0.69031297
1691632479000,0.69031217,0.69031217,0.69031217
1691632480000,0.69030861,0.69030861,0.69030861
1691632481000,0.69030861,0.69030861,0.69030861
1691632482000,0.69030861,0.69030861,0.69030861
1691632483000,0.69030832,0.69030832,0.69030832
1691632484000,0.69030832,0.69030832,0.69030832
1691632485000,0.69030452,0.69030452,0.69030452
1691632486000,0.69030455,0.69030455,0.69030455
1691632487000,0.69030455,0.69030455,0.69030455
1691632488000,0.69030449,0.69030449,0.69030449
1691632489000,0.69031149,0.69031149,0.69031149
1691632490000,0.69031149,0.69031149,0.69031149
1691632491000,0.69031149,0.69031149,0.69031149
1691632492000,0.69031076,0.69031076,0.69031076
1691632493000,0.69031076,0.69031076,0.69031076
1691632494000,0.6903108,0.6903108,0.6903108
1691632495000,0.69031076,0.69031076,0.69031076
1691632496000,0.69031052,0.69031052,0.69031052
1691632497000,0.69030975,0.69030975,0.69030975
1691632498000,0.69031055,0.69031055,0.69031055
1691632499000,0.69031055,0.69031055,0.69031055
1691632500000,0.69030975,0.69030975,0.69030975
1691632501000,0.69028021,0.69028021,0.69028021
1691632502000,0.69018646,0.69018646,0.69018646
1691632503000,0.69018646,0.69018646,0.69018646
1691632504000,0.69018726,0.69018726,0.69018726
1691632505000,0.69020238,0.69020238,0.69020238
1691632506000,0.69019853,0.69019853,0.69019853
1691632507000,0.69019773,0.69019773,0.69019773
1691632508000,0.69019822,0.69019822,0.69019822
1691632509000,0.69019822,0.69019822,0.69019822
1691632510000,0.69015689,0.69015689,0.69015689
1691632511000,0.69015536,0.69015536,0.69015536
1691632512000,0.69015376,0.69015376,0.69015376
1691632513000,0.69015376,0.69015376,0.69015376
1691632514000,0.6902,0.6902,0.6902
1691632515000,0.69015459,0.69015459,0.69015459
1691632516000,0.69015459,0.69015459,0.69015459
1691632517000,0.69015379,0.69015379,0.69015379
1691632518000,0.69015299,0.69015299,0.69015299
1691632519000,0.6902,0.6902,0.6902
1691632520000,0.69016637,0.69016637,0.69016637
1691632521000,0.69016637,0.69016637,0.69016637
1691632522000,0.69008187,0.69008187,0.69008187
1691632523000,0.69007942,0.69007942,0.69007942
1691632524000,0.69007939,0.69007939,0.69007939
1691632525000,0.69007939,0.69007939,0.69007939
1691632526000,0.69007939,0.69007939,0.69007939
1691632527000,0.69006971,0.69006971,0.69006971
1691632528000,0.69006971,0.69006971,0.69006971
1691632529000,0.69006918,0.69006918,0.69006918
1691632530000,0.69002271,0.69002271,0.69002271
1691632531000,0.69002267,0.69002267,0.69002267
1691632532000,0.69001765,0.69001765,0.69001765
1691632533000,0.69001668,0.69001668,0.69001668
1691632534000,0.69001671,0.69001671,0.69001671
1691632535000,0.69001671,0.69001671,0.69001671
1691632536000,0.690121,0.690121,0.690121
1691632537000,0.6902,0.6902,0.6902
1691632538000,0.6902,0.6902,0.6902
1691632539000,0.6902,0.6902,0.6902
1691632540000,0.6902,0.6902,0.6902
1691632541000,0.6902,0.6902,0.6902
1691632542000,0.6902,0.6902,0.6902
1691632543000,0.6902,0.6902,0.6902
1691632544000,0.69011942,0.69011942,0.69011942
1691632545000,0.69011942,0.69011942,0.69011942
1691632546000,0.69011942,0.69011942,0.69011942
1691632547000,0.69011942,0.69011942,0.69011942
1691632548000,0.69011577,0.69011577,0.69011577
1691632549000,0.69011654,0.69011654,0.69011654
1691632550000,0.69010613,0.69010613,0.69010613
1691632551000,0.69,0.69,0.69
1691632552000,0.6899,0.6899,0.6899
1691632553000,0.6899,0.6899,0.6899
1691632554000,0.6899,0.6899,0.6899
1691632555000,0.6899,0.6899,0.6899
1691632556000,0.69,0.69,0.69
1691632557000,0.69,0.69,0.69
1691632558000,0.69,0.69,0.69
1691632559000,0.69,0.69,0.69
1691632560000,0.69,0.69,0.69
1691632561000,0.69,0.69,0.69
1691632562000,0.69,0.69,0.69
1691632563000,0.69,0.69,0.69
1691632564000,0.6898,0.6898,0.6898
1691632565000,0.6898,0.6898,0.6898
1691632566000,0.6898,0.6898,0.6898
1691632567000,0.6899,0.6899,0.6899
1691632568000,0.6899,0.6899,0.6899
1691632569000,0.6899,0.6899,0.6899
1691632570000,0.6899,0.6899,0.6899
1691632571000,0.6899,0.6899,0.6899
1691632572000,0.6899,0.6899,0.6899
1691632573000,0.68980601,0.68980601,0.68980601
1691632574000,0.68980581,0.68980581,0.68980581
1691632575000,0.68980581,0.68980581,0.68980581
1691632576000,0.68980581,0.68980581,0.68980581
1691632577000,0.6899,0.6899,0.6899
1691632578000,0.6899,0.6899,0.6899
1691632579000,0.6899,0.6899,0.6899
1691632580000,0.6899,0.6899,0.6899
1691632581000,0.6899,0.6899,0.6899
1691632582000,0.6899,0.6899,0.6899
1691632583000,0.6898,0.6898,0.6898
1691632584000,0.6899,0.6899,0.6899
1691632585000,0.6899,0.6899,0.6899
1691632586000,0.6899,0.6899,0.6899
1691632587000,0.6899,0.6899,0.6899
1691632588000,0.6898,0.6898,0.6898
1691632589000,0.6898,0.6898,0.6898
1691632590000,0.6898,0.6898,0.6898
1691632591000,0.6898,0.6898,0.6898
1691632592000,0.6898,0.6898,0.6898
1691632593000,0.6898,0.6898,0.6898
1691632594000,0.6899,0.6899,0.6899
1691632595000,0.6899,0.6899,0.6899
1691632596000,0.6899,0.6899,0.6899
1691632597000,0.6899,0.6899,0.6899
1691632598000,0.6899,0.6899,0.6899
1691632599000,0.6898,0.6898,0.6898
1691632600000,0.6898,0.6898,0.6898
1691632601000,0.6898,0.6898,0.6898
1691632602000,0.6898,0.6898,0.6898
1691632603000,0.6899,0.6899,0.6899
1691632604000,0.69,0.69,0.69
1691632605000,0.6899,0.6899,0.6899
1691632606000,0.6899,0.6899,0.6899
1691632607000,0.6899,0.6899,0.6899
1691632608000,0.6899,0.6899,0.6899
1691632609000,0.6899,0.6899,0.6899
1691632610000,0.6899,0.6899,0.6899
1691632611000,0.6899,0.6899,0.6899
1691632612000,0.6899,0.6899,0.6899
1691632613000,0.6899,0.6899,0.6899
1691632614000,0.6899,0.6899,0.6899
1691632615000,0.6899,0.6899,0.6899
1691632616000,0.69,0.69,0.69
1691632617000,0.69,0.69,0.69
1691632618000,0.69,0.69,0.69
1691632619000,0.69,0.69,0.69
1691632620000,0.69,0.69,0.69
1691632621000,0.69,0.69,0.69
1691632622000,0.69,0.69,0.69
1691632623000,0.69,0.69,0.69
1691632624000,0.69,0.69,0.69
1691632625000,0.6901,0.6901,0.6901
1691632626000,0.6903,0.6903,0.6903
1691632627000,0.6903,0.6903,0.6903
1691632628000,0.6903,0.6903,0.6903
1691632629000,0.6903,0.6903,0.6903
1691632630000,0.6904,0.6904,0.6904
1691632631000,0.6905,0.6905,0.6905
1691632632000,0.6905,0.6905,0.6905
1691632633000,0.6905,0.6905,0.6905
1691632634000,0.6904,0.6904,0.6904
1691632635000,0.6905,0.6905,0.6905
1691632636000,0.6905,0.6905,0.6905
1691632637000,0.6904,0.6904,0.6904
1691632638000,0.6904,0.6904,0.6904
1691632639000,0.6904,0.6904,0.6904
1691632640000,0.6904,0.6904,0.6904
1691632641000,0.6903,0.6903,0.6903
1691632642000,0.6904,0.6904,0.6904
1691632643000,0.6904,0.6904,0.6904
1691632644000,0.6902,0.6902,0.6902
1691632645000,0.6903,0.6903,0.6903
1691632646000,0.6902,0.6902,0.6902
1691632647000,0.6902,0.6902,0.6902
1691632648000,0.6902,0.6902,0.6902
1691632649000,0.6902,0.6902,0.6902
1691632650000,0.6902,0.6902,0.6902
1691632651000,0.6902,0.6902,0.6902
1691632652000,0.6902,0.6902,0.6902
1691632653000,0.6901,0.6901,0.6901
1691632654000,0.69,0.69,0.69
1691632655000,0.69,0.69,0.69
1691632656000,0.69,0.69,0.69
1691632657000,0.69,0.69,0.69
1691632658000,0.69,0.69,0.69
1691632659000,0.69,0.69,0.69
1691632660000,0.68989673,0.68989673,0.68989673
1691632661000,0.68988943,0.68988943,0.68988943
1691632662000,0.68982799,0.68982799,0.68982799
1691632663000,0.68982799,0.68982799,0.68982799
1691632664000,0.68982896,0.68982896,0.68982896
1691632665000,0.68982802,0.68982802,0.68982802
1691632666000,0.6899,0.6899,0.6899
1691632667000,0.6899,0.6899,0.6899
1691632668000,0.6899,0.6899,0.6899
1691632669000,0.6899,0.6899,0.6899
1691632670000,0.6899,0.6899,0.6899
1691632671000,0.6899,0.6899,0.6899
1691632672000,0.6899,0.6899,0.6899
1691632673000,0.6899,0.6899,0.6899
1691632674000,0.6899,0.6899,0.6899
1691632675000,0.6899,0.6899,0.6899
1691632676000,0.6899,0.6899,0.6899
1691632677000,0.6899,0.6899,0.6899
1691632678000,0.6899,0.6899,0.6899
1691632679000,0.6899,0.6899,0.6899
1691632680000,0.6899,0.6899,0.6899
1691632681000,0.6899,0.6899,0.6899
1691632682000,0.6899,0.6899,0.6899
1691632683000,0.6899,0.6899,0.6899
1691632684000,0.6899,0.6899,0.6899
1691632685000,0.6899,0.6899,0.6899
1691632686000,0.6899,0.6899,0.6899
1691632687000,0.6899,0.6899,0.6899
1691632688000,0.6899,0.6899,0.6899
1691632689000,0.6899,0.6899,0.6899
1691632690000,0.6899,0.6899,0.6899
1691632691000,0.6899,0.6899,0.6899
1691632692000,0.6899,0.6899,0.6899
1691632693000,0.6899,0.6899,0.6899
1691632694000,0.6899,0.6899,0.6899
1691632695000,0.69,0.69,0.69
1691632696000,0.69,0.69,0.69
1691632697000,0.69,0.69,0.69
1691632698000,0.69,0.69,0.69
1691632699000,0.69,0.69,0.69
1691632700000,0.6901,0.6901,0.6901
1691632701000,0.6901,0.6901,0.6901
1691632702000,0.6901,0.6901,0.6901
1691632703000,0.6901,0.6901,0.6901
1691632704000,0.6901,0.6901,0.6901
1691632705000,0.6901,0.6901,0.6901
1691632706000,0.6901,0.6901,0.6901
1691632707000,0.6901,0.6901,0.6901
1691632708000,0.6901,0.6901,0.6901
1691632709000,0.6901,0.6901,0.6901
1691632710000,0.6901,0.6901,0.6901
1691632711000,0.6901,0.6901,0.6901
1691632712000,0.6901,0.6901,0.6901
1691632713000,0.6901,0.6901,0.6901
1691632714000,0.6901,0.6901,0.6901
1691632715000,0.6901,0.6901,0.6901
1691632716000,0.6901,0.6901,0.6901
1691632717000,0.69,0.69,0.69
1691632718000,0.69,0.69,0.69
1691632719000,0.69,0.69,0.69
1691632720000,0.69,0.69,0.69
1691632721000,0.69,0.69,0.69
1691632722000,0.69,0.69,0.69
1691632723000,0.69,0.69,0.69
1691632724000,0.69,0.69,0.69
1691632725000,0.69,0.69,0.69
1691632726000,0.69,0.69,0.69
1691632727000,0.69,0.69,0.69
1691632728000,0.6901,0.6901,0.6901
1691632729000,0.6903,0.6903,0.6903
1691632730000,0.6903,0.6903,0.6903
1691632731000,0.6903,0.6903,0.6903
1691632732000,0.6903,0.6903,0.6903
1691632733000,0.6903,0.6903,0.6903
1691632734000,0.6903,0.6903,0.6903
1691632735000,0.6904,0.6904,0.6904
1691632736000,0.6904,0.6904,0.6904
1691632737000,0.6904,0.6904,0.6904
1691632738000,0.6904,0.6904,0.6904
1691632739000,0.6903,0.6903,0.6903
1691632740000,0.6903,0.6903,0.6903
1691632741000,0.6903,0.6903,0.6903
1691632742000,0.6903,0.6903,0.6903
1691632743000,0.6903,0.6903,0.6903
1691632744000,0.6903,0.6903,0.6903
1691632745000,0.6903,0.6903,0.6903
1691632746000,0.6903,0.6903,0.6903
1691632747000,0.6903,0.6903,0.6903
1691632748000,0.69063518,0.69063518,0.69063518
1691632749000,0.69063518,0.69063518,0.69063518
1691632750000,0.6907,0.6907,0.6907
1691632751000,0.6907,0.6907,0.6907
1691632752000,0.6907,0.6907,0.6907
1691632753000,0.6908,0.6908,0.6908
1691632754000,0.6908,0.6908,0.6908
1691632755000,0.6907,0.6907,0.6907
1691632756000,0.6907,0.6907,0.6907
1691632757000,0.6907,0.6907,0.6907
1691632758000,0.6908,0.6908,0.6908
1691632759000,0.6907,0.6907,0.6907
1691632760000,0.6906,0.6906,0.6906
1691632761000,0.6906,0.6906,0.6906
1691632762000,0.6907,0.6907,0.6907
1691632763000,0.6907,0.6907,0.6907
1691632764000,0.6907,0.6907,0.6907
1691632765000,0.6907,0.6907,0.6907
1691632766000,0.6907,0.6907,0.6907
1691632767000,0.6907,0.6907,0.6907
1691632768000,0.6907,0.6907,0.6907
1691632769000,0.6906,0.6906,0.6906
1691632770000,0.6907,0.6907,0.6907
1691632771000,0.6906,0.6906,0.6906
1691632772000,0.6907,0.6907,0.6907
1691632773000,0.6907,0.6907,0.6907
1691632774000,0.6907,0.6907,0.6907
1691632775000,0.6907,0.6907,0.6907
1691632776000,0.6907,0.6907,0.6907
1691632777000,0.6906,0.6906,0.6906
1691632778000,0.6907,0.6907,0.6907
1691632779000,0.6907,0.6907,0.6907
1691632780000,0.6907,0.6907,0.6907
1691632781000,0.6907,0.6907,0.6907
1691632782000,0.6907,0.6907,0.6907
1691632783000,0.6907,0.6907,0.6907
1691632784000,0.6906,0.6906,0.6906
1691632785000,0.6906,0.6906,0.6906
1691632786000,0.6906,0.6906,0.6906
1691632787000,0.6906,0.6906,0.6906
1691632788000,0.6906,0.6906,0.6906
1691632789000,0.6906,0.6906,0.6906
1691632790000,0.6905,0.6905,0.6905
1691632791000,0.69050122,0.69050122,0.69050122
1691632792000,0.69050119,0.69050119,0.69050119
1691632793000,0.6905,0.6905,0.6905
1691632794000,0.6905,0.6905,0.6905
1691632795000,0.6905,0.6905,0.6905
1691632796000,0.6905,0.6905,0.6905
1691632797000,0.6905,0.6905,0.6905
1691632798000,0.6905,0.6905,0.6905
1691632799000,0.6905,0.6905,0.6905
1691632800000,0.69062758,0.69062758,0.69062758
1691632801000,0.69062758,0.69062758,0.69062758
1691632802000,0.6906786,0.6906786,0.6906786
1691632803000,0.6906786,0.6906786,0.6906786
1691632804000,0.69067808,0.69067808,0.69067808
1691632805000,0.69067808,0.69067808,0.69067808
1691632806000,0.69067891,0.69067891,0.69067891
1691632807000,0.69075578,0.69075578,0.69075578
1691632808000,0.69074183,0.69074183,0.69074183
1691632809000,0.69074183,0.69074183,0.69074183
1691632810000,0.69069598,0.69069598,0.69069598
1691632811000,0.69069598,0.69069598,0.69069598
1691632812000,0.69069916,0.69069916,0.69069916
1691632813000,0.69069916,0.69069916,0.69069916
1691632814000,0.69069916,0.69069916,0.69069916
1691632815000,0.69071312,0.69071312,0.69071312
1691632816000,0.69071116,0.69071116,0.69071116
1691632817000,0.69071157,0.69071157,0.69071157
1691632818000,0.69071157,0.69071157,0.69071157
1691632819000,0.69071157,0.69071157,0.69071157
1691632820000,0.6908,0.6908,0.6908
1691632821000,0.6908,0.6908,0.6908
1691632822000,0.6908,0.6908,0.6908
1691632823000,0.6908,0.6908,0.6908
1691632824000,0.6908,0.6908,0.6908
1691632825000,0.69071977,0.69071977,0.69071977
1691632826000,0.69071977,0.69071977,0.69071977
1691632827000,0.6908,0.6908,0.6908
1691632828000,0.69077129,0.69077129,0.69077129
1691632829000,0.69077129,0.69077129,0.69077129
1691632830000,0.69077098,0.69077098,0.69077098
1691632831000,0.6908,0.6908,0.6908
1691632832000,0.69077098,0.69077098,0.69077098
1691632833000,0.69082259,0.69082259,0.69082259
1691632834000,0.69082259,0.69082259,0.69082259
1691632835000,0.69077562,0.69077562,0.69077562
1691632836000,0.69077562,0.69077562,0.69077562
1691632837000,0.69077559,0.69077559,0.69077559
1691632838000,0.69077645,0.69077645,0.69077645
1691632839000,0.69077645,0.69077645,0.69077645
1691632840000,0.69072952,0.69072952,0.69072952
1691632841000,0.69075743,0.69075743,0.69075743
1691632842000,0.69075746,0.69075746,0.69075746
1691632843000,0.69075831,0.69075831,0.69075831
1691632844000,0.69075831,0.69075831,0.69075831
1691632845000,0.69075789,0.69075789,0.69075789
1691632846000,0.69075786,0.69075786,0.69075786
1691632847000,0.69080437,0.69080437,0.69080437
1691632848000,0.69080649,0.69080649,0.69080649
1691632849000,0.69080652,0.69080652,0.69080652
1691632850000,0.69080652,0.69080652,0.69080652
1691632851000,0.69080674,0.69080674,0.69080674
1691632852000,0.69080674,0.69080674,0.69080674
1691632853000,0.6908079,0.6908079,0.6908079
1691632854000,0.69080874,0.69080874,0.69080874
1691632855000,0.6908087,0.6908087,0.6908087
1691632856000,0.69080741,0.69080741,0.69080741
1691632857000,0.69084873,0.69084873,0.69084873
1691632858000,0.69084876,0.69084876,0.69084876
1691632859000,0.6908471,0.6908471,0.6908471
1691632860000,0.69084009,0.69084009,0.69084009
1691632861000,0.69084009,0.69084009,0.69084009
1691632862000,0.69079287,0.69079287,0.69079287
1691632863000,0.6907859,0.6907859,0.6907859
1691632864000,0.69078222,0.69078222,0.69078222
1691632865000,0.69078222,0.69078222,0.69078222
1691632866000,0.69073442,0.69073442,0.69073442
1691632867000,0.69073522,0.69073522,0.69073522
1691632868000,0.69073522,0.69073522,0.69073522
1691632869000,0.69073485,0.69073485,0.69073485
1691632870000,0.69073485,0.69073485,0.69073485
1691632871000,0.69082874,0.69082874,0.69082874
1691632872000,0.69082871,0.69082871,0.69082871
1691632873000,0.69082871,0.69082871,0.69082871
1691632874000,0.69084244,0.69084244,0.69084244
1691632875000,0.69084241,0.69084241,0.69084241
1691632876000,0.69084255,0.69084255,0.69084255
1691632877000,0.69084178,0.69084178,0.69084178
1691632878000,0.69084175,0.69084175,0.69084175
1691632879000,0.69084217,0.69084217,0.69084217
1691632880000,0.69084217,0.69084217,0.69084217
1691632881000,0.69084409,0.69084409,0.69084409
1691632882000,0.69084406,0.69084406,0.69084406
1691632883000,0.69084406,0.69084406,0.69084406
1691632884000,0.69084184,0.69084184,0.69084184
1691632885000,0.69084184,0.69084184,0.69084184
1691632886000,0.69084184,0.69084184,0.69084184
1691632887000,0.69088748,0.69088748,0.69088748
1691632888000,0.69088748,0.69088748,0.69088748
1691632889000,0.69088745,0.69088745,0.69088745
1691632890000,0.69088694,0.69088694,0.69088694
1691632891000,0.69088694,0.69088694,0.69088694
1691632892000,0.69077097,0.69077097,0.69077097
1691632893000,0.69067717,0.69067717,0.69067717
1691632894000,0.69067714,0.69067714,0.69067714
1691632895000,0.69067421,0.69067421,0.69067421
1691632896000,0.69067418,0.69067418,0.69067418
1691632897000,0.69067327,0.69067327,0.69067327
1691632898000,0.69067324,0.69067324,0.69067324
1691632899000,0.69067324,0.69067324,0.69067324
1691632900000,0.69065819,0.69065819,0.69065819
1691632901000,0.69065816,0.69065816,0.69065816
1691632902000,0.69065732,0.69065732,0.69065732
1691632903000,0.69065732,0.69065732,0.69065732
1691632904000,0.69065732,0.69065732,0.69065732
1691632905000,0.6906573,0.6906573,0.6906573
1691632906000,0.6906573,0.6906573,0.6906573
1691632907000,0.69065793,0.69065793,0.69065793
1691632908000,0.6906556,0.6906556,0.6906556
1691632909000,0.69065564,0.69065564,0.69065564
1691632910000,0.69065399,0.69065399,0.69065399
1691632911000,0.69065399,0.69065399,0.69065399
1691632912000,0.69065399,0.69065399,0.69065399
1691632913000,0.69065329,0.69065329,0.69065329
1691632914000,0.69065326,0.69065326,0.69065326
1691632915000,0.69065326,0.69065326,0.69065326
1691632916000,0.69065009,0.69065009,0.69065009
1691632917000,0.69064904,0.69064904,0.69064904
1691632918000,0.69064904,0.69064904,0.69064904
1691632919000,0.69064907,0.69064907,0.69064907
1691632920000,0.69064907,0.69064907,0.69064907
1691632921000,0.69064497,0.69064497,0.69064497
1691632922000,0.69064476,0.69064476,0.69064476
1691632923000,0.69064476,0.69064476,0.69064476
1691632924000,0.69064476,0.69064476,0.69064476
1691632925000,0.69064476,0.69064476,0.69064476
1691632926000,0.69063835,0.69063835,0.69063835
1691632927000,0.69063754,0.69063754,0.69063754
1691632928000,0.69063754,0.69063754,0.69063754
1691632929000,0.69063754,0.69063754,0.69063754
1691632930000,0.69063754,0.69063754,0.69063754
1691632931000,0.69063828,0.69063828,0.69063828
1691632932000,0.69063789,0.69063789,0.69063789
1691632933000,0.69063789,0.69063789,0.69063789
1691632934000,0.69063869,0.69063869,0.69063869
1691632935000,0.69063789,0.69063789,0.69063789
1691632936000,0.69063037,0.69063037,0.69063037
1691632937000,0.69063034,0.69063034,0.69063034
1691632938000,0.69062961,0.69062961,0.69062961
1691632939000,0.69062961,0.69062961,0.69062961
1691632940000,0.69062961,0.69062961,0.69062961
1691632941000,0.69062961,0.69062961,0.69062961
1691632942000,0.69062607,0.69062607,0.69062607
1691632943000,0.69062712,0.69062712,0.69062712
1691632944000,0.69062709,0.69062709,0.69062709
1691632945000,0.69062709,0.69062709,0.69062709
1691632946000,0.69062709,0.69062709,0.69062709
1691632947000,0.69062593,0.69062593,0.69062593
1691632948000,0.6906,0.6906,0.6906
1691632949000,0.6906,0.6906,0.6906
1691632950000,0.69067244,0.69067244,0.69067244
1691632951000,0.69067241,0.69067241,0.69067241
1691632952000,0.69067207,0.69067207,0.69067207
1691632953000,0.69071984,0.69071984,0.69071984
1691632954000,0.69071984,0.69071984,0.69071984
1691632955000,0.69071984,0.69071984,0.69071984
1691632956000,0.69071984,0.69071984,0.69071984
1691632957000,0.69071903,0.69071903,0.69071903
1691632958000,0.69071841,0.69071841,0.69071841
1691632959000,0.69071841,0.69071841,0.69071841
1691632960000,0.69071837,0.69071837,0.69071837
1691632961000,0.69071841,0.69071841,0.69071841
1691632962000,0.69071886,0.69071886,0.69071886
1691632963000,0.69072043,0.69072043,0.69072043
1691632964000,0.69072043,0.69072043,0.69072043
1691632965000,0.69072043,0.69072043,0.69072043
1691632966000,0.6907204,0.6907204,0.6907204
1691632967000,0.6907213,0.6907213,0.6907213
1691632968000,0.6907213,0.6907213,0.6907213
1691632969000,0.69072116,0.69072116,0.69072116
1691632970000,0.69072116,0.69072116,0.69072116
1691632971000,0.69072119,0.69072119,0.69072119
1691632972000,0.69072116,0.69072116,0.69072116
1691632973000,0.69071975,0.69071975,0.69071975
1691632974000,0.69071972,0.69071972,0.69071972
1691632975000,0.69071972,0.69071972,0.69071972
1691632976000,0.6907,0.6907,0.6907
1691632977000,0.69067321,0.69067321,0.69067321
1691632978000,0.69062471,0.69062471,0.69062471
1691632979000,0.69062471,0.69062471,0.69062471
1691632980000,0.69062468,0.69062468,0.69062468
1691632981000,0.69062468,0.69062468,0.69062468
1691632982000,0.69062468,0.69062468,0.69062468
1691632983000,0.69062089,0.69062089,0.69062089
1691632984000,0.69062029,0.69062029,0.69062029
1691632985000,0.69062029,0.69062029,0.69062029
1691632986000,0.69062033,0.69062033,0.69062033
1691632987000,0.69062033,0.69062033,0.69062033
1691632988000,0.69061616,0.69061616,0.69061616
1691632989000,0.69061644,0.69061644,0.69061644
1691632990000,0.69061644,0.69061644,0.69061644
1691632991000,0.69061641,0.69061641,0.69061641
1691632992000,0.69061641,0.69061641,0.69061641
1691632993000,0.69061252,0.69061252,0.69061252
1691632994000,0.69061231,0.69061231,0.69061231
1691632995000,0.69061231,0.69061231,0.69061231
1691632996000,0.69061234,0.69061234,0.69061234
1691632997000,0.69061231,0.69061231,0.69061231
1691632998000,0.69060678,0.69060678,0.69060678
1691632999000,0.69060615,0.69060615,0.69060615
1691633000000,0.69059746,0.69059746,0.69059746
1691633001000,0.69059749,0.69059749,0.69059749
1691633002000,0.69059749,0.69059749,0.69059749
1691633003000,0.690638,0.690638,0.690638
1691633004000,0.69063492,0.69063492,0.69063492
1691633005000,0.69063489,0.69063489,0.69063489
1691633006000,0.69063492,0.69063492,0.69063492
1691633007000,0.69063489,0.69063489,0.69063489
1691633008000,0.69063489,0.69063489,0.69063489
1691633009000,0.69063198,0.69063198,0.69063198
1691633010000,0.69063001,0.69063001,0.69063001
1691633011000,0.69062998,0.69062998,0.69062998
1691633012000,0.69062998,0.69062998,0.69062998
1691633013000,0.69062998,0.69062998,0.69062998
1691633014000,0.69062518,0.69062518,0.69062518
1691633015000,0.69062438,0.69062438,0.69062438
1691633016000,0.69062438,0.69062438,0.69062438
1691633017000,0.69062438,0.69062438,0.69062438
1691633018000,0.69061145,0.69061145,0.69061145
1691633019000,0.69060858,0.69060858,0.69060858
1691633020000,0.69060849,0.69060849,0.69060849
1691633021000,0.69060849,0.69060849,0.69060849
1691633022000,0.69060932,0.69060932,0.69060932
1691633023000,0.69060932,0.69060932,0.69060932
1691633024000,0.69060446,0.69060446,0.69060446
1691633025000,0.69060443,0.69060443,0.69060443
1691633026000,0.69060523,0.69060523,0.69060523
1691633027000,0.69060523,0.69060523,0.69060523
1691633028000,0.69060523,0.69060523,0.69060523
1691633029000,0.69060523,0.69060523,0.69060523
1691633030000,0.69060237,0.69060237,0.69060237
1691633031000,0.69060237,0.69060237,0.69060237
1691633032000,0.69060237,0.69060237,0.69060237
1691633033000,0.69060234,0.69060234,0.69060234
1691633034000,0.69059582,0.69059582,0.69059582
1691633035000,0.69058888,0.69058888,0.69058888
1691633036000,0.69058888,0.69058888,0.69058888
1691633037000,0.69058965,0.69058965,0.69058965
1691633038000,0.69058968,0.69058968,0.69058968
1691633039000,0.69058965,0.69058965,0.69058965
1691633040000,0.6905832,0.6905832,0.6905832
1691633041000,0.69058323,0.69058323,0.69058323
1691633042000,0.6905832,0.6905832,0.6905832
1691633043000,0.6905832,0.6905832,0.6905832
1691633044000,0.6905824,0.6905824,0.6905824
1691633045000,0.69057713,0.69057713,0.69057713
1691633046000,0.69057745,0.69057745,0.69057745
1691633047000,0.69057745,0.69057745,0.69057745
1691633048000,0.6906,0.6906,0.6906
1691633049000,0.69057748,0.69057748,0.69057748
1691633050000,0.69057453,0.69057453,0.69057453
1691633051000,0.69057373,0.69057373,0.69057373
1691633052000,0.69057373,0.69057373,0.69057373
1691633053000,0.69057373,0.69057373,0.69057373
1691633054000,0.69057373,0.69057373,0.69057373
1691633055000,0.69058688,0.69058688,0.69058688
1691633056000,0.69056093,0.69056093,0.69056093
1691633057000,0.69056093,0.69056093,0.69056093
1691633058000,0.69056093,0.69056093,0.69056093
1691633059000,0.69056093,0.69056093,0.69056093
1691633060000,0.69056086,0.69056086,0.69056086
1691633061000,0.69055717,0.69055717,0.69055717
1691633062000,0.69060445,0.69060445,0.69060445
1691633063000,0.69060445,0.69060445,0.69060445
1691633064000,0.69060561,0.69060561,0.69060561
1691633065000,0.69060481,0.69060481,0.69060481
1691633066000,0.69060207,0.69060207,0.69060207
1691633067000,0.69060207,0.69060207,0.69060207
1691633068000,0.69060207,0.69060207,0.69060207
1691633069000,0.6906021,0.6906021,0.6906021
1691633070000,0.69060207,0.69060207,0.69060207
1691633071000,0.69059698,0.69059698,0.69059698
1691633072000,0.69059698,0.69059698,0.69059698
1691633073000,0.69059698,0.69059698,0.69059698
1691633074000,0.6906,0.6906,0.6906
1691633075000,0.69059698,0.69059698,0.69059698
1691633076000,0.6906,0.6906,0.6906
1691633077000,0.6906,0.6906,0.6906
1691633078000,0.6906,0.6906,0.6906
1691633079000,0.6906,0.6906,0.6906
1691633080000,0.69057796,0.69057796,0.69057796
1691633081000,0.69057307,0.69057307,0.69057307
1691633082000,0.69057387,0.69057387,0.69057387
1691633083000,0.6906,0.6906,0.6906
1691633084000,0.6906,0.6906,0.6906
1691633085000,0.69057387,0.69057387,0.69057387
1691633086000,0.69053403,0.69053403,0.69053403
1691633087000,0.6906,0.6906,0.6906
1691633088000,0.6906,0.6906,0.6906
1691633089000,0.6906,0.6906,0.6906
1691633090000,0.6906,0.6906,0.6906
1691633091000,0.6905,0.6905,0.6905
1691633092000,0.6905,0.6905,0.6905
1691633093000,0.6905,0.6905,0.6905
1691633094000,0.6906,0.6906,0.6906
1691633095000,0.6906,0.6906,0.6906
1691633096000,0.6906,0.6906,0.6906
1691633097000,0.6906,0.6906,0.6906
1691633098000,0.6906,0.6906,0.6906
1691633099000,0.6906,0.6906,0.6906
1691633100000,0.6907,0.6907,0.6907
1691633101000,0.6908,0.6908,0.6908
1691633102000,0.6908,0.6908,0.6908
1691633103000,0.6908,0.6908,0.6908
1691633104000,0.6908,0.6908,0.6908
1691633105000,0.6908,0.6908,0.6908
1691633106000,0.6908,0.6908,0.6908
1691633107000,0.6908,0.6908,0.6908
1691633108000,0.6908,0.6908,0.6908
1691633109000,0.6908,0.6908,0.6908
1691633110000,0.6908,0.6908,0.6908
1691633111000,0.6907,0.6907,0.6907
1691633112000,0.6907,0.6907,0.6907
1691633113000,0.6906,0.6906,0.6906
1691633114000,0.6906,0.6906,0.6906
1691633115000,0.6906,0.6906,0.6906
1691633116000,0.6906,0.6906,0.6906
1691633117000,0.6906,0.6906,0.6906
1691633118000,0.6906,0.6906,0.6906
1691633119000,0.6906,0.6906,0.6906
1691633120000,0.6906,0.6906,0.6906
1691633121000,0.6906,0.6906,0.6906
1691633122000,0.6906,0.6906,0.6906
1691633123000,0.6906,0.6906,0.6906
1691633124000,0.6905,0.6905,0.6905
1691633125000,0.6905,0.6905,0.6905
1691633126000,0.6905,0.6905,0.6905
1691633127000,0.6906,0.6906,0.6906
1691633128000,0.6906,0.6906,0.6906
1691633129000,0.6906,0.6906,0.6906
1691633130000,0.6906,0.6906,0.6906
1691633131000,0.6906,0.6906,0.6906
1691633132000,0.6906,0.6906,0.6906
1691633133000,0.6906,0.6906,0.6906
1691633134000,0.6906,0.6906,0.6906
1691633135000,0.6906,0.6906,0.6906
1691633136000,0.6905,0.6905,0.6905
1691633137000,0.6905,0.6905,0.6905
1691633138000,0.6905,0.6905,0.6905
1691633139000,0.6906,0.6906,0.6906
1691633140000,0.6907,0.6907,0.6907
1691633141000,0.6907,0.6907,0.6907
1691633142000,0.6907,0.6907,0.6907
1691633143000,0.6907,0.6907,0.6907
1691633144000,0.6907,0.6907,0.6907
1691633145000,0.6907,0.6907,0.6907
1691633146000,0.6907,0.6907,0.6907
1691633147000,0.6907,0.6907,0.6907
1691633148000,0.6907,0.6907,0.6907
1691633149000,0.6907,0.6907,0.6907
1691633150000,0.6907,0.6907,0.6907
1691633151000,0.6907,0.6907,0.6907
1691633152000,0.6907,0.6907,0.6907
1691633153000,0.691,0.691,0.691
1691633154000,0.691,0.691,0.691
1691633155000,0.691,0.691,0.691
1691633156000,0.691,0.691,0.691
1691633157000,0.691,0.691,0.691
1691633158000,0.691,0.691,0.691
1691633159000,0.691,0.691,0.691
1691633160000,0.691,0.691,0.691
1691633161000,0.691,0.691,0.691
1691633162000,0.691,0.691,0.691
1691633163000,0.691,0.691,0.691
1691633164000,0.691,0.691,0.691
1691633165000,0.691,0.691,0.691
1691633166000,0.691,0.691,0.691
1691633167000,0.691,0.691,0.691
1691633168000,0.691,0.691,0.691
1691633169000,0.691,0.691,0.691
1691633170000,0.691,0.691,0.691
1691633171000,0.691,0.691,0.691
1691633172000,0.691,0.691,0.691
1691633173000,0.691,0.691,0.691
1691633174000,0.6909,0.6909,0.6909
1691633175000,0.6909,0.6909,0.6909
1691633176000,0.6909,0.6909,0.6909
1691633177000,0.6909,0.6909,0.6909
1691633178000,0.691,0.691,0.691
1691633179000,0.691,0.691,0.691
1691633180000,0.6909,0.6909,0.6909
1691633181000,0.6909,0.6909,0.6909
1691633182000,0.6909,0.6909,0.6909
1691633183000,0.6909,0.6909,0.6909
1691633184000,0.6909,0.6909,0.6909
1691633185000,0.691,0.691,0.691
1691633186000,0.691,0.691,0.691
1691633187000,0.691,0.691,0.691
1691633188000,0.691,0.691,0.691
1691633189000,0.691,0.691,0.691
1691633190000,0.691,0.691,0.691
1691633191000,0.691,0.691,0.691
1691633192000,0.691,0.691,0.691
1691633193000,0.691,0.691,0.691
1691633194000,0.6911,0.6911,0.6911
1691633195000,0.6911,0.6911,0.6911
1691633196000,0.6911,0.6911,0.6911
1691633197000,0.6911,0.6911,0.6911
1691633198000,0.69119881,0.69119881,0.69119881
1691633199000,0.69119881,0.69119881,0.69119881
1691633200000,0.6912,0.6912,0.6912
1691633201000,0.6912,0.6912,0.6912
1691633202000,0.6912,0.6912,0.6912
1691633203000,0.6912,0.6912,0.6912
1691633204000,0.6912,0.6912,0.6912
1691633205000,0.6912,0.6912,0.6912
1691633206000,0.6912,0.6912,0.6912
1691633207000,0.6912,0.6912,0.6912
1691633208000,0.6912,0.6912,0.6912
1691633209000,0.6912,0.6912,0.6912
1691633210000,0.6912,0.6912,0.6912
1691633211000,0.6912,0.6912,0.6912
1691633212000,0.6911,0.6911,0.6911
1691633213000,0.6911,0.6911,0.6911
1691633214000,0.6911,0.6911,0.6911
1691633215000,0.6911,0.6911,0.6911
1691633216000,0.6911,0.6911,0.6911
1691633217000,0.6911,0.6911,0.6911
1691633218000,0.6911,0.6911,0.6911
1691633219000,0.691,0.691,0.691
1691633220000,0.6911,0.6911,0.6911
1691633221000,0.6911,0.6911,0.6911
1691633222000,0.6911,0.6911,0.6911
1691633223000,0.6911,0.6911,0.6911
1691633224000,0.6911,0.6911,0.6911
1691633225000,0.691,0.691,0.691
1691633226000,0.6911,0.6911,0.6911
1691633227000,0.6911,0.6911,0.6911
1691633228000,0.6911,0.6911,0.6911
1691633229000,0.6911,0.6911,0.6911
1691633230000,0.6911,0.6911,0.6911
1691633231000,0.6911,0.6911,0.6911
1691633232000,0.6911,0.6911,0.6911
1691633233000,0.6911,0.6911,0.6911
1691633234000,0.6912,0.6912,0.6912
1691633235000,0.6912,0.6912,0.6912
1691633236000,0.6912,0.6912,0.6912
1691633237000,0.6912,0.6912,0.6912
1691633238000,0.6912,0.6912,0.6912
1691633239000,0.6912,0.6912,0.6912
1691633240000,0.6913,0.6913,0.6913
1691633241000,0.6913,0.6913,0.6913
1691633242000,0.6912,0.6912,0.6912
1691633243000,0.6912,0.6912,0.6912
1691633244000,0.6912,0.6912,0.6912
1691633245000,0.6912,0.6912,0.6912
1691633246000,0.6913,0.6913,0.6913
1691633247000,0.6913,0.6913,0.6913
1691633248000,0.6913,0.6913,0.6913
1691633249000,0.6912,0.6912,0.6912
1691633250000,0.6912,0.6912,0.6912
1691633251000,0.6912,0.6912,0.6912
1691633252000,0.6915,0.6915,0.6915
1691633253000,0.6915,0.6915,0.6915
1691633254000,0.6914,0.6914,0.6914
1691633255000,0.6914,0.6914,0.6914
1691633256000,0.6914,0.6914,0.6914
1691633257000,0.6914,0.6914,0.6914
1691633258000,0.6914,0.6914,0.6914
1691633259000,0.6915,0.6915,0.6915
1691633260000,0.6915,0.6915,0.6915
1691633261000,0.6915,0.6915,0.6915
1691633262000,0.6915,0.6915,0.6915
1691633263000,0.6914,0.6914,0.6914
1691633264000,0.6914,0.6914,0.6914
1691633265000,0.6914,0.6914,0.6914
1691633266000,0.6914,0.6914,0.6914
1691633267000,0.6914,0.6914,0.6914
1691633268000,0.6914,0.6914,0.6914
1691633269000,0.6915,0.6915,0.6915
1691633270000,0.6915,0.6915,0.6915
1691633271000,0.6915,0.6915,0.6915
1691633272000,0.6914,0.6914,0.6914
1691633273000,0.6914,0.6914,0.6914
1691633274000,0.6914,0.6914,0.6914
1691633275000,0.6916,0.6916,0.6916
1691633276000,0.6916,0.6916,0.6916
1691633277000,0.6915,0.6915,0.6915
1691633278000,0.6915,0.6915,0.6915
1691633279000,0.6915,0.6915,0.6915
1691633280000,0.6915,0.6915,0.6915
1691633281000,0.6915,0.6915,0.6915
1691633282000,0.6915,0.6915,0.6915
1691633283000,0.6915,0.6915,0.6915
1691633284000,0.6915,0.6915,0.6915
1691633285000,0.6916,0.6916,0.6916
1691633286000,0.69166223,0.69166223,0.69166223
1691633287000,0.6918,0.6918,0.6918
1691633288000,0.6916,0.6916,0.6916
1691633289000,0.6916,0.6916,0.6916
1691633290000,0.6916,0.6916,0.6916
1691633291000,0.6916,0.6916,0.6916
1691633292000,0.6916,0.6916,0.6916
1691633293000,0.6917,0.6917,0.6917
1691633294000,0.6917,0.6917,0.6917
1691633295000,0.6918,0.6918,0.6918
1691633296000,0.6918,0.6918,0.6918
1691633297000,0.6918,0.6918,0.6918
1691633298000,0.6918,0.6918,0.6918
1691633299000,0.6917615,0.6917615,0.6917615
1691633300000,0.6917615,0.6917615,0.6917615
1691633301000,0.6917555,0.6917555,0.6917555
1691633302000,0.69176221,0.69176221,0.69176221
1691633303000,0.69176221,0.69176221,0.69176221
1691633304000,0.69176437,0.69176437,0.69176437
1691633305000,0.69175191,0.69175191,0.69175191
1691633306000,0.69175264,0.69175264,0.69175264
1691633307000,0.69175261,0.69175261,0.69175261
1691633308000,0.69175261,0.69175261,0.69175261
1691633309000,0.69175644,0.69175644,0.69175644
1691633310000,0.69175567,0.69175567,0.69175567
1691633311000,0.69175714,0.69175714,0.69175714
1691633312000,0.69175714,0.69175714,0.69175714
1691633313000,0.69175714,0.69175714,0.69175714
1691633314000,0.69175714,0.69175714,0.69175714
1691633315000,0.69171196,0.69171196,0.69171196
1691633316000,0.69171196,0.69171196,0.69171196
1691633317000,0.69171196,0.69171196,0.69171196
1691633318000,0.69171105,0.69171105,0.69171105
1691633319000,0.69171105,0.69171105,0.69171105
1691633320000,0.69171304,0.69171304,0.69171304
1691633321000,0.69171304,0.69171304,0.69171304
1691633322000,0.69171066,0.69171066,0.69171066
1691633323000,0.69171066,0.69171066,0.69171066
1691633324000,0.6917115,0.6917115,0.6917115
1691633325000,0.69171495,0.69171495,0.69171495
1691633326000,0.69171495,0.69171495,0.69171495
1691633327000,0.69162067,0.69162067,0.69162067
1691633328000,0.69162067,0.69162067,0.69162067
1691633329000,0.69164626,0.69164626,0.69164626
1691633330000,0.69160159,0.69160159,0.69160159
1691633331000,0.69160159,0.69160159,0.69160159
1691633332000,0.69160005,0.69160005,0.69160005
1691633333000,0.69160005,0.69160005,0.69160005
1691633334000,0.69160002,0.69160002,0.69160002
1691633335000,0.69160138,0.69160138,0.69160138
1691633336000,0.69160135,0.69160135,0.69160135
1691633337000,0.69160135,0.69160135,0.69160135
1691633338000,0.6916002,0.6916002,0.6916002
1691633339000,0.6916002,0.6916002,0.6916002
1691633340000,0.69159519,0.69159519,0.69159519
1691633341000,0.69160025,0.69160025,0.69160025
1691633342000,0.69159969,0.69159969,0.69159969
1691633343000,0.69159889,0.69159889,0.69159889
1691633344000,0.69159394,0.69159394,0.69159394
1691633345000,0.69159391,0.69159391,0.69159391
1691633346000,0.69159611,0.69159611,0.69159611
1691633347000,0.69159656,0.69159656,0.69159656
1691633348000,0.69159656,0.69159656,0.69159656
1691633349000,0.69159656,0.69159656,0.69159656
1691633350000,0.69159656,0.69159656,0.69159656
1691633351000,0.69159719,0.69159719,0.69159719
1691633352000,0.69159632,0.69159632,0.69159632
1691633353000,0.69159629,0.69159629,0.69159629
1691633354000,0.69159632,0.69159632,0.69159632
1691633355000,0.69159632,0.69159632,0.69159632
1691633356000,0.69156633,0.69156633,0.69156633
1691633357000,0.69156713,0.69156713,0.69156713
1691633358000,0.69156692,0.69156692,0.69156692
1691633359000,0.6916,0.6916,0.6916
1691633360000,0.6916146,0.6916146,0.6916146
1691633361000,0.69161412,0.69161412,0.69161412
1691633362000,0.69161332,0.69161332,0.69161332
1691633363000,0.69161332,0.69161332,0.69161332
1691633364000,0.69161552,0.69161552,0.69161552
1691633365000,0.69161552,0.69161552,0.69161552
1691633366000,0.69161552,0.69161552,0.69161552
1691633367000,0.6916596,0.6916596,0.6916596
1691633368000,0.69165887,0.69165887,0.69165887
1691633369000,0.6916589,0.6916589,0.6916589
1691633370000,0.6916589,0.6916589,0.6916589
1691633371000,0.69165807,0.69165807,0.69165807
1691633372000,0.69166017,0.69166017,0.69166017
1691633373000,0.69166052,0.69166052,0.69166052
1691633374000,0.69166052,0.69166052,0.69166052
1691633375000,0.69166052,0.69166052,0.69166052
1691633376000,0.69170703,0.69170703,0.69170703
1691633377000,0.69171077,0.69171077,0.69171077
1691633378000,0.69171367,0.69171367,0.69171367
1691633379000,0.6917137,0.6917137,0.6917137
1691633380000,0.69171367,0.69171367,0.69171367
1691633381000,0.69171367,0.69171367,0.69171367
1691633382000,0.69171807,0.69171807,0.69171807
1691633383000,0.69171944,0.69171944,0.69171944
1691633384000,0.6918,0.6918,0.6918
1691633385000,0.6918,0.6918,0.6918
1691633386000,0.6918,0.6918,0.6918
1691633387000,0.6918,0.6918,0.6918
1691633388000,0.6918,0.6918,0.6918
1691633389000,0.6918,0.6918,0.6918
1691633390000,0.6918,0.6918,0.6918
1691633391000,0.6918,0.6918,0.6918
1691633392000,0.6918,0.6918,0.6918
1691633393000,0.6918,0.6918,0.6918
1691633394000,0.69173028,0.69173028,0.69173028
1691633395000,0.6916838,0.6916838,0.6916838
1691633396000,0.6916838,0.6916838,0.6916838
1691633397000,0.69168377,0.69168377,0.69168377
1691633398000,0.69168482,0.69168482,0.69168482
1691633399000,0.69168433,0.69168433,0.69168433
1691633400000,0.69163862,0.69163862,0.69163862
1691633401000,0.69163865,0.69163865,0.69163865
1691633402000,0.69163862,0.69163862,0.69163862
1691633403000,0.69163398,0.69163398,0.69163398
1691633404000,0.69163398,0.69163398,0.69163398
1691633405000,0.69163433,0.69163433,0.69163433
1691633406000,0.69168087,0.69168087,0.69168087
1691633407000,0.69168168,0.69168168,0.69168168
1691633408000,0.69167911,0.69167911,0.69167911
1691633409000,0.69167911,0.69167911,0.69167911
1691633410000,0.6917,0.6917,0.6917
1691633411000,0.69177077,0.69177077,0.69177077
1691633412000,0.6918,0.6918,0.6918
1691633413000,0.6918,0.6918,0.6918
1691633414000,0.6918,0.6918,0.6918
1691633415000,0.6918,0.6918,0.6918
1691633416000,0.6918,0.6918,0.6918
1691633417000,0.69180118,0.69180118,0.69180118
1691633418000,0.69180269,0.69180269,0.69180269
1691633419000,0.69180203,0.69180203,0.69180203
1691633420000,0.69180203,0.69180203,0.69180203
1691633421000,0.69180203,0.69180203,0.69180203
1691633422000,0.69170904,0.69170904,0.69170904
1691633423000,0.69170904,0.69170904,0.69170904
1691633424000,0.69170679,0.69170679,0.69170679
1691633425000,0.69170668,0.69170668,0.69170668
1691633426000,0.69170672,0.69170672,0.69170672
1691633427000,0.69170672,0.69170672,0.69170672
1691633428000,0.69170672,0.69170672,0.69170672
1691633429000,0.69170338,0.69170338,0.69170338
1691633430000,0.69170334,0.69170334,0.69170334
1691633431000,0.69170334,0.69170334,0.69170334
1691633432000,0.69165683,0.69165683,0.69165683
1691633433000,0.69165683,0.69165683,0.69165683
1691633434000,0.69165531,0.69165531,0.69165531
1691633435000,0.69165619,0.69165619,0.69165619
1691633436000,0.69170034,0.69170034,0.69170034
1691633437000,0.69170034,0.69170034,0.69170034
1691633438000,0.69170037,0.69170037,0.69170037
1691633439000,0.69170043,0.69170043,0.69170043
1691633440000,0.69170043,0.69170043,0.69170043
1691633441000,0.69170036,0.69170036,0.69170036
1691633442000,0.69170033,0.69170033,0.69170033
1691633443000,0.69167242,0.69167242,0.69167242
1691633444000,0.69166853,0.69166853,0.69166853
1691633445000,0.69166839,0.69166839,0.69166839
1691633446000,0.69166842,0.69166842,0.69166842
1691633447000,0.69166839,0.69166839,0.69166839
1691633448000,0.69166759,0.69166759,0.69166759
1691633449000,0.69166573,0.69166573,0.69166573
1691633450000,0.69161719,0.69161719,0.69161719
1691633451000,0.69161719,0.69161719,0.69161719
1691633452000,0.69161799,0.69161799,0.69161799
1691633453000,0.69157152,0.69157152,0.69157152
1691633454000,0.69161105,0.69161105,0.69161105
1691633455000,0.69161564,0.69161564,0.69161564
1691633456000,0.69161564,0.69161564,0.69161564
1691633457000,0.69161561,0.69161561,0.69161561
1691633458000,0.69161561,0.69161561,0.69161561
1691633459000,0.69161564,0.69161564,0.69161564
1691633460000,0.69160954,0.69160954,0.69160954
1691633461000,0.69160954,0.69160954,0.69160954
1691633462000,0.69160954,0.69160954,0.69160954
1691633463000,0.69160954,0.69160954,0.69160954
1691633464000,0.69160954,0.69160954,0.69160954
1691633465000,0.69155774,0.69155774,0.69155774
1691633466000,0.69155777,0.69155777,0.69155777
1691633467000,0.69155777,0.69155777,0.69155777
1691633468000,0.69155697,0.69155697,0.69155697
1691633469000,0.69155693,0.69155693,0.69155693
1691633470000,0.69155296,0.69155296,0.69155296
1691633471000,0.6915532,0.6915532,0.6915532
1691633472000,0.6915532,0.6915532,0.6915532
1691633473000,0.69155243,0.69155243,0.69155243
1691633474000,0.69155243,0.69155243,0.69155243
1691633475000,0.69154846,0.69154846,0.69154846
1691633476000,0.69159525,0.69159525,0.69159525
1691633477000,0.69159525,0.69159525,0.69159525
1691633478000,0.69159525,0.69159525,0.69159525
1691633479000,0.69154877,0.69154877,0.69154877
1691633480000,0.69159574,0.69159574,0.69159574
1691633481000,0.69159238,0.69159238,0.69159238
1691633482000,0.69159238,0.69159238,0.69159238
1691633483000,0.69159238,0.69159238,0.69159238
1691633484000,0.69159242,0.69159242,0.69159242
1691633485000,0.69159238,0.69159238,0.69159238
1691633486000,0.69158885,0.69158885,0.69158885
1691633487000,0.69158882,0.69158882,0.69158882
1691633488000,0.69158885,0.69158885,0.69158885
1691633489000,0.69158885,0.69158885,0.69158885
1691633490000,0.69158885,0.69158885,0.69158885
1691633491000,0.69153835,0.69153835,0.69153835
1691633492000,0.69153835,0.69153835,0.69153835
1691633493000,0.69158489,0.69158489,0.69158489
1691633494000,0.69158486,0.69158486,0.69158486
1691633495000,0.69158486,0.69158486,0.69158486
1691633496000,0.69157856,0.69157856,0.69157856
1691633497000,0.69157856,0.69157856,0.69157856
1691633498000,0.69157826,0.69157826,0.69157826
1691633499000,0.69157826,0.69157826,0.69157826
1691633500000,0.6915783,0.6915783,0.6915783
1691633501000,0.69156923,0.69156923,0.69156923
1691633502000,0.69156926,0.69156926,0.69156926
1691633503000,0.69156884,0.69156884,0.69156884
1691633504000,0.69156884,0.69156884,0.69156884
1691633505000,0.6915275,0.6915275,0.6915275
1691633506000,0.69152866,0.69152866,0.69152866
1691633507000,0.69152413,0.69152413,0.69152413
1691633508000,0.6916,0.6916,0.6916
1691633509000,0.69164479,0.69164479,0.69164479
1691633510000,0.69164479,0.69164479,0.69164479
1691633511000,0.69170613,0.69170613,0.69170613
1691633512000,0.69170449,0.69170449,0.69170449
1691633513000,0.6918,0.6918,0.6918
1691633514000,0.6918,0.6918,0.6918
1691633515000,0.6919,0.6919,0.6919
1691633516000,0.6919,0.6919,0.6919
1691633517000,0.6919,0.6919,0.6919
1691633518000,0.6919,0.6919,0.6919
1691633519000,0.6919,0.6919,0.6919
1691633520000,0.6919,0.6919,0.6919
1691633521000,0.6919,0.6919,0.6919
1691633522000,0.6919,0.6919,0.6919
1691633523000,0.6919,0.6919,0.6919
1691633524000,0.6919,0.6919,0.6919
1691633525000,0.6918,0.6918,0.6918
1691633526000,0.6918,0.6918,0.6918
1691633527000,0.6918,0.6918,0.6918
1691633528000,0.6919,0.6919,0.6919
1691633529000,0.6919,0.6919,0.6919
1691633530000,0.6919,0.6919,0.6919
1691633531000,0.6919,0.6919,0.6919
1691633532000,0.6919,0.6919,0.6919
1691633533000,0.6919,0.6919,0.6919
1691633534000,0.6919,0.6919,0.6919
1691633535000,0.6918,0.6918,0.6918
1691633536000,0.6919,0.6919,0.6919
1691633537000,0.6919,0.6919,0.6919
1691633538000,0.6919,0.6919,0.6919
1691633539000,0.6919,0.6919,0.6919
1691633540000,0.6918,0.6918,0.6918
1691633541000,0.6919,0.6919,0.6919
1691633542000,0.6919,0.6919,0.6919
1691633543000,0.6919,0.6919,0.6919
1691633544000,0.6919,0.6919,0.6919
1691633545000,0.69180688,0.69180688,0.69180688
1691633546000,0.69180688,0.69180688,0.69180688
1691633547000,0.6918,0.6918,0.6918
1691633548000,0.6918,0.6918,0.6918
1691633549000,0.6918,0.6918,0.6918
1691633550000,0.6918,0.6918,0.6918
1691633551000,0.6918,0.6918,0.6918
1691633552000,0.6918,0.6918,0.6918
1691633553000,0.6918,0.6918,0.6918
1691633554000,0.6918,0.6918,0.6918
1691633555000,0.6918,0.6918,0.6918
1691633556000,0.69178495,0.69178495,0.69178495
1691633557000,0.69178495,0.69178495,0.69178495
1691633558000,0.69173519,0.69173519,0.69173519
1691633559000,0.69173519,0.69173519,0.69173519
1691633560000,0.69173519,0.69173519,0.69173519
1691633561000,0.69173519,0.69173519,0.69173519
1691633562000,0.69173471,0.69173471,0.69173471
1691633563000,0.69172992,0.69172992,0.69172992
1691633564000,0.69172992,0.69172992,0.69172992
1691633565000,0.69171599,0.69171599,0.69171599
1691633566000,0.6919,0.6919,0.6919
1691633567000,0.69171596,0.69171596,0.69171596
1691633568000,0.69176691,0.69176691,0.69176691
1691633569000,0.69176402,0.69176402,0.69176402
1691633570000,0.69176402,0.69176402,0.69176402
1691633571000,0.69176402,0.69176402,0.69176402
1691633572000,0.6918,0.6918,0.6918
1691633573000,0.6918,0.6918,0.6918
1691633574000,0.6918,0.6918,0.6918
1691633575000,0.69177267,0.69177267,0.69177267
1691633576000,0.69177267,0.69177267,0.69177267
1691633577000,0.6918,0.6918,0.6918
1691633578000,0.6919,0.6919,0.6919
1691633579000,0.6919,0.6919,0.6919
1691633580000,0.6919,0.6919,0.6919
1691633581000,0.6919,0.6919,0.6919
1691633582000,0.6919,0.6919,0.6919
1691633583000,0.6919,0.6919,0.6919
1691633584000,0.6919,0.6919,0.6919
1691633585000,0.6919,0.6919,0.6919
1691633586000,0.6919,0.6919,0.6919
1691633587000,0.6919,0.6919,0.6919
1691633588000,0.6919,0.6919,0.6919
1691633589000,0.6919,0.6919,0.6919
1691633590000,0.6919,0.6919,0.6919
1691633591000,0.6919,0.6919,0.6919
1691633592000,0.6919,0.6919,0.6919
1691633593000,0.6919,0.6919,0.6919
1691633594000,0.6919,0.6919,0.6919
1691633595000,0.6919,0.6919,0.6919
1691633596000,0.6919,0.6919,0.6919
1691633597000,0.6919,0.6919,0.6919
1691633598000,0.6919,0.6919,0.6919
1691633599000,0.6919,0.6919,0.6919
1691633600000,0.6919,0.6919,0.6919
1691633601000,0.6919,0.6919,0.6919
1691633602000,0.6919,0.6919,0.6919
1691633603000,0.6919,0.6919,0.6919
1691633604000,0.6919,0.6919,0.6919
1691633605000,0.6919,0.6919,0.6919
1691633606000,0.6919,0.6919,0.6919
1691633607000,0.6919,0.6919,0.6919
1691633608000,0.6919,0.6919,0.6919
1691633609000,0.6919,0.6919,0.6919
1691633610000,0.69181201,0.69181201,0.69181201
1691633611000,0.6919,0.6919,0.6919
1691633612000,0.6919,0.6919,0.6919
1691633613000,0.6919,0.6919,0.6919
1691633614000,0.6919,0.6919,0.6919
1691633615000,0.69181284,0.69181284,0.69181284
1691633616000,0.69181284,0.69181284,0.69181284
1691633617000,0.6919,0.6919,0.6919
1691633618000,0.6919,0.6919,0.6919
1691633619000,0.6919,0.6919,0.6919
1691633620000,0.6919,0.6919,0.6919
1691633621000,0.6919,0.6919,0.6919
1691633622000,0.6919,0.6919,0.6919
1691633623000,0.6919,0.6919,0.6919
1691633624000,0.6919,0.6919,0.6919
1691633625000,0.6919,0.6919,0.6919
1691633626000,0.6919,0.6919,0.6919
1691633627000,0.6919,0.6919,0.6919
1691633628000,0.6919,0.6919,0.6919
1691633629000,0.6919,0.6919,0.6919
1691633630000,0.6919,0.6919,0.6919
1691633631000,0.6919,0.6919,0.6919
1691633632000,0.6919,0.6919,0.6919
1691633633000,0.692,0.692,0.692
1691633634000,0.692,0.692,0.692
1691633635000,0.692,0.692,0.692
1691633636000,0.692,0.692,0.692
1691633637000,0.692,0.692,0.692
1691633638000,0.692,0.692,0.692
1691633639000,0.692,0.692,0.692
1691633640000,0.692,0.692,0.692
1691633641000,0.692,0.692,0.692
1691633642000,0.6922,0.6922,0.6922
1691633643000,0.6923,0.6923,0.6923
1691633644000,0.69238527,0.69238527,0.69238527
1691633645000,0.6924,0.6924,0.6924
1691633646000,0.6924,0.6924,0.6924
1691633647000,0.6924,0.6924,0.6924
1691633648000,0.6924,0.6924,0.6924
1691633649000,0.6924,0.6924,0.6924
1691633650000,0.6924,0.6924,0.6924
1691633651000,0.6924,0.6924,0.6924
1691633652000,0.6924,0.6924,0.6924
1691633653000,0.6924,0.6924,0.6924
1691633654000,0.6924,0.6924,0.6924
1691633655000,0.6924,0.6924,0.6924
1691633656000,0.6925,0.6925,0.6925
1691633657000,0.6924,0.6924,0.6924
1691633658000,0.6924,0.6924,0.6924
1691633659000,0.6923,0.6923,0.6923
1691633660000,0.6923,0.6923,0.6923
1691633661000,0.69224938,0.69224938,0.69224938
1691633662000,0.6922,0.6922,0.6922
1691633663000,0.6922,0.6922,0.6922
1691633664000,0.6922,0.6922,0.6922
1691633665000,0.6922,0.6922,0.6922
1691633666000,0.6922,0.6922,0.6922
1691633667000,0.6922,0.6922,0.6922
1691633668000,0.6922,0.6922,0.6922
1691633669000,0.6922,0.6922,0.6922
1691633670000,0.6921,0.6921,0.6921
1691633671000,0.6921,0.6921,0.6921
1691633672000,0.6921,0.6921,0.6921
1691633673000,0.6921,0.6921,0.6921
1691633674000,0.6921,0.6921,0.6921
1691633675000,0.69203148,0.69203148,0.69203148
1691633676000,0.69203148,0.69203148,0.69203148
1691633677000,0.6921,0.6921,0.6921
1691633678000,0.6921,0.6921,0.6921
1691633679000,0.6921,0.6921,0.6921
1691633680000,0.6921,0.6921,0.6921
1691633681000,0.6921,0.6921,0.6921
1691633682000,0.6921,0.6921,0.6921
1691633683000,0.6921,0.6921,0.6921
1691633684000,0.69202891,0.69202891,0.69202891
1691633685000,0.6922,0.6922,0.6922
1691633686000,0.6922,0.6922,0.6922
1691633687000,0.6922,0.6922,0.6922
1691633688000,0.6922,0.6922,0.6922
1691633689000,0.6922,0.6922,0.6922
1691633690000,0.6922,0.6922,0.6922
1691633691000,0.69202755,0.69202755,0.69202755
1691633692000,0.69202755,0.69202755,0.69202755
1691633693000,0.69200263,0.69200263,0.69200263
1691633694000,0.69200263,0.69200263,0.69200263
1691633695000,0.69200019,0.69200019,0.69200019
1691633696000,0.69200019,0.69200019,0.69200019
1691633697000,0.6921,0.6921,0.6921
1691633698000,0.69200019,0.69200019,0.69200019
1691633699000,0.69200113,0.69200113,0.69200113
1691633700000,0.6921,0.6921,0.6921
1691633701000,0.6921,0.6921,0.6921
1691633702000,0.6921,0.6921,0.6921
1691633703000,0.6921,0.6921,0.6921
1691633704000,0.6922,0.6922,0.6922
1691633705000,0.6922,0.6922,0.6922
1691633706000,0.6922,0.6922,0.6922
1691633707000,0.6921,0.6921,0.6921
1691633708000,0.6921,0.6921,0.6921
1691633709000,0.6921,0.6921,0.6921
1691633710000,0.6921,0.6921,0.6921
1691633711000,0.6921,0.6921,0.6921
1691633712000,0.6921,0.6921,0.6921
1691633713000,0.6921,0.6921,0.6921
1691633714000,0.6922,0.6922,0.6922
1691633715000,0.6921,0.6921,0.6921
1691633716000,0.6921,0.6921,0.6921
1691633717000,0.6921,0.6921,0.6921
1691633718000,0.6921,0.6921,0.6921
1691633719000,0.69209153,0.69209153,0.69209153
1691633720000,0.69209153,0.69209153,0.69209153
1691633721000,0.69209092,0.69209092,0.69209092
1691633722000,0.69209092,0.69209092,0.69209092
1691633723000,0.69209002,0.69209002,0.69209002
1691633724000,0.6921,0.6921,0.6921
1691633725000,0.6921,0.6921,0.6921
1691633726000,0.69209126,0.69209126,0.69209126
1691633727000,0.69209033,0.69209033,0.69209033
1691633728000,0.69209123,0.69209123,0.69209123
1691633729000,0.6921,0.6921,0.6921
1691633730000,0.6921,0.6921,0.6921
1691633731000,0.6921,0.6921,0.6921
1691633732000,0.6921,0.6921,0.6921
1691633733000,0.6921,0.6921,0.6921
1691633734000,0.6921,0.6921,0.6921
1691633735000,0.6921,0.6921,0.6921
1691633736000,0.6921,0.6921,0.6921
1691633737000,0.6921,0.6921,0.6921
1691633738000,0.6921,0.6921,0.6921
1691633739000,0.6921,0.6921,0.6921
1691633740000,0.6921,0.6921,0.6921
1691633741000,0.6921,0.6921,0.6921
1691633742000,0.6921,0.6921,0.6921
1691633743000,0.6921,0.6921,0.6921
1691633744000,0.6921,0.6921,0.6921
1691633745000,0.6921,0.6921,0.6921
1691633746000,0.6921,0.6921,0.6921
1691633747000,0.6921,0.6921,0.6921
1691633748000,0.6921,0.6921,0.6921
1691633749000,0.6921,0.6921,0.6921
1691633750000,0.6921,0.6921,0.6921
1691633751000,0.6921,0.6921,0.6921
1691633752000,0.6921,0.6921,0.6921
1691633753000,0.69204482,0.69204482,0.69204482
1691633754000,0.6921,0.6921,0.6921
1691633755000,0.69204763,0.69204763,0.69204763
1691633756000,0.69204767,0.69204767,0.69204767
1691633757000,0.69204747,0.69204747,0.69204747
1691633758000,0.69204747,0.69204747,0.69204747
1691633759000,0.69204747,0.69204747,0.69204747
1691633760000,0.6921,0.6921,0.6921
1691633761000,0.6921,0.6921,0.6921
1691633762000,0.6921,0.6921,0.6921
1691633763000,0.69205478,0.69205478,0.69205478
1691633764000,0.6921,0.6921,0.6921
1691633765000,0.6921,0.6921,0.6921
1691633766000,0.6921,0.6921,0.6921
1691633767000,0.6920033,0.6920033,0.6920033
1691633768000,0.6920033,0.6920033,0.6920033
1691633769000,0.6920033,0.6920033,0.6920033
1691633770000,0.6920033,0.6920033,0.6920033
1691633771000,0.69198902,0.69198902,0.69198902
1691633772000,0.69198902,0.69198902,0.69198902
1691633773000,0.69187713,0.69187713,0.69187713
1691633774000,0.69187717,0.69187717,0.69187717
1691633775000,0.69187717,0.69187717,0.69187717
1691633776000,0.69187816,0.69187816,0.69187816
1691633777000,0.69187634,0.69187634,0.69187634
1691633778000,0.69187236,0.69187236,0.69187236
1691633779000,0.69187066,0.69187066,0.69187066
1691633780000,0.69187066,0.69187066,0.69187066
1691633781000,0.69187048,0.69187048,0.69187048
1691633782000,0.69181549,0.69181549,0.69181549
1691633783000,0.69181541,0.69181541,0.69181541
1691633784000,0.69181541,0.69181541,0.69181541
1691633785000,0.69181541,0.69181541,0.69181541
1691633786000,0.6918143,0.6918143,0.6918143
1691633787000,0.69186832,0.69186832,0.69186832
1691633788000,0.69186755,0.69186755,0.69186755
1691633789000,0.69186755,0.69186755,0.69186755
1691633790000,0.69186755,0.69186755,0.69186755
1691633791000,0.69186759,0.69186759,0.69186759
1691633792000,0.69186845,0.69186845,0.69186845
1691633793000,0.69186751,0.69186751,0.69186751
1691633794000,0.69186751,0.69186751,0.69186751
1691633795000,0.69186751,0.69186751,0.69186751
1691633796000,0.69186751,0.69186751,0.69186751
1691633797000,0.69186748,0.69186748,0.69186748
1691633798000,0.69186735,0.69186735,0.69186735
1691633799000,0.69186735,0.69186735,0.69186735
1691633800000,0.69186642,0.69186642,0.69186642
1691633801000,0.69186735,0.69186735,0.69186735
1691633802000,0.69186899,0.69186899,0.69186899
1691633803000,0.69186855,0.69186855,0.69186855
1691633804000,0.6919,0.6919,0.6919
1691633805000,0.6919,0.6919,0.6919
1691633806000,0.6919,0.6919,0.6919
1691633807000,0.6919,0.6919,0.6919
1691633808000,0.6919,0.6919,0.6919
1691633809000,0.6919,0.6919,0.6919
1691633810000,0.6919,0.6919,0.6919
1691633811000,0.6919,0.6919,0.6919
1691633812000,0.69186743,0.69186743,0.69186743
1691633813000,0.69186743,0.69186743,0.69186743
1691633814000,0.69186735,0.69186735,0.69186735
1691633815000,0.69186735,0.69186735,0.69186735
1691633816000,0.6919,0.6919,0.6919
1691633817000,0.6919,0.6919,0.6919
1691633818000,0.6919,0.6919,0.6919
1691633819000,0.6919,0.6919,0.6919
1691633820000,0.6919,0.6919,0.6919
1691633821000,0.6919,0.6919,0.6919
1691633822000,0.6919,0.6919,0.6919
1691633823000,0.69181105,0.69181105,0.69181105
1691633824000,0.69181105,0.69181105,0.69181105
1691633825000,0.69181117,0.69181117,0.69181117
1691633826000,0.69181117,0.69181117,0.69181117
1691633827000,0.6919,0.6919,0.6919
1691633828000,0.6919,0.6919,0.6919
1691633829000,0.6919,0.6919,0.6919
1691633830000,0.6919,0.6919,0.6919
1691633831000,0.6919,0.6919,0.6919
1691633832000,0.69181006,0.69181006,0.69181006
1691633833000,0.69181076,0.69181076,0.69181076
1691633834000,0.6918106,0.6918106,0.6918106
1691633835000,0.6918106,0.6918106,0.6918106
1691633836000,0.69177821,0.69177821,0.69177821
1691633837000,0.6918,0.6918,0.6918
1691633838000,0.6918,0.6918,0.6918
1691633839000,0.6918,0.6918,0.6918
1691633840000,0.6918,0.6918,0.6918
1691633841000,0.6918,0.6918,0.6918
1691633842000,0.6918,0.6918,0.6918
1691633843000,0.6918,0.6918,0.6918
1691633844000,0.6918,0.6918,0.6918
1691633845000,0.6918,0.6918,0.6918
1691633846000,0.6918,0.6918,0.6918
1691633847000,0.6918,0.6918,0.6918
1691633848000,0.6918,0.6918,0.6918
1691633849000,0.6918,0.6918,0.6918
1691633850000,0.6918,0.6918,0.6918
1691633851000,0.69182814,0.69182814,0.69182814
1691633852000,0.69182814,0.69182814,0.69182814
1691633853000,0.69182717,0.69182717,0.69182717
1691633854000,0.69182831,0.69182831,0.69182831
1691633855000,0.69182831,0.69182831,0.69182831
1691633856000,0.69182734,0.69182734,0.69182734
1691633857000,0.69182734,0.69182734,0.69182734
1691633858000,0.69182734,0.69182734,0.69182734
1691633859000,0.69182675,0.69182675,0.69182675
1691633860000,0.69182752,0.69182752,0.69182752
1691633861000,0.69182718,0.69182718,0.69182718
1691633862000,0.69182718,0.69182718,0.69182718
1691633863000,0.69182691,0.69182691,0.69182691
1691633864000,0.69182722,0.69182722,0.69182722
1691633865000,0.69182469,0.69182469,0.69182469
1691633866000,0.69182469,0.69182469,0.69182469
1691633867000,0.69182469,0.69182469,0.69182469
1691633868000,0.69182022,0.69182022,0.69182022
1691633869000,0.69181867,0.69181867,0.69181867
1691633870000,0.69181867,0.69181867,0.69181867
1691633871000,0.69181964,0.69181964,0.69181964
1691633872000,0.69181871,0.69181871,0.69181871
1691633873000,0.69181867,0.69181867,0.69181867
1691633874000,0.69182784,0.69182784,0.69182784
1691633875000,0.69182784,0.69182784,0.69182784
1691633876000,0.6918278,0.6918278,0.6918278
1691633877000,0.69181654,0.69181654,0.69181654
1691633878000,0.69181654,0.69181654,0.69181654
1691633879000,0.6918165,0.6918165,0.6918165
1691633880000,0.69181442,0.69181442,0.69181442
1691633881000,0.69181535,0.69181535,0.69181535
1691633882000,0.69181539,0.69181539,0.69181539
1691633883000,0.69181535,0.69181535,0.69181535
1691633884000,0.69181539,0.69181539,0.69181539
1691633885000,0.69181132,0.69181132,0.69181132
1691633886000,0.69181132,0.69181132,0.69181132
1691633887000,0.69181132,0.69181132,0.69181132
1691633888000,0.69181132,0.69181132,0.69181132
1691633889000,0.69181136,0.69181136,0.69181136
1691633890000,0.69180771,0.69180771,0.69180771
1691633891000,0.69180646,0.69180646,0.69180646
1691633892000,0.69180646,0.69180646,0.69180646
1691633893000,0.69180553,0.69180553,0.69180553
1691633894000,0.6918065,0.6918065,0.6918065
1691633895000,0.69180291,0.69180291,0.69180291
1691633896000,0.69174885,0.69174885,0.69174885
1691633897000,0.69174889,0.69174889,0.69174889
1691633898000,0.69174889,0.69174889,0.69174889
1691633899000,0.69174889,0.69174889,0.69174889
1691633900000,0.69174664,0.69174664,0.69174664
1691633901000,0.69174664,0.69174664,0.69174664
1691633902000,0.69174571,0.69174571,0.69174571
1691633903000,0.69174571,0.69174571,0.69174571
1691633904000,0.69174571,0.69174571,0.69174571
1691633905000,0.69174579,0.69174579,0.69174579
1691633906000,0.69174531,0.69174531,0.69174531
1691633907000,0.69174531,0.69174531,0.69174531
1691633908000,0.69174531,0.69174531,0.69174531
1691633909000,0.69174628,0.69174628,0.69174628
1691633910000,0.69174624,0.69174624,0.69174624
1691633911000,0.69174475,0.69174475,0.69174475
1691633912000,0.69174475,0.69174475,0.69174475
1691633913000,0.69174475,0.69174475,0.69174475
1691633914000,0.69174479,0.69174479,0.69174479
1691633915000,0.69174479,0.69174479,0.69174479
1691633916000,0.69174382,0.69174382,0.69174382
1691633917000,0.69172699,0.69172699,0.69172699
1691633918000,0.69172699,0.69172699,0.69172699
1691633919000,0.69172699,0.69172699,0.69172699
1691633920000,0.69172695,0.69172695,0.69172695
1691633921000,0.69172504,0.69172504,0.69172504
1691633922000,0.691725,0.691725,0.691725
1691633923000,0.69172134,0.69172134,0.69172134
1691633924000,0.69172134,0.69172134,0.69172134
1691633925000,0.69172134,0.69172134,0.69172134
1691633926000,0.69171823,0.69171823,0.69171823
1691633927000,0.69171823,0.69171823,0.69171823
1691633928000,0.69171827,0.69171827,0.69171827
1691633929000,0.69171827,0.69171827,0.69171827
1691633930000,0.69171827,0.69171827,0.69171827
1691633931000,0.69171819,0.69171819,0.69171819
1691633932000,0.6917167,0.6917167,0.6917167
1691633933000,0.6917167,0.6917167,0.6917167
1691633934000,0.6917167,0.6917167,0.6917167
1691633935000,0.6917167,0.6917167,0.6917167
1691633936000,0.69171646,0.69171646,0.69171646
1691633937000,0.69171362,0.69171362,0.69171362
1691633938000,0.69171342,0.69171342,0.69171342
1691633939000,0.69171342,0.69171342,0.69171342
1691633940000,0.69171346,0.69171346,0.69171346
1691633941000,0.69171346,0.69171346,0.69171346
1691633942000,0.69171083,0.69171083,0.69171083
1691633943000,0.69171083,0.69171083,0.69171083
1691633944000,0.69171086,0.69171086,0.69171086
1691633945000,0.69171086,0.69171086,0.69171086
1691633946000,0.69171086,0.69171086,0.69171086
1691633947000,0.69170659,0.69170659,0.69170659
1691633948000,0.69170659,0.69170659,0.69170659
1691633949000,0.69170659,0.69170659,0.69170659
1691633950000,0.69170659,0.69170659,0.69170659
1691633951000,0.69170659,0.69170659,0.69170659
1691633952000,0.69169997,0.69169997,0.69169997
1691633953000,0.69163507,0.69163507,0.69163507
1691633954000,0.69159801,0.69159801,0.69159801
1691633955000,0.69159801,0.69159801,0.69159801
1691633956000,0.69150495,0.69150495,0.69150495
1691633957000,0.69149709,0.69149709,0.69149709
1691633958000,0.69149629,0.69149629,0.69149629
1691633959000,0.69149629,0.69149629,0.69149629
1691633960000,0.69149625,0.69149625,0.69149625
1691633961000,0.69146838,0.69146838,0.69146838
1691633962000,0.69146514,0.69146514,0.69146514
1691633963000,0.69146304,0.69146304,0.69146304
1691633964000,0.69146304,0.69146304,0.69146304
1691633965000,0.69146304,0.69146304,0.69146304
1691633966000,0.69141031,0.69141031,0.69141031
1691633967000,0.6913754,0.6913754,0.6913754
1691633968000,0.69137196,0.69137196,0.69137196
1691633969000,0.69132545,0.69132545,0.69132545
1691633970000,0.69132545,0.69132545,0.69132545
1691633971000,0.69127196,0.69127196,0.69127196
1691633972000,0.69122619,0.69122619,0.69122619
1691633973000,0.69122253,0.69122253,0.69122253
1691633974000,0.69122253,0.69122253,0.69122253
1691633975000,0.69122253,0.69122253,0.69122253
1691633976000,0.69122334,0.69122334,0.69122334
1691633977000,0.69122334,0.69122334,0.69122334
1691633978000,0.69121948,0.69121948,0.69121948
1691633979000,0.69121948,0.69121948,0.69121948
1691633980000,0.69121948,0.69121948,0.69121948
1691633981000,0.69121948,0.69121948,0.69121948
1691633982000,0.69121444,0.69121444,0.69121444
1691633983000,0.69120794,0.69120794,0.69120794
1691633984000,0.69120699,0.69120699,0.69120699
1691633985000,0.69120699,0.69120699,0.69120699
1691633986000,0.69117646,0.69117646,0.69117646
1691633987000,0.69117646,0.69117646,0.69117646
1691633988000,0.69112313,0.69112313,0.69112313
1691633989000,0.69111867,0.69111867,0.69111867
1691633990000,0.69111867,0.69111867,0.69111867
1691633991000,0.69111867,0.69111867,0.69111867
1691633992000,0.69111867,0.69111867,0.69111867
1691633993000,0.69111895,0.69111895,0.69111895
1691633994000,0.69111586,0.69111586,0.69111586
1691633995000,0.69111586,0.69111586,0.69111586
1691633996000,0.69111509,0.69111509,0.69111509
1691633997000,0.69111509,0.69111509,0.69111509
1691633998000,0.69111586,0.69111586,0.69111586
1691633999000,0.69111307,0.69111307,0.69111307
1691634000000,0.69111307,0.69111307,0.69111307
1691634001000,0.6911123,0.6911123,0.6911123
1691634002000,0.69111227,0.69111227,0.69111227
1691634003000,0.69111227,0.69111227,0.69111227
1691634004000,0.69110864,0.69110864,0.69110864
1691634005000,0.69110864,0.69110864,0.69110864
1691634006000,0.69110784,0.69110784,0.69110784
1691634007000,0.69110784,0.69110784,0.69110784
1691634008000,0.69103804,0.69103804,0.69103804
1691634009000,0.69103192,0.69103192,0.69103192
1691634010000,0.69103192,0.69103192,0.69103192
1691634011000,0.6910323,0.6910323,0.6910323
1691634012000,0.6910323,0.6910323,0.6910323
1691634013000,0.69103233,0.69103233,0.69103233
1691634014000,0.6910323,0.6910323,0.6910323
1691634015000,0.69102826,0.69102826,0.69102826
1691634016000,0.69102746,0.69102746,0.69102746
1691634017000,0.69102746,0.69102746,0.69102746
1691634018000,0.69102746,0.69102746,0.69102746
1691634019000,0.69102746,0.69102746,0.69102746
1691634020000,0.69102566,0.69102566,0.69102566
1691634021000,0.6910257,0.6910257,0.6910257
1691634022000,0.69101869,0.69101869,0.69101869
1691634023000,0.69084357,0.69084357,0.69084357
1691634024000,0.69084357,0.69084357,0.69084357
1691634025000,0.69084008,0.69084008,0.69084008
1691634026000,0.69083928,0.69083928,0.69083928
1691634027000,0.69083931,0.69083931,0.69083931
1691634028000,0.6908717,0.6908717,0.6908717
1691634029000,0.69082518,0.69082518,0.69082518
1691634030000,0.69082138,0.69082138,0.69082138
1691634031000,0.69082138,0.69082138,0.69082138
1691634032000,0.69086792,0.69086792,0.69086792
1691634033000,0.69086789,0.69086789,0.69086789
1691634034000,0.69086789,0.69086789,0.69086789
1691634035000,0.69086406,0.69086406,0.69086406
1691634036000,0.6908641,0.6908641,0.6908641
1691634037000,0.69086329,0.69086329,0.69086329
1691634038000,0.69086326,0.69086326,0.69086326
1691634039000,0.69086326,0.69086326,0.69086326
1691634040000,0.69085923,0.69085923,0.69085923
1691634041000,0.69086003,0.69086003,0.69086003
1691634042000,0.69077083,0.69077083,0.69077083
1691634043000,0.69077083,0.69077083,0.69077083
1691634044000,0.69084525,0.69084525,0.69084525
1691634045000,0.69084398,0.69084398,0.69084398
1691634046000,0.6908387,0.6908387,0.6908387
1691634047000,0.6908387,0.6908387,0.6908387
1691634048000,0.6908387,0.6908387,0.6908387
1691634049000,0.69082479,0.69082479,0.69082479
1691634050000,0.69082559,0.69082559,0.69082559
1691634051000,0.69082228,0.69082228,0.69082228
1691634052000,0.69082228,0.69082228,0.69082228
1691634053000,0.69082228,0.69082228,0.69082228
1691634054000,0.69082047,0.69082047,0.69082047
1691634055000,0.69082047,0.69082047,0.69082047
1691634056000,0.69081567,0.69081567,0.69081567
1691634057000,0.69081567,0.69081567,0.69081567
1691634058000,0.69081567,0.69081567,0.69081567
1691634059000,0.69081543,0.69081543,0.69081543
1691634060000,0.69081543,0.69081543,0.69081543
1691634061000,0.6908,0.6908,0.6908
1691634062000,0.6908,0.6908,0.6908
1691634063000,0.69079684,0.69079684,0.69079684
1691634064000,0.69079834,0.69079834,0.69079834
1691634065000,0.6908123,0.6908123,0.6908123
1691634066000,0.69080765,0.69080765,0.69080765
1691634067000,0.69080845,0.69080845,0.69080845
1691634068000,0.69080845,0.69080845,0.69080845
1691634069000,0.69080828,0.69080828,0.69080828
1691634070000,0.69080748,0.69080748,0.69080748
1691634071000,0.69080828,0.69080828,0.69080828
1691634072000,0.69080526,0.69080526,0.69080526
1691634073000,0.69080526,0.69080526,0.69080526
1691634074000,0.69080526,0.69080526,0.69080526
1691634075000,0.69080581,0.69080581,0.69080581
1691634076000,0.69080578,0.69080578,0.69080578
1691634077000,0.69080312,0.69080312,0.69080312
1691634078000,0.69080315,0.69080315,0.69080315
1691634079000,0.69080315,0.69080315,0.69080315
1691634080000,0.69080301,0.69080301,0.69080301
1691634081000,0.69078906,0.69078906,0.69078906
1691634082000,0.69078547,0.69078547,0.69078547
1691634083000,0.69078547,0.69078547,0.69078547
1691634084000,0.6907855,0.6907855,0.6907855
1691634085000,0.6907855,0.6907855,0.6907855
1691634086000,0.69078494,0.69078494,0.69078494
1691634087000,0.69078146,0.69078146,0.69078146
1691634088000,0.69078149,0.69078149,0.69078149
1691634089000,0.69078149,0.69078149,0.69078149
1691634090000,0.69073997,0.69073997,0.69073997
1691634091000,0.69074,0.69074,0.69074
1691634092000,0.69073643,0.69073643,0.69073643
1691634093000,0.69073643,0.69073643,0.69073643
1691634094000,0.69073643,0.69073643,0.69073643
1691634095000,0.69073643,0.69073643,0.69073643
1691634096000,0.69073553,0.69073553,0.69073553
1691634097000,0.69073201,0.69073201,0.69073201
1691634098000,0.69073201,0.69073201,0.69073201
1691634099000,0.69073201,0.69073201,0.69073201
1691634100000,0.69073281,0.69073281,0.69073281
1691634101000,0.69073281,0.69073281,0.69073281
1691634102000,0.69073281,0.69073281,0.69073281
1691634103000,0.69072759,0.69072759,0.69072759
1691634104000,0.69072762,0.69072762,0.69072762
1691634105000,0.69072846,0.69072846,0.69072846
1691634106000,0.69072846,0.69072846,0.69072846
1691634107000,0.69072846,0.69072846,0.69072846
1691634108000,0.69072487,0.69072487,0.69072487
1691634109000,0.69072487,0.69072487,0.69072487
1691634110000,0.6907249,0.6907249,0.6907249
1691634111000,0.6907249,0.6907249,0.6907249
1691634112000,0.69072574,0.69072574,0.69072574
1691634113000,0.69072133,0.69072133,0.69072133
1691634114000,0.69072133,0.69072133,0.69072133
1691634115000,0.69072175,0.69072175,0.69072175
1691634116000,0.69072175,0.69072175,0.69072175
1691634117000,0.69072175,0.69072175,0.69072175
1691634118000,0.69066397,0.69066397,0.69066397
1691634119000,0.69066481,0.69066481,0.69066481
1691634120000,0.6906183,0.6906183,0.6906183
1691634121000,0.69061624,0.69061624,0.69061624
1691634122000,0.69061627,0.69061627,0.69061627
1691634123000,0.69061178,0.69061178,0.69061178
1691634124000,0.69061178,0.69061178,0.69061178
1691634125000,0.6906,0.6906,0.6906
1691634126000,0.6906,0.6906,0.6906
1691634127000,0.69059588,0.69059588,0.69059588
1691634128000,0.69059588,0.69059588,0.69059588
1691634129000,0.6905904,0.6905904,0.6905904
1691634130000,0.6906,0.6906,0.6906
1691634131000,0.6906,0.6906,0.6906
1691634132000,0.6906,0.6906,0.6906
1691634133000,0.6906,0.6906,0.6906
1691634134000,0.6906,0.6906,0.6906
1691634135000,0.6906,0.6906,0.6906
1691634136000,0.6906,0.6906,0.6906
1691634137000,0.6906,0.6906,0.6906
1691634138000,0.69058545,0.69058545,0.69058545
1691634139000,0.69058297,0.69058297,0.69058297
1691634140000,0.6906,0.6906,0.6906
1691634141000,0.6906,0.6906,0.6906
1691634142000,0.6906,0.6906,0.6906
1691634143000,0.6906,0.6906,0.6906
1691634144000,0.6906,0.6906,0.6906
1691634145000,0.6906,0.6906,0.6906
1691634146000,0.6906,0.6906,0.6906
1691634147000,0.6906,0.6906,0.6906
1691634148000,0.6906,0.6906,0.6906
1691634149000,0.6906,0.6906,0.6906
1691634150000,0.6906,0.6906,0.6906
1691634151000,0.6906,0.6906,0.6906
1691634152000,0.6906,0.6906,0.6906
1691634153000,0.6906,0.6906,0.6906
1691634154000,0.6906,0.6906,0.6906
1691634155000,0.6906,0.6906,0.6906
1691634156000,0.6908,0.6908,0.6908
1691634157000,0.6908,0.6908,0.6908
1691634158000,0.6907,0.6907,0.6907
1691634159000,0.6907,0.6907,0.6907
1691634160000,0.69061537,0.69061537,0.69061537
1691634161000,0.69061537,0.69061537,0.69061537
1691634162000,0.69062866,0.69062866,0.69062866
1691634163000,0.69062866,0.69062866,0.69062866
1691634164000,0.69062866,0.69062866,0.69062866
1691634165000,0.69062749,0.69062749,0.69062749
1691634166000,0.69062749,0.69062749,0.69062749
1691634167000,0.69062672,0.69062672,0.69062672
1691634168000,0.69062717,0.69062717,0.69062717
1691634169000,0.69062717,0.69062717,0.69062717
1691634170000,0.69062653,0.69062653,0.69062653
1691634171000,0.69062656,0.69062656,0.69062656
1691634172000,0.69062594,0.69062594,0.69062594
1691634173000,0.69062594,0.69062594,0.69062594
1691634174000,0.69062594,0.69062594,0.69062594
1691634175000,0.69062445,0.69062445,0.69062445
1691634176000,0.69062442,0.69062442,0.69062442
1691634177000,0.69062383,0.69062383,0.69062383
1691634178000,0.69062383,0.69062383,0.69062383
1691634179000,0.6906703,0.6906703,0.6906703
1691634180000,0.69066975,0.69066975,0.69066975
1691634181000,0.69066972,0.69066972,0.69066972
1691634182000,0.69067,0.69067,0.69067
1691634183000,0.6908,0.6908,0.6908
1691634184000,0.6908,0.6908,0.6908
1691634185000,0.6908,0.6908,0.6908
1691634186000,0.6908,0.6908,0.6908
1691634187000,0.6908,0.6908,0.6908
1691634188000,0.6908,0.6908,0.6908
1691634189000,0.69067008,0.69067008,0.69067008
1691634190000,0.69067008,0.69067008,0.69067008
1691634191000,0.69067101,0.69067101,0.69067101
1691634192000,0.69066933,0.69066933,0.69066933
1691634193000,0.69066933,0.69066933,0.69066933
1691634194000,0.69066933,0.69066933,0.69066933
1691634195000,0.6906693,0.6906693,0.6906693
1691634196000,0.69066684,0.69066684,0.69066684
1691634197000,0.69066695,0.69066695,0.69066695
1691634198000,0.69066698,0.69066698,0.69066698
1691634199000,0.6907,0.6907,0.6907
1691634200000,0.6907,0.6907,0.6907
1691634201000,0.6907,0.6907,0.6907
1691634202000,0.6907,0.6907,0.6907
1691634203000,0.6907,0.6907,0.6907
1691634204000,0.6907,0.6907,0.6907
1691634205000,0.6907,0.6907,0.6907
1691634206000,0.6907,0.6907,0.6907
1691634207000,0.6907,0.6907,0.6907
1691634208000,0.69066112,0.69066112,0.69066112
1691634209000,0.69066116,0.69066116,0.69066116
1691634210000,0.69066116,0.69066116,0.69066116
1691634211000,0.69066116,0.69066116,0.69066116
1691634212000,0.69065874,0.69065874,0.69065874
1691634213000,0.69065884,0.69065884,0.69065884
1691634214000,0.69065881,0.69065881,0.69065881
1691634215000,0.69065962,0.69065962,0.69065962
1691634216000,0.69065965,0.69065965,0.69065965
1691634217000,0.69065799,0.69065799,0.69065799
1691634218000,0.69065677,0.69065677,0.69065677
1691634219000,0.69065758,0.69065758,0.69065758
1691634220000,0.69065758,0.69065758,0.69065758
1691634221000,0.69065761,0.69065761,0.69065761
1691634222000,0.6907,0.6907,0.6907
1691634223000,0.6907,0.6907,0.6907
1691634224000,0.6907,0.6907,0.6907
1691634225000,0.6907,0.6907,0.6907
1691634226000,0.6907,0.6907,0.6907
1691634227000,0.6907,0.6907,0.6907
1691634228000,0.6907,0.6907,0.6907
1691634229000,0.69062049,0.69062049,0.69062049
1691634230000,0.69062129,0.69062129,0.69062129
1691634231000,0.69062129,0.69062129,0.69062129
1691634232000,0.69061736,0.69061736,0.69061736
1691634233000,0.69061736,0.69061736,0.69061736
1691634234000,0.69061603,0.69061603,0.69061603
1691634235000,0.69061484,0.69061484,0.69061484
1691634236000,0.69061487,0.69061487,0.69061487
1691634237000,0.69061487,0.69061487,0.69061487
1691634238000,0.69061142,0.69061142,0.69061142
1691634239000,0.69061142,0.69061142,0.69061142
1691634240000,0.69061142,0.69061142,0.69061142
1691634241000,0.69061142,0.69061142,0.69061142
1691634242000,0.69061142,0.69061142,0.69061142
1691634243000,0.69061535,0.69061535,0.69061535
1691634244000,0.69061521,0.69061521,0.69061521
1691634245000,0.69061485,0.69061485,0.69061485
1691634246000,0.69061485,0.69061485,0.69061485
1691634247000,0.69061485,0.69061485,0.69061485
1691634248000,0.69061086,0.69061086,0.69061086
1691634249000,0.69061145,0.69061145,0.69061145
1691634250000,0.69061068,0.69061068,0.69061068
1691634251000,0.69061148,0.69061148,0.69061148
1691634252000,0.69061148,0.69061148,0.69061148
1691634253000,0.6906075,0.6906075,0.6906075
1691634254000,0.6906075,0.6906075,0.6906075
1691634255000,0.69045564,0.69045564,0.69045564
1691634256000,0.69045568,0.69045568,0.69045568
1691634257000,0.69045661,0.69045661,0.69045661
1691634258000,0.69045436,0.69045436,0.69045436
1691634259000,0.6905,0.6905,0.6905
1691634260000,0.6905,0.6905,0.6905
1691634261000,0.6905,0.6905,0.6905
1691634262000,0.6905,0.6905,0.6905
1691634263000,0.6905,0.6905,0.6905
1691634264000,0.6905,0.6905,0.6905
1691634265000,0.6905,0.6905,0.6905
1691634266000,0.6905,0.6905,0.6905
1691634267000,0.6905,0.6905,0.6905
1691634268000,0.6905,0.6905,0.6905
1691634269000,0.6905,0.6905,0.6905
1691634270000,0.6906,0.6906,0.6906
1691634271000,0.6905,0.6905,0.6905
1691634272000,0.6905,0.6905,0.6905
1691634273000,0.6905,0.6905,0.6905
1691634274000,0.6906,0.6906,0.6906
1691634275000,0.6905,0.6905,0.6905
1691634276000,0.6905,0.6905,0.6905
1691634277000,0.6905,0.6905,0.6905
1691634278000,0.6905,0.6905,0.6905
1691634279000,0.6906,0.6906,0.6906
1691634280000,0.6906,0.6906,0.6906
1691634281000,0.6906,0.6906,0.6906
1691634282000,0.6906,0.6906,0.6906
1691634283000,0.6906,0.6906,0.6906
1691634284000,0.6906,0.6906,0.6906
1691634285000,0.6906,0.6906,0.6906
1691634286000,0.6906,0.6906,0.6906
1691634287000,0.6906,0.6906,0.6906
1691634288000,0.6906,0.6906,0.6906
1691634289000,0.6906,0.6906,0.6906
1691634290000,0.6906,0.6906,0.6906
1691634291000,0.6905,0.6905,0.6905
1691634292000,0.6904,0.6904,0.6904
1691634293000,0.6904,0.6904,0.6904
1691634294000,0.6904,0.6904,0.6904
1691634295000,0.6904,0.6904,0.6904
1691634296000,0.6904,0.6904,0.6904
1691634297000,0.69033965,0.69033965,0.69033965
1691634298000,0.69034058,0.69034058,0.69034058
1691634299000,0.69033965,0.69033965,0.69033965
1691634300000,0.69034026,0.69034026,0.69034026
1691634301000,0.6903403,0.6903403,0.6903403
1691634302000,0.6903403,0.6903403,0.6903403
1691634303000,0.6904,0.6904,0.6904
1691634304000,0.6904,0.6904,0.6904
1691634305000,0.6905,0.6905,0.6905
1691634306000,0.6905,0.6905,0.6905
1691634307000,0.6905,0.6905,0.6905
1691634308000,0.6905,0.6905,0.6905
1691634309000,0.6905,0.6905,0.6905
1691634310000,0.69037683,0.69037683,0.69037683
1691634311000,0.69037683,0.69037683,0.69037683
1691634312000,0.6903759,0.6903759,0.6903759
1691634313000,0.6904,0.6904,0.6904
1691634314000,0.6904,0.6904,0.6904
1691634315000,0.6904,0.6904,0.6904
1691634316000,0.69037341,0.69037341,0.69037341
1691634317000,0.69037206,0.69037206,0.69037206
1691634318000,0.6903721,0.6903721,0.6903721
1691634319000,0.6903721,0.6903721,0.6903721
1691634320000,0.6903721,0.6903721,0.6903721
1691634321000,0.69036865,0.69036865,0.69036865
1691634322000,0.69036861,0.69036861,0.69036861
1691634323000,0.69036861,0.69036861,0.69036861
1691634324000,0.69036865,0.69036865,0.69036865
1691634325000,0.69036897,0.69036897,0.69036897
1691634326000,0.69036826,0.69036826,0.69036826
1691634327000,0.69036826,0.69036826,0.69036826
1691634328000,0.69036826,0.69036826,0.69036826
1691634329000,0.69036729,0.69036729,0.69036729
1691634330000,0.69036729,0.69036729,0.69036729
1691634331000,0.69035642,0.69035642,0.69035642
1691634332000,0.69035646,0.69035646,0.69035646
1691634333000,0.69035507,0.69035507,0.69035507
1691634334000,0.6905,0.6905,0.6905
1691634335000,0.6905,0.6905,0.6905
1691634336000,0.6905,0.6905,0.6905
1691634337000,0.6905,0.6905,0.6905
1691634338000,0.6905,0.6905,0.6905
1691634339000,0.6906,0.6906,0.6906
1691634340000,0.6905,0.6905,0.6905
1691634341000,0.6905,0.6905,0.6905
1691634342000,0.6905,0.6905,0.6905
1691634343000,0.6905,0.6905,0.6905
1691634344000,0.6905,0.6905,0.6905
1691634345000,0.6905,0.6905,0.6905
1691634346000,0.6905,0.6905,0.6905
1691634347000,0.6905,0.6905,0.6905
1691634348000,0.6905,0.6905,0.6905
1691634349000,0.6906,0.6906,0.6906
1691634350000,0.6906,0.6906,0.6906
1691634351000,0.6906,0.6906,0.6906
1691634352000,0.6906,0.6906,0.6906
1691634353000,0.6906,0.6906,0.6906
1691634354000,0.6906,0.6906,0.6906
1691634355000,0.6906,0.6906,0.6906
1691634356000,0.6906,0.6906,0.6906
1691634357000,0.6905,0.6905,0.6905
1691634358000,0.6905,0.6905,0.6905
1691634359000,0.6905,0.6905,0.6905
1691634360000,0.6906,0.6906,0.6906
1691634361000,0.6906,0.6906,0.6906
1691634362000,0.6906,0.6906,0.6906
1691634363000,0.6907,0.6907,0.6907
1691634364000,0.6907,0.6907,0.6907
1691634365000,0.6907,0.6907,0.6907
1691634366000,0.6906,0.6906,0.6906
1691634367000,0.6906,0.6906,0.6906
1691634368000,0.6906,0.6906,0.6906
1691634369000,0.6906,0.6906,0.6906
1691634370000,0.6906,0.6906,0.6906
1691634371000,0.6906,0.6906,0.6906
1691634372000,0.6906,0.6906,0.6906
1691634373000,0.6906,0.6906,0.6906
1691634374000,0.6906,0.6906,0.6906
1691634375000,0.6906,0.6906,0.6906
1691634376000,0.6906,0.6906,0.6906
1691634377000,0.6907,0.6907,0.6907
1691634378000,0.6908,0.6908,0.6908
1691634379000,0.6908,0.6908,0.6908
1691634380000,0.6908,0.6908,0.6908
1691634381000,0.6908,0.6908,0.6908
1691634382000,0.6908,0.6908,0.6908
1691634383000,0.6908,0.6908,0.6908
1691634384000,0.6908,0.6908,0.6908
1691634385000,0.6908,0.6908,0.6908
1691634386000,0.6908,0.6908,0.6908
1691634387000,0.6908,0.6908,0.6908
1691634388000,0.6908,0.6908,0.6908
1691634389000,0.6908,0.6908,0.6908
1691634390000,0.6908,0.6908,0.6908
1691634391000,0.6908,0.6908,0.6908
1691634392000,0.6908,0.6908,0.6908
1691634393000,0.6909,0.6909,0.6909
1691634394000,0.6909,0.6909,0.6909
1691634395000,0.6908,0.6908,0.6908
1691634396000,0.6908,0.6908,0.6908
1691634397000,0.6909,0.6909,0.6909
1691634398000,0.6909,0.6909,0.6909
1691634399000,0.6909,0.6909,0.6909
1691634400000,0.6909,0.6909,0.6909
1691634401000,0.6909,0.6909,0.6909
1691634402000,0.6909,0.6909,0.6909
1691634403000,0.691,0.691,0.691
1691634404000,0.6909,0.6909,0.6909
1691634405000,0.6909,0.6909,0.6909
1691634406000,0.6909,0.6909,0.6909
1691634407000,0.6909,0.6909,0.6909
1691634408000,0.6909,0.6909,0.6909
1691634409000,0.6909,0.6909,0.6909
1691634410000,0.6909,0.6909,0.6909
1691634411000,0.6909,0.6909,0.6909
1691634412000,0.6909,0.6909,0.6909
1691634413000,0.6909,0.6909,0.6909
1691634414000,0.6909,0.6909,0.6909
1691634415000,0.6909,0.6909,0.6909
1691634416000,0.691,0.691,0.691
1691634417000,0.691,0.691,0.691
1691634418000,0.691,0.691,0.691
1691634419000,0.691,0.691,0.691
1691634420000,0.691,0.691,0.691
1691634421000,0.691,0.691,0.691
1691634422000,0.691,0.691,0.691
1691634423000,0.691,0.691,0.691
1691634424000,0.691,0.691,0.691
1691634425000,0.691,0.691,0.691
1691634426000,0.691,0.691,0.691
1691634427000,0.6911,0.6911,0.6911
1691634428000,0.6911,0.6911,0.6911
1691634429000,0.6911,0.6911,0.6911
1691634430000,0.6911,0.6911,0.6911
1691634431000,0.6911,0.6911,0.6911
1691634432000,0.6911,0.6911,0.6911
1691634433000,0.6911,0.6911,0.6911
1691634434000,0.6911,0.6911,0.6911
1691634435000,0.6911,0.6911,0.6911
1691634436000,0.691,0.691,0.691
1691634437000,0.691,0.691,0.691
1691634438000,0.6911,0.6911,0.6911
1691634439000,0.6911,0.6911,0.6911
1691634440000,0.691,0.691,0.691
1691634441000,0.691,0.691,0.691
1691634442000,0.6911,0.6911,0.6911
1691634443000,0.6911,0.6911,0.6911
1691634444000,0.6911,0.6911,0.6911
1691634445000,0.6911,0.6911,0.6911
1691634446000,0.6911,0.6911,0.6911
1691634447000,0.6911,0.6911,0.6911
1691634448000,0.6911,0.6911,0.6911
1691634449000,0.6911,0.6911,0.6911
1691634450000,0.691,0.691,0.691
1691634451000,0.691,0.691,0.691
1691634452000,0.691,0.691,0.691
1691634453000,0.691,0.691,0.691
1691634454000,0.6911,0.6911,0.6911
1691634455000,0.6911,0.6911,0.6911
1691634456000,0.6911,0.6911,0.6911
1691634457000,0.6911,0.6911,0.6911
1691634458000,0.6911,0.6911,0.6911
1691634459000,0.6911,0.6911,0.6911
1691634460000,0.6911,0.6911,0.6911
1691634461000,0.6911,0.6911,0.6911
1691634462000,0.6911,0.6911,0.6911
1691634463000,0.6911,0.6911,0.6911
1691634464000,0.6911,0.6911,0.6911
1691634465000,0.6911,0.6911,0.6911
1691634466000,0.6911,0.6911,0.6911
1691634467000,0.6911,0.6911,0.6911
1691634468000,0.6911,0.6911,0.6911
1691634469000,0.6911,0.6911,0.6911
1691634470000,0.6911,0.6911,0.6911
1691634471000,0.69082052,0.69082052,0.69082052
1691634472000,0.69082136,0.69082136,0.69082136
1691634473000,0.69082136,0.69082136,0.69082136
1691634474000,0.69081975,0.69081975,0.69081975
1691634475000,0.69081975,0.69081975,0.69081975
1691634476000,0.69081972,0.69081972,0.69081972
1691634477000,0.69082116,0.69082116,0.69082116
1691634478000,0.69082116,0.69082116,0.69082116
1691634479000,0.69082196,0.69082196,0.69082196
1691634480000,0.6908,0.6908,0.6908
1691634481000,0.6907145,0.6907145,0.6907145
1691634482000,0.69071169,0.69071169,0.69071169
1691634483000,0.69071169,0.69071169,0.69071169
1691634484000,0.69071169,0.69071169,0.69071169
1691634485000,0.69071499,0.69071499,0.69071499
1691634486000,0.69071499,0.69071499,0.69071499
1691634487000,0.69070252,0.69070252,0.69070252
1691634488000,0.69070332,0.69070332,0.69070332
1691634489000,0.69070392,0.69070392,0.69070392
1691634490000,0.69070392,0.69070392,0.69070392
1691634491000,0.69070312,0.69070312,0.69070312
1691634492000,0.69070649,0.69070649,0.69070649
1691634493000,0.69070649,0.69070649,0.69070649
1691634494000,0.69070649,0.69070649,0.69070649
1691634495000,0.69070478,0.69070478,0.69070478
1691634496000,0.6908,0.6908,0.6908
1691634497000,0.6908,0.6908,0.6908
1691634498000,0.6908,0.6908,0.6908
1691634499000,0.6908,0.6908,0.6908
1691634500000,0.6908,0.6908,0.6908
1691634501000,0.6908,0.6908,0.6908
1691634502000,0.6908,0.6908,0.6908
1691634503000,0.6908,0.6908,0.6908
1691634504000,0.6908,0.6908,0.6908
1691634505000,0.6908,0.6908,0.6908
1691634506000,0.6908,0.6908,0.6908
1691634507000,0.6908,0.6908,0.6908
1691634508000,0.6908,0.6908,0.6908
1691634509000,0.6908,0.6908,0.6908
1691634510000,0.6908,0.6908,0.6908
1691634511000,0.6908,0.6908,0.6908
1691634512000,0.6908,0.6908,0.6908
1691634513000,0.6908,0.6908,0.6908
1691634514000,0.6908,0.6908,0.6908
1691634515000,0.6908,0.6908,0.6908
1691634516000,0.6908,0.6908,0.6908
1691634517000,0.6908,0.6908,0.6908
1691634518000,0.6908,0.6908,0.6908
1691634519000,0.6908,0.6908,0.6908
1691634520000,0.6908,0.6908,0.6908
1691634521000,0.6908,0.6908,0.6908
1691634522000,0.691,0.691,0.691
1691634523000,0.691,0.691,0.691
1691634524000,0.691,0.691,0.691
1691634525000,0.6911,0.6911,0.6911
1691634526000,0.6911,0.6911,0.6911
1691634527000,0.6911,0.6911,0.6911
1691634528000,0.6911,0.6911,0.6911
1691634529000,0.6911,0.6911,0.6911
1691634530000,0.6912,0.6912,0.6912
1691634531000,0.6911,0.6911,0.6911
1691634532000,0.6911,0.6911,0.6911
1691634533000,0.6911,0.6911,0.6911
1691634534000,0.6911,0.6911,0.6911
1691634535000,0.6912,0.6912,0.6912
1691634536000,0.6912,0.6912,0.6912
1691634537000,0.6912,0.6912,0.6912
1691634538000,0.6912,0.6912,0.6912
1691634539000,0.6912,0.6912,0.6912
1691634540000,0.6912,0.6912,0.6912
1691634541000,0.6912,0.6912,0.6912
1691634542000,0.6912,0.6912,0.6912
1691634543000,0.6912,0.6912,0.6912
1691634544000,0.6912,0.6912,0.6912
1691634545000,0.6912,0.6912,0.6912
1691634546000,0.6912,0.6912,0.6912
1691634547000,0.6912,0.6912,0.6912
1691634548000,0.6912,0.6912,0.6912
1691634549000,0.6912,0.6912,0.6912
1691634550000,0.6912,0.6912,0.6912
1691634551000,0.6912,0.6912,0.6912
1691634552000,0.6912,0.6912,0.6912
1691634553000,0.6912,0.6912,0.6912
1691634554000,0.6912,0.6912,0.6912
1691634555000,0.6912,0.6912,0.6912
1691634556000,0.6912,0.6912,0.6912
1691634557000,0.6912,0.6912,0.6912
1691634558000,0.6912,0.6912,0.6912
1691634559000,0.6912,0.6912,0.6912
1691634560000,0.6913,0.6913,0.6913
1691634561000,0.69114964,0.69114964,0.69114964
1691634562000,0.69115061,0.69115061,0.69115061
1691634563000,0.6911029,0.6911029,0.6911029
1691634564000,0.6911029,0.6911029,0.6911029
1691634565000,0.69110862,0.69110862,0.69110862
1691634566000,0.69110862,0.69110862,0.69110862
1691634567000,0.69110187,0.69110187,0.69110187
1691634568000,0.69110268,0.69110268,0.69110268
1691634569000,0.69114922,0.69114922,0.69114922
1691634570000,0.69114901,0.69114901,0.69114901
1691634571000,0.69114943,0.69114943,0.69114943
1691634572000,0.69110292,0.69110292,0.69110292
1691634573000,0.69110292,0.69110292,0.69110292
1691634574000,0.69110292,0.69110292,0.69110292
1691634575000,0.69110194,0.69110194,0.69110194
1691634576000,0.69110072,0.69110072,0.69110072
1691634577000,0.69110072,0.69110072,0.69110072
1691634578000,0.69110153,0.69110153,0.69110153
1691634579000,0.69110153,0.69110153,0.69110153
1691634580000,0.69110153,0.69110153,0.69110153
1691634581000,0.69110162,0.69110162,0.69110162
1691634582000,0.69110162,0.69110162,0.69110162
1691634583000,0.69110162,0.69110162,0.69110162
1691634584000,0.69110162,0.69110162,0.69110162
1691634585000,0.69110166,0.69110166,0.69110166
1691634586000,0.69110143,0.69110143,0.69110143
1691634587000,0.69110038,0.69110038,0.69110038
1691634588000,0.69110038,0.69110038,0.69110038
1691634589000,0.69111437,0.69111437,0.69111437
1691634590000,0.69111437,0.69111437,0.69111437
1691634591000,0.69111418,0.69111418,0.69111418
1691634592000,0.69111341,0.69111341,0.69111341
1691634593000,0.69111341,0.69111341,0.69111341
1691634594000,0.69111338,0.69111338,0.69111338
1691634595000,0.69111338,0.69111338,0.69111338
1691634596000,0.691116,0.691116,0.691116
1691634597000,0.69111736,0.69111736,0.69111736
1691634598000,0.69111733,0.69111733,0.69111733
1691634599000,0.69116387,0.69116387,0.69116387
1691634600000,0.69116387,0.69116387,0.69116387
1691634601000,0.69116451,0.69116451,0.69116451
1691634602000,0.69116364,0.69116364,0.69116364
1691634603000,0.69116364,0.69116364,0.69116364
1691634604000,0.69116368,0.69116368,0.69116368
1691634605000,0.69116368,0.69116368,0.69116368
1691634606000,0.69116368,0.69116368,0.69116368
1691634607000,0.69116377,0.69116377,0.69116377
1691634608000,0.69116398,0.69116398,0.69116398
1691634609000,0.69116398,0.69116398,0.69116398
1691634610000,0.69116318,0.69116318,0.69116318
1691634611000,0.69116318,0.69116318,0.69116318
1691634612000,0.69116617,0.69116617,0.69116617
1691634613000,0.69116617,0.69116617,0.69116617
1691634614000,0.69116617,0.69116617,0.69116617
1691634615000,0.69111965,0.69111965,0.69111965
1691634616000,0.69111969,0.69111969,0.69111969
1691634617000,0.69112278,0.69112278,0.69112278
1691634618000,0.69112278,0.69112278,0.69112278
1691634619000,0.69112278,0.69112278,0.69112278
1691634620000,0.69112274,0.69112274,0.69112274
1691634621000,0.69112197,0.69112197,0.69112197
1691634622000,0.69112641,0.69112641,0.69112641
1691634623000,0.69112641,0.69112641,0.69112641
1691634624000,0.69112641,0.69112641,0.69112641
1691634625000,0.69112644,0.69112644,0.69112644
1691634626000,0.6912,0.6912,0.6912
1691634627000,0.6913,0.6913,0.6913
1691634628000,0.6913,0.6913,0.6913
1691634629000,0.6913,0.6913,0.6913
1691634630000,0.6913,0.6913,0.6913
1691634631000,0.6913,0.6913,0.6913
1691634632000,0.6912,0.6912,0.6912
1691634633000,0.6912,0.6912,0.6912
1691634634000,0.6912,0.6912,0.6912
1691634635000,0.6912,0.6912,0.6912
1691634636000,0.6913,0.6913,0.6913
1691634637000,0.6913,0.6913,0.6913
1691634638000,0.6913,0.6913,0.6913
1691634639000,0.6913,0.6913,0.6913
1691634640000,0.6913,0.6913,0.6913
1691634641000,0.6913,0.6913,0.6913
1691634642000,0.6913,0.6913,0.6913
1691634643000,0.6913,0.6913,0.6913
1691634644000,0.6913,0.6913,0.6913
1691634645000,0.6912,0.6912,0.6912
1691634646000,0.6912,0.6912,0.6912
1691634647000,0.6912,0.6912,0.6912
1691634648000,0.6912,0.6912,0.6912
1691634649000,0.6913,0.6913,0.6913
1691634650000,0.6913,0.6913,0.6913
1691634651000,0.6913,0.6913,0.6913
1691634652000,0.6913,0.6913,0.6913
1691634653000,0.6913,0.6913,0.6913
1691634654000,0.6913,0.6913,0.6913
1691634655000,0.6913,0.6913,0.6913
1691634656000,0.6913,0.6913,0.6913
1691634657000,0.6913,0.6913,0.6913
1691634658000,0.6913,0.6913,0.6913
1691634659000,0.6913,0.6913,0.6913
1691634660000,0.6913,0.6913,0.6913
1691634661000,0.6913,0.6913,0.6913
1691634662000,0.69124992,0.69124992,0.69124992
1691634663000,0.69124992,0.69124992,0.69124992
1691634664000,0.69125163,0.69125163,0.69125163
1691634665000,0.69125163,0.69125163,0.69125163
1691634666000,0.69125163,0.69125163,0.69125163
1691634667000,0.69125163,0.69125163,0.69125163
1691634668000,0.69125163,0.69125163,0.69125163
1691634669000,0.69125252,0.69125252,0.69125252
1691634670000,0.69125255,0.69125255,0.69125255
1691634671000,0.69125255,0.69125255,0.69125255
1691634672000,0.69125255,0.69125255,0.69125255
1691634673000,0.69125255,0.69125255,0.69125255
1691634674000,0.69125578,0.69125578,0.69125578
1691634675000,0.6913,0.6913,0.6913
1691634676000,0.6913,0.6913,0.6913
1691634677000,0.6913,0.6913,0.6913
1691634678000,0.6913,0.6913,0.6913
1691634679000,0.6913,0.6913,0.6913
1691634680000,0.6913,0.6913,0.6913
1691634681000,0.6913,0.6913,0.6913
1691634682000,0.6913,0.6913,0.6913
1691634683000,0.6913,0.6913,0.6913
1691634684000,0.69132062,0.69132062,0.69132062
1691634685000,0.69132137,0.69132137,0.69132137
1691634686000,0.69132133,0.69132133,0.69132133
1691634687000,0.69132133,0.69132133,0.69132133
1691634688000,0.69132056,0.69132056,0.69132056
1691634689000,0.69132126,0.69132126,0.69132126
1691634690000,0.69131718,0.69131718,0.69131718
1691634691000,0.69131722,0.69131722,0.69131722
1691634692000,0.69131718,0.69131718,0.69131718
1691634693000,0.69131799,0.69131799,0.69131799
1691634694000,0.69131799,0.69131799,0.69131799
1691634695000,0.69130401,0.69130401,0.69130401
1691634696000,0.69130401,0.69130401,0.69130401
1691634697000,0.69130401,0.69130401,0.69130401
1691634698000,0.69130401,0.69130401,0.69130401
1691634699000,0.69130401,0.69130401,0.69130401
1691634700000,0.69130139,0.69130139,0.69130139
1691634701000,0.69130139,0.69130139,0.69130139
1691634702000,0.69129495,0.69129495,0.69129495
1691634703000,0.69129495,0.69129495,0.69129495
1691634704000,0.69117493,0.69117493,0.69117493
1691634705000,0.69117202,0.69117202,0.69117202
1691634706000,0.69117202,0.69117202,0.69117202
1691634707000,0.69117202,0.69117202,0.69117202
1691634708000,0.69117202,0.69117202,0.69117202
1691634709000,0.6911299,0.6911299,0.6911299
1691634710000,0.69112547,0.69112547,0.69112547
1691634711000,0.69111753,0.69111753,0.69111753
1691634712000,0.69107102,0.69107102,0.69107102
1691634713000,0.69107102,0.69107102,0.69107102
1691634714000,0.69107182,0.69107182,0.69107182
1691634715000,0.69107108,0.69107108,0.69107108
1691634716000,0.69106605,0.69106605,0.69106605
1691634717000,0.69106605,0.69106605,0.69106605
1691634718000,0.69106682,0.69106682,0.69106682
1691634719000,0.69106605,0.69106605,0.69106605
1691634720000,0.69106605,0.69106605,0.69106605
1691634721000,0.69106095,0.69106095,0.69106095
1691634722000,0.69106179,0.69106179,0.69106179
1691634723000,0.69106095,0.69106095,0.69106095
1691634724000,0.69106095,0.69106095,0.69106095
1691634725000,0.69106064,0.69106064,0.69106064
1691634726000,0.6913,0.6913,0.6913
1691634727000,0.6913,0.6913,0.6913
1691634728000,0.6913,0.6913,0.6913
1691634729000,0.6913,0.6913,0.6913
1691634730000,0.6913,0.6913,0.6913
1691634731000,0.6913,0.6913,0.6913
1691634732000,0.6913,0.6913,0.6913
1691634733000,0.6913,0.6913,0.6913
1691634734000,0.6914,0.6914,0.6914
1691634735000,0.6913,0.6913,0.6913
1691634736000,0.69130387,0.69130387,0.69130387
1691634737000,0.69130387,0.69130387,0.69130387
1691634738000,0.69130387,0.69130387,0.69130387
1691634739000,0.69133094,0.69133094,0.69133094
1691634740000,0.6914,0.6914,0.6914
1691634741000,0.6914,0.6914,0.6914
1691634742000,0.6914,0.6914,0.6914
1691634743000,0.6914,0.6914,0.6914
1691634744000,0.6914,0.6914,0.6914
1691634745000,0.6914,0.6914,0.6914
1691634746000,0.6914,0.6914,0.6914
1691634747000,0.6914,0.6914,0.6914
1691634748000,0.6914,0.6914,0.6914
1691634749000,0.6914,0.6914,0.6914
1691634750000,0.6914,0.6914,0.6914
1691634751000,0.6914,0.6914,0.6914
1691634752000,0.6915,0.6915,0.6915
1691634753000,0.6915,0.6915,0.6915
1691634754000,0.6915,0.6915,0.6915
1691634755000,0.6915,0.6915,0.6915
1691634756000,0.6915,0.6915,0.6915
1691634757000,0.6914,0.6914,0.6914
1691634758000,0.6914,0.6914,0.6914
1691634759000,0.6914,0.6914,0.6914
1691634760000,0.6914,0.6914,0.6914
1691634761000,0.6914,0.6914,0.6914
1691634762000,0.6914,0.6914,0.6914
1691634763000,0.6914,0.6914,0.6914
1691634764000,0.6914,0.6914,0.6914
1691634765000,0.6914,0.6914,0.6914
1691634766000,0.6914,0.6914,0.6914
1691634767000,0.6914,0.6914,0.6914
1691634768000,0.6914,0.6914,0.6914
1691634769000,0.6914,0.6914,0.6914
1691634770000,0.6914,0.6914,0.6914
1691634771000,0.6914,0.6914,0.6914
1691634772000,0.6914,0.6914,0.6914
1691634773000,0.6914,0.6914,0.6914
1691634774000,0.6914,0.6914,0.6914
1691634775000,0.6914,0.6914,0.6914
1691634776000,0.6914,0.6914,0.6914
1691634777000,0.6914,0.6914,0.6914
1691634778000,0.6914,0.6914,0.6914
1691634779000,0.6914,0.6914,0.6914
1691634780000,0.6914,0.6914,0.6914
1691634781000,0.69144476,0.69144476,0.69144476
1691634782000,0.69144569,0.69144569,0.69144569
1691634783000,0.69145088,0.69145088,0.69145088
1691634784000,0.69145084,0.69145084,0.69145084
1691634785000,0.6915,0.6915,0.6915
1691634786000,0.6915,0.6915,0.6915
1691634787000,0.69145076,0.69145076,0.69145076
1691634788000,0.69145155,0.69145155,0.69145155
1691634789000,0.69145158,0.69145158,0.69145158
1691634790000,0.69145158,0.69145158,0.69145158
1691634791000,0.69145166,0.69145166,0.69145166
1691634792000,0.6917,0.6917,0.6917
1691634793000,0.6917,0.6917,0.6917
1691634794000,0.69151983,0.69151983,0.69151983
1691634795000,0.69157392,0.69157392,0.69157392
1691634796000,0.69157299,0.69157299,0.69157299
1691634797000,0.6917,0.6917,0.6917
1691634798000,0.6917,0.6917,0.6917
1691634799000,0.6917,0.6917,0.6917
1691634800000,0.6917,0.6917,0.6917
1691634801000,0.6917,0.6917,0.6917
1691634802000,0.6917,0.6917,0.6917
1691634803000,0.6917,0.6917,0.6917
1691634804000,0.6917,0.6917,0.6917
1691634805000,0.6917,0.6917,0.6917
1691634806000,0.6917,0.6917,0.6917
1691634807000,0.6917,0.6917,0.6917
1691634808000,0.6916,0.6916,0.6916
1691634809000,0.6916,0.6916,0.6916
1691634810000,0.6916,0.6916,0.6916
1691634811000,0.6916,0.6916,0.6916
1691634812000,0.6916,0.6916,0.6916
1691634813000,0.6916,0.6916,0.6916
1691634814000,0.6916009,0.6916009,0.6916009
1691634815000,0.69160086,0.69160086,0.69160086
1691634816000,0.69160179,0.69160179,0.69160179
1691634817000,0.6916,0.6916,0.6916
1691634818000,0.6915479,0.6915479,0.6915479
1691634819000,0.6916,0.6916,0.6916
1691634820000,0.6916,0.6916,0.6916
1691634821000,0.6916,0.6916,0.6916
1691634822000,0.6916,0.6916,0.6916
1691634823000,0.6916,0.6916,0.6916
1691634824000,0.69154826,0.69154826,0.69154826
1691634825000,0.69154899,0.69154899,0.69154899
1691634826000,0.69154895,0.69154895,0.69154895
1691634827000,0.69154741,0.69154741,0.69154741
1691634828000,0.69154741,0.69154741,0.69154741
1691634829000,0.69154745,0.69154745,0.69154745
1691634830000,0.69154343,0.69154343,0.69154343
1691634831000,0.6916,0.6916,0.6916
1691634832000,0.6916,0.6916,0.6916
1691634833000,0.69159385,0.69159385,0.69159385
1691634834000,0.69159385,0.69159385,0.69159385
1691634835000,0.69159252,0.69159252,0.69159252
1691634836000,0.69159252,0.69159252,0.69159252
1691634837000,0.69159158,0.69159158,0.69159158
1691634838000,0.69159158,0.69159158,0.69159158
1691634839000,0.69159077,0.69159077,0.69159077
1691634840000,0.69158882,0.69158882,0.69158882
1691634841000,0.69158882,0.69158882,0.69158882
1691634842000,0.69158972,0.69158972,0.69158972
1691634843000,0.69158822,0.69158822,0.69158822
1691634844000,0.69158822,0.69158822,0.69158822
1691634845000,0.69158822,0.69158822,0.69158822
1691634846000,0.69158489,0.69158489,0.69158489
1691634847000,0.691584,0.691584,0.691584
1691634848000,0.691584,0.691584,0.691584
1691634849000,0.69158355,0.69158355,0.69158355
1691634850000,0.69158445,0.69158445,0.69158445
1691634851000,0.69158086,0.69158086,0.69158086
1691634852000,0.69157992,0.69157992,0.69157992
1691634853000,0.69157992,0.69157992,0.69157992
1691634854000,0.69151547,0.69151547,0.69151547
1691634855000,0.69151645,0.69151645,0.69151645
1691634856000,0.69151281,0.69151281,0.69151281
1691634857000,0.69144115,0.69144115,0.69144115
1691634858000,0.69147341,0.69147341,0.69147341
1691634859000,0.69147341,0.69147341,0.69147341
1691634860000,0.69147341,0.69147341,0.69147341
1691634861000,0.69147035,0.69147035,0.69147035
1691634862000,0.69147035,0.69147035,0.69147035
1691634863000,0.6915,0.6915,0.6915
1691634864000,0.69150278,0.69150278,0.69150278
1691634865000,0.69150278,0.69150278,0.69150278
1691634866000,0.6916,0.6916,0.6916
1691634867000,0.6916,0.6916,0.6916
1691634868000,0.6916,0.6916,0.6916
1691634869000,0.6916,0.6916,0.6916
1691634870000,0.6916,0.6916,0.6916
1691634871000,0.6916,0.6916,0.6916
1691634872000,0.69150697,0.69150697,0.69150697
1691634873000,0.69150644,0.69150644,0.69150644
1691634874000,0.69150644,0.69150644,0.69150644
1691634875000,0.69150644,0.69150644,0.69150644
1691634876000,0.69150644,0.69150644,0.69150644
1691634877000,0.69150804,0.69150804,0.69150804
1691634878000,0.69150898,0.69150898,0.69150898
1691634879000,0.69150845,0.69150845,0.69150845
1691634880000,0.69150752,0.69150752,0.69150752
1691634881000,0.69150845,0.69150845,0.69150845
1691634882000,0.69145978,0.69145978,0.69145978
1691634883000,0.69145978,0.69145978,0.69145978
1691634884000,0.69145715,0.69145715,0.69145715
1691634885000,0.69145715,0.69145715,0.69145715
1691634886000,0.69145715,0.69145715,0.69145715
1691634887000,0.69145626,0.69145626,0.69145626
1691634888000,0.69145629,0.69145629,0.69145629
1691634889000,0.6914565,0.6914565,0.6914565
1691634890000,0.6914565,0.6914565,0.6914565
1691634891000,0.6914565,0.6914565,0.6914565
1691634892000,0.69145578,0.69145578,0.69145578
1691634893000,0.69145578,0.69145578,0.69145578
1691634894000,0.69145456,0.69145456,0.69145456
1691634895000,0.69146179,0.69146179,0.69146179
1691634896000,0.69146471,0.69146471,0.69146471
1691634897000,0.69146471,0.69146471,0.69146471
1691634898000,0.69146558,0.69146558,0.69146558
1691634899000,0.6915,0.6915,0.6915
1691634900000,0.6915,0.6915,0.6915
1691634901000,0.6915,0.6915,0.6915
1691634902000,0.6915,0.6915,0.6915
1691634903000,0.6915,0.6915,0.6915
1691634904000,0.6915,0.6915,0.6915
1691634905000,0.6915,0.6915,0.6915
1691634906000,0.6915,0.6915,0.6915
1691634907000,0.6915,0.6915,0.6915
1691634908000,0.6915,0.6915,0.6915
1691634909000,0.6915,0.6915,0.6915
1691634910000,0.69146885,0.69146885,0.69146885
1691634911000,0.69146882,0.69146882,0.69146882
1691634912000,0.69146882,0.69146882,0.69146882
1691634913000,0.69148663,0.69148663,0.69148663
1691634914000,0.69148679,0.69148679,0.69148679
1691634915000,0.69148683,0.69148683,0.69148683
1691634916000,0.69148683,0.69148683,0.69148683
1691634917000,0.6915,0.6915,0.6915
1691634918000,0.6915,0.6915,0.6915
1691634919000,0.6915,0.6915,0.6915
1691634920000,0.6915,0.6915,0.6915
1691634921000,0.69148678,0.69148678,0.69148678
1691634922000,0.69148674,0.69148674,0.69148674
1691634923000,0.69148674,0.69148674,0.69148674
1691634924000,0.69151978,0.69151978,0.69151978
1691634925000,0.69146646,0.69146646,0.69146646
1691634926000,0.6914665,0.6914665,0.6914665
1691634927000,0.6914665,0.6914665,0.6914665
1691634928000,0.6914665,0.6914665,0.6914665
1691634929000,0.6915,0.6915,0.6915
1691634930000,0.6915,0.6915,0.6915
1691634931000,0.69146586,0.69146586,0.69146586
1691634932000,0.69146683,0.69146683,0.69146683
1691634933000,0.69146683,0.69146683,0.69146683
1691634934000,0.69146439,0.69146439,0.69146439
1691634935000,0.69146257,0.69146257,0.69146257
1691634936000,0.69146253,0.69146253,0.69146253
1691634937000,0.69146257,0.69146257,0.69146257
1691634938000,0.69146257,0.69146257,0.69146257
1691634939000,0.69145853,0.69145853,0.69145853
1691634940000,0.69145853,0.69145853,0.69145853
1691634941000,0.69145788,0.69145788,0.69145788
1691634942000,0.69145788,0.69145788,0.69145788
1691634943000,0.69145882,0.69145882,0.69145882
1691634944000,0.69145479,0.69145479,0.69145479
1691634945000,0.6914541,0.6914541,0.6914541
1691634946000,0.6914541,0.6914541,0.6914541
1691634947000,0.6914541,0.6914541,0.6914541
1691634948000,0.69145414,0.69145414,0.69145414
1691634949000,0.69145414,0.69145414,0.69145414
1691634950000,0.69145013,0.69145013,0.69145013
1691634951000,0.69150338,0.69150338,0.69150338
1691634952000,0.69150338,0.69150338,0.69150338
1691634953000,0.69150338,0.69150338,0.69150338
1691634954000,0.69150338,0.69150338,0.69150338
1691634955000,0.69150089,0.69150089,0.69150089
1691634956000,0.69150207,0.69150207,0.69150207
1691634957000,0.69150207,0.69150207,0.69150207
1691634958000,0.69150207,0.69150207,0.69150207
1691634959000,0.69151824,0.69151824,0.69151824
1691634960000,0.69151503,0.69151503,0.69151503
1691634961000,0.69151279,0.69151279,0.69151279
1691634962000,0.69151279,0.69151279,0.69151279
1691634963000,0.69149654,0.69149654,0.69149654
1691634964000,0.69149654,0.69149654,0.69149654
1691634965000,0.69149294,0.69149294,0.69149294
1691634966000,0.69149517,0.69149517,0.69149517
1691634967000,0.69148625,0.69148625,0.69148625
1691634968000,0.69148718,0.69148718,0.69148718
1691634969000,0.69148718,0.69148718,0.69148718
1691634970000,0.69148386,0.69148386,0.69148386
1691634971000,0.69148398,0.69148398,0.69148398
1691634972000,0.69148398,0.69148398,0.69148398
1691634973000,0.69148402,0.69148402,0.69148402
1691634974000,0.69148402,0.69148402,0.69148402
1691634975000,0.69148398,0.69148398,0.69148398
1691634976000,0.69147976,0.69147976,0.69147976
1691634977000,0.69147976,0.69147976,0.69147976
1691634978000,0.69140949,0.69140949,0.69140949
1691634979000,0.69129868,0.69129868,0.69129868
1691634980000,0.69129868,0.69129868,0.69129868
1691634981000,0.69129569,0.69129569,0.69129569
1691634982000,0.69128052,0.69128052,0.69128052
1691634983000,0.69128052,0.69128052,0.69128052
1691634984000,0.69125391,0.69125391,0.69125391
1691634985000,0.69125391,0.69125391,0.69125391
1691634986000,0.69125005,0.69125005,0.69125005
1691634987000,0.69125005,0.69125005,0.69125005
1691634988000,0.69120137,0.69120137,0.69120137
1691634989000,0.69120137,0.69120137,0.69120137
1691634990000,0.69120137,0.69120137,0.69120137
1691634991000,0.69119779,0.69119779,0.69119779
1691634992000,0.69119739,0.69119739,0.69119739
1691634993000,0.69119836,0.69119836,0.69119836
1691634994000,0.69119836,0.69119836,0.69119836
1691634995000,0.69104124,0.69104124,0.69104124
1691634996000,0.69103143,0.69103143,0.69103143
1691634997000,0.69103237,0.69103237,0.69103237
1691634998000,0.69103237,0.69103237,0.69103237
1691634999000,0.6910314,0.6910314,0.6910314
1691635000000,0.69103143,0.69103143,0.69103143
1691635001000,0.69103143,0.69103143,0.69103143
1691635002000,0.69103044,0.69103044,0.69103044
1691635003000,0.6910304,0.6910304,0.6910304
1691635004000,0.69102947,0.69102947,0.69102947
1691635005000,0.69102947,0.69102947,0.69102947
1691635006000,0.69102951,0.69102951,0.69102951
1691635007000,0.69102884,0.69102884,0.69102884
1691635008000,0.69102974,0.69102974,0.69102974
1691635009000,0.69102881,0.69102881,0.69102881
1691635010000,0.69102881,0.69102881,0.69102881
1691635011000,0.69101259,0.69101259,0.69101259
1691635012000,0.69100937,0.69100937,0.69100937
1691635013000,0.69100937,0.69100937,0.69100937
1691635014000,0.69100941,0.69100941,0.69100941
1691635015000,0.69100941,0.69100941,0.69100941
1691635016000,0.69100941,0.69100941,0.69100941
1691635017000,0.69092755,0.69092755,0.69092755
1691635018000,0.69092759,0.69092759,0.69092759
1691635019000,0.69092759,0.69092759,0.69092759
1691635020000,0.69092755,0.69092755,0.69092755
1691635021000,0.69092115,0.69092115,0.69092115
1691635022000,0.69091891,0.69091891,0.69091891
1691635023000,0.69091631,0.69091631,0.69091631
1691635024000,0.69091627,0.69091627,0.69091627
1691635025000,0.69091631,0.69091631,0.69091631
1691635026000,0.69091631,0.69091631,0.69091631
1691635027000,0.69091372,0.69091372,0.69091372
1691635028000,0.69091372,0.69091372,0.69091372
1691635029000,0.69091372,0.69091372,0.69091372
1691635030000,0.69091275,0.69091275,0.69091275
1691635031000,0.69091279,0.69091279,0.69091279
1691635032000,0.6909123,0.6909123,0.6909123
1691635033000,0.69090683,0.69090683,0.69090683
1691635034000,0.69090683,0.69090683,0.69090683
1691635035000,0.69090683,0.69090683,0.69090683
1691635036000,0.69079659,0.69079659,0.69079659
1691635037000,0.69074035,0.69074035,0.69074035
1691635038000,0.69073585,0.69073585,0.69073585
1691635039000,0.69073585,0.69073585,0.69073585
1691635040000,0.69073581,0.69073581,0.69073581
1691635041000,0.69073581,0.69073581,0.69073581
1691635042000,0.69078987,0.69078987,0.69078987
1691635043000,0.69078718,0.69078718,0.69078718
1691635044000,0.69078718,0.69078718,0.69078718
1691635045000,0.69078722,0.69078722,0.69078722
1691635046000,0.69078722,0.69078722,0.69078722
1691635047000,0.69078738,0.69078738,0.69078738
1691635048000,0.69078354,0.69078354,0.69078354
1691635049000,0.69078354,0.69078354,0.69078354
1691635050000,0.69078354,0.69078354,0.69078354
1691635051000,0.69078354,0.69078354,0.69078354
1691635052000,0.69078354,0.69078354,0.69078354
1691635053000,0.69077646,0.69077646,0.69077646
1691635054000,0.69077643,0.69077643,0.69077643
1691635055000,0.69077643,0.69077643,0.69077643
1691635056000,0.69077643,0.69077643,0.69077643
1691635057000,0.69077549,0.69077549,0.69077549
1691635058000,0.69077549,0.69077549,0.69077549
1691635059000,0.69077041,0.69077041,0.69077041
1691635060000,0.69077041,0.69077041,0.69077041
1691635061000,0.69077041,0.69077041,0.69077041
1691635062000,0.69077041,0.69077041,0.69077041
1691635063000,0.69077041,0.69077041,0.69077041
1691635064000,0.69076185,0.69076185,0.69076185
1691635065000,0.69076185,0.69076185,0.69076185
1691635066000,0.69076185,0.69076185,0.69076185
1691635067000,0.69076185,0.69076185,0.69076185
1691635068000,0.69076168,0.69076168,0.69076168
1691635069000,0.69075473,0.69075473,0.69075473
1691635070000,0.69075473,0.69075473,0.69075473
1691635071000,0.69075473,0.69075473,0.69075473
1691635072000,0.69075473,0.69075473,0.69075473
1691635073000,0.69075551,0.69075551,0.69075551
1691635074000,0.69074974,0.69074974,0.69074974
1691635075000,0.69074974,0.69074974,0.69074974
1691635076000,0.69074974,0.69074974,0.69074974
1691635077000,0.69074974,0.69074974,0.69074974
1691635078000,0.69074974,0.69074974,0.69074974
1691635079000,0.6907442,0.6907442,0.6907442
1691635080000,0.6907442,0.6907442,0.6907442
1691635081000,0.69074326,0.69074326,0.69074326
1691635082000,0.69074326,0.69074326,0.69074326
1691635083000,0.69075056,0.69075056,0.69075056
1691635084000,0.69075056,0.69075056,0.69075056
1691635085000,0.69074649,0.69074649,0.69074649
1691635086000,0.69074649,0.69074649,0.69074649
1691635087000,0.69074555,0.69074555,0.69074555
1691635088000,0.6907458,0.6907458,0.6907458
1691635089000,0.6909,0.6909,0.6909
1691635090000,0.6909,0.6909,0.6909
1691635091000,0.6909,0.6909,0.6909
1691635092000,0.6909,0.6909,0.6909
1691635093000,0.6909,0.6909,0.6909
1691635094000,0.6909,0.6909,0.6909
1691635095000,0.6909,0.6909,0.6909
1691635096000,0.6909,0.6909,0.6909
1691635097000,0.6909,0.6909,0.6909
1691635098000,0.6909,0.6909,0.6909
1691635099000,0.6909,0.6909,0.6909
1691635100000,0.6909,0.6909,0.6909
1691635101000,0.691,0.691,0.691
1691635102000,0.691,0.691,0.691
1691635103000,0.691,0.691,0.691
1691635104000,0.6909,0.6909,0.6909
1691635105000,0.6909,0.6909,0.6909
1691635106000,0.6909,0.6909,0.6909
1691635107000,0.6909,0.6909,0.6909
1691635108000,0.6909,0.6909,0.6909
1691635109000,0.6909,0.6909,0.6909
1691635110000,0.6909,0.6909,0.6909
1691635111000,0.6909,0.6909,0.6909
1691635112000,0.6909,0.6909,0.6909
1691635113000,0.6909,0.6909,0.6909
1691635114000,0.6909,0.6909,0.6909
1691635115000,0.6909,0.6909,0.6909
1691635116000,0.6909,0.6909,0.6909
1691635117000,0.6909,0.6909,0.6909
1691635118000,0.6909,0.6909,0.6909
1691635119000,0.6909,0.6909,0.6909
1691635120000,0.6909,0.6909,0.6909
1691635121000,0.691,0.691,0.691
1691635122000,0.691,0.691,0.691
1691635123000,0.691,0.691,0.691
1691635124000,0.691,0.691,0.691
1691635125000,0.691,0.691,0.691
1691635126000,0.691,0.691,0.691
1691635127000,0.691,0.691,0.691
1691635128000,0.6911,0.6911,0.6911
1691635129000,0.691,0.691,0.691
1691635130000,0.691,0.691,0.691
1691635131000,0.691,0.691,0.691
1691635132000,0.691,0.691,0.691
1691635133000,0.691,0.691,0.691
1691635134000,0.691,0.691,0.691
1691635135000,0.691,0.691,0.691
1691635136000,0.6911,0.6911,0.6911
1691635137000,0.6911,0.6911,0.6911
1691635138000,0.6911,0.6911,0.6911
1691635139000,0.6912,0.6912,0.6912
1691635140000,0.6912,0.6912,0.6912
1691635141000,0.6911,0.6911,0.6911
1691635142000,0.6911,0.6911,0.6911
1691635143000,0.691,0.691,0.691
1691635144000,0.691,0.691,0.691
1691635145000,0.691,0.691,0.691
1691635146000,0.691,0.691,0.691
1691635147000,0.691,0.691,0.691
1691635148000,0.691,0.691,0.691
1691635149000,0.691,0.691,0.691
1691635150000,0.691,0.691,0.691
1691635151000,0.691,0.691,0.691
1691635152000,0.691,0.691,0.691
1691635153000,0.691,0.691,0.691
1691635154000,0.691,0.691,0.691
1691635155000,0.69092477,0.69092477,0.69092477
1691635156000,0.69092477,0.69092477,0.69092477
1691635157000,0.69094064,0.69094064,0.69094064
1691635158000,0.6909,0.6909,0.6909
1691635159000,0.6909,0.6909,0.6909
1691635160000,0.6909,0.6909,0.6909
1691635161000,0.6909,0.6909,0.6909
1691635162000,0.6909,0.6909,0.6909
1691635163000,0.6909,0.6909,0.6909
1691635164000,0.6909,0.6909,0.6909
1691635165000,0.6909,0.6909,0.6909
1691635166000,0.6909,0.6909,0.6909
1691635167000,0.6909,0.6909,0.6909
1691635168000,0.6909,0.6909,0.6909
1691635169000,0.69093655,0.69093655,0.69093655
1691635170000,0.69093676,0.69093676,0.69093676
1691635171000,0.69093676,0.69093676,0.69093676
1691635172000,0.69093672,0.69093672,0.69093672
1691635173000,0.69093532,0.69093532,0.69093532
1691635174000,0.69093532,0.69093532,0.69093532
1691635175000,0.6906,0.6906,0.6906
1691635176000,0.6906,0.6906,0.6906
1691635177000,0.6906,0.6906,0.6906
1691635178000,0.6906,0.6906,0.6906
1691635179000,0.6906,0.6906,0.6906
1691635180000,0.6906,0.6906,0.6906
1691635181000,0.6906,0.6906,0.6906
1691635182000,0.6906,0.6906,0.6906
1691635183000,0.6906,0.6906,0.6906
1691635184000,0.6906,0.6906,0.6906
1691635185000,0.6906,0.6906,0.6906
1691635186000,0.69049611,0.69049611,0.69049611
1691635187000,0.69049611,0.69049611,0.69049611
1691635188000,0.69049588,0.69049588,0.69049588
1691635189000,0.69049588,0.69049588,0.69049588
1691635190000,0.69055086,0.69055086,0.69055086
1691635191000,0.69054974,0.69054974,0.69054974
1691635192000,0.69054974,0.69054974,0.69054974
1691635193000,0.69054974,0.69054974,0.69054974
1691635194000,0.69054788,0.69054788,0.69054788
1691635195000,0.69054788,0.69054788,0.69054788
1691635196000,0.69054791,0.69054791,0.69054791
1691635197000,0.69054686,0.69054686,0.69054686
1691635198000,0.69054682,0.69054682,0.69054682
1691635199000,0.69054247,0.69054247,0.69054247
1691635200000,0.69054247,0.69054247,0.69054247
1691635201000,0.6905415,0.6905415,0.6905415
1691635202000,0.6905415,0.6905415,0.6905415
1691635203000,0.6908,0.6908,0.6908
1691635204000,0.6907,0.6907,0.6907
1691635205000,0.69064461,0.69064461,0.69064461
1691635206000,0.69065024,0.69065024,0.69065024
1691635207000,0.69065509,0.69065509,0.69065509
1691635208000,0.69065509,0.69065509,0.69065509
1691635209000,0.6906532,0.6906532,0.6906532
1691635210000,0.69065316,0.69065316,0.69065316
1691635211000,0.69065223,0.69065223,0.69065223
1691635212000,0.6907,0.6907,0.6907
1691635213000,0.69065223,0.69065223,0.69065223
1691635214000,0.69065027,0.69065027,0.69065027
1691635215000,0.6906,0.6906,0.6906
1691635216000,0.6906,0.6906,0.6906
1691635217000,0.6907,0.6907,0.6907
1691635218000,0.6907,0.6907,0.6907
1691635219000,0.6907,0.6907,0.6907
1691635220000,0.6906,0.6906,0.6906
1691635221000,0.6906,0.6906,0.6906
1691635222000,0.6906,0.6906,0.6906
1691635223000,0.6906,0.6906,0.6906
1691635224000,0.69059638,0.69059638,0.69059638
1691635225000,0.6905956,0.6905956,0.6905956
1691635226000,0.6905956,0.6905956,0.6905956
1691635227000,0.6905956,0.6905956,0.6905956
1691635228000,0.6906,0.6906,0.6906
1691635229000,0.6906,0.6906,0.6906
1691635230000,0.6906,0.6906,0.6906
1691635231000,0.6906,0.6906,0.6906
1691635232000,0.6906,0.6906,0.6906
1691635233000,0.6906,0.6906,0.6906
1691635234000,0.6906,0.6906,0.6906
1691635235000,0.6906,0.6906,0.6906
1691635236000,0.6906,0.6906,0.6906
1691635237000,0.6906,0.6906,0.6906
1691635238000,0.69053554,0.69053554,0.69053554
1691635239000,0.69053558,0.69053558,0.69053558
1691635240000,0.69053535,0.69053535,0.69053535
1691635241000,0.69053437,0.69053437,0.69053437
1691635242000,0.69052708,0.69052708,0.69052708
1691635243000,0.69052712,0.69052712,0.69052712
1691635244000,0.69052712,0.69052712,0.69052712
1691635245000,0.69051183,0.69051183,0.69051183
1691635246000,0.69051109,0.69051109,0.69051109
1691635247000,0.69050797,0.69050797,0.69050797
1691635248000,0.69050797,0.69050797,0.69050797
1691635249000,0.69050797,0.69050797,0.69050797
1691635250000,0.69050797,0.69050797,0.69050797
1691635251000,0.69050815,0.69050815,0.69050815
1691635252000,0.69050815,0.69050815,0.69050815
1691635253000,0.69050742,0.69050742,0.69050742
1691635254000,0.69050649,0.69050649,0.69050649
1691635255000,0.69050649,0.69050649,0.69050649
1691635256000,0.69050423,0.69050423,0.69050423
1691635257000,0.69050325,0.69050325,0.69050325
1691635258000,0.69050236,0.69050236,0.69050236
1691635259000,0.69050232,0.69050232,0.69050232
1691635260000,0.69050232,0.69050232,0.69050232
1691635261000,0.69048512,0.69048512,0.69048512
1691635262000,0.69048512,0.69048512,0.69048512
1691635263000,0.69048512,0.69048512,0.69048512
1691635264000,0.6905,0.6905,0.6905
1691635265000,0.6905,0.6905,0.6905
1691635266000,0.6905,0.6905,0.6905
1691635267000,0.6905,0.6905,0.6905
1691635268000,0.6905,0.6905,0.6905
1691635269000,0.6905,0.6905,0.6905
1691635270000,0.6905,0.6905,0.6905
1691635271000,0.6905,0.6905,0.6905
1691635272000,0.6905,0.6905,0.6905
1691635273000,0.6905,0.6905,0.6905
1691635274000,0.6905,0.6905,0.6905
1691635275000,0.6905,0.6905,0.6905
1691635276000,0.6905,0.6905,0.6905
1691635277000,0.6905,0.6905,0.6905
1691635278000,0.6905,0.6905,0.6905
1691635279000,0.6906,0.6906,0.6906
1691635280000,0.6905,0.6905,0.6905
1691635281000,0.6905,0.6905,0.6905
1691635282000,0.6905,0.6905,0.6905
1691635283000,0.6905,0.6905,0.6905
1691635284000,0.6905,0.6905,0.6905
1691635285000,0.6905,0.6905,0.6905
1691635286000,0.6905,0.6905,0.6905
1691635287000,0.6905,0.6905,0.6905
1691635288000,0.6905,0.6905,0.6905
1691635289000,0.6905,0.6905,0.6905
1691635290000,0.6905,0.6905,0.6905
1691635291000,0.69053089,0.69053089,0.69053089
1691635292000,0.69053377,0.69053377,0.69053377
1691635293000,0.69053377,0.69053377,0.69053377
1691635294000,0.69053575,0.69053575,0.69053575
1691635295000,0.69053575,0.69053575,0.69053575
1691635296000,0.69053482,0.69053482,0.69053482
1691635297000,0.69053482,0.69053482,0.69053482
1691635298000,0.69053386,0.69053386,0.69053386
1691635299000,0.69053386,0.69053386,0.69053386
1691635300000,0.69053383,0.69053383,0.69053383
1691635301000,0.69047977,0.69047977,0.69047977
1691635302000,0.69047977,0.69047977,0.69047977
1691635303000,0.69048037,0.69048037,0.69048037
1691635304000,0.69048037,0.69048037,0.69048037
1691635305000,0.69048037,0.69048037,0.69048037
1691635306000,0.69048041,0.69048041,0.69048041
1691635307000,0.69048041,0.69048041,0.69048041
1691635308000,0.69048133,0.69048133,0.69048133
1691635309000,0.69048003,0.69048003,0.69048003
1691635310000,0.69048003,0.69048003,0.69048003
1691635311000,0.69048003,0.69048003,0.69048003
1691635312000,0.69048003,0.69048003,0.69048003
1691635313000,0.69053505,0.69053505,0.69053505
1691635314000,0.69053606,0.69053606,0.69053606
1691635315000,0.69053606,0.69053606,0.69053606
1691635316000,0.69053606,0.69053606,0.69053606
1691635317000,0.69053606,0.69053606,0.69053606
1691635318000,0.69053583,0.69053583,0.69053583
1691635319000,0.69053482,0.69053482,0.69053482
1691635320000,0.69053262,0.69053262,0.69053262
1691635321000,0.69053165,0.69053165,0.69053165
1691635322000,0.69053161,0.69053161,0.69053161
1691635323000,0.69053181,0.69053181,0.69053181
1691635324000,0.6905329,0.6905329,0.6905329
1691635325000,0.6905329,0.6905329,0.6905329
1691635326000,0.69053383,0.69053383,0.69053383
1691635327000,0.6905338,0.6905338,0.6905338
1691635328000,0.6905329,0.6905329,0.6905329
1691635329000,0.6905329,0.6905329,0.6905329
1691635330000,0.69047837,0.69047837,0.69047837
1691635331000,0.69047837,0.69047837,0.69047837
1691635332000,0.69053242,0.69053242,0.69053242
1691635333000,0.69053242,0.69053242,0.69053242
1691635334000,0.69053303,0.69053303,0.69053303
1691635335000,0.69053303,0.69053303,0.69053303
1691635336000,0.69053303,0.69053303,0.69053303
1691635337000,0.69053303,0.69053303,0.69053303
1691635338000,0.69053303,0.69053303,0.69053303
1691635339000,0.69053284,0.69053284,0.69053284
1691635340000,0.69048573,0.69048573,0.69048573
1691635341000,0.69048573,0.69048573,0.69048573
1691635342000,0.69048569,0.69048569,0.69048569
1691635343000,0.69048569,0.69048569,0.69048569
1691635344000,0.69048535,0.69048535,0.69048535
1691635345000,0.69048535,0.69048535,0.69048535
1691635346000,0.690484,0.690484,0.690484
1691635347000,0.69048404,0.69048404,0.69048404
1691635348000,0.69048404,0.69048404,0.69048404
1691635349000,0.69048463,0.69048463,0.69048463
1691635350000,0.69048459,0.69048459,0.69048459
1691635351000,0.69048459,0.69048459,0.69048459
1691635352000,0.69048459,0.69048459,0.69048459
1691635353000,0.69043054,0.69043054,0.69043054
1691635354000,0.69043054,0.69043054,0.69043054
1691635355000,0.69043117,0.69043117,0.69043117
1691635356000,0.6904302,0.6904302,0.6904302
1691635357000,0.6904302,0.6904302,0.6904302
1691635358000,0.6907,0.6907,0.6907
1691635359000,0.6906,0.6906,0.6906
1691635360000,0.6906,0.6906,0.6906
1691635361000,0.6906,0.6906,0.6906
1691635362000,0.6906,0.6906,0.6906
1691635363000,0.6906,0.6906,0.6906
1691635364000,0.6906,0.6906,0.6906
1691635365000,0.6906,0.6906,0.6906
1691635366000,0.6907,0.6907,0.6907
1691635367000,0.6907,0.6907,0.6907
1691635368000,0.6907,0.6907,0.6907
1691635369000,0.6907,0.6907,0.6907
1691635370000,0.6907,0.6907,0.6907
1691635371000,0.6907,0.6907,0.6907
1691635372000,0.6907,0.6907,0.6907
1691635373000,0.6907,0.6907,0.6907
1691635374000,0.6907,0.6907,0.6907
1691635375000,0.6907,0.6907,0.6907
1691635376000,0.6907,0.6907,0.6907
1691635377000,0.6906,0.6906,0.6906
1691635378000,0.6906,0.6906,0.6906
1691635379000,0.6906,0.6906,0.6906
1691635380000,0.6906,0.6906,0.6906
1691635381000,0.6906,0.6906,0.6906
1691635382000,0.6906,0.6906,0.6906
1691635383000,0.6906,0.6906,0.6906
1691635384000,0.6907,0.6907,0.6907
1691635385000,0.6907,0.6907,0.6907
1691635386000,0.6907,0.6907,0.6907
1691635387000,0.6907,0.6907,0.6907
1691635388000,0.6907,0.6907,0.6907
1691635389000,0.6907,0.6907,0.6907
1691635390000,0.6907,0.6907,0.6907
1691635391000,0.6907,0.6907,0.6907
1691635392000,0.6907,0.6907,0.6907
1691635393000,0.6907,0.6907,0.6907
1691635394000,0.6906,0.6906,0.6906
1691635395000,0.6906,0.6906,0.6906
1691635396000,0.6906,0.6906,0.6906
1691635397000,0.6906,0.6906,0.6906
1691635398000,0.6906,0.6906,0.6906
1691635399000,0.6906,0.6906,0.6906
1691635400000,0.6906,0.6906,0.6906
1691635401000,0.6906,0.6906,0.6906
1691635402000,0.6907,0.6907,0.6907
1691635403000,0.6907,0.6907,0.6907
1691635404000,0.6907,0.6907,0.6907
1691635405000,0.6907,0.6907,0.6907
1691635406000,0.6907,0.6907,0.6907
1691635407000,0.6907,0.6907,0.6907
1691635408000,0.6907,0.6907,0.6907
1691635409000,0.6907,0.6907,0.6907
1691635410000,0.6907,0.6907,0.6907
1691635411000,0.6907,0.6907,0.6907
1691635412000,0.6907,0.6907,0.6907
1691635413000,0.6907,0.6907,0.6907
1691635414000,0.6907,0.6907,0.6907
1691635415000,0.6907,0.6907,0.6907
1691635416000,0.6907,0.6907,0.6907
1691635417000,0.6907,0.6907,0.6907
1691635418000,0.6908,0.6908,0.6908
1691635419000,0.6908,0.6908,0.6908
1691635420000,0.6908,0.6908,0.6908
1691635421000,0.6908,0.6908,0.6908
1691635422000,0.6908,0.6908,0.6908
1691635423000,0.6908,0.6908,0.6908
1691635424000,0.6908,0.6908,0.6908
1691635425000,0.6907,0.6907,0.6907
1691635426000,0.6907,0.6907,0.6907
1691635427000,0.6907,0.6907,0.6907
1691635428000,0.6907,0.6907,0.6907
1691635429000,0.6907,0.6907,0.6907
1691635430000,0.6907,0.6907,0.6907
1691635431000,0.6907,0.6907,0.6907
1691635432000,0.6907,0.6907,0.6907
1691635433000,0.6907,0.6907,0.6907
1691635434000,0.6908,0.6908,0.6908
1691635435000,0.6908,0.6908,0.6908
1691635436000,0.6908,0.6908,0.6908
1691635437000,0.6908,0.6908,0.6908
1691635438000,0.6908,0.6908,0.6908
1691635439000,0.6908,0.6908,0.6908
1691635440000,0.6908,0.6908,0.6908
1691635441000,0.6908,0.6908,0.6908
1691635442000,0.6908,0.6908,0.6908
1691635443000,0.6908,0.6908,0.6908
1691635444000,0.6908,0.6908,0.6908
1691635445000,0.6908,0.6908,0.6908
1691635446000,0.6908,0.6908,0.6908
1691635447000,0.6908,0.6908,0.6908
1691635448000,0.6908,0.6908,0.6908
1691635449000,0.6908,0.6908,0.6908
1691635450000,0.6907,0.6907,0.6907
1691635451000,0.6907,0.6907,0.6907
1691635452000,0.6907,0.6907,0.6907
1691635453000,0.6907,0.6907,0.6907
1691635454000,0.6907,0.6907,0.6907
1691635455000,0.6907,0.6907,0.6907
1691635456000,0.6907,0.6907,0.6907
1691635457000,0.6907,0.6907,0.6907
1691635458000,0.6907,0.6907,0.6907
1691635459000,0.6907,0.6907,0.6907
1691635460000,0.6908,0.6908,0.6908
1691635461000,0.6908,0.6908,0.6908
1691635462000,0.6908,0.6908,0.6908
1691635463000,0.6908,0.6908,0.6908
1691635464000,0.6908,0.6908,0.6908
1691635465000,0.6908,0.6908,0.6908
1691635466000,0.6908,0.6908,0.6908
1691635467000,0.6907,0.6907,0.6907
1691635468000,0.69073,0.69073,0.69073
1691635469000,0.69072996,0.69072996,0.69072996
1691635470000,0.69072996,0.69072996,0.69072996
1691635471000,0.69072996,0.69072996,0.69072996
1691635472000,0.6907301,0.6907301,0.6907301
1691635473000,0.6908,0.6908,0.6908
1691635474000,0.6907302,0.6907302,0.6907302
1691635475000,0.69073017,0.69073017,0.69073017
1691635476000,0.69073017,0.69073017,0.69073017
1691635477000,0.69073017,0.69073017,0.69073017
1691635478000,0.69072908,0.69072908,0.69072908
1691635479000,0.6908,0.6908,0.6908
1691635480000,0.6908,0.6908,0.6908
1691635481000,0.6908,0.6908,0.6908
1691635482000,0.6908,0.6908,0.6908
1691635483000,0.6908,0.6908,0.6908
1691635484000,0.6908,0.6908,0.6908
1691635485000,0.6908,0.6908,0.6908
1691635486000,0.6908,0.6908,0.6908
1691635487000,0.6908,0.6908,0.6908
1691635488000,0.6908,0.6908,0.6908
1691635489000,0.69075071,0.69075071,0.69075071
1691635490000,0.69075191,0.69075191,0.69075191
1691635491000,0.69075194,0.69075194,0.69075194
1691635492000,0.69075191,0.69075191,0.69075191
1691635493000,0.69075191,0.69075191,0.69075191
1691635494000,0.69075219,0.69075219,0.69075219
1691635495000,0.69075392,0.69075392,0.69075392
1691635496000,0.69075312,0.69075312,0.69075312
1691635497000,0.69075312,0.69075312,0.69075312
1691635498000,0.69075302,0.69075302,0.69075302
1691635499000,0.69075302,0.69075302,0.69075302
1691635500000,0.69075472,0.69075472,0.69075472
1691635501000,0.6909,0.6909,0.6909
1691635502000,0.6909,0.6909,0.6909
1691635503000,0.6909,0.6909,0.6909
1691635504000,0.6909,0.6909,0.6909
1691635505000,0.6909,0.6909,0.6909
1691635506000,0.6909,0.6909,0.6909
1691635507000,0.6909,0.6909,0.6909
1691635508000,0.6909,0.6909,0.6909
1691635509000,0.6909,0.6909,0.6909
1691635510000,0.6909,0.6909,0.6909
1691635511000,0.6909,0.6909,0.6909
1691635512000,0.691,0.691,0.691
1691635513000,0.691,0.691,0.691
1691635514000,0.691,0.691,0.691
1691635515000,0.6909,0.6909,0.6909
1691635516000,0.6909,0.6909,0.6909
1691635517000,0.6911,0.6911,0.6911
1691635518000,0.691,0.691,0.691
1691635519000,0.691,0.691,0.691
1691635520000,0.691,0.691,0.691
1691635521000,0.691,0.691,0.691
1691635522000,0.691,0.691,0.691
1691635523000,0.691,0.691,0.691
1691635524000,0.691,0.691,0.691
1691635525000,0.691,0.691,0.691
1691635526000,0.691,0.691,0.691
1691635527000,0.691,0.691,0.691
1691635528000,0.691,0.691,0.691
1691635529000,0.691,0.691,0.691
1691635530000,0.691,0.691,0.691
1691635531000,0.691,0.691,0.691
1691635532000,0.691,0.691,0.691
1691635533000,0.691,0.691,0.691
1691635534000,0.691,0.691,0.691
1691635535000,0.691,0.691,0.691
1691635536000,0.691,0.691,0.691
1691635537000,0.691,0.691,0.691
1691635538000,0.6913,0.6913,0.6913
1691635539000,0.6912,0.6912,0.6912
1691635540000,0.6912,0.6912,0.6912
1691635541000,0.6912,0.6912,0.6912
1691635542000,0.6912,0.6912,0.6912
1691635543000,0.6912,0.6912,0.6912
1691635544000,0.6912,0.6912,0.6912
1691635545000,0.6912,0.6912,0.6912
1691635546000,0.6912,0.6912,0.6912
1691635547000,0.6913,0.6913,0.6913
1691635548000,0.6912,0.6912,0.6912
1691635549000,0.6912,0.6912,0.6912
1691635550000,0.6912,0.6912,0.6912
1691635551000,0.6911,0.6911,0.6911
1691635552000,0.691,0.691,0.691
1691635553000,0.691,0.691,0.691
1691635554000,0.691,0.691,0.691
1691635555000,0.691,0.691,0.691
1691635556000,0.691,0.691,0.691
1691635557000,0.69094572,0.69094572,0.69094572
1691635558000,0.69084721,0.69084721,0.69084721
1691635559000,0.69079536,0.69079536,0.69079536
1691635560000,0.6908,0.6908,0.6908
1691635561000,0.69079539,0.69079539,0.69079539
1691635562000,0.6908,0.6908,0.6908
1691635563000,0.6909,0.6909,0.6909
1691635564000,0.6909,0.6909,0.6909
1691635565000,0.691,0.691,0.691
1691635566000,0.691,0.691,0.691
1691635567000,0.691,0.691,0.691
1691635568000,0.691,0.691,0.691
1691635569000,0.691,0.691,0.691
1691635570000,0.691,0.691,0.691
1691635571000,0.691,0.691,0.691
1691635572000,0.691,0.691,0.691
1691635573000,0.691,0.691,0.691
1691635574000,0.691,0.691,0.691
1691635575000,0.691,0.691,0.691
1691635576000,0.691,0.691,0.691
1691635577000,0.691,0.691,0.691
1691635578000,0.6911,0.6911,0.6911
1691635579000,0.6911,0.6911,0.6911
1691635580000,0.69100105,0.69100105,0.69100105
1691635581000,0.69100122,0.69100122,0.69100122
1691635582000,0.69100122,0.69100122,0.69100122
1691635583000,0.69100239,0.69100239,0.69100239
1691635584000,0.69100236,0.69100236,0.69100236
1691635585000,0.69100274,0.69100274,0.69100274
1691635586000,0.69100274,0.69100274,0.69100274
1691635587000,0.69100274,0.69100274,0.69100274
1691635588000,0.69100391,0.69100391,0.69100391
1691635589000,0.69100391,0.69100391,0.69100391
1691635590000,0.69100391,0.69100391,0.69100391
1691635591000,0.6911,0.6911,0.6911
1691635592000,0.6911,0.6911,0.6911
1691635593000,0.6911,0.6911,0.6911
1691635594000,0.6911,0.6911,0.6911
1691635595000,0.6911,0.6911,0.6911
1691635596000,0.6911,0.6911,0.6911
1691635597000,0.6911,0.6911,0.6911
1691635598000,0.6911,0.6911,0.6911
1691635599000,0.6911,0.6911,0.6911
1691635600000,0.6911,0.6911,0.6911
1691635601000,0.6911,0.6911,0.6911
1691635602000,0.6911,0.6911,0.6911
1691635603000,0.6911,0.6911,0.6911
1691635604000,0.6911,0.6911,0.6911
1691635605000,0.6911,0.6911,0.6911
1691635606000,0.6911,0.6911,0.6911
1691635607000,0.6911,0.6911,0.6911
1691635608000,0.6911,0.6911,0.6911
1691635609000,0.6911,0.6911,0.6911
1691635610000,0.6911,0.6911,0.6911
1691635611000,0.6911,0.6911,0.6911
1691635612000,0.6911,0.6911,0.6911
1691635613000,0.6911,0.6911,0.6911
1691635614000,0.6911,0.6911,0.6911
1691635615000,0.6911,0.6911,0.6911
1691635616000,0.6911,0.6911,0.6911
1691635617000,0.691,0.691,0.691
1691635618000,0.691,0.691,0.691
1691635619000,0.691,0.691,0.691
1691635620000,0.691,0.691,0.691
1691635621000,0.691,0.691,0.691
1691635622000,0.691,0.691,0.691
1691635623000,0.691,0.691,0.691
1691635624000,0.691,0.691,0.691
1691635625000,0.691,0.691,0.691
1691635626000,0.691,0.691,0.691
1691635627000,0.691,0.691,0.691
1691635628000,0.691,0.691,0.691
1691635629000,0.691,0.691,0.691
1691635630000,0.691,0.691,0.691
1691635631000,0.691,0.691,0.691
1691635632000,0.691,0.691,0.691
1691635633000,0.6911,0.6911,0.6911
1691635634000,0.6911,0.6911,0.6911
1691635635000,0.6911,0.6911,0.6911
1691635636000,0.6911,0.6911,0.6911
1691635637000,0.6911,0.6911,0.6911
1691635638000,0.6911,0.6911,0.6911
1691635639000,0.6911,0.6911,0.6911
1691635640000,0.6911,0.6911,0.6911
1691635641000,0.6911,0.6911,0.6911
1691635642000,0.69104502,0.69104502,0.69104502
1691635643000,0.69104418,0.69104418,0.69104418
1691635644000,0.69104418,0.69104418,0.69104418
1691635645000,0.6911,0.6911,0.6911
1691635646000,0.6911,0.6911,0.6911
1691635647000,0.6911,0.6911,0.6911
1691635648000,0.6911,0.6911,0.6911
1691635649000,0.6911,0.6911,0.6911
1691635650000,0.6911,0.6911,0.6911
1691635651000,0.6911,0.6911,0.6911
1691635652000,0.6911,0.6911,0.6911
1691635653000,0.6911,0.6911,0.6911
1691635654000,0.6911,0.6911,0.6911
1691635655000,0.6911,0.6911,0.6911
1691635656000,0.6911,0.6911,0.6911
1691635657000,0.6911,0.6911,0.6911
1691635658000,0.6911,0.6911,0.6911
1691635659000,0.6911725,0.6911725,0.6911725
1691635660000,0.6911725,0.6911725,0.6911725
1691635661000,0.69117269,0.69117269,0.69117269
1691635662000,0.69117321,0.69117321,0.69117321
1691635663000,0.69117321,0.69117321,0.69117321
1691635664000,0.69117321,0.69117321,0.69117321
1691635665000,0.69117321,0.69117321,0.69117321
1691635666000,0.69117162,0.69117162,0.69117162
1691635667000,0.69117041,0.69117041,0.69117041
1691635668000,0.69117041,0.69117041,0.69117041
1691635669000,0.69117041,0.69117041,0.69117041
1691635670000,0.69117041,0.69117041,0.69117041
1691635671000,0.69116691,0.69116691,0.69116691
1691635672000,0.69116695,0.69116695,0.69116695
1691635673000,0.69115094,0.69115094,0.69115094
1691635674000,0.69104279,0.69104279,0.69104279
1691635675000,0.69104279,0.69104279,0.69104279
1691635676000,0.69104173,0.69104173,0.69104173
1691635677000,0.69104003,0.69104003,0.69104003
1691635678000,0.69104003,0.69104003,0.69104003
1691635679000,0.69104003,0.69104003,0.69104003
1691635680000,0.69104007,0.69104007,0.69104007
1691635681000,0.69104007,0.69104007,0.69104007
1691635682000,0.69103957,0.69103957,0.69103957
1691635683000,0.69103863,0.69103863,0.69103863
1691635684000,0.69103863,0.69103863,0.69103863
1691635685000,0.69098551,0.69098551,0.69098551
1691635686000,0.69098551,0.69098551,0.69098551
1691635687000,0.69098374,0.69098374,0.69098374
1691635688000,0.69098374,0.69098374,0.69098374
1691635689000,0.69098066,0.69098066,0.69098066
1691635690000,0.69098066,0.69098066,0.69098066
1691635691000,0.69098066,0.69098066,0.69098066
1691635692000,0.69097893,0.69097893,0.69097893
1691635693000,0.69097869,0.69097869,0.69097869
1691635694000,0.69097873,0.69097873,0.69097873
1691635695000,0.69097869,0.69097869,0.69097869
1691635696000,0.69103274,0.69103274,0.69103274
1691635697000,0.69103102,0.69103102,0.69103102
1691635698000,0.69102984,0.69102984,0.69102984
1691635699000,0.69102984,0.69102984,0.69102984
1691635700000,0.69102984,0.69102984,0.69102984
1691635701000,0.69102984,0.69102984,0.69102984
1691635702000,0.69097319,0.69097319,0.69097319
1691635703000,0.69097424,0.69097424,0.69097424
1691635704000,0.69097424,0.69097424,0.69097424
1691635705000,0.69097331,0.69097331,0.69097331
1691635706000,0.69097335,0.69097335,0.69097335
1691635707000,0.69097335,0.69097335,0.69097335
1691635708000,0.69097328,0.69097328,0.69097328
1691635709000,0.69097393,0.69097393,0.69097393
1691635710000,0.69097393,0.69097393,0.69097393
1691635711000,0.69097393,0.69097393,0.69097393
1691635712000,0.69097393,0.69097393,0.69097393
1691635713000,0.6909739,0.6909739,0.6909739
1691635714000,0.69097439,0.69097439,0.69097439
1691635715000,0.69097439,0.69097439,0.69097439
1691635716000,0.69097439,0.69097439,0.69097439
1691635717000,0.69097439,0.69097439,0.69097439
1691635718000,0.69099079,0.69099079,0.69099079
1691635719000,0.69099079,0.69099079,0.69099079
1691635720000,0.69099079,0.69099079,0.69099079
1691635721000,0.69099079,0.69099079,0.69099079
1691635722000,0.69099079,0.69099079,0.69099079
1691635723000,0.6909892,0.6909892,0.6909892
1691635724000,0.6909892,0.6909892,0.6909892
1691635725000,0.691,0.691,0.691
1691635726000,0.691,0.691,0.691
1691635727000,0.691,0.691,0.691
1691635728000,0.691,0.691,0.691
1691635729000,0.691,0.691,0.691
1691635730000,0.691,0.691,0.691
1691635731000,0.691,0.691,0.691
1691635732000,0.691,0.691,0.691
1691635733000,0.691,0.691,0.691
1691635734000,0.691,0.691,0.691
1691635735000,0.691,0.691,0.691
1691635736000,0.691,0.691,0.691
1691635737000,0.69093846,0.69093846,0.69093846
1691635738000,0.69093846,0.69093846,0.69093846
1691635739000,0.6909379,0.6909379,0.6909379
1691635740000,0.69093696,0.69093696,0.69093696
1691635741000,0.69093696,0.69093696,0.69093696
1691635742000,0.69093696,0.69093696,0.69093696
1691635743000,0.6909379,0.6909379,0.6909379
1691635744000,0.691,0.691,0.691
1691635745000,0.691,0.691,0.691
1691635746000,0.691,0.691,0.691
1691635747000,0.691,0.691,0.691
1691635748000,0.691,0.691,0.691
1691635749000,0.691,0.691,0.691
1691635750000,0.691,0.691,0.691
1691635751000,0.691,0.691,0.691
1691635752000,0.691,0.691,0.691
1691635753000,0.691,0.691,0.691
1691635754000,0.691,0.691,0.691
1691635755000,0.691,0.691,0.691
1691635756000,0.691,0.691,0.691
1691635757000,0.69098504,0.69098504,0.69098504
1691635758000,0.69098504,0.69098504,0.69098504
1691635759000,0.69102324,0.69102324,0.69102324
1691635760000,0.69102299,0.69102299,0.69102299
1691635761000,0.69102299,0.69102299,0.69102299
1691635762000,0.69102299,0.69102299,0.69102299
1691635763000,0.690968,0.690968,0.690968
1691635764000,0.690968,0.690968,0.690968
1691635765000,0.69101983,0.69101983,0.69101983
1691635766000,0.69101176,0.69101176,0.69101176
1691635767000,0.69098743,0.69098743,0.69098743
1691635768000,0.69098833,0.69098833,0.69098833
1691635769000,0.69098833,0.69098833,0.69098833
1691635770000,0.69098582,0.69098582,0.69098582
1691635771000,0.69098582,0.69098582,0.69098582
1691635772000,0.69098488,0.69098488,0.69098488
1691635773000,0.69098492,0.69098492,0.69098492
1691635774000,0.69098488,0.69098488,0.69098488
1691635775000,0.69098368,0.69098368,0.69098368
1691635776000,0.69099158,0.69099158,0.69099158
1691635777000,0.69099154,0.69099154,0.69099154
1691635778000,0.69099154,0.69099154,0.69099154
1691635779000,0.69099154,0.69099154,0.69099154
1691635780000,0.69099035,0.69099035,0.69099035
1691635781000,0.69099035,0.69099035,0.69099035
1691635782000,0.69099035,0.69099035,0.69099035
1691635783000,0.69099035,0.69099035,0.69099035
1691635784000,0.69099035,0.69099035,0.69099035
1691635785000,0.69098768,0.69098768,0.69098768
1691635786000,0.69098768,0.69098768,0.69098768
1691635787000,0.69098768,0.69098768,0.69098768
1691635788000,0.69098768,0.69098768,0.69098768
1691635789000,0.69098772,0.69098772,0.69098772
1691635790000,0.69098772,0.69098772,0.69098772
1691635791000,0.69098664,0.69098664,0.69098664
1691635792000,0.69098664,0.69098664,0.69098664
1691635793000,0.69089741,0.69089741,0.69089741
1691635794000,0.69066277,0.69066277,0.69066277
1691635795000,0.69066277,0.69066277,0.69066277
1691635796000,0.69054605,0.69054605,0.69054605
1691635797000,0.69054605,0.69054605,0.69054605
1691635798000,0.69051365,0.69051365,0.69051365
1691635799000,0.69051365,0.69051365,0.69051365
1691635800000,0.69051179,0.69051179,0.69051179
1691635801000,0.6905003,0.6905003,0.6905003
1691635802000,0.69026439,0.69026439,0.69026439
1691635803000,0.69026439,0.69026439,0.69026439
1691635804000,0.69031125,0.69031125,0.69031125
1691635805000,0.69028392,0.69028392,0.69028392
1691635806000,0.69028203,0.69028203,0.69028203
1691635807000,0.69026489,0.69026489,0.69026489
1691635808000,0.69026489,0.69026489,0.69026489
1691635809000,0.69026489,0.69026489,0.69026489
1691635810000,0.69026339,0.69026339,0.69026339
1691635811000,0.69026113,0.69026113,0.69026113
1691635812000,0.69026113,0.69026113,0.69026113
1691635813000,0.69026113,0.69026113,0.69026113
1691635814000,0.69026207,0.69026207,0.69026207
1691635815000,0.69026207,0.69026207,0.69026207
1691635816000,0.69026207,0.69026207,0.69026207
1691635817000,0.69025795,0.69025795,0.69025795
1691635818000,0.69025799,0.69025799,0.69025799
1691635819000,0.69025795,0.69025795,0.69025795
1691635820000,0.69025795,0.69025795,0.69025795
1691635821000,0.6902569,0.6902569,0.6902569
1691635822000,0.6903,0.6903,0.6903
1691635823000,0.6903065,0.6903065,0.6903065
1691635824000,0.69025785,0.69025785,0.69025785
1691635825000,0.69003758,0.69003758,0.69003758
1691635826000,0.69003295,0.69003295,0.69003295
1691635827000,0.69003037,0.69003037,0.69003037
1691635828000,0.69003037,0.69003037,0.69003037
1691635829000,0.69008438,0.69008438,0.69008438
1691635830000,0.69008345,0.69008345,0.69008345
1691635831000,0.69008272,0.69008272,0.69008272
1691635832000,0.6901,0.6901,0.6901
1691635833000,0.6901,0.6901,0.6901
1691635834000,0.6901,0.6901,0.6901
1691635835000,0.6901,0.6901,0.6901
1691635836000,0.6901,0.6901,0.6901
1691635837000,0.6901,0.6901,0.6901
1691635838000,0.6901,0.6901,0.6901
1691635839000,0.6902,0.6902,0.6902
1691635840000,0.6901,0.6901,0.6901
1691635841000,0.6901,0.6901,0.6901
1691635842000,0.6901,0.6901,0.6901
1691635843000,0.6901,0.6901,0.6901
1691635844000,0.6901,0.6901,0.6901
1691635845000,0.6901,0.6901,0.6901
1691635846000,0.6901,0.6901,0.6901
1691635847000,0.6901,0.6901,0.6901
1691635848000,0.6901,0.6901,0.6901
1691635849000,0.6901,0.6901,0.6901
1691635850000,0.6902,0.6902,0.6902
1691635851000,0.6902,0.6902,0.6902
1691635852000,0.6901,0.6901,0.6901
1691635853000,0.6901,0.6901,0.6901
1691635854000,0.6901,0.6901,0.6901
1691635855000,0.6901,0.6901,0.6901
1691635856000,0.6901,0.6901,0.6901
1691635857000,0.6901,0.6901,0.6901
1691635858000,0.6901,0.6901,0.6901
1691635859000,0.6901,0.6901,0.6901
1691635860000,0.6901,0.6901,0.6901
1691635861000,0.6904,0.6904,0.6904
1691635862000,0.6904,0.6904,0.6904
1691635863000,0.69031401,0.69031401,0.69031401
1691635864000,0.69031401,0.69031401,0.69031401
1691635865000,0.69031401,0.69031401,0.69031401
1691635866000,0.69031401,0.69031401,0.69031401
1691635867000,0.69031531,0.69031531,0.69031531
1691635868000,0.6904,0.6904,0.6904
1691635869000,0.6904,0.6904,0.6904
1691635870000,0.6904,0.6904,0.6904
1691635871000,0.6904,0.6904,0.6904
1691635872000,0.6904,0.6904,0.6904
1691635873000,0.6904,0.6904,0.6904
1691635874000,0.69043915,0.69043915,0.69043915
1691635875000,0.69043911,0.69043911,0.69043911
1691635876000,0.69043818,0.69043818,0.69043818
1691635877000,0.69043927,0.69043927,0.69043927
1691635878000,0.69043927,0.69043927,0.69043927
1691635879000,0.69043856,0.69043856,0.69043856
1691635880000,0.69043856,0.69043856,0.69043856
1691635881000,0.69043859,0.69043859,0.69043859
1691635882000,0.69043835,0.69043835,0.69043835
1691635883000,0.6905,0.6905,0.6905
1691635884000,0.6905,0.6905,0.6905
1691635885000,0.69048634,0.69048634,0.69048634
1691635886000,0.69048634,0.69048634,0.69048634
1691635887000,0.69048601,0.69048601,0.69048601
1691635888000,0.69048601,0.69048601,0.69048601
1691635889000,0.69048455,0.69048455,0.69048455
1691635890000,0.69048455,0.69048455,0.69048455
1691635891000,0.69048455,0.69048455,0.69048455
1691635892000,0.69048451,0.69048451,0.69048451
1691635893000,0.69048491,0.69048491,0.69048491
1691635894000,0.69048347,0.69048347,0.69048347
1691635895000,0.6905,0.6905,0.6905
1691635896000,0.6905,0.6905,0.6905
1691635897000,0.6905,0.6905,0.6905
1691635898000,0.6905,0.6905,0.6905
1691635899000,0.6905,0.6905,0.6905
1691635900000,0.6905,0.6905,0.6905
1691635901000,0.6905,0.6905,0.6905
1691635902000,0.6905,0.6905,0.6905
1691635903000,0.6905,0.6905,0.6905
1691635904000,0.6905,0.6905,0.6905
1691635905000,0.6905,0.6905,0.6905
1691635906000,0.69048122,0.69048122,0.69048122
1691635907000,0.6905,0.6905,0.6905
1691635908000,0.6905,0.6905,0.6905
1691635909000,0.6905,0.6905,0.6905
1691635910000,0.6905,0.6905,0.6905
1691635911000,0.6905,0.6905,0.6905
1691635912000,0.6905,0.6905,0.6905
1691635913000,0.6905,0.6905,0.6905
1691635914000,0.6905,0.6905,0.6905
1691635915000,0.6905,0.6905,0.6905
1691635916000,0.6905,0.6905,0.6905
1691635917000,0.6905,0.6905,0.6905
1691635918000,0.69047601,0.69047601,0.69047601
1691635919000,0.6904,0.6904,0.6904
1691635920000,0.69037958,0.69037958,0.69037958
1691635921000,0.69037958,0.69037958,0.69037958
1691635922000,0.69037958,0.69037958,0.69037958
1691635923000,0.69018531,0.69018531,0.69018531
1691635924000,0.69018531,0.69018531,0.69018531
1691635925000,0.69018527,0.69018527,0.69018527
1691635926000,0.69017931,0.69017931,0.69017931
1691635927000,0.69017931,0.69017931,0.69017931
1691635928000,0.69017935,0.69017935,0.69017935
1691635929000,0.69017801,0.69017801,0.69017801
1691635930000,0.69017801,0.69017801,0.69017801
1691635931000,0.69017553,0.69017553,0.69017553
1691635932000,0.69017553,0.69017553,0.69017553
1691635933000,0.69017452,0.69017452,0.69017452
1691635934000,0.69019074,0.69019074,0.69019074
1691635935000,0.69019074,0.69019074,0.69019074
1691635936000,0.69018747,0.69018747,0.69018747
1691635937000,0.69018747,0.69018747,0.69018747
1691635938000,0.69018747,0.69018747,0.69018747
1691635939000,0.69018747,0.69018747,0.69018747
1691635940000,0.69018747,0.69018747,0.69018747
1691635941000,0.69013084,0.69013084,0.69013084
1691635942000,0.69012925,0.69012925,0.69012925
1691635943000,0.69012816,0.69012816,0.69012816
1691635944000,0.69012816,0.69012816,0.69012816
1691635945000,0.69012816,0.69012816,0.69012816
1691635946000,0.69012668,0.69012668,0.69012668
1691635947000,0.69012668,0.69012668,0.69012668
1691635948000,0.69012668,0.69012668,0.69012668
1691635949000,0.69012189,0.69012189,0.69012189
1691635950000,0.69012189,0.69012189,0.69012189
1691635951000,0.68973452,0.68973452,0.68973452
1691635952000,0.68973452,0.68973452,0.68973452
1691635953000,0.6897338,0.6897338,0.6897338
1691635954000,0.68971248,0.68971248,0.68971248
1691635955000,0.68971248,0.68971248,0.68971248
1691635956000,0.68971248,0.68971248,0.68971248
1691635957000,0.68970864,0.68970864,0.68970864
1691635958000,0.68970864,0.68970864,0.68970864
1691635959000,0.68970864,0.68970864,0.68970864
1691635960000,0.68963421,0.68963421,0.68963421
1691635961000,0.68963417,0.68963417,0.68963417
1691635962000,0.68963331,0.68963331,0.68963331
1691635963000,0.68963331,0.68963331,0.68963331
1691635964000,0.68963322,0.68963322,0.68963322
1691635965000,0.68963322,0.68963322,0.68963322
1691635966000,0.68963322,0.68963322,0.68963322
1691635967000,0.68962935,0.68962935,0.68962935
1691635968000,0.68962935,0.68962935,0.68962935
1691635969000,0.68962862,0.68962862,0.68962862
1691635970000,0.68962769,0.68962769,0.68962769
1691635971000,0.68962769,0.68962769,0.68962769
1691635972000,0.68962687,0.68962687,0.68962687
1691635973000,0.68957282,0.68957282,0.68957282
1691635974000,0.6892,0.6892,0.6892
1691635975000,0.6893,0.6893,0.6893
1691635976000,0.6893,0.6893,0.6893
1691635977000,0.6893,0.6893,0.6893
1691635978000,0.6893,0.6893,0.6893
1691635979000,0.68929831,0.68929831,0.68929831
1691635980000,0.6893054,0.6893054,0.6893054
1691635981000,0.68930537,0.68930537,0.68930537
1691635982000,0.68930537,0.68930537,0.68930537
1691635983000,0.68930446,0.68930446,0.68930446
1691635984000,0.68930446,0.68930446,0.68930446
1691635985000,0.68925049,0.68925049,0.68925049
1691635986000,0.6893,0.6893,0.6893
1691635987000,0.6894,0.6894,0.6894
1691635988000,0.6894,0.6894,0.6894
1691635989000,0.6894,0.6894,0.6894
1691635990000,0.6894,0.6894,0.6894
1691635991000,0.6894,0.6894,0.6894
1691635992000,0.68935859,0.68935859,0.68935859
1691635993000,0.68935917,0.68935917,0.68935917
1691635994000,0.6893601,0.6893601,0.6893601
1691635995000,0.6894,0.6894,0.6894
1691635996000,0.6894,0.6894,0.6894
1691635997000,0.6894,0.6894,0.6894
1691635998000,0.6894,0.6894,0.6894
1691635999000,0.6894,0.6894,0.6894
1691636000000,0.6894,0.6894,0.6894
1691636001000,0.68930781,0.68930781,0.68930781
1691636002000,0.6894,0.6894,0.6894
1691636003000,0.6894,0.6894,0.6894
1691636004000,0.6894,0.6894,0.6894
1691636005000,0.68931014,0.68931014,0.68931014
1691636006000,0.68932506,0.68932506,0.68932506
1691636007000,0.68932506,0.68932506,0.68932506
1691636008000,0.6894,0.6894,0.6894
1691636009000,0.6894,0.6894,0.6894
1691636010000,0.6894,0.6894,0.6894
1691636011000,0.6894,0.6894,0.6894
1691636012000,0.6894,0.6894,0.6894
1691636013000,0.6894,0.6894,0.6894
1691636014000,0.6894,0.6894,0.6894
1691636015000,0.6894,0.6894,0.6894
1691636016000,0.6894,0.6894,0.6894
1691636017000,0.68930844,0.68930844,0.68930844
1691636018000,0.6894,0.6894,0.6894
1691636019000,0.6894,0.6894,0.6894
1691636020000,0.6894,0.6894,0.6894
1691636021000,0.6894,0.6894,0.6894
1691636022000,0.6893042,0.6893042,0.6893042
1691636023000,0.6893042,0.6893042,0.6893042
1691636024000,0.6893042,0.6893042,0.6893042
1691636025000,0.6893042,0.6893042,0.6893042
1691636026000,0.6893042,0.6893042,0.6893042
1691636027000,0.68930554,0.68930554,0.68930554
1691636028000,0.68930554,0.68930554,0.68930554
1691636029000,0.68930582,0.68930582,0.68930582
1691636030000,0.68930582,0.68930582,0.68930582
1691636031000,0.68930582,0.68930582,0.68930582
1691636032000,0.68930607,0.68930607,0.68930607
1691636033000,0.68930607,0.68930607,0.68930607
1691636034000,0.68930634,0.68930634,0.68930634
1691636035000,0.68930634,0.68930634,0.68930634
1691636036000,0.6894,0.6894,0.6894
1691636037000,0.6894,0.6894,0.6894
1691636038000,0.6894,0.6894,0.6894
1691636039000,0.6893046,0.6893046,0.6893046
1691636040000,0.68930488,0.68930488,0.68930488
1691636041000,0.68930239,0.68930239,0.68930239
1691636042000,0.68930239,0.68930239,0.68930239
1691636043000,0.68930239,0.68930239,0.68930239
1691636044000,0.68930329,0.68930329,0.68930329
1691636045000,0.68930098,0.68930098,0.68930098
1691636046000,0.6893,0.6893,0.6893
1691636047000,0.6893,0.6893,0.6893
1691636048000,0.6893,0.6893,0.6893
1691636049000,0.6893,0.6893,0.6893
1691636050000,0.6893,0.6893,0.6893
1691636051000,0.6893,0.6893,0.6893
1691636052000,0.6893,0.6893,0.6893
1691636053000,0.6893,0.6893,0.6893
1691636054000,0.6893,0.6893,0.6893
1691636055000,0.68935165,0.68935165,0.68935165
1691636056000,0.68935165,0.68935165,0.68935165
1691636057000,0.6894,0.6894,0.6894
1691636058000,0.68935242,0.68935242,0.68935242
1691636059000,0.68936864,0.68936864,0.68936864
1691636060000,0.68936794,0.68936794,0.68936794
1691636061000,0.68936798,0.68936798,0.68936798
1691636062000,0.6894,0.6894,0.6894
1691636063000,0.68936765,0.68936765,0.68936765
1691636064000,0.68936762,0.68936762,0.68936762
1691636065000,0.68936762,0.68936762,0.68936762
1691636066000,0.68936891,0.68936891,0.68936891
1691636067000,0.68936782,0.68936782,0.68936782
1691636068000,0.68931376,0.68931376,0.68931376
1691636069000,0.68931376,0.68931376,0.68931376
1691636070000,0.68931469,0.68931469,0.68931469
1691636071000,0.6894,0.6894,0.6894
1691636072000,0.6894,0.6894,0.6894
1691636073000,0.6894,0.6894,0.6894
1691636074000,0.6894,0.6894,0.6894
1691636075000,0.6894,0.6894,0.6894
1691636076000,0.6894,0.6894,0.6894
1691636077000,0.6894,0.6894,0.6894
1691636078000,0.6894,0.6894,0.6894
1691636079000,0.6894,0.6894,0.6894
1691636080000,0.6894,0.6894,0.6894
1691636081000,0.6894,0.6894,0.6894
1691636082000,0.6894,0.6894,0.6894
1691636083000,0.6894,0.6894,0.6894
1691636084000,0.68933606,0.68933606,0.68933606
1691636085000,0.6895,0.6895,0.6895
1691636086000,0.6896,0.6896,0.6896
1691636087000,0.6896,0.6896,0.6896
1691636088000,0.6896,0.6896,0.6896
1691636089000,0.6896,0.6896,0.6896
1691636090000,0.6896,0.6896,0.6896
1691636091000,0.6896,0.6896,0.6896
1691636092000,0.6896,0.6896,0.6896
1691636093000,0.6896,0.6896,0.6896
1691636094000,0.6896,0.6896,0.6896
1691636095000,0.6896,0.6896,0.6896
1691636096000,0.6895,0.6895,0.6895
1691636097000,0.6896,0.6896,0.6896
1691636098000,0.6896,0.6896,0.6896
1691636099000,0.6896,0.6896,0.6896
1691636100000,0.6896,0.6896,0.6896
1691636101000,0.6895,0.6895,0.6895
1691636102000,0.6895,0.6895,0.6895
1691636103000,0.6895,0.6895,0.6895
1691636104000,0.6895,0.6895,0.6895
1691636105000,0.6895,0.6895,0.6895
1691636106000,0.6895,0.6895,0.6895
1691636107000,0.68943764,0.68943764,0.68943764
1691636108000,0.68943857,0.68943857,0.68943857
1691636109000,0.68943853,0.68943853,0.68943853
1691636110000,0.68943853,0.68943853,0.68943853
1691636111000,0.68943853,0.68943853,0.68943853
1691636112000,0.68943981,0.68943981,0.68943981
1691636113000,0.6895,0.6895,0.6895
1691636114000,0.6895,0.6895,0.6895
1691636115000,0.6895,0.6895,0.6895
1691636116000,0.6895,0.6895,0.6895
1691636117000,0.68958329,0.68958329,0.68958329
1691636118000,0.68958361,0.68958361,0.68958361
1691636119000,0.68958361,0.68958361,0.68958361
1691636120000,0.68958361,0.68958361,0.68958361
1691636121000,0.68958361,0.68958361,0.68958361
1691636122000,0.68958361,0.68958361,0.68958361
1691636123000,0.6895842,0.6895842,0.6895842
1691636124000,0.68958424,0.68958424,0.68958424
1691636125000,0.68958424,0.68958424,0.68958424
1691636126000,0.68958424,0.68958424,0.68958424
1691636127000,0.6895842,0.6895842,0.6895842
1691636128000,0.68958285,0.68958285,0.68958285
1691636129000,0.68958415,0.68958415,0.68958415
1691636130000,0.68958415,0.68958415,0.68958415
1691636131000,0.68958415,0.68958415,0.68958415
1691636132000,0.68958415,0.68958415,0.68958415
1691636133000,0.68958301,0.68958301,0.68958301
1691636134000,0.68958301,0.68958301,0.68958301
1691636135000,0.68958301,0.68958301,0.68958301
1691636136000,0.68952896,0.68952896,0.68952896
1691636137000,0.68952896,0.68952896,0.68952896
1691636138000,0.68952372,0.68952372,0.68952372
1691636139000,0.68952372,0.68952372,0.68952372
1691636140000,0.68952372,0.68952372,0.68952372
1691636141000,0.68953994,0.68953994,0.68953994
1691636142000,0.68953997,0.68953997,0.68953997
1691636143000,0.6895383,0.6895383,0.6895383
1691636144000,0.6895383,0.6895383,0.6895383
1691636145000,0.6895383,0.6895383,0.6895383
1691636146000,0.6895383,0.6895383,0.6895383
1691636147000,0.6895383,0.6895383,0.6895383
1691636148000,0.6895383,0.6895383,0.6895383
1691636149000,0.68953498,0.68953498,0.68953498
1691636150000,0.68953531,0.68953531,0.68953531
1691636151000,0.68953531,0.68953531,0.68953531
1691636152000,0.68958936,0.68958936,0.68958936
1691636153000,0.68958936,0.68958936,0.68958936
1691636154000,0.68958604,0.68958604,0.68958604
1691636155000,0.68958697,0.68958697,0.68958697
1691636156000,0.68958697,0.68958697,0.68958697
1691636157000,0.68958697,0.68958697,0.68958697
1691636158000,0.68958697,0.68958697,0.68958697
1691636159000,0.68947146,0.68947146,0.68947146
1691636160000,0.68947146,0.68947146,0.68947146
1691636161000,0.68947146,0.68947146,0.68947146
1691636162000,0.68947149,0.68947149,0.68947149
1691636163000,0.68947146,0.68947146,0.68947146
1691636164000,0.68946379,0.68946379,0.68946379
1691636165000,0.68946221,0.68946221,0.68946221
1691636166000,0.68946128,0.68946128,0.68946128
1691636167000,0.68945576,0.68945576,0.68945576
1691636168000,0.68940171,0.68940171,0.68940171
1691636169000,0.68944956,0.68944956,0.68944956
1691636170000,0.68945049,0.68945049,0.68945049
1691636171000,0.68945049,0.68945049,0.68945049
1691636172000,0.68945049,0.68945049,0.68945049
1691636173000,0.68930902,0.68930902,0.68930902
1691636174000,0.68930068,0.68930068,0.68930068
1691636175000,0.68930072,0.68930072,0.68930072
1691636176000,0.68930068,0.68930068,0.68930068
1691636177000,0.68930068,0.68930068,0.68930068
1691636178000,0.68930072,0.68930072,0.68930072
1691636179000,0.68930072,0.68930072,0.68930072
1691636180000,0.6891,0.6891,0.6891
1691636181000,0.6891,0.6891,0.6891
1691636182000,0.6891,0.6891,0.6891
1691636183000,0.6891,0.6891,0.6891
1691636184000,0.6891,0.6891,0.6891
1691636185000,0.68908619,0.68908619,0.68908619
1691636186000,0.68908526,0.68908526,0.68908526
1691636187000,0.68908526,0.68908526,0.68908526
1691636188000,0.68908622,0.68908622,0.68908622
1691636189000,0.68903116,0.68903116,0.68903116
1691636190000,0.68902722,0.68902722,0.68902722
1691636191000,0.68901794,0.68901794,0.68901794
1691636192000,0.68901575,0.68901575,0.68901575
1691636193000,0.68901571,0.68901571,0.68901571
1691636194000,0.68901571,0.68901571,0.68901571
1691636195000,0.68901408,0.68901408,0.68901408
1691636196000,0.68901408,0.68901408,0.68901408
1691636197000,0.68901408,0.68901408,0.68901408
1691636198000,0.68901408,0.68901408,0.68901408
1691636199000,0.68901412,0.68901412,0.68901412
1691636200000,0.68901244,0.68901244,0.68901244
1691636201000,0.68901013,0.68901013,0.68901013
1691636202000,0.68901013,0.68901013,0.68901013
1691636203000,0.68901013,0.68901013,0.68901013
1691636204000,0.68901013,0.68901013,0.68901013
1691636205000,0.68901017,0.68901017,0.68901017
1691636206000,0.68900571,0.68900571,0.68900571
1691636207000,0.68900385,0.68900385,0.68900385
1691636208000,0.68899683,0.68899683,0.68899683
1691636209000,0.68899683,0.68899683,0.68899683
1691636210000,0.689,0.689,0.689
1691636211000,0.689,0.689,0.689
1691636212000,0.689,0.689,0.689
1691636213000,0.689,0.689,0.689
1691636214000,0.689,0.689,0.689
1691636215000,0.689,0.689,0.689
1691636216000,0.689,0.689,0.689
1691636217000,0.68898071,0.68898071,0.68898071
1691636218000,0.68898071,0.68898071,0.68898071
1691636219000,0.689,0.689,0.689
1691636220000,0.689,0.689,0.689
1691636221000,0.689,0.689,0.689
1691636222000,0.689,0.689,0.689
1691636223000,0.689,0.689,0.689
1691636224000,0.689,0.689,0.689
1691636225000,0.689,0.689,0.689
1691636226000,0.689,0.689,0.689
1691636227000,0.689,0.689,0.689
1691636228000,0.689,0.689,0.689
1691636229000,0.689,0.689,0.689
1691636230000,0.689,0.689,0.689
1691636231000,0.689,0.689,0.689
1691636232000,0.689,0.689,0.689
1691636233000,0.68903673,0.68903673,0.68903673
1691636234000,0.6892,0.6892,0.6892
1691636235000,0.6892,0.6892,0.6892
1691636236000,0.6892,0.6892,0.6892
1691636237000,0.6891,0.6891,0.6891
1691636238000,0.6891,0.6891,0.6891
1691636239000,0.6892,0.6892,0.6892
1691636240000,0.6891,0.6891,0.6891
1691636241000,0.6891,0.6891,0.6891
1691636242000,0.6891,0.6891,0.6891
1691636243000,0.6891,0.6891,0.6891
1691636244000,0.6891,0.6891,0.6891
1691636245000,0.6891,0.6891,0.6891
1691636246000,0.6892,0.6892,0.6892
1691636247000,0.6892,0.6892,0.6892
1691636248000,0.6892,0.6892,0.6892
1691636249000,0.6892,0.6892,0.6892
1691636250000,0.6891,0.6891,0.6891
1691636251000,0.6891,0.6891,0.6891
1691636252000,0.6891,0.6891,0.6891
1691636253000,0.6891,0.6891,0.6891
1691636254000,0.6891,0.6891,0.6891
1691636255000,0.6891,0.6891,0.6891
1691636256000,0.6891,0.6891,0.6891
1691636257000,0.6891,0.6891,0.6891
1691636258000,0.68904534,0.68904534,0.68904534
1691636259000,0.689,0.689,0.689
1691636260000,0.689,0.689,0.689
1691636261000,0.689,0.689,0.689
1691636262000,0.689,0.689,0.689
1691636263000,0.689,0.689,0.689
1691636264000,0.689,0.689,0.689
1691636265000,0.689,0.689,0.689
1691636266000,0.689,0.689,0.689
1691636267000,0.689,0.689,0.689
1691636268000,0.689,0.689,0.689
1691636269000,0.689,0.689,0.689
1691636270000,0.689,0.689,0.689
1691636271000,0.689,0.689,0.689
1691636272000,0.68892383,0.68892383,0.68892383
1691636273000,0.6889,0.6889,0.6889
1691636274000,0.6888,0.6888,0.6888
1691636275000,0.68876161,0.68876161,0.68876161
1691636276000,0.68876161,0.68876161,0.68876161
1691636277000,0.68875906,0.68875906,0.68875906
1691636278000,0.68881339,0.68881339,0.68881339
1691636279000,0.6889,0.6889,0.6889
1691636280000,0.6891,0.6891,0.6891
1691636281000,0.6891,0.6891,0.6891
1691636282000,0.6891,0.6891,0.6891
1691636283000,0.6894,0.6894,0.6894
1691636284000,0.6894,0.6894,0.6894
1691636285000,0.6893,0.6893,0.6893
1691636286000,0.6893,0.6893,0.6893
1691636287000,0.6893,0.6893,0.6893
1691636288000,0.6893,0.6893,0.6893
1691636289000,0.6893,0.6893,0.6893
1691636290000,0.6893,0.6893,0.6893
1691636291000,0.6893,0.6893,0.6893
1691636292000,0.6893,0.6893,0.6893
1691636293000,0.6893,0.6893,0.6893
1691636294000,0.6893,0.6893,0.6893
1691636295000,0.6894,0.6894,0.6894
1691636296000,0.6894,0.6894,0.6894
1691636297000,0.6894,0.6894,0.6894
1691636298000,0.6894,0.6894,0.6894
1691636299000,0.68923578,0.68923578,0.68923578
1691636300000,0.6892445,0.6892445,0.6892445
1691636301000,0.6892,0.6892,0.6892
1691636302000,0.6892,0.6892,0.6892
1691636303000,0.6892,0.6892,0.6892
1691636304000,0.6892,0.6892,0.6892
1691636305000,0.68918742,0.68918742,0.68918742
1691636306000,0.68918742,0.68918742,0.68918742
1691636307000,0.68918704,0.68918704,0.68918704
1691636308000,0.68918704,0.68918704,0.68918704
1691636309000,0.68918555,0.68918555,0.68918555
1691636310000,0.68918555,0.68918555,0.68918555
1691636311000,0.689139,0.689139,0.689139
1691636312000,0.6892,0.6892,0.6892
1691636313000,0.68913844,0.68913844,0.68913844
1691636314000,0.68913841,0.68913841,0.68913841
1691636315000,0.68913767,0.68913767,0.68913767
1691636316000,0.68913767,0.68913767,0.68913767
1691636317000,0.6891377,0.6891377,0.6891377
1691636318000,0.68913638,0.68913638,0.68913638
1691636319000,0.68913638,0.68913638,0.68913638
1691636320000,0.68913564,0.68913564,0.68913564
1691636321000,0.68913567,0.68913567,0.68913567
1691636322000,0.68913567,0.68913567,0.68913567
1691636323000,0.6892,0.6892,0.6892
1691636324000,0.6892,0.6892,0.6892
1691636325000,0.68913489,0.68913489,0.68913489
1691636326000,0.68913492,0.68913492,0.68913492
1691636327000,0.68913492,0.68913492,0.68913492
1691636328000,0.68913503,0.68913503,0.68913503
1691636329000,0.68914898,0.68914898,0.68914898
1691636330000,0.6891482,0.6891482,0.6891482
1691636331000,0.6892,0.6892,0.6892
1691636332000,0.6892,0.6892,0.6892
1691636333000,0.6892,0.6892,0.6892
1691636334000,0.6892,0.6892,0.6892
1691636335000,0.6892,0.6892,0.6892
1691636336000,0.6892,0.6892,0.6892
1691636337000,0.6892,0.6892,0.6892
1691636338000,0.6892,0.6892,0.6892
1691636339000,0.6892,0.6892,0.6892
1691636340000,0.6892,0.6892,0.6892
1691636341000,0.6892,0.6892,0.6892
1691636342000,0.6892,0.6892,0.6892
1691636343000,0.6892,0.6892,0.6892
1691636344000,0.6892,0.6892,0.6892
1691636345000,0.6892,0.6892,0.6892
1691636346000,0.6892,0.6892,0.6892
1691636347000,0.6892,0.6892,0.6892
1691636348000,0.6892,0.6892,0.6892
1691636349000,0.6892,0.6892,0.6892
1691636350000,0.68916751,0.68916751,0.68916751
1691636351000,0.68916527,0.68916527,0.68916527
1691636352000,0.68916527,0.68916527,0.68916527
1691636353000,0.68913701,0.68913701,0.68913701
1691636354000,0.68913701,0.68913701,0.68913701
1691636355000,0.68913704,0.68913704,0.68913704
1691636356000,0.68913485,0.68913485,0.68913485
1691636357000,0.68913485,0.68913485,0.68913485
1691636358000,0.68913482,0.68913482,0.68913482
1691636359000,0.68913489,0.68913489,0.68913489
1691636360000,0.68913489,0.68913489,0.68913489
1691636361000,0.68913207,0.68913207,0.68913207
1691636362000,0.68913207,0.68913207,0.68913207
1691636363000,0.68913207,0.68913207,0.68913207
1691636364000,0.68913207,0.68913207,0.68913207
1691636365000,0.68913095,0.68913095,0.68913095
1691636366000,0.6891296,0.6891296,0.6891296
1691636367000,0.6891296,0.6891296,0.6891296
1691636368000,0.6891288,0.6891288,0.6891288
1691636369000,0.6891288,0.6891288,0.6891288
1691636370000,0.68912995,0.68912995,0.68912995
1691636371000,0.68912991,0.68912991,0.68912991
1691636372000,0.68912761,0.68912761,0.68912761
1691636373000,0.68912681,0.68912681,0.68912681
1691636374000,0.68912556,0.68912556,0.68912556
1691636375000,0.68912559,0.68912559,0.68912559
1691636376000,0.68912559,0.68912559,0.68912559
1691636377000,0.6891096,0.6891096,0.6891096
1691636378000,0.6891096,0.6891096,0.6891096
1691636379000,0.6891,0.6891,0.6891
1691636380000,0.6891,0.6891,0.6891
1691636381000,0.6891,0.6891,0.6891
1691636382000,0.6891,0.6891,0.6891
1691636383000,0.6891,0.6891,0.6891
1691636384000,0.6891,0.6891,0.6891
1691636385000,0.6891,0.6891,0.6891
1691636386000,0.6891,0.6891,0.6891
1691636387000,0.6891,0.6891,0.6891
1691636388000,0.6891,0.6891,0.6891
1691636389000,0.6891,0.6891,0.6891
1691636390000,0.6891,0.6891,0.6891
1691636391000,0.68905059,0.68905059,0.68905059
1691636392000,0.68904785,0.68904785,0.68904785
1691636393000,0.68904797,0.68904797,0.68904797
1691636394000,0.68904793,0.68904793,0.68904793
1691636395000,0.68904702,0.68904702,0.68904702
1691636396000,0.68904622,0.68904622,0.68904622
1691636397000,0.68904625,0.68904625,0.68904625
1691636398000,0.68904351,0.68904351,0.68904351
1691636399000,0.68904347,0.68904347,0.68904347
1691636400000,0.68904316,0.68904316,0.68904316
1691636401000,0.6890432,0.6890432,0.6890432
1691636402000,0.689044,0.689044,0.689044
1691636403000,0.6891,0.6891,0.6891
1691636404000,0.6891,0.6891,0.6891
1691636405000,0.6891,0.6891,0.6891
1691636406000,0.6891,0.6891,0.6891
1691636407000,0.6891,0.6891,0.6891
1691636408000,0.6892,0.6892,0.6892
1691636409000,0.6891,0.6891,0.6891
1691636410000,0.6891,0.6891,0.6891
1691636411000,0.6891,0.6891,0.6891
1691636412000,0.6891,0.6891,0.6891
1691636413000,0.6892,0.6892,0.6892
1691636414000,0.6892,0.6892,0.6892
1691636415000,0.6892,0.6892,0.6892
1691636416000,0.6892,0.6892,0.6892
1691636417000,0.6892,0.6892,0.6892
1691636418000,0.6892,0.6892,0.6892
1691636419000,0.6892,0.6892,0.6892
1691636420000,0.6892,0.6892,0.6892
1691636421000,0.6892,0.6892,0.6892
1691636422000,0.6892,0.6892,0.6892
1691636423000,0.6892,0.6892,0.6892
1691636424000,0.6892,0.6892,0.6892
1691636425000,0.6892,0.6892,0.6892
1691636426000,0.68913911,0.68913911,0.68913911
1691636427000,0.6891,0.6891,0.6891
1691636428000,0.6892,0.6892,0.6892
1691636429000,0.6892,0.6892,0.6892
1691636430000,0.6892,0.6892,0.6892
1691636431000,0.6893,0.6893,0.6893
1691636432000,0.6892,0.6892,0.6892
1691636433000,0.6893,0.6893,0.6893
1691636434000,0.6894,0.6894,0.6894
1691636435000,0.6894,0.6894,0.6894
1691636436000,0.6894,0.6894,0.6894
1691636437000,0.6894,0.6894,0.6894
1691636438000,0.6894,0.6894,0.6894
1691636439000,0.6894,0.6894,0.6894
1691636440000,0.6894,0.6894,0.6894
1691636441000,0.6894,0.6894,0.6894
1691636442000,0.68932311,0.68932311,0.68932311
1691636443000,0.68932235,0.68932235,0.68932235
1691636444000,0.6894,0.6894,0.6894
1691636445000,0.68932341,0.68932341,0.68932341
1691636446000,0.6893,0.6893,0.6893
1691636447000,0.68923024,0.68923024,0.68923024
1691636448000,0.68923024,0.68923024,0.68923024
1691636449000,0.68923075,0.68923075,0.68923075
1691636450000,0.68923078,0.68923078,0.68923078
1691636451000,0.689229,0.689229,0.689229
1691636452000,0.6893,0.6893,0.6893
1691636453000,0.6893,0.6893,0.6893
1691636454000,0.6894,0.6894,0.6894
1691636455000,0.6894,0.6894,0.6894
1691636456000,0.6894,0.6894,0.6894
1691636457000,0.6894,0.6894,0.6894
1691636458000,0.6894,0.6894,0.6894
1691636459000,0.6894,0.6894,0.6894
1691636460000,0.6894,0.6894,0.6894
1691636461000,0.6894,0.6894,0.6894
1691636462000,0.6894,0.6894,0.6894
1691636463000,0.68932238,0.68932238,0.68932238
1691636464000,0.68932238,0.68932238,0.68932238
1691636465000,0.68932545,0.68932545,0.68932545
1691636466000,0.68932538,0.68932538,0.68932538
1691636467000,0.68932535,0.68932535,0.68932535
1691636468000,0.68932538,0.68932538,0.68932538
1691636469000,0.6893393,0.6893393,0.6893393
1691636470000,0.68934149,0.68934149,0.68934149
1691636471000,0.6893,0.6893,0.6893
1691636472000,0.6893,0.6893,0.6893
1691636473000,0.6893,0.6893,0.6893
1691636474000,0.6893,0.6893,0.6893
1691636475000,0.6893,0.6893,0.6893
1691636476000,0.6893,0.6893,0.6893
1691636477000,0.6893,0.6893,0.6893
1691636478000,0.6893,0.6893,0.6893
1691636479000,0.6893,0.6893,0.6893
1691636480000,0.6894,0.6894,0.6894
1691636481000,0.6894,0.6894,0.6894
1691636482000,0.6894,0.6894,0.6894
1691636483000,0.6894,0.6894,0.6894
1691636484000,0.6894,0.6894,0.6894
1691636485000,0.6895,0.6895,0.6895
1691636486000,0.6895,0.6895,0.6895
1691636487000,0.6895,0.6895,0.6895
1691636488000,0.6895,0.6895,0.6895
1691636489000,0.6895,0.6895,0.6895
1691636490000,0.6895,0.6895,0.6895
1691636491000,0.6895,0.6895,0.6895
1691636492000,0.6895,0.6895,0.6895
1691636493000,0.6895,0.6895,0.6895
1691636494000,0.6895,0.6895,0.6895
1691636495000,0.6894,0.6894,0.6894
1691636496000,0.6894,0.6894,0.6894
1691636497000,0.6894,0.6894,0.6894
1691636498000,0.6894,0.6894,0.6894
1691636499000,0.6894,0.6894,0.6894
1691636500000,0.6894,0.6894,0.6894
1691636501000,0.6894,0.6894,0.6894
1691636502000,0.68942547,0.68942547,0.68942547
1691636503000,0.68942547,0.68942547,0.68942547
1691636504000,0.6894,0.6894,0.6894
1691636505000,0.6894,0.6894,0.6894
1691636506000,0.6894,0.6894,0.6894
1691636507000,0.6894,0.6894,0.6894
1691636508000,0.6895,0.6895,0.6895
1691636509000,0.6895,0.6895,0.6895
1691636510000,0.6895,0.6895,0.6895
1691636511000,0.6895,0.6895,0.6895
1691636512000,0.6895,0.6895,0.6895
1691636513000,0.6895,0.6895,0.6895
1691636514000,0.6895,0.6895,0.6895
1691636515000,0.6895,0.6895,0.6895
1691636516000,0.6895,0.6895,0.6895
1691636517000,0.6895,0.6895,0.6895
1691636518000,0.6895,0.6895,0.6895
1691636519000,0.6895,0.6895,0.6895
1691636520000,0.6895,0.6895,0.6895
1691636521000,0.6895,0.6895,0.6895
1691636522000,0.6895,0.6895,0.6895
1691636523000,0.6894,0.6894,0.6894
1691636524000,0.6894,0.6894,0.6894
1691636525000,0.6895,0.6895,0.6895
1691636526000,0.6895,0.6895,0.6895
1691636527000,0.6895,0.6895,0.6895
1691636528000,0.6895,0.6895,0.6895
1691636529000,0.6896,0.6896,0.6896
1691636530000,0.6896,0.6896,0.6896
1691636531000,0.6896,0.6896,0.6896
1691636532000,0.6895,0.6895,0.6895
1691636533000,0.6896,0.6896,0.6896
1691636534000,0.6896,0.6896,0.6896
1691636535000,0.6895,0.6895,0.6895
1691636536000,0.6895,0.6895,0.6895
1691636537000,0.6895,0.6895,0.6895
1691636538000,0.6895,0.6895,0.6895
1691636539000,0.6895,0.6895,0.6895
1691636540000,0.6895,0.6895,0.6895
1691636541000,0.6895,0.6895,0.6895
1691636542000,0.6895,0.6895,0.6895
1691636543000,0.6895,0.6895,0.6895
1691636544000,0.6895,0.6895,0.6895
1691636545000,0.6895,0.6895,0.6895
1691636546000,0.6895,0.6895,0.6895
1691636547000,0.6895,0.6895,0.6895
1691636548000,0.6895,0.6895,0.6895
1691636549000,0.6895,0.6895,0.6895
1691636550000,0.6895,0.6895,0.6895
1691636551000,0.6895,0.6895,0.6895
1691636552000,0.6895,0.6895,0.6895
1691636553000,0.6895,0.6895,0.6895
1691636554000,0.6896,0.6896,0.6896
1691636555000,0.6896,0.6896,0.6896
1691636556000,0.6896,0.6896,0.6896
1691636557000,0.6896,0.6896,0.6896
1691636558000,0.6896,0.6896,0.6896
1691636559000,0.6896,0.6896,0.6896
1691636560000,0.6895,0.6895,0.6895
1691636561000,0.6895,0.6895,0.6895
1691636562000,0.6896,0.6896,0.6896
1691636563000,0.6896,0.6896,0.6896
1691636564000,0.6895,0.6895,0.6895
1691636565000,0.6895,0.6895,0.6895
1691636566000,0.6895,0.6895,0.6895
1691636567000,0.6895,0.6895,0.6895
1691636568000,0.6896,0.6896,0.6896
1691636569000,0.6896,0.6896,0.6896
1691636570000,0.6896,0.6896,0.6896
1691636571000,0.6896,0.6896,0.6896
1691636572000,0.6896,0.6896,0.6896
1691636573000,0.6896,0.6896,0.6896
1691636574000,0.6896,0.6896,0.6896
1691636575000,0.6896,0.6896,0.6896
1691636576000,0.6896,0.6896,0.6896
1691636577000,0.6896,0.6896,0.6896
1691636578000,0.6896,0.6896,0.6896
1691636579000,0.6896,0.6896,0.6896
1691636580000,0.68952533,0.68952533,0.68952533
1691636581000,0.6896,0.6896,0.6896
1691636582000,0.6896,0.6896,0.6896
1691636583000,0.6896,0.6896,0.6896
1691636584000,0.68952628,0.68952628,0.68952628
1691636585000,0.68952628,0.68952628,0.68952628
1691636586000,0.6896,0.6896,0.6896
1691636587000,0.6896,0.6896,0.6896
1691636588000,0.6896,0.6896,0.6896
1691636589000,0.6897,0.6897,0.6897
1691636590000,0.6897,0.6897,0.6897
1691636591000,0.6897,0.6897,0.6897
1691636592000,0.6897,0.6897,0.6897
1691636593000,0.6897,0.6897,0.6897
1691636594000,0.6897,0.6897,0.6897
1691636595000,0.6897,0.6897,0.6897
1691636596000,0.68952236,0.68952236,0.68952236
1691636597000,0.68954271,0.68954271,0.68954271
1691636598000,0.68954271,0.68954271,0.68954271
1691636599000,0.68954271,0.68954271,0.68954271
1691636600000,0.68954314,0.68954314,0.68954314
1691636601000,0.68954314,0.68954314,0.68954314
1691636602000,0.68954314,0.68954314,0.68954314
1691636603000,0.68954314,0.68954314,0.68954314
1691636604000,0.68954314,0.68954314,0.68954314
1691636605000,0.68954251,0.68954251,0.68954251
1691636606000,0.6895,0.6895,0.6895
1691636607000,0.6895,0.6895,0.6895
1691636608000,0.6895,0.6895,0.6895
1691636609000,0.6895,0.6895,0.6895
1691636610000,0.68949582,0.68949582,0.68949582
1691636611000,0.6895,0.6895,0.6895
1691636612000,0.6895,0.6895,0.6895
1691636613000,0.6895,0.6895,0.6895
1691636614000,0.6895,0.6895,0.6895
1691636615000,0.6895,0.6895,0.6895
1691636616000,0.6895,0.6895,0.6895
1691636617000,0.6895,0.6895,0.6895
1691636618000,0.6895,0.6895,0.6895
1691636619000,0.6895,0.6895,0.6895
1691636620000,0.6895,0.6895,0.6895
1691636621000,0.68949437,0.68949437,0.68949437
1691636622000,0.68949437,0.68949437,0.68949437
1691636623000,0.68949437,0.68949437,0.68949437
1691636624000,0.68949437,0.68949437,0.68949437
1691636625000,0.68949388,0.68949388,0.68949388
1691636626000,0.68949431,0.68949431,0.68949431
1691636627000,0.68949431,0.68949431,0.68949431
1691636628000,0.68949431,0.68949431,0.68949431
1691636629000,0.68949431,0.68949431,0.68949431
1691636630000,0.68949424,0.68949424,0.68949424
1691636631000,0.68949433,0.68949433,0.68949433
1691636632000,0.68949429,0.68949429,0.68949429
1691636633000,0.68948234,0.68948234,0.68948234
1691636634000,0.68948234,0.68948234,0.68948234
1691636635000,0.68948234,0.68948234,0.68948234
1691636636000,0.68947892,0.68947892,0.68947892
1691636637000,0.68947889,0.68947889,0.68947889
1691636638000,0.68947889,0.68947889,0.68947889
1691636639000,0.68947972,0.68947972,0.68947972
1691636640000,0.68947955,0.68947955,0.68947955
1691636641000,0.68946571,0.68946571,0.68946571
1691636642000,0.68946488,0.68946488,0.68946488
1691636643000,0.68946488,0.68946488,0.68946488
1691636644000,0.68945093,0.68945093,0.68945093
1691636645000,0.68944834,0.68944834,0.68944834
1691636646000,0.68944237,0.68944237,0.68944237
1691636647000,0.68944237,0.68944237,0.68944237
1691636648000,0.68944237,0.68944237,0.68944237
1691636649000,0.68944234,0.68944234,0.68944234
1691636650000,0.68944314,0.68944314,0.68944314
1691636651000,0.68944314,0.68944314,0.68944314
1691636652000,0.68944261,0.68944261,0.68944261
1691636653000,0.68944261,0.68944261,0.68944261
1691636654000,0.68934879,0.68934879,0.68934879
1691636655000,0.68934879,0.68934879,0.68934879
1691636656000,0.68934893,0.68934893,0.68934893
1691636657000,0.6893495,0.6893495,0.6893495
1691636658000,0.6893495,0.6893495,0.6893495
1691636659000,0.68934873,0.68934873,0.68934873
1691636660000,0.68930221,0.68930221,0.68930221
1691636661000,0.68930092,0.68930092,0.68930092
1691636662000,0.68930228,0.68930228,0.68930228
1691636663000,0.68930228,0.68930228,0.68930228
1691636664000,0.68930225,0.68930225,0.68930225
1691636665000,0.68930225,0.68930225,0.68930225
1691636666000,0.68934949,0.68934949,0.68934949
1691636667000,0.68935081,0.68935081,0.68935081
1691636668000,0.68935081,0.68935081,0.68935081
1691636669000,0.68935081,0.68935081,0.68935081
1691636670000,0.68935161,0.68935161,0.68935161
1691636671000,0.68935151,0.68935151,0.68935151
1691636672000,0.68935207,0.68935207,0.68935207
1691636673000,0.68935207,0.68935207,0.68935207
1691636674000,0.68935207,0.68935207,0.68935207
1691636675000,0.68929164,0.68929164,0.68929164
1691636676000,0.68928986,0.68928986,0.68928986
1691636677000,0.68928986,0.68928986,0.68928986
1691636678000,0.68928775,0.68928775,0.68928775
1691636679000,0.68928775,0.68928775,0.68928775
1691636680000,0.68928695,0.68928695,0.68928695
1691636681000,0.68928747,0.68928747,0.68928747
1691636682000,0.6892875,0.6892875,0.6892875
1691636683000,0.68928633,0.68928633,0.68928633
1691636684000,0.6892863,0.6892863,0.6892863
1691636685000,0.68928487,0.68928487,0.68928487
1691636686000,0.68928326,0.68928326,0.68928326
1691636687000,0.68928326,0.68928326,0.68928326
1691636688000,0.68928215,0.68928215,0.68928215
1691636689000,0.68928215,0.68928215,0.68928215
1691636690000,0.68927023,0.68927023,0.68927023
1691636691000,0.68926698,0.68926698,0.68926698
1691636692000,0.68926643,0.68926643,0.68926643
1691636693000,0.68926462,0.68926462,0.68926462
1691636694000,0.68926459,0.68926459,0.68926459
1691636695000,0.68926459,0.68926459,0.68926459
1691636696000,0.68926462,0.68926462,0.68926462
1691636697000,0.68912684,0.68912684,0.68912684
1691636698000,0.68912423,0.68912423,0.68912423
1691636699000,0.68902517,0.68902517,0.68902517
1691636700000,0.68902517,0.68902517,0.68902517
1691636701000,0.6890252,0.6890252,0.6890252
1691636702000,0.68902098,0.68902098,0.68902098
1691636703000,0.68906548,0.68906548,0.68906548
1691636704000,0.68902362,0.68902362,0.68902362
1691636705000,0.68902362,0.68902362,0.68902362
1691636706000,0.68902365,0.68902365,0.68902365
1691636707000,0.68902365,0.68902365,0.68902365
1691636708000,0.6890233,0.6890233,0.6890233
1691636709000,0.68901961,0.68901961,0.68901961
1691636710000,0.68901612,0.68901612,0.68901612
1691636711000,0.68901692,0.68901692,0.68901692
1691636712000,0.68896765,0.68896765,0.68896765
1691636713000,0.6889932,0.6889932,0.6889932
1691636714000,0.68898963,0.68898963,0.68898963
1691636715000,0.68894312,0.68894312,0.68894312
1691636716000,0.68894312,0.68894312,0.68894312
1691636717000,0.68894312,0.68894312,0.68894312
1691636718000,0.68894175,0.68894175,0.68894175
1691636719000,0.68893939,0.68893939,0.68893939
1691636720000,0.68893936,0.68893936,0.68893936
1691636721000,0.68893939,0.68893939,0.68893939
1691636722000,0.68893939,0.68893939,0.68893939
1691636723000,0.68893939,0.68893939,0.68893939
1691636724000,0.68893847,0.68893847,0.68893847
1691636725000,0.68893847,0.68893847,0.68893847
1691636726000,0.68893847,0.68893847,0.68893847
1691636727000,0.6891,0.6891,0.6891
1691636728000,0.6892,0.6892,0.6892
1691636729000,0.6892,0.6892,0.6892
1691636730000,0.6892,0.6892,0.6892
1691636731000,0.6892,0.6892,0.6892
1691636732000,0.6892,0.6892,0.6892
1691636733000,0.6891,0.6891,0.6891
1691636734000,0.6891,0.6891,0.6891
1691636735000,0.6891,0.6891,0.6891
1691636736000,0.6891,0.6891,0.6891
1691636737000,0.6891,0.6891,0.6891
1691636738000,0.6891,0.6891,0.6891
1691636739000,0.6891,0.6891,0.6891
1691636740000,0.6891,0.6891,0.6891
1691636741000,0.6891,0.6891,0.6891
1691636742000,0.6891,0.6891,0.6891
1691636743000,0.6892,0.6892,0.6892
1691636744000,0.6892,0.6892,0.6892
1691636745000,0.6892,0.6892,0.6892
1691636746000,0.6892,0.6892,0.6892
1691636747000,0.6893,0.6893,0.6893
1691636748000,0.6893,0.6893,0.6893
1691636749000,0.6893,0.6893,0.6893
1691636750000,0.6893,0.6893,0.6893
1691636751000,0.6893,0.6893,0.6893
1691636752000,0.6893,0.6893,0.6893
1691636753000,0.6893,0.6893,0.6893
1691636754000,0.6894,0.6894,0.6894
1691636755000,0.6894,0.6894,0.6894
1691636756000,0.6894,0.6894,0.6894
1691636757000,0.6894,0.6894,0.6894
1691636758000,0.6894,0.6894,0.6894
1691636759000,0.6894,0.6894,0.6894
1691636760000,0.6894,0.6894,0.6894
1691636761000,0.6894,0.6894,0.6894
1691636762000,0.6894,0.6894,0.6894
1691636763000,0.6894,0.6894,0.6894
1691636764000,0.6894,0.6894,0.6894
1691636765000,0.6894,0.6894,0.6894
1691636766000,0.6894,0.6894,0.6894
1691636767000,0.6893,0.6893,0.6893
1691636768000,0.6893,0.6893,0.6893
1691636769000,0.6893,0.6893,0.6893
1691636770000,0.6894,0.6894,0.6894
1691636771000,0.6894,0.6894,0.6894
1691636772000,0.6893,0.6893,0.6893
1691636773000,0.6893,0.6893,0.6893
1691636774000,0.6893,0.6893,0.6893
1691636775000,0.6893,0.6893,0.6893
1691636776000,0.6894,0.6894,0.6894
1691636777000,0.6894,0.6894,0.6894
1691636778000,0.6895,0.6895,0.6895
1691636779000,0.6895,0.6895,0.6895
1691636780000,0.6895,0.6895,0.6895
1691636781000,0.6895,0.6895,0.6895
1691636782000,0.6895,0.6895,0.6895
1691636783000,0.6895,0.6895,0.6895
1691636784000,0.6895,0.6895,0.6895
1691636785000,0.6895,0.6895,0.6895
1691636786000,0.6895,0.6895,0.6895
1691636787000,0.6894,0.6894,0.6894
1691636788000,0.6894,0.6894,0.6894
1691636789000,0.68945063,0.68945063,0.68945063
1691636790000,0.68945063,0.68945063,0.68945063
1691636791000,0.6894514,0.6894514,0.6894514
1691636792000,0.68945011,0.68945011,0.68945011
1691636793000,0.68945008,0.68945008,0.68945008
1691636794000,0.68945091,0.68945091,0.68945091
1691636795000,0.68945091,0.68945091,0.68945091
1691636796000,0.68945091,0.68945091,0.68945091
1691636797000,0.68944874,0.68944874,0.68944874
1691636798000,0.68944878,0.68944878,0.68944878
1691636799000,0.68944878,0.68944878,0.68944878
1691636800000,0.68944885,0.68944885,0.68944885
1691636801000,0.68944885,0.68944885,0.68944885
1691636802000,0.68944712,0.68944712,0.68944712
1691636803000,0.68944712,0.68944712,0.68944712
1691636804000,0.68944712,0.68944712,0.68944712
1691636805000,0.68944566,0.68944566,0.68944566
1691636806000,0.68944566,0.68944566,0.68944566
1691636807000,0.68944238,0.68944238,0.68944238
1691636808000,0.68944235,0.68944235,0.68944235
1691636809000,0.68944409,0.68944409,0.68944409
1691636810000,0.68944409,0.68944409,0.68944409
1691636811000,0.68944409,0.68944409,0.68944409
1691636812000,0.68944405,0.68944405,0.68944405
1691636813000,0.68944405,0.68944405,0.68944405
1691636814000,0.68945838,0.68945838,0.68945838
1691636815000,0.68945838,0.68945838,0.68945838
1691636816000,0.68945838,0.68945838,0.68945838
1691636817000,0.68945729,0.68945729,0.68945729
1691636818000,0.68944334,0.68944334,0.68944334
1691636819000,0.6894424,0.6894424,0.6894424
1691636820000,0.68944237,0.68944237,0.68944237
1691636821000,0.6894416,0.6894416,0.6894416
1691636822000,0.6894416,0.6894416,0.6894416
1691636823000,0.68944072,0.68944072,0.68944072
1691636824000,0.68944072,0.68944072,0.68944072
1691636825000,0.68944226,0.68944226,0.68944226
1691636826000,0.68944226,0.68944226,0.68944226
1691636827000,0.68944229,0.68944229,0.68944229
1691636828000,0.68943978,0.68943978,0.68943978
1691636829000,0.68943978,0.68943978,0.68943978
1691636830000,0.68944038,0.68944038,0.68944038
1691636831000,0.68944038,0.68944038,0.68944038
1691636832000,0.68944041,0.68944041,0.68944041
1691636833000,0.6895,0.6895,0.6895
1691636834000,0.6895,0.6895,0.6895
1691636835000,0.6895,0.6895,0.6895
1691636836000,0.6895,0.6895,0.6895
1691636837000,0.6895,0.6895,0.6895
1691636838000,0.6895,0.6895,0.6895
1691636839000,0.6895,0.6895,0.6895
1691636840000,0.6895,0.6895,0.6895
1691636841000,0.6895,0.6895,0.6895
1691636842000,0.6895,0.6895,0.6895
1691636843000,0.6895,0.6895,0.6895
1691636844000,0.6895,0.6895,0.6895
1691636845000,0.6895,0.6895,0.6895
1691636846000,0.6895,0.6895,0.6895
1691636847000,0.6895,0.6895,0.6895
1691636848000,0.6895,0.6895,0.6895
1691636849000,0.6895,0.6895,0.6895
1691636850000,0.6895,0.6895,0.6895
1691636851000,0.6895,0.6895,0.6895
1691636852000,0.6895,0.6895,0.6895
1691636853000,0.6895,0.6895,0.6895
1691636854000,0.6895,0.6895,0.6895
1691636855000,0.6895,0.6895,0.6895
1691636856000,0.6895,0.6895,0.6895
1691636857000,0.6895,0.6895,0.6895
1691636858000,0.6895,0.6895,0.6895
1691636859000,0.6895,0.6895,0.6895
1691636860000,0.6895,0.6895,0.6895
1691636861000,0.6895,0.6895,0.6895
1691636862000,0.6895,0.6895,0.6895
1691636863000,0.6895,0.6895,0.6895
1691636864000,0.6895,0.6895,0.6895
1691636865000,0.6895,0.6895,0.6895
1691636866000,0.6895,0.6895,0.6895
1691636867000,0.6895,0.6895,0.6895
1691636868000,0.6895,0.6895,0.6895
1691636869000,0.6895,0.6895,0.6895
1691636870000,0.6895,0.6895,0.6895
1691636871000,0.6895,0.6895,0.6895
1691636872000,0.6895,0.6895,0.6895
1691636873000,0.6895,0.6895,0.6895
1691636874000,0.6895,0.6895,0.6895
1691636875000,0.6895,0.6895,0.6895
1691636876000,0.6895,0.6895,0.6895
1691636877000,0.6895,0.6895,0.6895
1691636878000,0.6895,0.6895,0.6895
1691636879000,0.6895,0.6895,0.6895
1691636880000,0.6895,0.6895,0.6895
1691636881000,0.6895,0.6895,0.6895
1691636882000,0.6895,0.6895,0.6895
1691636883000,0.6895,0.6895,0.6895
1691636884000,0.6895,0.6895,0.6895
1691636885000,0.6895,0.6895,0.6895
1691636886000,0.6895,0.6895,0.6895
1691636887000,0.6895,0.6895,0.6895
1691636888000,0.6895,0.6895,0.6895
1691636889000,0.6895,0.6895,0.6895
1691636890000,0.6895,0.6895,0.6895
1691636891000,0.6895,0.6895,0.6895
1691636892000,0.6895,0.6895,0.6895
1691636893000,0.6894,0.6894,0.6894
1691636894000,0.6894,0.6894,0.6894
1691636895000,0.6894,0.6894,0.6894
1691636896000,0.6894,0.6894,0.6894
1691636897000,0.68935338,0.68935338,0.68935338
1691636898000,0.68935338,0.68935338,0.68935338
1691636899000,0.68935338,0.68935338,0.68935338
1691636900000,0.68921114,0.68921114,0.68921114
1691636901000,0.68921114,0.68921114,0.68921114
1691636902000,0.68918616,0.68918616,0.68918616
1691636903000,0.68918616,0.68918616,0.68918616
1691636904000,0.68920238,0.68920238,0.68920238
1691636905000,0.68920238,0.68920238,0.68920238
1691636906000,0.68920083,0.68920083,0.68920083
1691636907000,0.68919738,0.68919738,0.68919738
1691636908000,0.68919738,0.68919738,0.68919738
1691636909000,0.68919738,0.68919738,0.68919738
1691636910000,0.68916495,0.68916495,0.68916495
1691636911000,0.68916252,0.68916252,0.68916252
1691636912000,0.68916305,0.68916305,0.68916305
1691636913000,0.68916305,0.68916305,0.68916305
1691636914000,0.68916398,0.68916398,0.68916398
1691636915000,0.68916398,0.68916398,0.68916398
1691636916000,0.68916221,0.68916221,0.68916221
1691636917000,0.68916217,0.68916217,0.68916217
1691636918000,0.68916217,0.68916217,0.68916217
1691636919000,0.68916217,0.68916217,0.68916217
1691636920000,0.68916217,0.68916217,0.68916217
1691636921000,0.68916034,0.68916034,0.68916034
1691636922000,0.68915933,0.68915933,0.68915933
1691636923000,0.68915933,0.68915933,0.68915933
1691636924000,0.68915933,0.68915933,0.68915933
1691636925000,0.68915933,0.68915933,0.68915933
1691636926000,0.68915572,0.68915572,0.68915572
1691636927000,0.68915572,0.68915572,0.68915572
1691636928000,0.68915281,0.68915281,0.68915281
1691636929000,0.68915187,0.68915187,0.68915187
1691636930000,0.68915281,0.68915281,0.68915281
1691636931000,0.68915109,0.68915109,0.68915109
1691636932000,0.68915048,0.68915048,0.68915048
1691636933000,0.68915048,0.68915048,0.68915048
1691636934000,0.68915377,0.68915377,0.68915377
1691636935000,0.68915377,0.68915377,0.68915377
1691636936000,0.689159,0.689159,0.689159
1691636937000,0.68917356,0.68917356,0.68917356
1691636938000,0.68917429,0.68917429,0.68917429
1691636939000,0.68917429,0.68917429,0.68917429
1691636940000,0.6892,0.6892,0.6892
1691636941000,0.6892,0.6892,0.6892
1691636942000,0.6892,0.6892,0.6892
1691636943000,0.6892,0.6892,0.6892
1691636944000,0.6892,0.6892,0.6892
1691636945000,0.6892,0.6892,0.6892
1691636946000,0.6892,0.6892,0.6892
1691636947000,0.6892,0.6892,0.6892
1691636948000,0.6892,0.6892,0.6892
1691636949000,0.6892,0.6892,0.6892
1691636950000,0.6892,0.6892,0.6892
1691636951000,0.6892,0.6892,0.6892
1691636952000,0.6892,0.6892,0.6892
1691636953000,0.6892,0.6892,0.6892
1691636954000,0.6892,0.6892,0.6892
1691636955000,0.6892,0.6892,0.6892
1691636956000,0.6892,0.6892,0.6892
1691636957000,0.6892,0.6892,0.6892
1691636958000,0.6892,0.6892,0.6892
1691636959000,0.6892,0.6892,0.6892
1691636960000,0.6892,0.6892,0.6892
1691636961000,0.6892,0.6892,0.6892
1691636962000,0.6892,0.6892,0.6892
1691636963000,0.6893,0.6893,0.6893
1691636964000,0.6893,0.6893,0.6893
1691636965000,0.6893,0.6893,0.6893
1691636966000,0.6893,0.6893,0.6893
1691636967000,0.6893,0.6893,0.6893
1691636968000,0.68930111,0.68930111,0.68930111
1691636969000,0.6894,0.6894,0.6894
1691636970000,0.6894,0.6894,0.6894
1691636971000,0.6894,0.6894,0.6894
1691636972000,0.6894,0.6894,0.6894
1691636973000,0.6894,0.6894,0.6894
1691636974000,0.6894,0.6894,0.6894
1691636975000,0.6894,0.6894,0.6894
1691636976000,0.6894,0.6894,0.6894
1691636977000,0.6894,0.6894,0.6894
1691636978000,0.6894,0.6894,0.6894
1691636979000,0.6894,0.6894,0.6894
1691636980000,0.6894,0.6894,0.6894
1691636981000,0.68930712,0.68930712,0.68930712
1691636982000,0.68930712,0.68930712,0.68930712
1691636983000,0.68930948,0.68930948,0.68930948
1691636984000,0.68930948,0.68930948,0.68930948
1691636985000,0.68930952,0.68930952,0.68930952
1691636986000,0.68930952,0.68930952,0.68930952
1691636987000,0.68930948,0.68930948,0.68930948
1691636988000,0.68931195,0.68931195,0.68931195
1691636989000,0.68931365,0.68931365,0.68931365
1691636990000,0.68931272,0.68931272,0.68931272
1691636991000,0.68931272,0.68931272,0.68931272
1691636992000,0.68931272,0.68931272,0.68931272
1691636993000,0.68931369,0.68931369,0.68931369
1691636994000,0.68931803,0.68931803,0.68931803
1691636995000,0.68931803,0.68931803,0.68931803
1691636996000,0.68931803,0.68931803,0.68931803
1691636997000,0.6894,0.6894,0.6894
1691636998000,0.6894,0.6894,0.6894
1691636999000,0.6894,0.6894,0.6894
1691637000000,0.6894,0.6894,0.6894
1691637001000,0.6894,0.6894,0.6894
1691637002000,0.6894,0.6894,0.6894
1691637003000,0.6894,0.6894,0.6894
1691637004000,0.6895,0.6895,0.6895
1691637005000,0.6895,0.6895,0.6895
1691637006000,0.6895,0.6895,0.6895
1691637007000,0.6894,0.6894,0.6894
1691637008000,0.6894,0.6894,0.6894
1691637009000,0.6894,0.6894,0.6894
1691637010000,0.6894,0.6894,0.6894
1691637011000,0.6894,0.6894,0.6894
1691637012000,0.6894,0.6894,0.6894
1691637013000,0.6894,0.6894,0.6894
1691637014000,0.68929279,0.68929279,0.68929279
1691637015000,0.68929198,0.68929198,0.68929198
1691637016000,0.68929194,0.68929194,0.68929194
1691637017000,0.6893,0.6893,0.6893
1691637018000,0.68929194,0.68929194,0.68929194
1691637019000,0.68929032,0.68929032,0.68929032
1691637020000,0.6892914,0.6892914,0.6892914
1691637021000,0.6892914,0.6892914,0.6892914
1691637022000,0.68923731,0.68923731,0.68923731
1691637023000,0.68923731,0.68923731,0.68923731
1691637024000,0.68923654,0.68923654,0.68923654
1691637025000,0.68923762,0.68923762,0.68923762
1691637026000,0.68923762,0.68923762,0.68923762
1691637027000,0.68923762,0.68923762,0.68923762
1691637028000,0.6893,0.6893,0.6893
1691637029000,0.6893,0.6893,0.6893
1691637030000,0.68923959,0.68923959,0.68923959
1691637031000,0.68923959,0.68923959,0.68923959
1691637032000,0.6893,0.6893,0.6893
1691637033000,0.6893,0.6893,0.6893
1691637034000,0.6893,0.6893,0.6893
1691637035000,0.6893,0.6893,0.6893
1691637036000,0.6894,0.6894,0.6894
1691637037000,0.6893,0.6893,0.6893
1691637038000,0.6894,0.6894,0.6894
1691637039000,0.6894,0.6894,0.6894
1691637040000,0.6894,0.6894,0.6894
1691637041000,0.6894,0.6894,0.6894
1691637042000,0.6894,0.6894,0.6894
1691637043000,0.6894,0.6894,0.6894
1691637044000,0.6893,0.6893,0.6893
1691637045000,0.6893,0.6893,0.6893
1691637046000,0.6894,0.6894,0.6894
1691637047000,0.6894,0.6894,0.6894
1691637048000,0.6894,0.6894,0.6894
1691637049000,0.6894,0.6894,0.6894
1691637050000,0.6893,0.6893,0.6893
1691637051000,0.6893,0.6893,0.6893
1691637052000,0.6893,0.6893,0.6893
1691637053000,0.6893,0.6893,0.6893
1691637054000,0.6893,0.6893,0.6893
1691637055000,0.6893,0.6893,0.6893
1691637056000,0.6894,0.6894,0.6894
1691637057000,0.6894,0.6894,0.6894
1691637058000,0.6894,0.6894,0.6894
1691637059000,0.6894,0.6894,0.6894
1691637060000,0.6894,0.6894,0.6894
1691637061000,0.6894,0.6894,0.6894
1691637062000,0.6894,0.6894,0.6894
1691637063000,0.6894,0.6894,0.6894
1691637064000,0.6895,0.6895,0.6895
1691637065000,0.6895,0.6895,0.6895
1691637066000,0.6895,0.6895,0.6895
1691637067000,0.6895,0.6895,0.6895
1691637068000,0.6895,0.6895,0.6895
1691637069000,0.6895,0.6895,0.6895
1691637070000,0.6895,0.6895,0.6895
1691637071000,0.6895,0.6895,0.6895
1691637072000,0.6895,0.6895,0.6895
1691637073000,0.6895,0.6895,0.6895
1691637074000,0.6895,0.6895,0.6895
1691637075000,0.6895,0.6895,0.6895
1691637076000,0.6895,0.6895,0.6895
1691637077000,0.6895,0.6895,0.6895
1691637078000,0.6895,0.6895,0.6895
1691637079000,0.6895,0.6895,0.6895
1691637080000,0.6895,0.6895,0.6895
1691637081000,0.6895,0.6895,0.6895
1691637082000,0.6895,0.6895,0.6895
1691637083000,0.6895,0.6895,0.6895
1691637084000,0.6895,0.6895,0.6895
1691637085000,0.6895,0.6895,0.6895
1691637086000,0.6895,0.6895,0.6895
1691637087000,0.6895,0.6895,0.6895
1691637088000,0.6895,0.6895,0.6895
1691637089000,0.6895,0.6895,0.6895
1691637090000,0.6895,0.6895,0.6895
1691637091000,0.6895,0.6895,0.6895
1691637092000,0.6895,0.6895,0.6895
1691637093000,0.6895,0.6895,0.6895
1691637094000,0.6894,0.6894,0.6894
1691637095000,0.6894,0.6894,0.6894
1691637096000,0.6894,0.6894,0.6894
1691637097000,0.6894,0.6894,0.6894
1691637098000,0.6894,0.6894,0.6894
1691637099000,0.68933343,0.68933343,0.68933343
1691637100000,0.68933343,0.68933343,0.68933343
1691637101000,0.68933075,0.68933075,0.68933075
1691637102000,0.68921453,0.68921453,0.68921453
1691637103000,0.68921395,0.68921395,0.68921395
1691637104000,0.6893,0.6893,0.6893
1691637105000,0.6893,0.6893,0.6893
1691637106000,0.6893,0.6893,0.6893
1691637107000,0.6893,0.6893,0.6893
1691637108000,0.6893,0.6893,0.6893
1691637109000,0.6893,0.6893,0.6893
1691637110000,0.6893,0.6893,0.6893
1691637111000,0.6893,0.6893,0.6893
1691637112000,0.6893,0.6893,0.6893
1691637113000,0.6893,0.6893,0.6893
1691637114000,0.6893,0.6893,0.6893
1691637115000,0.6893,0.6893,0.6893
1691637116000,0.6893,0.6893,0.6893
1691637117000,0.6893,0.6893,0.6893
1691637118000,0.6893,0.6893,0.6893
1691637119000,0.6893,0.6893,0.6893
1691637120000,0.6893,0.6893,0.6893
1691637121000,0.6893,0.6893,0.6893
1691637122000,0.6893,0.6893,0.6893
1691637123000,0.6893,0.6893,0.6893
1691637124000,0.68931807,0.68931807,0.68931807
1691637125000,0.68932501,0.68932501,0.68932501
1691637126000,0.68932667,0.68932667,0.68932667
1691637127000,0.68933354,0.68933354,0.68933354
1691637128000,0.6893343,0.6893343,0.6893343
1691637129000,0.68933426,0.68933426,0.68933426
1691637130000,0.68933426,0.68933426,0.68933426
1691637131000,0.68933426,0.68933426,0.68933426
1691637132000,0.68933426,0.68933426,0.68933426
1691637133000,0.68933462,0.68933462,0.68933462
1691637134000,0.68933599,0.68933599,0.68933599
1691637135000,0.68933603,0.68933603,0.68933603
1691637136000,0.68933603,0.68933603,0.68933603
1691637137000,0.68933599,0.68933599,0.68933599
1691637138000,0.6893351,0.6893351,0.6893351
1691637139000,0.6893,0.6893,0.6893
1691637140000,0.6893,0.6893,0.6893
1691637141000,0.6894,0.6894,0.6894
1691637142000,0.6894,0.6894,0.6894
1691637143000,0.6894,0.6894,0.6894
1691637144000,0.6894,0.6894,0.6894
1691637145000,0.6894,0.6894,0.6894
1691637146000,0.6894,0.6894,0.6894
1691637147000,0.6894,0.6894,0.6894
1691637148000,0.6894,0.6894,0.6894
1691637149000,0.6895,0.6895,0.6895
1691637150000,0.6895,0.6895,0.6895
1691637151000,0.6895,0.6895,0.6895
1691637152000,0.6895,0.6895,0.6895
1691637153000,0.6895,0.6895,0.6895
1691637154000,0.6895,0.6895,0.6895
1691637155000,0.6895,0.6895,0.6895
1691637156000,0.6895,0.6895,0.6895
1691637157000,0.6895,0.6895,0.6895
1691637158000,0.6895,0.6895,0.6895
1691637159000,0.6895,0.6895,0.6895
1691637160000,0.6895,0.6895,0.6895
1691637161000,0.6895,0.6895,0.6895
1691637162000,0.6895,0.6895,0.6895
1691637163000,0.6895,0.6895,0.6895
1691637164000,0.6895,0.6895,0.6895
1691637165000,0.6895,0.6895,0.6895
1691637166000,0.6895,0.6895,0.6895
1691637167000,0.6895,0.6895,0.6895
1691637168000,0.6895,0.6895,0.6895
1691637169000,0.6896,0.6896,0.6896
1691637170000,0.6896,0.6896,0.6896
1691637171000,0.6896,0.6896,0.6896
1691637172000,0.6896,0.6896,0.6896
1691637173000,0.6896,0.6896,0.6896
1691637174000,0.6896,0.6896,0.6896
1691637175000,0.6896,0.6896,0.6896
1691637176000,0.6896,0.6896,0.6896
1691637177000,0.6896,0.6896,0.6896
1691637178000,0.6896,0.6896,0.6896
1691637179000,0.6896,0.6896,0.6896
1691637180000,0.6896,0.6896,0.6896
1691637181000,0.6896,0.6896,0.6896
1691637182000,0.6895,0.6895,0.6895
1691637183000,0.6895,0.6895,0.6895
1691637184000,0.6895,0.6895,0.6895
1691637185000,0.6895,0.6895,0.6895
1691637186000,0.6895,0.6895,0.6895
1691637187000,0.6895,0.6895,0.6895
1691637188000,0.6895,0.6895,0.6895
1691637189000,0.6895,0.6895,0.6895
1691637190000,0.6895,0.6895,0.6895
1691637191000,0.6895,0.6895,0.6895
1691637192000,0.6895,0.6895,0.6895
1691637193000,0.6895,0.6895,0.6895
1691637194000,0.6895,0.6895,0.6895
1691637195000,0.6895,0.6895,0.6895
1691637196000,0.6895,0.6895,0.6895
1691637197000,0.6895,0.6895,0.6895
1691637198000,0.6895,0.6895,0.6895
1691637199000,0.6895,0.6895,0.6895
1691637200000,0.6895,0.6895,0.6895
1691637201000,0.6895,0.6895,0.6895
1691637202000,0.6895,0.6895,0.6895
1691637203000,0.6895,0.6895,0.6895
1691637204000,0.6895,0.6895,0.6895
1691637205000,0.6895,0.6895,0.6895
1691637206000,0.6895,0.6895,0.6895
1691637207000,0.6895,0.6895,0.6895
1691637208000,0.6895,0.6895,0.6895
1691637209000,0.6895,0.6895,0.6895
1691637210000,0.6895,0.6895,0.6895
1691637211000,0.6895,0.6895,0.6895
1691637212000,0.6896,0.6896,0.6896
1691637213000,0.6896,0.6896,0.6896
1691637214000,0.6896,0.6896,0.6896
1691637215000,0.6896,0.6896,0.6896
1691637216000,0.6896,0.6896,0.6896
1691637217000,0.6896,0.6896,0.6896
1691637218000,0.6896,0.6896,0.6896
1691637219000,0.6896,0.6896,0.6896
1691637220000,0.6896,0.6896,0.6896
1691637221000,0.6896,0.6896,0.6896
1691637222000,0.6896,0.6896,0.6896
1691637223000,0.6896,0.6896,0.6896
1691637224000,0.6896,0.6896,0.6896
1691637225000,0.6896,0.6896,0.6896
1691637226000,0.6896,0.6896,0.6896
1691637227000,0.6896,0.6896,0.6896
1691637228000,0.6896,0.6896,0.6896
1691637229000,0.6896,0.6896,0.6896
1691637230000,0.6896,0.6896,0.6896
1691637231000,0.6896,0.6896,0.6896
1691637232000,0.6896,0.6896,0.6896
1691637233000,0.6897,0.6897,0.6897
1691637234000,0.6897,0.6897,0.6897
1691637235000,0.6897,0.6897,0.6897
1691637236000,0.6897,0.6897,0.6897
1691637237000,0.6897,0.6897,0.6897
1691637238000,0.6897,0.6897,0.6897
1691637239000,0.6897,0.6897,0.6897
1691637240000,0.6898,0.6898,0.6898
1691637241000,0.6897,0.6897,0.6897
1691637242000,0.6897,0.6897,0.6897
1691637243000,0.6897,0.6897,0.6897
1691637244000,0.6897,0.6897,0.6897
1691637245000,0.6897,0.6897,0.6897
1691637246000,0.6898,0.6898,0.6898
1691637247000,0.6899,0.6899,0.6899
1691637248000,0.6899,0.6899,0.6899
1691637249000,0.6899,0.6899,0.6899
1691637250000,0.6899,0.6899,0.6899
1691637251000,0.6899,0.6899,0.6899
1691637252000,0.6899,0.6899,0.6899
1691637253000,0.6899,0.6899,0.6899
1691637254000,0.6899,0.6899,0.6899
1691637255000,0.6899,0.6899,0.6899
1691637256000,0.6899,0.6899,0.6899
1691637257000,0.68984608,0.68984608,0.68984608
1691637258000,0.68984864,0.68984864,0.68984864
1691637259000,0.68980213,0.68980213,0.68980213
1691637260000,0.68980227,0.68980227,0.68980227
1691637261000,0.68980227,0.68980227,0.68980227
1691637262000,0.68980227,0.68980227,0.68980227
1691637263000,0.68980565,0.68980565,0.68980565
1691637264000,0.68980485,0.68980485,0.68980485
1691637265000,0.6898051,0.6898051,0.6898051
1691637266000,0.68985161,0.68985161,0.68985161
1691637267000,0.68985161,0.68985161,0.68985161
1691637268000,0.6898051,0.6898051,0.6898051
1691637269000,0.68980691,0.68980691,0.68980691
1691637270000,0.6898,0.6898,0.6898
1691637271000,0.6898,0.6898,0.6898
1691637272000,0.6898,0.6898,0.6898
1691637273000,0.6898,0.6898,0.6898
1691637274000,0.68984157,0.68984157,0.68984157
1691637275000,0.68984157,0.68984157,0.68984157
1691637276000,0.6898409,0.6898409,0.6898409
1691637277000,0.68984087,0.68984087,0.68984087
1691637278000,0.68984087,0.68984087,0.68984087
1691637279000,0.6898537,0.6898537,0.6898537
1691637280000,0.68980809,0.68980809,0.68980809
1691637281000,0.68980886,0.68980886,0.68980886
1691637282000,0.68980886,0.68980886,0.68980886
1691637283000,0.68980889,0.68980889,0.68980889
1691637284000,0.68980908,0.68980908,0.68980908
1691637285000,0.68980862,0.68980862,0.68980862
1691637286000,0.68980862,0.68980862,0.68980862
1691637287000,0.68980862,0.68980862,0.68980862
1691637288000,0.68980823,0.68980823,0.68980823
1691637289000,0.68980843,0.68980843,0.68980843
1691637290000,0.68980843,0.68980843,0.68980843
1691637291000,0.68980788,0.68980788,0.68980788
1691637292000,0.68980788,0.68980788,0.68980788
1691637293000,0.68980707,0.68980707,0.68980707
1691637294000,0.6898073,0.6898073,0.6898073
1691637295000,0.6898073,0.6898073,0.6898073
1691637296000,0.6898073,0.6898073,0.6898073
1691637297000,0.68980744,0.68980744,0.68980744
1691637298000,0.68980747,0.68980747,0.68980747
1691637299000,0.68980747,0.68980747,0.68980747
1691637300000,0.68980775,0.68980775,0.68980775
1691637301000,0.68971204,0.68971204,0.68971204
1691637302000,0.68971204,0.68971204,0.68971204
1691637303000,0.68971128,0.68971128,0.68971128
1691637304000,0.68971124,0.68971124,0.68971124
1691637305000,0.68970914,0.68970914,0.68970914
1691637306000,0.68970739,0.68970739,0.68970739
1691637307000,0.68970739,0.68970739,0.68970739
1691637308000,0.68970743,0.68970743,0.68970743
1691637309000,0.68970743,0.68970743,0.68970743
1691637310000,0.68970518,0.68970518,0.68970518
1691637311000,0.68970518,0.68970518,0.68970518
1691637312000,0.68970386,0.68970386,0.68970386
1691637313000,0.68970389,0.68970389,0.68970389
1691637314000,0.68970389,0.68970389,0.68970389
1691637315000,0.68970168,0.68970168,0.68970168
1691637316000,0.68970168,0.68970168,0.68970168
1691637317000,0.68970105,0.68970105,0.68970105
1691637318000,0.68970105,0.68970105,0.68970105
1691637319000,0.68970105,0.68970105,0.68970105
1691637320000,0.68970222,0.68970222,0.68970222
1691637321000,0.68970201,0.68970201,0.68970201
1691637322000,0.68970198,0.68970198,0.68970198
1691637323000,0.68970201,0.68970201,0.68970201
1691637324000,0.68970201,0.68970201,0.68970201
1691637325000,0.68970201,0.68970201,0.68970201
1691637326000,0.68972098,0.68972098,0.68972098
1691637327000,0.68972098,0.68972098,0.68972098
1691637328000,0.68972098,0.68972098,0.68972098
1691637329000,0.68972098,0.68972098,0.68972098
1691637330000,0.68967447,0.68967447,0.68967447
1691637331000,0.68967469,0.68967469,0.68967469
1691637332000,0.68967469,0.68967469,0.68967469
1691637333000,0.68967472,0.68967472,0.68967472
1691637334000,0.68967472,0.68967472,0.68967472
1691637335000,0.68967472,0.68967472,0.68967472
1691637336000,0.68967396,0.68967396,0.68967396
1691637337000,0.68967333,0.68967333,0.68967333
1691637338000,0.68967333,0.68967333,0.68967333
1691637339000,0.68967336,0.68967336,0.68967336
1691637340000,0.6897,0.6897,0.6897
1691637341000,0.6897,0.6897,0.6897
1691637342000,0.6897,0.6897,0.6897
1691637343000,0.6897,0.6897,0.6897
1691637344000,0.6897,0.6897,0.6897
1691637345000,0.6897,0.6897,0.6897
1691637346000,0.6897,0.6897,0.6897
1691637347000,0.6897,0.6897,0.6897
1691637348000,0.6897,0.6897,0.6897
1691637349000,0.6897,0.6897,0.6897
1691637350000,0.6897,0.6897,0.6897
1691637351000,0.68971701,0.68971701,0.68971701
1691637352000,0.68971701,0.68971701,0.68971701
1691637353000,0.68971725,0.68971725,0.68971725
1691637354000,0.68971725,0.68971725,0.68971725
1691637355000,0.68971806,0.68971806,0.68971806
1691637356000,0.68971809,0.68971809,0.68971809
1691637357000,0.68971636,0.68971636,0.68971636
1691637358000,0.68971636,0.68971636,0.68971636
1691637359000,0.68971636,0.68971636,0.68971636
1691637360000,0.68971636,0.68971636,0.68971636
1691637361000,0.68971633,0.68971633,0.68971633
1691637362000,0.68971572,0.68971572,0.68971572
1691637363000,0.6897161,0.6897161,0.6897161
1691637364000,0.6897153,0.6897153,0.6897153
1691637365000,0.6897153,0.6897153,0.6897153
1691637366000,0.6897153,0.6897153,0.6897153
1691637367000,0.68971308,0.68971308,0.68971308
1691637368000,0.68971284,0.68971284,0.68971284
1691637369000,0.68971284,0.68971284,0.68971284
1691637370000,0.68971284,0.68971284,0.68971284
1691637371000,0.68971284,0.68971284,0.68971284
1691637372000,0.68971063,0.68971063,0.68971063
1691637373000,0.6897,0.6897,0.6897
1691637374000,0.6897,0.6897,0.6897
1691637375000,0.6897,0.6897,0.6897
1691637376000,0.6897,0.6897,0.6897
1691637377000,0.6897,0.6897,0.6897
1691637378000,0.6897,0.6897,0.6897
1691637379000,0.6897,0.6897,0.6897
1691637380000,0.6897,0.6897,0.6897
1691637381000,0.6897,0.6897,0.6897
1691637382000,0.6897,0.6897,0.6897
1691637383000,0.6897,0.6897,0.6897
1691637384000,0.6897,0.6897,0.6897
1691637385000,0.6897,0.6897,0.6897
1691637386000,0.6897,0.6897,0.6897
1691637387000,0.6897,0.6897,0.6897
1691637388000,0.6897,0.6897,0.6897
1691637389000,0.6897,0.6897,0.6897
1691637390000,0.6897,0.6897,0.6897
1691637391000,0.6897,0.6897,0.6897
1691637392000,0.6897,0.6897,0.6897
1691637393000,0.6897,0.6897,0.6897
1691637394000,0.6897,0.6897,0.6897
1691637395000,0.6897,0.6897,0.6897
1691637396000,0.68971102,0.68971102,0.68971102
1691637397000,0.68971105,0.68971105,0.68971105
1691637398000,0.68971137,0.68971137,0.68971137
1691637399000,0.68971137,0.68971137,0.68971137
1691637400000,0.6897,0.6897,0.6897
1691637401000,0.68966924,0.68966924,0.68966924
1691637402000,0.68966924,0.68966924,0.68966924
1691637403000,0.68967112,0.68967112,0.68967112
1691637404000,0.68967115,0.68967115,0.68967115
1691637405000,0.68967112,0.68967112,0.68967112
1691637406000,0.68967112,0.68967112,0.68967112
1691637407000,0.68966999,0.68966999,0.68966999
1691637408000,0.68966857,0.68966857,0.68966857
1691637409000,0.68966784,0.68966784,0.68966784
1691637410000,0.68966784,0.68966784,0.68966784
1691637411000,0.68966861,0.68966861,0.68966861
1691637412000,0.68966784,0.68966784,0.68966784
1691637413000,0.68966721,0.68966721,0.68966721
1691637414000,0.68966669,0.68966669,0.68966669
1691637415000,0.68966673,0.68966673,0.68966673
1691637416000,0.68966669,0.68966669,0.68966669
1691637417000,0.68966669,0.68966669,0.68966669
1691637418000,0.68966669,0.68966669,0.68966669
1691637419000,0.68966438,0.68966438,0.68966438
1691637420000,0.68966438,0.68966438,0.68966438
1691637421000,0.68966438,0.68966438,0.68966438
1691637422000,0.68966434,0.68966434,0.68966434
1691637423000,0.68966434,0.68966434,0.68966434
1691637424000,0.68966309,0.68966309,0.68966309
1691637425000,0.68966309,0.68966309,0.68966309
1691637426000,0.68966389,0.68966389,0.68966389
1691637427000,0.68966309,0.68966309,0.68966309
1691637428000,0.68966712,0.68966712,0.68966712
1691637429000,0.68966573,0.68966573,0.68966573
1691637430000,0.68966573,0.68966573,0.68966573
1691637431000,0.68966573,0.68966573,0.68966573
1691637432000,0.68966573,0.68966573,0.68966573
1691637433000,0.68966573,0.68966573,0.68966573
1691637434000,0.6896646,0.6896646,0.6896646
1691637435000,0.68961802,0.68961802,0.68961802
1691637436000,0.68961802,0.68961802,0.68961802
1691637437000,0.68961828,0.68961828,0.68961828
1691637438000,0.68966712,0.68966712,0.68966712
1691637439000,0.6897,0.6897,0.6897
1691637440000,0.6897,0.6897,0.6897
1691637441000,0.6898,0.6898,0.6898
1691637442000,0.6898,0.6898,0.6898
1691637443000,0.6898,0.6898,0.6898
1691637444000,0.6898,0.6898,0.6898
1691637445000,0.6898,0.6898,0.6898
1691637446000,0.6898,0.6898,0.6898
1691637447000,0.6898,0.6898,0.6898
1691637448000,0.6898,0.6898,0.6898
1691637449000,0.6898,0.6898,0.6898
1691637450000,0.6898,0.6898,0.6898
1691637451000,0.6898,0.6898,0.6898
1691637452000,0.6898,0.6898,0.6898
1691637453000,0.6898,0.6898,0.6898
1691637454000,0.6898,0.6898,0.6898
1691637455000,0.6898,0.6898,0.6898
1691637456000,0.6898,0.6898,0.6898
1691637457000,0.6898,0.6898,0.6898
1691637458000,0.6898,0.6898,0.6898
1691637459000,0.6898,0.6898,0.6898
1691637460000,0.6899,0.6899,0.6899
1691637461000,0.69,0.69,0.69
1691637462000,0.69,0.69,0.69
1691637463000,0.6901,0.6901,0.6901
1691637464000,0.6902,0.6902,0.6902
1691637465000,0.6902,0.6902,0.6902
1691637466000,0.6902,0.6902,0.6902
1691637467000,0.6903,0.6903,0.6903
1691637468000,0.6903,0.6903,0.6903
1691637469000,0.6903,0.6903,0.6903
1691637470000,0.69036965,0.69036965,0.69036965
1691637471000,0.69036965,0.69036965,0.69036965
1691637472000,0.69037161,0.69037161,0.69037161
1691637473000,0.6902,0.6902,0.6902
1691637474000,0.6902,0.6902,0.6902
1691637475000,0.6902,0.6902,0.6902
1691637476000,0.6902,0.6902,0.6902
1691637477000,0.6902,0.6902,0.6902
1691637478000,0.6902,0.6902,0.6902
1691637479000,0.6902,0.6902,0.6902
1691637480000,0.6902,0.6902,0.6902
1691637481000,0.6903,0.6903,0.6903
1691637482000,0.6903,0.6903,0.6903
1691637483000,0.6903,0.6903,0.6903
1691637484000,0.6903,0.6903,0.6903
1691637485000,0.6902,0.6902,0.6902
1691637486000,0.6902,0.6902,0.6902
1691637487000,0.6902,0.6902,0.6902
1691637488000,0.6902,0.6902,0.6902
1691637489000,0.6903,0.6903,0.6903
1691637490000,0.6903,0.6903,0.6903
1691637491000,0.6903,0.6903,0.6903
1691637492000,0.6903,0.6903,0.6903
1691637493000,0.6903,0.6903,0.6903
1691637494000,0.6903,0.6903,0.6903
1691637495000,0.690392,0.690392,0.690392
1691637496000,0.69039196,0.69039196,0.69039196
1691637497000,0.69039199,0.69039199,0.69039199
1691637498000,0.69039199,0.69039199,0.69039199
1691637499000,0.69039199,0.69039199,0.69039199
1691637500000,0.69039195,0.69039195,0.69039195
1691637501000,0.6904,0.6904,0.6904
1691637502000,0.6904,0.6904,0.6904
1691637503000,0.6904,0.6904,0.6904
1691637504000,0.6904,0.6904,0.6904
1691637505000,0.6904,0.6904,0.6904
1691637506000,0.6904,0.6904,0.6904
1691637507000,0.6904,0.6904,0.6904
1691637508000,0.6904,0.6904,0.6904
1691637509000,0.6904,0.6904,0.6904
1691637510000,0.6904,0.6904,0.6904
1691637511000,0.6904,0.6904,0.6904
1691637512000,0.6904,0.6904,0.6904
1691637513000,0.6904,0.6904,0.6904
1691637514000,0.6904,0.6904,0.6904
1691637515000,0.6904,0.6904,0.6904
1691637516000,0.6904,0.6904,0.6904
1691637517000,0.6904,0.6904,0.6904
1691637518000,0.6904,0.6904,0.6904
1691637519000,0.6904,0.6904,0.6904
1691637520000,0.6904,0.6904,0.6904
1691637521000,0.6904,0.6904,0.6904
1691637522000,0.6904,0.6904,0.6904
1691637523000,0.6904,0.6904,0.6904
1691637524000,0.6904,0.6904,0.6904
1691637525000,0.6904,0.6904,0.6904
1691637526000,0.6904,0.6904,0.6904
1691637527000,0.6904,0.6904,0.6904
1691637528000,0.6904,0.6904,0.6904
1691637529000,0.6904,0.6904,0.6904
1691637530000,0.6904,0.6904,0.6904
1691637531000,0.6904,0.6904,0.6904
1691637532000,0.6904,0.6904,0.6904
1691637533000,0.6904,0.6904,0.6904
1691637534000,0.6903,0.6903,0.6903
1691637535000,0.6903,0.6903,0.6903
1691637536000,0.6903,0.6903,0.6903
1691637537000,0.6903,0.6903,0.6903
1691637538000,0.6903,0.6903,0.6903
1691637539000,0.69031943,0.69031943,0.69031943
1691637540000,0.6903194,0.6903194,0.6903194
1691637541000,0.69026204,0.69026204,0.69026204
1691637542000,0.69026176,0.69026176,0.69026176
1691637543000,0.69025969,0.69025969,0.69025969
1691637544000,0.69025965,0.69025965,0.69025965
1691637545000,0.69025969,0.69025969,0.69025969
1691637546000,0.69025969,0.69025969,0.69025969
1691637547000,0.69033551,0.69033551,0.69033551
1691637548000,0.69033439,0.69033439,0.69033439
1691637549000,0.69033439,0.69033439,0.69033439
1691637550000,0.69033439,0.69033439,0.69033439
1691637551000,0.69034254,0.69034254,0.69034254
1691637552000,0.69034027,0.69034027,0.69034027
1691637553000,0.69034027,0.69034027,0.69034027
1691637554000,0.69033808,0.69033808,0.69033808
1691637555000,0.69033808,0.69033808,0.69033808
1691637556000,0.69033808,0.69033808,0.69033808
1691637557000,0.69033808,0.69033808,0.69033808
1691637558000,0.69034116,0.69034116,0.69034116
1691637559000,0.69034151,0.69034151,0.69034151
1691637560000,0.69034151,0.69034151,0.69034151
1691637561000,0.69034155,0.69034155,0.69034155
1691637562000,0.69034188,0.69034188,0.69034188
1691637563000,0.69034188,0.69034188,0.69034188
1691637564000,0.69034141,0.69034141,0.69034141
1691637565000,0.69032523,0.69032523,0.69032523
1691637566000,0.69032523,0.69032523,0.69032523
1691637567000,0.69032495,0.69032495,0.69032495
1691637568000,0.69032495,0.69032495,0.69032495
1691637569000,0.6903247,0.6903247,0.6903247
1691637570000,0.6903247,0.6903247,0.6903247
1691637571000,0.69032474,0.69032474,0.69032474
1691637572000,0.69032522,0.69032522,0.69032522
1691637573000,0.69032429,0.69032429,0.69032429
1691637574000,0.69032549,0.69032549,0.69032549
1691637575000,0.69032553,0.69032553,0.69032553
1691637576000,0.69032553,0.69032553,0.69032553
1691637577000,0.69032817,0.69032817,0.69032817
1691637578000,0.6904,0.6904,0.6904
1691637579000,0.6904,0.6904,0.6904
1691637580000,0.6904,0.6904,0.6904
1691637581000,0.6904,0.6904,0.6904
1691637582000,0.6904,0.6904,0.6904
1691637583000,0.6904,0.6904,0.6904
1691637584000,0.6904,0.6904,0.6904
1691637585000,0.6904,0.6904,0.6904
1691637586000,0.6904,0.6904,0.6904
1691637587000,0.6904,0.6904,0.6904
1691637588000,0.6904,0.6904,0.6904
1691637589000,0.6904,0.6904,0.6904
1691637590000,0.6904,0.6904,0.6904
1691637591000,0.6904,0.6904,0.6904
1691637592000,0.6904,0.6904,0.6904
1691637593000,0.6904,0.6904,0.6904
1691637594000,0.69039407,0.69039407,0.69039407
1691637595000,0.6904,0.6904,0.6904
1691637596000,0.6904,0.6904,0.6904
1691637597000,0.6904,0.6904,0.6904
1691637598000,0.6904,0.6904,0.6904
1691637599000,0.6904,0.6904,0.6904
1691637600000,0.6904,0.6904,0.6904
1691637601000,0.6904,0.6904,0.6904
1691637602000,0.6904,0.6904,0.6904
1691637603000,0.6904,0.6904,0.6904
1691637604000,0.6904,0.6904,0.6904
1691637605000,0.6904,0.6904,0.6904
1691637606000,0.6904,0.6904,0.6904
1691637607000,0.6904,0.6904,0.6904
1691637608000,0.6904,0.6904,0.6904
1691637609000,0.6904,0.6904,0.6904
1691637610000,0.6904,0.6904,0.6904
1691637611000,0.6904,0.6904,0.6904
1691637612000,0.6904,0.6904,0.6904
1691637613000,0.6904,0.6904,0.6904
1691637614000,0.6904,0.6904,0.6904
1691637615000,0.6904,0.6904,0.6904
1691637616000,0.6904,0.6904,0.6904
1691637617000,0.6904,0.6904,0.6904
1691637618000,0.6904,0.6904,0.6904
1691637619000,0.6904,0.6904,0.6904
1691637620000,0.6904,0.6904,0.6904
1691637621000,0.6904,0.6904,0.6904
1691637622000,0.6904,0.6904,0.6904
1691637623000,0.6904,0.6904,0.6904
1691637624000,0.6904,0.6904,0.6904
1691637625000,0.6904,0.6904,0.6904
1691637626000,0.6904,0.6904,0.6904
1691637627000,0.6904,0.6904,0.6904
1691637628000,0.6904,0.6904,0.6904
1691637629000,0.69038104,0.69038104,0.69038104
1691637630000,0.69038104,0.69038104,0.69038104
1691637631000,0.69038158,0.69038158,0.69038158
1691637632000,0.69038065,0.69038065,0.69038065
1691637633000,0.69038069,0.69038069,0.69038069
1691637634000,0.6904,0.6904,0.6904
1691637635000,0.6904,0.6904,0.6904
1691637636000,0.6904,0.6904,0.6904
1691637637000,0.6904,0.6904,0.6904
1691637638000,0.6904,0.6904,0.6904
1691637639000,0.6904,0.6904,0.6904
1691637640000,0.6904,0.6904,0.6904
1691637641000,0.6904,0.6904,0.6904
1691637642000,0.6904,0.6904,0.6904
1691637643000,0.6904,0.6904,0.6904
1691637644000,0.6904,0.6904,0.6904
1691637645000,0.6904,0.6904,0.6904
1691637646000,0.6904,0.6904,0.6904
1691637647000,0.69040077,0.69040077,0.69040077
1691637648000,0.69040081,0.69040081,0.69040081
1691637649000,0.69040077,0.69040077,0.69040077
1691637650000,0.69040077,0.69040077,0.69040077
1691637651000,0.69040077,0.69040077,0.69040077
1691637652000,0.69040151,0.69040151,0.69040151
1691637653000,0.69040058,0.69040058,0.69040058
1691637654000,0.69040046,0.69040046,0.69040046
1691637655000,0.69040046,0.69040046,0.69040046
1691637656000,0.6904005,0.6904005,0.6904005
1691637657000,0.69040124,0.69040124,0.69040124
1691637658000,0.69040217,0.69040217,0.69040217
1691637659000,0.69040261,0.69040261,0.69040261
1691637660000,0.69040257,0.69040257,0.69040257
1691637661000,0.69040257,0.69040257,0.69040257
1691637662000,0.69040336,0.69040336,0.69040336
1691637663000,0.69040336,0.69040336,0.69040336
1691637664000,0.69040721,0.69040721,0.69040721
1691637665000,0.69040721,0.69040721,0.69040721
1691637666000,0.69040721,0.69040721,0.69040721
1691637667000,0.69040721,0.69040721,0.69040721
1691637668000,0.69047005,0.69047005,0.69047005
1691637669000,0.69046916,0.69046916,0.69046916
1691637670000,0.69046916,0.69046916,0.69046916
1691637671000,0.69046916,0.69046916,0.69046916
1691637672000,0.69046912,0.69046912,0.69046912
1691637673000,0.69046877,0.69046877,0.69046877
1691637674000,0.69046877,0.69046877,0.69046877
1691637675000,0.69048503,0.69048503,0.69048503
1691637676000,0.69048596,0.69048596,0.69048596
1691637677000,0.6907,0.6907,0.6907
1691637678000,0.69075429,0.69075429,0.69075429
1691637679000,0.69075429,0.69075429,0.69075429
1691637680000,0.69075827,0.69075827,0.69075827
1691637681000,0.6907583,0.6907583,0.6907583
1691637682000,0.6907056,0.6907056,0.6907056
1691637683000,0.69070395,0.69070395,0.69070395
1691637684000,0.69070395,0.69070395,0.69070395
1691637685000,0.69072255,0.69072255,0.69072255
1691637686000,0.69072501,0.69072501,0.69072501
1691637687000,0.69072552,0.69072552,0.69072552
1691637688000,0.69072443,0.69072443,0.69072443
1691637689000,0.69072443,0.69072443,0.69072443
1691637690000,0.69072714,0.69072714,0.69072714
1691637691000,0.69072617,0.69072617,0.69072617
1691637692000,0.69072621,0.69072621,0.69072621
1691637693000,0.69072621,0.69072621,0.69072621
1691637694000,0.69072607,0.69072607,0.69072607
1691637695000,0.69072607,0.69072607,0.69072607
1691637696000,0.69072636,0.69072636,0.69072636
1691637697000,0.69078041,0.69078041,0.69078041
1691637698000,0.69072543,0.69072543,0.69072543
1691637699000,0.69072492,0.69072492,0.69072492
1691637700000,0.69072492,0.69072492,0.69072492
1691637701000,0.69072614,0.69072614,0.69072614
1691637702000,0.69070899,0.69070899,0.69070899
1691637703000,0.69070899,0.69070899,0.69070899
1691637704000,0.69044766,0.69044766,0.69044766
1691637705000,0.69044766,0.69044766,0.69044766
1691637706000,0.69044296,0.69044296,0.69044296
1691637707000,0.69044296,0.69044296,0.69044296
1691637708000,0.69039337,0.69039337,0.69039337
1691637709000,0.69039259,0.69039259,0.69039259
1691637710000,0.69038954,0.69038954,0.69038954
1691637711000,0.69038954,0.69038954,0.69038954
1691637712000,0.69038951,0.69038951,0.69038951
1691637713000,0.69039048,0.69039048,0.69039048
1691637714000,0.69039057,0.69039057,0.69039057
1691637715000,0.69039057,0.69039057,0.69039057
1691637716000,0.69038757,0.69038757,0.69038757
1691637717000,0.69038757,0.69038757,0.69038757
1691637718000,0.69038664,0.69038664,0.69038664
1691637719000,0.69038671,0.69038671,0.69038671
1691637720000,0.69038668,0.69038668,0.69038668
1691637721000,0.69035588,0.69035588,0.69035588
1691637722000,0.69035588,0.69035588,0.69035588
1691637723000,0.69035588,0.69035588,0.69035588
1691637724000,0.69035588,0.69035588,0.69035588
1691637725000,0.690356,0.690356,0.690356
1691637726000,0.69035597,0.69035597,0.69035597
1691637727000,0.6903524,0.6903524,0.6903524
1691637728000,0.69035147,0.69035147,0.69035147
1691637729000,0.69035147,0.69035147,0.69035147
1691637730000,0.69035472,0.69035472,0.69035472
1691637731000,0.69040958,0.69040958,0.69040958
1691637732000,0.69040958,0.69040958,0.69040958
1691637733000,0.69040958,0.69040958,0.69040958
1691637734000,0.69040958,0.69040958,0.69040958
1691637735000,0.69041205,0.69041205,0.69041205
1691637736000,0.6904103,0.6904103,0.6904103
1691637737000,0.6904103,0.6904103,0.6904103
1691637738000,0.69041027,0.69041027,0.69041027
1691637739000,0.69041027,0.69041027,0.69041027
1691637740000,0.69040938,0.69040938,0.69040938
1691637741000,0.69040938,0.69040938,0.69040938
1691637742000,0.6904095,0.6904095,0.6904095
1691637743000,0.6904095,0.6904095,0.6904095
1691637744000,0.6904095,0.6904095,0.6904095
1691637745000,0.69040778,0.69040778,0.69040778
1691637746000,0.69046106,0.69046106,0.69046106
1691637747000,0.69046102,0.69046102,0.69046102
1691637748000,0.69046102,0.69046102,0.69046102
1691637749000,0.69046009,0.69046009,0.69046009
1691637750000,0.69046009,0.69046009,0.69046009
1691637751000,0.69045734,0.69045734,0.69045734
1691637752000,0.6904573,0.6904573,0.6904573
1691637753000,0.6904573,0.6904573,0.6904573
1691637754000,0.6904573,0.6904573,0.6904573
1691637755000,0.6904573,0.6904573,0.6904573
1691637756000,0.69045498,0.69045498,0.69045498
1691637757000,0.69045498,0.69045498,0.69045498
1691637758000,0.69045477,0.69045477,0.69045477
1691637759000,0.69040072,0.69040072,0.69040072
1691637760000,0.69040072,0.69040072,0.69040072
1691637761000,0.6904,0.6904,0.6904
1691637762000,0.6904,0.6904,0.6904
1691637763000,0.6904,0.6904,0.6904
1691637764000,0.6904,0.6904,0.6904
1691637765000,0.6904,0.6904,0.6904
1691637766000,0.6904,0.6904,0.6904
1691637767000,0.6904,0.6904,0.6904
1691637768000,0.6904,0.6904,0.6904
1691637769000,0.6904,0.6904,0.6904
1691637770000,0.6904,0.6904,0.6904
1691637771000,0.69038564,0.69038564,0.69038564
1691637772000,0.69033211,0.69033211,0.69033211
1691637773000,0.69033211,0.69033211,0.69033211
1691637774000,0.69033211,0.69033211,0.69033211
1691637775000,0.69033304,0.69033304,0.69033304
1691637776000,0.69034922,0.69034922,0.69034922
1691637777000,0.69034739,0.69034739,0.69034739
1691637778000,0.69034735,0.69034735,0.69034735
1691637779000,0.69034739,0.69034739,0.69034739
1691637780000,0.69035065,0.69035065,0.69035065
1691637781000,0.69035065,0.69035065,0.69035065
1691637782000,0.6903405,0.6903405,0.6903405
1691637783000,0.69034143,0.69034143,0.69034143
1691637784000,0.69034143,0.69034143,0.69034143
1691637785000,0.69034046,0.69034046,0.69034046
1691637786000,0.69034625,0.69034625,0.69034625
1691637787000,0.6904036,0.6904036,0.6904036
1691637788000,0.69041171,0.69041171,0.69041171
1691637789000,0.69041171,0.69041171,0.69041171
1691637790000,0.69036364,0.69036364,0.69036364
1691637791000,0.69036364,0.69036364,0.69036364
1691637792000,0.6903492,0.6903492,0.6903492
1691637793000,0.69023192,0.69023192,0.69023192
1691637794000,0.69023192,0.69023192,0.69023192
1691637795000,0.69023285,0.69023285,0.69023285
1691637796000,0.69012478,0.69012478,0.69012478
1691637797000,0.69011787,0.69011787,0.69011787
1691637798000,0.69011783,0.69011783,0.69011783
1691637799000,0.69017096,0.69017096,0.69017096
1691637800000,0.69017096,0.69017096,0.69017096
1691637801000,0.69017096,0.69017096,0.69017096
1691637802000,0.69017189,0.69017189,0.69017189
1691637803000,0.69016461,0.69016461,0.69016461
1691637804000,0.69016461,0.69016461,0.69016461
1691637805000,0.69016461,0.69016461,0.69016461
1691637806000,0.69016461,0.69016461,0.69016461
1691637807000,0.69016465,0.69016465,0.69016465
1691637808000,0.69014107,0.69014107,0.69014107
1691637809000,0.69014107,0.69014107,0.69014107
1691637810000,0.69014111,0.69014111,0.69014111
1691637811000,0.69014107,0.69014107,0.69014107
1691637812000,0.69014111,0.69014111,0.69014111
1691637813000,0.69013632,0.69013632,0.69013632
1691637814000,0.69013632,0.69013632,0.69013632
1691637815000,0.69013722,0.69013722,0.69013722
1691637816000,0.69013726,0.69013726,0.69013726
1691637817000,0.69013726,0.69013726,0.69013726
1691637818000,0.69013458,0.69013458,0.69013458
1691637819000,0.69013454,0.69013454,0.69013454
1691637820000,0.69013458,0.69013458,0.69013458
1691637821000,0.69013454,0.69013454,0.69013454
1691637822000,0.69013454,0.69013454,0.69013454
1691637823000,0.69013183,0.69013183,0.69013183
1691637824000,0.69013025,0.69013025,0.69013025
1691637825000,0.69011404,0.69011404,0.69011404
1691637826000,0.69011404,0.69011404,0.69011404
1691637827000,0.69011404,0.69011404,0.69011404
1691637828000,0.69011153,0.69011153,0.69011153
1691637829000,0.69005338,0.69005338,0.69005338
1691637830000,0.68994593,0.68994593,0.68994593
1691637831000,0.68994593,0.68994593,0.68994593
1691637832000,0.68994593,0.68994593,0.68994593
1691637833000,0.68988868,0.68988868,0.68988868
1691637834000,0.68988327,0.68988327,0.68988327
1691637835000,0.68988327,0.68988327,0.68988327
1691637836000,0.68988327,0.68988327,0.68988327
1691637837000,0.68988327,0.68988327,0.68988327
1691637838000,0.68988113,0.68988113,0.68988113
1691637839000,0.68987669,0.68987669,0.68987669
1691637840000,0.68981686,0.68981686,0.68981686
1691637841000,0.68981686,0.68981686,0.68981686
1691637842000,0.68981419,0.68981419,0.68981419
1691637843000,0.68981415,0.68981415,0.68981415
1691637844000,0.68981317,0.68981317,0.68981317
1691637845000,0.68981471,0.68981471,0.68981471
1691637846000,0.68981467,0.68981467,0.68981467
1691637847000,0.68981467,0.68981467,0.68981467
1691637848000,0.6898444,0.6898444,0.6898444
1691637849000,0.68983874,0.68983874,0.68983874
1691637850000,0.68983874,0.68983874,0.68983874
1691637851000,0.68983118,0.68983118,0.68983118
1691637852000,0.68983118,0.68983118,0.68983118
1691637853000,0.68976636,0.68976636,0.68976636
1691637854000,0.68976394,0.68976394,0.68976394
1691637855000,0.68976398,0.68976398,0.68976398
1691637856000,0.68976394,0.68976394,0.68976394
1691637857000,0.68976394,0.68976394,0.68976394
1691637858000,0.68953686,0.68953686,0.68953686
1691637859000,0.6895,0.6895,0.6895
1691637860000,0.68946755,0.68946755,0.68946755
1691637861000,0.68945359,0.68945359,0.68945359
1691637862000,0.68945436,0.68945436,0.68945436
1691637863000,0.68945436,0.68945436,0.68945436
1691637864000,0.68944336,0.68944336,0.68944336
1691637865000,0.68944019,0.68944019,0.68944019
1691637866000,0.68944019,0.68944019,0.68944019
1691637867000,0.68943905,0.68943905,0.68943905
1691637868000,0.68943902,0.68943902,0.68943902
1691637869000,0.6894394,0.6894394,0.6894394
1691637870000,0.68943639,0.68943639,0.68943639
1691637871000,0.68943639,0.68943639,0.68943639
1691637872000,0.68943639,0.68943639,0.68943639
1691637873000,0.68943639,0.68943639,0.68943639
1691637874000,0.68943631,0.68943631,0.68943631
1691637875000,0.6894333,0.6894333,0.6894333
1691637876000,0.6894333,0.6894333,0.6894333
1691637877000,0.6894333,0.6894333,0.6894333
1691637878000,0.6894333,0.6894333,0.6894333
1691637879000,0.6894,0.6894,0.6894
1691637880000,0.6894,0.6894,0.6894
1691637881000,0.6894,0.6894,0.6894
1691637882000,0.6894,0.6894,0.6894
1691637883000,0.6894,0.6894,0.6894
1691637884000,0.6894,0.6894,0.6894
1691637885000,0.6894,0.6894,0.6894
1691637886000,0.6894,0.6894,0.6894
1691637887000,0.6894,0.6894,0.6894
1691637888000,0.6894,0.6894,0.6894
1691637889000,0.6894,0.6894,0.6894
1691637890000,0.6894,0.6894,0.6894
1691637891000,0.6894,0.6894,0.6894
1691637892000,0.68937188,0.68937188,0.68937188
1691637893000,0.68937188,0.68937188,0.68937188
1691637894000,0.68937188,0.68937188,0.68937188
1691637895000,0.68937188,0.68937188,0.68937188
1691637896000,0.68937014,0.68937014,0.68937014
1691637897000,0.68937014,0.68937014,0.68937014
1691637898000,0.68937014,0.68937014,0.68937014
1691637899000,0.68937017,0.68937017,0.68937017
1691637900000,0.68936829,0.68936829,0.68936829
1691637901000,0.68936611,0.68936611,0.68936611
1691637902000,0.68936611,0.68936611,0.68936611
1691637903000,0.68936611,0.68936611,0.68936611
1691637904000,0.68936607,0.68936607,0.68936607
1691637905000,0.68931729,0.68931729,0.68931729
1691637906000,0.68931328,0.68931328,0.68931328
1691637907000,0.68931328,0.68931328,0.68931328
1691637908000,0.68931175,0.68931175,0.68931175
1691637909000,0.68931175,0.68931175,0.68931175
1691637910000,0.68931074,0.68931074,0.68931074
1691637911000,0.68930616,0.68930616,0.68930616
1691637912000,0.68930616,0.68930616,0.68930616
1691637913000,0.68930616,0.68930616,0.68930616
1691637914000,0.68921356,0.68921356,0.68921356
1691637915000,0.68921325,0.68921325,0.68921325
1691637916000,0.68921325,0.68921325,0.68921325
1691637917000,0.68919451,0.68919451,0.68919451
1691637918000,0.68919451,0.68919451,0.68919451
1691637919000,0.68919324,0.68919324,0.68919324
1691637920000,0.68918983,0.68918983,0.68918983
1691637921000,0.68918664,0.68918664,0.68918664
1691637922000,0.68918147,0.68918147,0.68918147
1691637923000,0.68918126,0.68918126,0.68918126
1691637924000,0.68918103,0.68918103,0.68918103
1691637925000,0.6891759,0.6891759,0.6891759
1691637926000,0.68917482,0.68917482,0.68917482
1691637927000,0.68916981,0.68916981,0.68916981
1691637928000,0.68916978,0.68916978,0.68916978
1691637929000,0.68916978,0.68916978,0.68916978
1691637930000,0.68916978,0.68916978,0.68916978
1691637931000,0.68916154,0.68916154,0.68916154
1691637932000,0.68915893,0.68915893,0.68915893
1691637933000,0.68915893,0.68915893,0.68915893
1691637934000,0.68915893,0.68915893,0.68915893
1691637935000,0.68915617,0.68915617,0.68915617
1691637936000,0.68915575,0.68915575,0.68915575
1691637937000,0.68915257,0.68915257,0.68915257
1691637938000,0.68915254,0.68915254,0.68915254
1691637939000,0.68915257,0.68915257,0.68915257
1691637940000,0.68915257,0.68915257,0.68915257
1691637941000,0.68915257,0.68915257,0.68915257
1691637942000,0.68915009,0.68915009,0.68915009
1691637943000,0.68914715,0.68914715,0.68914715
1691637944000,0.68914715,0.68914715,0.68914715
1691637945000,0.68914715,0.68914715,0.68914715
1691637946000,0.68914656,0.68914656,0.68914656
1691637947000,0.68914656,0.68914656,0.68914656
1691637948000,0.68914203,0.68914203,0.68914203
1691637949000,0.689142,0.689142,0.689142
1691637950000,0.689142,0.689142,0.689142
1691637951000,0.68914217,0.68914217,0.68914217
1691637952000,0.68914217,0.68914217,0.68914217
1691637953000,0.68913928,0.68913928,0.68913928
1691637954000,0.68913928,0.68913928,0.68913928
1691637955000,0.68914008,0.68914008,0.68914008
1691637956000,0.68913795,0.68913795,0.68913795
1691637957000,0.68913795,0.68913795,0.68913795
1691637958000,0.68913425,0.68913425,0.68913425
1691637959000,0.68913425,0.68913425,0.68913425
1691637960000,0.68913422,0.68913422,0.68913422
1691637961000,0.68913467,0.68913467,0.68913467
1691637962000,0.6891,0.6891,0.6891
1691637963000,0.6891,0.6891,0.6891
1691637964000,0.6891,0.6891,0.6891
1691637965000,0.68913265,0.68913265,0.68913265
1691637966000,0.68913436,0.68913436,0.68913436
1691637967000,0.68913433,0.68913433,0.68913433
1691637968000,0.68913436,0.68913436,0.68913436
1691637969000,0.68914716,0.68914716,0.68914716
1691637970000,0.68914716,0.68914716,0.68914716
1691637971000,0.68914716,0.68914716,0.68914716
1691637972000,0.68914703,0.68914703,0.68914703
1691637973000,0.68914703,0.68914703,0.68914703
1691637974000,0.68914664,0.68914664,0.68914664
1691637975000,0.68923963,0.68923963,0.68923963
1691637976000,0.68923966,0.68923966,0.68923966
1691637977000,0.68924085,0.68924085,0.68924085
1691637978000,0.68924085,0.68924085,0.68924085
1691637979000,0.68928051,0.68928051,0.68928051
1691637980000,0.68928051,0.68928051,0.68928051
1691637981000,0.68928051,0.68928051,0.68928051
1691637982000,0.6892809,0.6892809,0.6892809
1691637983000,0.6892809,0.6892809,0.6892809
1691637984000,0.6892781,0.6892781,0.6892781
1691637985000,0.6892781,0.6892781,0.6892781
1691637986000,0.6892789,0.6892789,0.6892789
1691637987000,0.68927845,0.68927845,0.68927845
1691637988000,0.68927845,0.68927845,0.68927845
1691637989000,0.68927506,0.68927506,0.68927506
1691637990000,0.68927426,0.68927426,0.68927426
1691637991000,0.68927503,0.68927503,0.68927503
1691637992000,0.68927377,0.68927377,0.68927377
1691637993000,0.68927377,0.68927377,0.68927377
1691637994000,0.6892713,0.6892713,0.6892713
1691637995000,0.6892713,0.6892713,0.6892713
1691637996000,0.68927134,0.68927134,0.68927134
1691637997000,0.68927186,0.68927186,0.68927186
1691637998000,0.68927183,0.68927183,0.68927183
1691637999000,0.68927183,0.68927183,0.68927183
1691638000000,0.68926856,0.68926856,0.68926856
1691638001000,0.68926856,0.68926856,0.68926856
1691638002000,0.68926856,0.68926856,0.68926856
1691638003000,0.68922194,0.68922194,0.68922194
1691638004000,0.6892194,0.6892194,0.6892194
1691638005000,0.68921658,0.68921658,0.68921658
1691638006000,0.68921658,0.68921658,0.68921658
1691638007000,0.68921405,0.68921405,0.68921405
1691638008000,0.68921402,0.68921402,0.68921402
1691638009000,0.68921402,0.68921402,0.68921402
1691638010000,0.68921357,0.68921357,0.68921357
1691638011000,0.68921357,0.68921357,0.68921357
1691638012000,0.68921357,0.68921357,0.68921357
1691638013000,0.68921221,0.68921221,0.68921221
1691638014000,0.68921217,0.68921217,0.68921217
1691638015000,0.68921089,0.68921089,0.68921089
1691638016000,0.68921008,0.68921008,0.68921008
1691638017000,0.68921089,0.68921089,0.68921089
1691638018000,0.68921089,0.68921089,0.68921089
1691638019000,0.68921158,0.68921158,0.68921158
1691638020000,0.68921033,0.68921033,0.68921033
1691638021000,0.68921037,0.68921037,0.68921037
1691638022000,0.68921037,0.68921037,0.68921037
1691638023000,0.68920939,0.68920939,0.68920939
1691638024000,0.68921023,0.68921023,0.68921023
1691638025000,0.68921023,0.68921023,0.68921023
1691638026000,0.6892055,0.6892055,0.6892055
1691638027000,0.68920553,0.68920553,0.68920553
1691638028000,0.68920515,0.68920515,0.68920515
1691638029000,0.68920515,0.68920515,0.68920515
1691638030000,0.6892191,0.6892191,0.6892191
1691638031000,0.68921548,0.68921548,0.68921548
1691638032000,0.68921628,0.68921628,0.68921628
1691638033000,0.68921264,0.68921264,0.68921264
1691638034000,0.68921184,0.68921184,0.68921184
1691638035000,0.68921261,0.68921261,0.68921261
1691638036000,0.6892097,0.6892097,0.6892097
1691638037000,0.68912109,0.68912109,0.68912109
1691638038000,0.68912074,0.68912074,0.68912074
1691638039000,0.68907343,0.68907343,0.68907343
1691638040000,0.68907343,0.68907343,0.68907343
1691638041000,0.68907054,0.68907054,0.68907054
1691638042000,0.68907054,0.68907054,0.68907054
1691638043000,0.68907141,0.68907141,0.68907141
1691638044000,0.68907141,0.68907141,0.68907141
1691638045000,0.68907141,0.68907141,0.68907141
1691638046000,0.68906968,0.68906968,0.68906968
1691638047000,0.68906968,0.68906968,0.68906968
1691638048000,0.68906867,0.68906867,0.68906867
1691638049000,0.68906867,0.68906867,0.68906867
1691638050000,0.68906867,0.68906867,0.68906867
1691638051000,0.68906864,0.68906864,0.68906864
1691638052000,0.68905332,0.68905332,0.68905332
1691638053000,0.68905332,0.68905332,0.68905332
1691638054000,0.6890528,0.6890528,0.6890528
1691638055000,0.6890528,0.6890528,0.6890528
1691638056000,0.6890528,0.6890528,0.6890528
1691638057000,0.68905172,0.68905172,0.68905172
1691638058000,0.68905172,0.68905172,0.68905172
1691638059000,0.68905256,0.68905256,0.68905256
1691638060000,0.68905256,0.68905256,0.68905256
1691638061000,0.68905256,0.68905256,0.68905256
1691638062000,0.68905133,0.68905133,0.68905133
1691638063000,0.6890366,0.6890366,0.6890366
1691638064000,0.68903667,0.68903667,0.68903667
1691638065000,0.68903667,0.68903667,0.68903667
1691638066000,0.68903667,0.68903667,0.68903667
1691638067000,0.68903408,0.68903408,0.68903408
1691638068000,0.68903408,0.68903408,0.68903408
1691638069000,0.6891,0.6891,0.6891
1691638070000,0.6891,0.6891,0.6891
1691638071000,0.6891,0.6891,0.6891
1691638072000,0.6891,0.6891,0.6891
1691638073000,0.6891,0.6891,0.6891
1691638074000,0.6891,0.6891,0.6891
1691638075000,0.6891,0.6891,0.6891
1691638076000,0.6891,0.6891,0.6891
1691638077000,0.6891,0.6891,0.6891
1691638078000,0.68907524,0.68907524,0.68907524
1691638079000,0.68907499,0.68907499,0.68907499
1691638080000,0.68907503,0.68907503,0.68907503
1691638081000,0.6890337,0.6890337,0.6890337
1691638082000,0.6890337,0.6890337,0.6890337
1691638083000,0.68903061,0.68903061,0.68903061
1691638084000,0.68903061,0.68903061,0.68903061
1691638085000,0.68902944,0.68902944,0.68902944
1691638086000,0.68902944,0.68902944,0.68902944
1691638087000,0.68902855,0.68902855,0.68902855
1691638088000,0.68902609,0.68902609,0.68902609
1691638089000,0.68902661,0.68902661,0.68902661
1691638090000,0.68902661,0.68902661,0.68902661
1691638091000,0.68902585,0.68902585,0.68902585
1691638092000,0.68902581,0.68902581,0.68902581
1691638093000,0.68902616,0.68902616,0.68902616
1691638094000,0.68902501,0.68902501,0.68902501
1691638095000,0.689,0.689,0.689
1691638096000,0.689,0.689,0.689
1691638097000,0.689,0.689,0.689
1691638098000,0.689,0.689,0.689
1691638099000,0.689,0.689,0.689
1691638100000,0.689,0.689,0.689
1691638101000,0.689,0.689,0.689
1691638102000,0.689,0.689,0.689
1691638103000,0.689,0.689,0.689
1691638104000,0.689,0.689,0.689
1691638105000,0.689,0.689,0.689
1691638106000,0.689,0.689,0.689
1691638107000,0.689,0.689,0.689
1691638108000,0.689,0.689,0.689
1691638109000,0.689,0.689,0.689
1691638110000,0.689,0.689,0.689
1691638111000,0.6891,0.6891,0.6891
1691638112000,0.6891,0.6891,0.6891
1691638113000,0.689,0.689,0.689
1691638114000,0.689,0.689,0.689
1691638115000,0.689,0.689,0.689
1691638116000,0.6891,0.6891,0.6891
1691638117000,0.6891,0.6891,0.6891
1691638118000,0.6891,0.6891,0.6891
1691638119000,0.6891,0.6891,0.6891
1691638120000,0.6891,0.6891,0.6891
1691638121000,0.6891,0.6891,0.6891
1691638122000,0.6891,0.6891,0.6891
1691638123000,0.6891,0.6891,0.6891
1691638124000,0.6891,0.6891,0.6891
1691638125000,0.6891,0.6891,0.6891
1691638126000,0.6891,0.6891,0.6891
1691638127000,0.6892,0.6892,0.6892
1691638128000,0.6892,0.6892,0.6892
1691638129000,0.6892,0.6892,0.6892
1691638130000,0.6892,0.6892,0.6892
1691638131000,0.6892,0.6892,0.6892
1691638132000,0.6892,0.6892,0.6892
1691638133000,0.6892,0.6892,0.6892
1691638134000,0.6892,0.6892,0.6892
1691638135000,0.6893,0.6893,0.6893
1691638136000,0.6893,0.6893,0.6893
1691638137000,0.6893,0.6893,0.6893
1691638138000,0.6893,0.6893,0.6893
1691638139000,0.6894,0.6894,0.6894
1691638140000,0.6894,0.6894,0.6894
1691638141000,0.6894,0.6894,0.6894
1691638142000,0.6894,0.6894,0.6894
1691638143000,0.6894,0.6894,0.6894
1691638144000,0.6894,0.6894,0.6894
1691638145000,0.6894,0.6894,0.6894
1691638146000,0.6894,0.6894,0.6894
1691638147000,0.6894,0.6894,0.6894
1691638148000,0.6894,0.6894,0.6894
1691638149000,0.6895,0.6895,0.6895
1691638150000,0.6895,0.6895,0.6895
1691638151000,0.6894,0.6894,0.6894
1691638152000,0.6894,0.6894,0.6894
1691638153000,0.6894,0.6894,0.6894
1691638154000,0.6894,0.6894,0.6894
1691638155000,0.6894,0.6894,0.6894
1691638156000,0.6894,0.6894,0.6894
1691638157000,0.6894,0.6894,0.6894
1691638158000,0.68934643,0.68934643,0.68934643
1691638159000,0.68934643,0.68934643,0.68934643
1691638160000,0.68934842,0.68934842,0.68934842
1691638161000,0.68934842,0.68934842,0.68934842
1691638162000,0.68934657,0.68934657,0.68934657
1691638163000,0.68934737,0.68934737,0.68934737
1691638164000,0.6893474,0.6893474,0.6893474
1691638165000,0.6893474,0.6893474,0.6893474
1691638166000,0.68934828,0.68934828,0.68934828
1691638167000,0.68934828,0.68934828,0.68934828
1691638168000,0.68934831,0.68934831,0.68934831
1691638169000,0.68934828,0.68934828,0.68934828
1691638170000,0.68934831,0.68934831,0.68934831
1691638171000,0.68934828,0.68934828,0.68934828
1691638172000,0.68934661,0.68934661,0.68934661
1691638173000,0.68934657,0.68934657,0.68934657
1691638174000,0.6893879,0.6893879,0.6893879
1691638175000,0.68938787,0.68938787,0.68938787
1691638176000,0.68938617,0.68938617,0.68938617
1691638177000,0.68938627,0.68938627,0.68938627
1691638178000,0.68938627,0.68938627,0.68938627
1691638179000,0.68938627,0.68938627,0.68938627
1691638180000,0.68938627,0.68938627,0.68938627
1691638181000,0.68938077,0.68938077,0.68938077
1691638182000,0.68938154,0.68938154,0.68938154
1691638183000,0.68938154,0.68938154,0.68938154
1691638184000,0.68938157,0.68938157,0.68938157
1691638185000,0.68938157,0.68938157,0.68938157
1691638186000,0.68937829,0.68937829,0.68937829
1691638187000,0.68937671,0.68937671,0.68937671
1691638188000,0.68937591,0.68937591,0.68937591
1691638189000,0.68932937,0.68932937,0.68932937
1691638190000,0.68933017,0.68933017,0.68933017
1691638191000,0.6893294,0.6893294,0.6893294
1691638192000,0.68932692,0.68932692,0.68932692
1691638193000,0.6893272,0.6893272,0.6893272
1691638194000,0.6893272,0.6893272,0.6893272
1691638195000,0.6893272,0.6893272,0.6893272
1691638196000,0.68932717,0.68932717,0.68932717
1691638197000,0.6893249,0.6893249,0.6893249
1691638198000,0.6893249,0.6893249,0.6893249
1691638199000,0.6893249,0.6893249,0.6893249
1691638200000,0.6893249,0.6893249,0.6893249
1691638201000,0.6893249,0.6893249,0.6893249
1691638202000,0.68927834,0.68927834,0.68927834
1691638203000,0.6893,0.6893,0.6893
1691638204000,0.68927831,0.68927831,0.68927831
1691638205000,0.68927831,0.68927831,0.68927831
1691638206000,0.68927834,0.68927834,0.68927834
1691638207000,0.68927743,0.68927743,0.68927743
1691638208000,0.68927321,0.68927321,0.68927321
1691638209000,0.68926866,0.68926866,0.68926866
1691638210000,0.68925978,0.68925978,0.68925978
1691638211000,0.68925901,0.68925901,0.68925901
1691638212000,0.68925548,0.68925548,0.68925548
1691638213000,0.68925548,0.68925548,0.68925548
1691638214000,0.68925552,0.68925552,0.68925552
1691638215000,0.68925632,0.68925632,0.68925632
1691638216000,0.68925632,0.68925632,0.68925632
1691638217000,0.68925517,0.68925517,0.68925517
1691638218000,0.68924817,0.68924817,0.68924817
1691638219000,0.68924817,0.68924817,0.68924817
1691638220000,0.68924817,0.68924817,0.68924817
1691638221000,0.68924817,0.68924817,0.68924817
1691638222000,0.68924897,0.68924897,0.68924897
1691638223000,0.68923171,0.68923171,0.68923171
1691638224000,0.68923017,0.68923017,0.68923017
1691638225000,0.68923021,0.68923021,0.68923021
1691638226000,0.68918449,0.68918449,0.68918449
1691638227000,0.68918446,0.68918446,0.68918446
1691638228000,0.68918376,0.68918376,0.68918376
1691638229000,0.68917476,0.68917476,0.68917476
1691638230000,0.68917476,0.68917476,0.68917476
1691638231000,0.68917553,0.68917553,0.68917553
1691638232000,0.68917553,0.68917553,0.68917553
1691638233000,0.68917403,0.68917403,0.68917403
1691638234000,0.6892,0.6892,0.6892
1691638235000,0.68921862,0.68921862,0.68921862
1691638236000,0.68921862,0.68921862,0.68921862
1691638237000,0.68921778,0.68921778,0.68921778
1691638238000,0.68921857,0.68921857,0.68921857
1691638239000,0.68921857,0.68921857,0.68921857
1691638240000,0.6892,0.6892,0.6892
1691638241000,0.6892,0.6892,0.6892
1691638242000,0.6892,0.6892,0.6892
1691638243000,0.6892,0.6892,0.6892
1691638244000,0.6892,0.6892,0.6892
1691638245000,0.6892,0.6892,0.6892
1691638246000,0.6892,0.6892,0.6892
1691638247000,0.6892,0.6892,0.6892
1691638248000,0.6892,0.6892,0.6892
1691638249000,0.68916801,0.68916801,0.68916801
1691638250000,0.6892,0.6892,0.6892
1691638251000,0.6892,0.6892,0.6892
1691638252000,0.6892,0.6892,0.6892
1691638253000,0.6892,0.6892,0.6892
1691638254000,0.6892,0.6892,0.6892
1691638255000,0.6892,0.6892,0.6892
1691638256000,0.6892,0.6892,0.6892
1691638257000,0.68916061,0.68916061,0.68916061
1691638258000,0.68903091,0.68903091,0.68903091
1691638259000,0.68903104,0.68903104,0.68903104
1691638260000,0.68903024,0.68903024,0.68903024
1691638261000,0.68907675,0.68907675,0.68907675
1691638262000,0.68907675,0.68907675,0.68907675
1691638263000,0.68907678,0.68907678,0.68907678
1691638264000,0.68907312,0.68907312,0.68907312
1691638265000,0.68907312,0.68907312,0.68907312
1691638266000,0.68907309,0.68907309,0.68907309
1691638267000,0.68902658,0.68902658,0.68902658
1691638268000,0.68898472,0.68898472,0.68898472
1691638269000,0.689,0.689,0.689
1691638270000,0.689,0.689,0.689
1691638271000,0.68901284,0.68901284,0.68901284
1691638272000,0.68901284,0.68901284,0.68901284
1691638273000,0.68892503,0.68892503,0.68892503
1691638274000,0.68892503,0.68892503,0.68892503
1691638275000,0.6889171,0.6889171,0.6889171
1691638276000,0.6889171,0.6889171,0.6889171
1691638277000,0.68891713,0.68891713,0.68891713
1691638278000,0.68887062,0.68887062,0.68887062
1691638279000,0.6888671,0.6888671,0.6888671
1691638280000,0.68886467,0.68886467,0.68886467
1691638281000,0.68886551,0.68886551,0.68886551
1691638282000,0.68886551,0.68886551,0.68886551
1691638283000,0.68881819,0.68881819,0.68881819
1691638284000,0.688822,0.688822,0.688822
1691638285000,0.68882195,0.68882195,0.68882195
1691638286000,0.68882112,0.68882112,0.68882112
1691638287000,0.68882112,0.68882112,0.68882112
1691638288000,0.68882112,0.68882112,0.68882112
1691638289000,0.68881094,0.68881094,0.68881094
1691638290000,0.68881077,0.68881077,0.68881077
1691638291000,0.6888116,0.6888116,0.6888116
1691638292000,0.68881157,0.68881157,0.68881157
1691638293000,0.6888116,0.6888116,0.6888116
1691638294000,0.68881303,0.68881303,0.68881303
1691638295000,0.6888,0.6888,0.6888
1691638296000,0.6888,0.6888,0.6888
1691638297000,0.6887,0.6887,0.6887
1691638298000,0.6888,0.6888,0.6888
1691638299000,0.6888,0.6888,0.6888
1691638300000,0.6888,0.6888,0.6888
1691638301000,0.6888,0.6888,0.6888
1691638302000,0.6888,0.6888,0.6888
1691638303000,0.6888,0.6888,0.6888
1691638304000,0.6888,0.6888,0.6888
1691638305000,0.6888,0.6888,0.6888
1691638306000,0.6888,0.6888,0.6888
1691638307000,0.6888,0.6888,0.6888
1691638308000,0.6888,0.6888,0.6888
1691638309000,0.6887,0.6887,0.6887
1691638310000,0.6887,0.6887,0.6887
1691638311000,0.6887,0.6887,0.6887
1691638312000,0.6887,0.6887,0.6887
1691638313000,0.6887,0.6887,0.6887
1691638314000,0.6887,0.6887,0.6887
1691638315000,0.6887,0.6887,0.6887
1691638316000,0.6887,0.6887,0.6887
1691638317000,0.6887,0.6887,0.6887
1691638318000,0.6887,0.6887,0.6887
1691638319000,0.6887,0.6887,0.6887
1691638320000,0.6887,0.6887,0.6887
1691638321000,0.689,0.689,0.689
1691638322000,0.6891,0.6891,0.6891
1691638323000,0.689,0.689,0.689
1691638324000,0.689,0.689,0.689
1691638325000,0.689,0.689,0.689
1691638326000,0.689,0.689,0.689
1691638327000,0.689,0.689,0.689
1691638328000,0.689,0.689,0.689
1691638329000,0.689,0.689,0.689
1691638330000,0.689,0.689,0.689
1691638331000,0.689,0.689,0.689
1691638332000,0.689,0.689,0.689
1691638333000,0.689,0.689,0.689
1691638334000,0.689,0.689,0.689
1691638335000,0.689,0.689,0.689
1691638336000,0.689,0.689,0.689
1691638337000,0.689,0.689,0.689
1691638338000,0.689,0.689,0.689
1691638339000,0.689,0.689,0.689
1691638340000,0.689,0.689,0.689
1691638341000,0.689,0.689,0.689
1691638342000,0.6891,0.6891,0.6891
1691638343000,0.6891,0.6891,0.6891
1691638344000,0.6891,0.6891,0.6891
1691638345000,0.6891,0.6891,0.6891
1691638346000,0.6891,0.6891,0.6891
1691638347000,0.6891,0.6891,0.6891
1691638348000,0.6891,0.6891,0.6891
1691638349000,0.6891,0.6891,0.6891
1691638350000,0.689,0.689,0.689
1691638351000,0.6891,0.6891,0.6891
1691638352000,0.68891255,0.68891255,0.68891255
1691638353000,0.68883999,0.68883999,0.68883999
1691638354000,0.68873189,0.68873189,0.68873189
1691638355000,0.68873189,0.68873189,0.68873189
1691638356000,0.68872422,0.68872422,0.68872422
1691638357000,0.68872419,0.68872419,0.68872419
1691638358000,0.68872274,0.68872274,0.68872274
1691638359000,0.68872274,0.68872274,0.68872274
1691638360000,0.68872367,0.68872367,0.68872367
1691638361000,0.68872367,0.68872367,0.68872367
1691638362000,0.6888,0.6888,0.6888
1691638363000,0.6888,0.6888,0.6888
1691638364000,0.6888,0.6888,0.6888
1691638365000,0.6888,0.6888,0.6888
1691638366000,0.6888,0.6888,0.6888
1691638367000,0.6888,0.6888,0.6888
1691638368000,0.6888,0.6888,0.6888
1691638369000,0.6888,0.6888,0.6888
1691638370000,0.6888,0.6888,0.6888
1691638371000,0.6888,0.6888,0.6888
1691638372000,0.6888,0.6888,0.6888
1691638373000,0.6888,0.6888,0.6888
1691638374000,0.6888,0.6888,0.6888
1691638375000,0.6888,0.6888,0.6888
1691638376000,0.6888,0.6888,0.6888
1691638377000,0.6888,0.6888,0.6888
1691638378000,0.6888,0.6888,0.6888
1691638379000,0.6888,0.6888,0.6888
1691638380000,0.68880972,0.68880972,0.68880972
1691638381000,0.6888087,0.6888087,0.6888087
1691638382000,0.68885573,0.68885573,0.68885573
1691638383000,0.68885573,0.68885573,0.68885573
1691638384000,0.68885688,0.68885688,0.68885688
1691638385000,0.68885688,0.68885688,0.68885688
1691638386000,0.68880461,0.68880461,0.68880461
1691638387000,0.68880461,0.68880461,0.68880461
1691638388000,0.68880461,0.68880461,0.68880461
1691638389000,0.68880517,0.68880517,0.68880517
1691638390000,0.68880424,0.68880424,0.68880424
1691638391000,0.688804,0.688804,0.688804
1691638392000,0.688804,0.688804,0.688804
1691638393000,0.688804,0.688804,0.688804
1691638394000,0.68880452,0.68880452,0.68880452
1691638395000,0.68880545,0.68880545,0.68880545
1691638396000,0.68880545,0.68880545,0.68880545
1691638397000,0.68880488,0.68880488,0.68880488
1691638398000,0.68880488,0.68880488,0.68880488
1691638399000,0.68880463,0.68880463,0.68880463
1691638400000,0.6888037,0.6888037,0.6888037
1691638401000,0.6888037,0.6888037,0.6888037
1691638402000,0.68880459,0.68880459,0.68880459
1691638403000,0.68880463,0.68880463,0.68880463
1691638404000,0.68880441,0.68880441,0.68880441
1691638405000,0.6888,0.6888,0.6888
1691638406000,0.6888,0.6888,0.6888
1691638407000,0.6888,0.6888,0.6888
1691638408000,0.6888,0.6888,0.6888
1691638409000,0.68881028,0.68881028,0.68881028
1691638410000,0.6889,0.6889,0.6889
1691638411000,0.68881025,0.68881025,0.68881025
1691638412000,0.6888102,0.6888102,0.6888102
1691638413000,0.68881113,0.68881113,0.68881113
1691638414000,0.6888111,0.6888111,0.6888111
1691638415000,0.68881078,0.68881078,0.68881078
1691638416000,0.68881078,0.68881078,0.68881078
1691638417000,0.68880375,0.68880375,0.68880375
1691638418000,0.68880525,0.68880525,0.68880525
1691638419000,0.68880416,0.68880416,0.68880416
1691638420000,0.68880381,0.68880381,0.68880381
1691638421000,0.6889,0.6889,0.6889
1691638422000,0.6889,0.6889,0.6889
1691638423000,0.6889,0.6889,0.6889
1691638424000,0.6889,0.6889,0.6889
1691638425000,0.6889,0.6889,0.6889
1691638426000,0.6889,0.6889,0.6889
1691638427000,0.6889,0.6889,0.6889
1691638428000,0.689,0.689,0.689
1691638429000,0.689,0.689,0.689
1691638430000,0.689,0.689,0.689
1691638431000,0.689,0.689,0.689
1691638432000,0.689,0.689,0.689
1691638433000,0.689,0.689,0.689
1691638434000,0.689,0.689,0.689
1691638435000,0.689,0.689,0.689
1691638436000,0.689,0.689,0.689
1691638437000,0.6891,0.6891,0.6891
1691638438000,0.6891,0.6891,0.6891
1691638439000,0.6891,0.6891,0.6891
1691638440000,0.6891,0.6891,0.6891
1691638441000,0.6891,0.6891,0.6891
1691638442000,0.6891,0.6891,0.6891
1691638443000,0.6891,0.6891,0.6891
1691638444000,0.6891,0.6891,0.6891
1691638445000,0.6891,0.6891,0.6891
1691638446000,0.6891,0.6891,0.6891
1691638447000,0.68897397,0.68897397,0.68897397
1691638448000,0.68897539,0.68897539,0.68897539
1691638449000,0.68897633,0.68897633,0.68897633
1691638450000,0.68892231,0.68892231,0.68892231
1691638451000,0.68892109,0.68892109,0.68892109
1691638452000,0.68892109,0.68892109,0.68892109
1691638453000,0.68892069,0.68892069,0.68892069
1691638454000,0.68892069,0.68892069,0.68892069
1691638455000,0.689,0.689,0.689
1691638456000,0.689,0.689,0.689
1691638457000,0.689,0.689,0.689
1691638458000,0.689,0.689,0.689
1691638459000,0.689,0.689,0.689
1691638460000,0.689,0.689,0.689
1691638461000,0.689,0.689,0.689
1691638462000,0.689,0.689,0.689
1691638463000,0.689,0.689,0.689
1691638464000,0.689,0.689,0.689
1691638465000,0.6891,0.6891,0.6891
1691638466000,0.689,0.689,0.689
1691638467000,0.689,0.689,0.689
1691638468000,0.689,0.689,0.689
1691638469000,0.689,0.689,0.689
1691638470000,0.689,0.689,0.689
1691638471000,0.689,0.689,0.689
1691638472000,0.689,0.689,0.689
1691638473000,0.689,0.689,0.689
1691638474000,0.68900466,0.68900466,0.68900466
1691638475000,0.68900466,0.68900466,0.68900466
1691638476000,0.68900466,0.68900466,0.68900466
1691638477000,0.68900588,0.68900588,0.68900588
1691638478000,0.68900588,0.68900588,0.68900588
1691638479000,0.68900426,0.68900426,0.68900426
1691638480000,0.68900426,0.68900426,0.68900426
1691638481000,0.68900426,0.68900426,0.68900426
1691638482000,0.68900551,0.68900551,0.68900551
1691638483000,0.68900551,0.68900551,0.68900551
1691638484000,0.68900551,0.68900551,0.68900551
1691638485000,0.68900364,0.68900364,0.68900364
1691638486000,0.68900364,0.68900364,0.68900364
1691638487000,0.6890049,0.6890049,0.6890049
1691638488000,0.68900494,0.68900494,0.68900494
1691638489000,0.68900409,0.68900409,0.68900409
1691638490000,0.68900409,0.68900409,0.68900409
1691638491000,0.68895004,0.68895004,0.68895004
1691638492000,0.68893382,0.68893382,0.68893382
1691638493000,0.68893356,0.68893356,0.68893356
1691638494000,0.68893356,0.68893356,0.68893356
1691638495000,0.68893279,0.68893279,0.68893279
1691638496000,0.68893165,0.68893165,0.68893165
1691638497000,0.68893169,0.68893169,0.68893169
1691638498000,0.68893169,0.68893169,0.68893169
1691638499000,0.68893132,0.68893132,0.68893132
1691638500000,0.68893132,0.68893132,0.68893132
1691638501000,0.68893132,0.68893132,0.68893132
1691638502000,0.68893136,0.68893136,0.68893136
1691638503000,0.68893141,0.68893141,0.68893141
1691638504000,0.68892819,0.68892819,0.68892819
1691638505000,0.68892596,0.68892596,0.68892596
1691638506000,0.68892596,0.68892596,0.68892596
1691638507000,0.68892596,0.68892596,0.68892596
1691638508000,0.68892683,0.68892683,0.68892683
1691638509000,0.68892679,0.68892679,0.68892679
1691638510000,0.68892675,0.68892675,0.68892675
1691638511000,0.68892679,0.68892679,0.68892679
1691638512000,0.689,0.689,0.689
1691638513000,0.689,0.689,0.689
1691638514000,0.689,0.689,0.689
1691638515000,0.68893181,0.68893181,0.68893181
1691638516000,0.68891059,0.68891059,0.68891059
1691638517000,0.68891059,0.68891059,0.68891059
1691638518000,0.68891243,0.68891243,0.68891243
1691638519000,0.68891336,0.68891336,0.68891336
1691638520000,0.68891324,0.68891324,0.68891324
1691638521000,0.6889132,0.6889132,0.6889132
1691638522000,0.68891324,0.68891324,0.68891324
1691638523000,0.68891324,0.68891324,0.68891324
1691638524000,0.68891756,0.68891756,0.68891756
1691638525000,0.688918,0.688918,0.688918
1691638526000,0.68891797,0.68891797,0.68891797
1691638527000,0.689,0.689,0.689
1691638528000,0.689,0.689,0.689
1691638529000,0.689,0.689,0.689
1691638530000,0.689,0.689,0.689
1691638531000,0.689,0.689,0.689
1691638532000,0.689,0.689,0.689
1691638533000,0.689,0.689,0.689
1691638534000,0.689,0.689,0.689
1691638535000,0.689,0.689,0.689
1691638536000,0.689,0.689,0.689
1691638537000,0.689,0.689,0.689
1691638538000,0.689,0.689,0.689
1691638539000,0.689,0.689,0.689
1691638540000,0.68897899,0.68897899,0.68897899
1691638541000,0.689,0.689,0.689
1691638542000,0.689,0.689,0.689
1691638543000,0.689,0.689,0.689
1691638544000,0.689,0.689,0.689
1691638545000,0.689,0.689,0.689
1691638546000,0.689,0.689,0.689
1691638547000,0.689,0.689,0.689
1691638548000,0.689,0.689,0.689
1691638549000,0.689,0.689,0.689
1691638550000,0.689,0.689,0.689
1691638551000,0.689,0.689,0.689
1691638552000,0.689,0.689,0.689
1691638553000,0.689,0.689,0.689
1691638554000,0.689,0.689,0.689
1691638555000,0.689,0.689,0.689
1691638556000,0.689,0.689,0.689
1691638557000,0.689,0.689,0.689
1691638558000,0.689,0.689,0.689
1691638559000,0.689,0.689,0.689
1691638560000,0.68899692,0.68899692,0.68899692
1691638561000,0.68899692,0.68899692,0.68899692
1691638562000,0.689,0.689,0.689
1691638563000,0.689,0.689,0.689
1691638564000,0.689,0.689,0.689
1691638565000,0.6891,0.6891,0.6891
1691638566000,0.6891,0.6891,0.6891
1691638567000,0.6891,0.6891,0.6891
1691638568000,0.6891,0.6891,0.6891
1691638569000,0.6891,0.6891,0.6891
1691638570000,0.6891,0.6891,0.6891
1691638571000,0.6891,0.6891,0.6891
1691638572000,0.6891,0.6891,0.6891
1691638573000,0.6891,0.6891,0.6891
1691638574000,0.6891,0.6891,0.6891
1691638575000,0.6892,0.6892,0.6892
1691638576000,0.6891,0.6891,0.6891
1691638577000,0.68904449,0.68904449,0.68904449
1691638578000,0.68904542,0.68904542,0.68904542
1691638579000,0.68904449,0.68904449,0.68904449
1691638580000,0.68904453,0.68904453,0.68904453
1691638581000,0.68904942,0.68904942,0.68904942
1691638582000,0.68904906,0.68904906,0.68904906
1691638583000,0.68904906,0.68904906,0.68904906
1691638584000,0.68904906,0.68904906,0.68904906
1691638585000,0.68910308,0.68910308,0.68910308
1691638586000,0.68910555,0.68910555,0.68910555
1691638587000,0.68910563,0.68910563,0.68910563
1691638588000,0.68910559,0.68910559,0.68910559
1691638589000,0.6891,0.6891,0.6891
1691638590000,0.6891,0.6891,0.6891
1691638591000,0.6891,0.6891,0.6891
1691638592000,0.6891,0.6891,0.6891
1691638593000,0.6891,0.6891,0.6891
1691638594000,0.68903828,0.68903828,0.68903828
1691638595000,0.68903828,0.68903828,0.68903828
1691638596000,0.68903813,0.68903813,0.68903813
1691638597000,0.68903813,0.68903813,0.68903813
1691638598000,0.68903813,0.68903813,0.68903813
1691638599000,0.6892,0.6892,0.6892
1691638600000,0.6892,0.6892,0.6892
1691638601000,0.6892,0.6892,0.6892
1691638602000,0.6892,0.6892,0.6892
1691638603000,0.6892,0.6892,0.6892
1691638604000,0.6892,0.6892,0.6892
1691638605000,0.6892,0.6892,0.6892
1691638606000,0.6892,0.6892,0.6892
1691638607000,0.6892,0.6892,0.6892
1691638608000,0.6892,0.6892,0.6892
1691638609000,0.6892,0.6892,0.6892
1691638610000,0.6892,0.6892,0.6892
1691638611000,0.6892,0.6892,0.6892
1691638612000,0.6892,0.6892,0.6892
1691638613000,0.6892,0.6892,0.6892
1691638614000,0.6892,0.6892,0.6892
1691638615000,0.6892,0.6892,0.6892
1691638616000,0.6892,0.6892,0.6892
1691638617000,0.6891,0.6891,0.6891
1691638618000,0.6891,0.6891,0.6891
1691638619000,0.6891,0.6891,0.6891
1691638620000,0.6891,0.6891,0.6891
1691638621000,0.6891,0.6891,0.6891
1691638622000,0.6891,0.6891,0.6891
1691638623000,0.68910779,0.68910779,0.68910779
1691638624000,0.68910779,0.68910779,0.68910779
1691638625000,0.6892,0.6892,0.6892
1691638626000,0.6892,0.6892,0.6892
1691638627000,0.68910805,0.68910805,0.68910805
1691638628000,0.68910861,0.68910861,0.68910861
1691638629000,0.68910861,0.68910861,0.68910861
1691638630000,0.68910861,0.68910861,0.68910861
1691638631000,0.68910861,0.68910861,0.68910861
1691638632000,0.6891,0.6891,0.6891
1691638633000,0.6891,0.6891,0.6891
1691638634000,0.6891,0.6891,0.6891
1691638635000,0.6891,0.6891,0.6891
1691638636000,0.6891,0.6891,0.6891
1691638637000,0.6891,0.6891,0.6891
1691638638000,0.6891,0.6891,0.6891
1691638639000,0.6891,0.6891,0.6891
1691638640000,0.6891,0.6891,0.6891
1691638641000,0.6891,0.6891,0.6891
1691638642000,0.6891,0.6891,0.6891
1691638643000,0.6891,0.6891,0.6891
1691638644000,0.6891,0.6891,0.6891
1691638645000,0.6892,0.6892,0.6892
1691638646000,0.6892,0.6892,0.6892
1691638647000,0.6892,0.6892,0.6892
1691638648000,0.6892,0.6892,0.6892
1691638649000,0.6891,0.6891,0.6891
1691638650000,0.6891,0.6891,0.6891
1691638651000,0.6891,0.6891,0.6891
1691638652000,0.6891,0.6891,0.6891
1691638653000,0.6891,0.6891,0.6891
1691638654000,0.6891,0.6891,0.6891
1691638655000,0.6891,0.6891,0.6891
1691638656000,0.6891,0.6891,0.6891
1691638657000,0.6891,0.6891,0.6891
1691638658000,0.6891,0.6891,0.6891
1691638659000,0.6891,0.6891,0.6891
1691638660000,0.6891,0.6891,0.6891
1691638661000,0.6892,0.6892,0.6892
1691638662000,0.68921585,0.68921585,0.68921585
1691638663000,0.68921646,0.68921646,0.68921646
1691638664000,0.68921963,0.68921963,0.68921963
1691638665000,0.68921963,0.68921963,0.68921963
1691638666000,0.6892187,0.6892187,0.6892187
1691638667000,0.68921963,0.68921963,0.68921963
1691638668000,0.6893,0.6893,0.6893
1691638669000,0.68922055,0.68922055,0.68922055
1691638670000,0.6892746,0.6892746,0.6892746
1691638671000,0.6892746,0.6892746,0.6892746
1691638672000,0.68927367,0.68927367,0.68927367
1691638673000,0.68927367,0.68927367,0.68927367
1691638674000,0.6892739,0.6892739,0.6892739
1691638675000,0.6892739,0.6892739,0.6892739
1691638676000,0.6892739,0.6892739,0.6892739
1691638677000,0.6892739,0.6892739,0.6892739
1691638678000,0.6895,0.6895,0.6895
1691638679000,0.6896,0.6896,0.6896
1691638680000,0.6895,0.6895,0.6895
1691638681000,0.6895,0.6895,0.6895
1691638682000,0.6895,0.6895,0.6895
1691638683000,0.6895,0.6895,0.6895
1691638684000,0.6895,0.6895,0.6895
1691638685000,0.6896,0.6896,0.6896
1691638686000,0.6896,0.6896,0.6896
1691638687000,0.6895,0.6895,0.6895
1691638688000,0.6895,0.6895,0.6895
1691638689000,0.6895,0.6895,0.6895
1691638690000,0.6895,0.6895,0.6895
1691638691000,0.6895,0.6895,0.6895
1691638692000,0.6895,0.6895,0.6895
1691638693000,0.6895,0.6895,0.6895
1691638694000,0.6895,0.6895,0.6895
1691638695000,0.6895,0.6895,0.6895
1691638696000,0.6895,0.6895,0.6895
1691638697000,0.6895,0.6895,0.6895
1691638698000,0.6895,0.6895,0.6895
1691638699000,0.6895,0.6895,0.6895
1691638700000,0.6895,0.6895,0.6895
1691638701000,0.6895,0.6895,0.6895
1691638702000,0.6895,0.6895,0.6895
1691638703000,0.6895,0.6895,0.6895
1691638704000,0.6895,0.6895,0.6895
1691638705000,0.6895,0.6895,0.6895
1691638706000,0.6895,0.6895,0.6895
1691638707000,0.68943932,0.68943932,0.68943932
1691638708000,0.68943932,0.68943932,0.68943932
1691638709000,0.68943916,0.68943916,0.68943916
1691638710000,0.68943798,0.68943798,0.68943798
1691638711000,0.68943794,0.68943794,0.68943794
1691638712000,0.6894,0.6894,0.6894
1691638713000,0.6894,0.6894,0.6894
1691638714000,0.6894,0.6894,0.6894
1691638715000,0.6894,0.6894,0.6894
1691638716000,0.6894,0.6894,0.6894
1691638717000,0.6894,0.6894,0.6894
1691638718000,0.6894,0.6894,0.6894
1691638719000,0.6894,0.6894,0.6894
1691638720000,0.6894,0.6894,0.6894
1691638721000,0.6894,0.6894,0.6894
1691638722000,0.6894,0.6894,0.6894
1691638723000,0.6894,0.6894,0.6894
1691638724000,0.6894,0.6894,0.6894
1691638725000,0.6894,0.6894,0.6894
1691638726000,0.6894,0.6894,0.6894
1691638727000,0.6894,0.6894,0.6894
1691638728000,0.6894,0.6894,0.6894
1691638729000,0.68943477,0.68943477,0.68943477
1691638730000,0.68943384,0.68943384,0.68943384
1691638731000,0.6894335,0.6894335,0.6894335
1691638732000,0.6894,0.6894,0.6894
1691638733000,0.68937945,0.68937945,0.68937945
1691638734000,0.6894,0.6894,0.6894
1691638735000,0.6894,0.6894,0.6894
1691638736000,0.6894,0.6894,0.6894
1691638737000,0.6895,0.6895,0.6895
1691638738000,0.6895,0.6895,0.6895
1691638739000,0.6895,0.6895,0.6895
1691638740000,0.6895,0.6895,0.6895
1691638741000,0.6895,0.6895,0.6895
1691638742000,0.6895,0.6895,0.6895
1691638743000,0.6895,0.6895,0.6895
1691638744000,0.68944089,0.68944089,0.68944089
1691638745000,0.68944093,0.68944093,0.68944093
1691638746000,0.68944093,0.68944093,0.68944093
1691638747000,0.6895,0.6895,0.6895
1691638748000,0.6895,0.6895,0.6895
1691638749000,0.6895,0.6895,0.6895
1691638750000,0.6895,0.6895,0.6895
1691638751000,0.6895,0.6895,0.6895
1691638752000,0.6894329,0.6894329,0.6894329
1691638753000,0.68940047,0.68940047,0.68940047
1691638754000,0.6891199,0.6891199,0.6891199
1691638755000,0.68910887,0.68910887,0.68910887
1691638756000,0.68910887,0.68910887,0.68910887
1691638757000,0.68910681,0.68910681,0.68910681
1691638758000,0.68910681,0.68910681,0.68910681
1691638759000,0.68910983,0.68910983,0.68910983
1691638760000,0.68910902,0.68910902,0.68910902
1691638761000,0.68910902,0.68910902,0.68910902
1691638762000,0.68910693,0.68910693,0.68910693
1691638763000,0.68910786,0.68910786,0.68910786
1691638764000,0.68910786,0.68910786,0.68910786
1691638765000,0.68910786,0.68910786,0.68910786
1691638766000,0.68910676,0.68910676,0.68910676
1691638767000,0.68910407,0.68910407,0.68910407
1691638768000,0.68910501,0.68910501,0.68910501
1691638769000,0.68910501,0.68910501,0.68910501
1691638770000,0.6889971,0.6889971,0.6889971
1691638771000,0.689,0.689,0.689
1691638772000,0.689,0.689,0.689
1691638773000,0.689,0.689,0.689
1691638774000,0.689,0.689,0.689
1691638775000,0.689,0.689,0.689
1691638776000,0.689,0.689,0.689
1691638777000,0.68897643,0.68897643,0.68897643
1691638778000,0.68897844,0.68897844,0.68897844
1691638779000,0.68897844,0.68897844,0.68897844
1691638780000,0.68897844,0.68897844,0.68897844
1691638781000,0.68897844,0.68897844,0.68897844
1691638782000,0.68897714,0.68897714,0.68897714
1691638783000,0.68897688,0.68897688,0.68897688
1691638784000,0.68897688,0.68897688,0.68897688
1691638785000,0.68897688,0.68897688,0.68897688
1691638786000,0.68897453,0.68897453,0.68897453
1691638787000,0.68897453,0.68897453,0.68897453
1691638788000,0.68897421,0.68897421,0.68897421
1691638789000,0.68897421,0.68897421,0.68897421
1691638790000,0.68897425,0.68897425,0.68897425
1691638791000,0.68892487,0.68892487,0.68892487
1691638792000,0.68892487,0.68892487,0.68892487
1691638793000,0.68892534,0.68892534,0.68892534
1691638794000,0.68892534,0.68892534,0.68892534
1691638795000,0.68892531,0.68892531,0.68892531
1691638796000,0.68892466,0.68892466,0.68892466
1691638797000,0.68892466,0.68892466,0.68892466
1691638798000,0.68892466,0.68892466,0.68892466
1691638799000,0.68892566,0.68892566,0.68892566
1691638800000,0.68892566,0.68892566,0.68892566
1691638801000,0.68892565,0.68892565,0.68892565
1691638802000,0.689,0.689,0.689
1691638803000,0.68902768,0.68902768,0.68902768
1691638804000,0.68902866,0.68902866,0.68902866
1691638805000,0.68902866,0.68902866,0.68902866
1691638806000,0.68902866,0.68902866,0.68902866
1691638807000,0.68903267,0.68903267,0.68903267
1691638808000,0.68903271,0.68903271,0.68903271
1691638809000,0.68903619,0.68903619,0.68903619
1691638810000,0.68903619,0.68903619,0.68903619
1691638811000,0.68903566,0.68903566,0.68903566
1691638812000,0.68903566,0.68903566,0.68903566
1691638813000,0.68904373,0.68904373,0.68904373
1691638814000,0.68904452,0.68904452,0.68904452
1691638815000,0.68904452,0.68904452,0.68904452
1691638816000,0.68904452,0.68904452,0.68904452
1691638817000,0.68904367,0.68904367,0.68904367
1691638818000,0.6891,0.6891,0.6891
1691638819000,0.6891,0.6891,0.6891
1691638820000,0.6891,0.6891,0.6891
1691638821000,0.68904571,0.68904571,0.68904571
1691638822000,0.68904571,0.68904571,0.68904571
1691638823000,0.68904766,0.68904766,0.68904766
1691638824000,0.68904859,0.68904859,0.68904859
1691638825000,0.68904893,0.68904893,0.68904893
1691638826000,0.68905853,0.68905853,0.68905853
1691638827000,0.68905952,0.68905952,0.68905952
1691638828000,0.68905949,0.68905949,0.68905949
1691638829000,0.6891,0.6891,0.6891
1691638830000,0.68911295,0.68911295,0.68911295
1691638831000,0.68911626,0.68911626,0.68911626
1691638832000,0.68911626,0.68911626,0.68911626
1691638833000,0.68911783,0.68911783,0.68911783
1691638834000,0.68911783,0.68911783,0.68911783
1691638835000,0.68917108,0.68917108,0.68917108
1691638836000,0.68917108,0.68917108,0.68917108
1691638837000,0.68917193,0.68917193,0.68917193
1691638838000,0.68917193,0.68917193,0.68917193
1691638839000,0.689171,0.689171,0.689171
1691638840000,0.68917186,0.68917186,0.68917186
1691638841000,0.68917182,0.68917182,0.68917182
1691638842000,0.68917303,0.68917303,0.68917303
1691638843000,0.68917396,0.68917396,0.68917396
1691638844000,0.6892,0.6892,0.6892
1691638845000,0.6892,0.6892,0.6892
1691638846000,0.6892,0.6892,0.6892
1691638847000,0.6892,0.6892,0.6892
1691638848000,0.68911988,0.68911988,0.68911988
1691638849000,0.68911988,0.68911988,0.68911988
1691638850000,0.68911988,0.68911988,0.68911988
1691638851000,0.68912189,0.68912189,0.68912189
1691638852000,0.68912156,0.68912156,0.68912156
1691638853000,0.68912156,0.68912156,0.68912156
1691638854000,0.68912156,0.68912156,0.68912156
1691638855000,0.68912156,0.68912156,0.68912156
1691638856000,0.68912358,0.68912358,0.68912358
1691638857000,0.68912452,0.68912452,0.68912452
1691638858000,0.6892,0.6892,0.6892
1691638859000,0.6892,0.6892,0.6892
1691638860000,0.6892,0.6892,0.6892
1691638861000,0.6892,0.6892,0.6892
1691638862000,0.6892,0.6892,0.6892
1691638863000,0.68913204,0.68913204,0.68913204
1691638864000,0.6892,0.6892,0.6892
1691638865000,0.68913111,0.68913111,0.68913111
1691638866000,0.689129,0.689129,0.689129
1691638867000,0.689129,0.689129,0.689129
1691638868000,0.68912758,0.68912758,0.68912758
1691638869000,0.68912758,0.68912758,0.68912758
1691638870000,0.68912762,0.68912762,0.68912762
1691638871000,0.68912499,0.68912499,0.68912499
1691638872000,0.68912499,0.68912499,0.68912499
1691638873000,0.68912443,0.68912443,0.68912443
1691638874000,0.68905416,0.68905416,0.68905416
1691638875000,0.68905416,0.68905416,0.68905416
1691638876000,0.6890482,0.6890482,0.6890482
1691638877000,0.68904914,0.68904914,0.68904914
1691638878000,0.68904914,0.68904914,0.68904914
1691638879000,0.68904634,0.68904634,0.68904634
1691638880000,0.68904634,0.68904634,0.68904634
1691638881000,0.689,0.689,0.689
1691638882000,0.689,0.689,0.689
1691638883000,0.689,0.689,0.689
1691638884000,0.689,0.689,0.689
1691638885000,0.689,0.689,0.689
1691638886000,0.689,0.689,0.689
1691638887000,0.689,0.689,0.689
1691638888000,0.68899093,0.68899093,0.68899093
1691638889000,0.68899097,0.68899097,0.68899097
1691638890000,0.68899093,0.68899093,0.68899093
1691638891000,0.68893488,0.68893488,0.68893488
1691638892000,0.68893419,0.68893419,0.68893419
1691638893000,0.68893212,0.68893212,0.68893212
1691638894000,0.68893212,0.68893212,0.68893212
1691638895000,0.68893209,0.68893209,0.68893209
1691638896000,0.68893209,0.68893209,0.68893209
1691638897000,0.6889,0.6889,0.6889
1691638898000,0.6889,0.6889,0.6889
1691638899000,0.6889,0.6889,0.6889
1691638900000,0.6889,0.6889,0.6889
1691638901000,0.6889,0.6889,0.6889
1691638902000,0.6889,0.6889,0.6889
1691638903000,0.6889,0.6889,0.6889
1691638904000,0.6889,0.6889,0.6889
1691638905000,0.6889,0.6889,0.6889
1691638906000,0.6889,0.6889,0.6889
1691638907000,0.6889,0.6889,0.6889
1691638908000,0.6889,0.6889,0.6889
1691638909000,0.6889,0.6889,0.6889
1691638910000,0.6889,0.6889,0.6889
1691638911000,0.6889,0.6889,0.6889
1691638912000,0.6889,0.6889,0.6889
1691638913000,0.6889,0.6889,0.6889
1691638914000,0.6889,0.6889,0.6889
1691638915000,0.6889,0.6889,0.6889
1691638916000,0.68880488,0.68880488,0.68880488
1691638917000,0.68880485,0.68880485,0.68880485
1691638918000,0.68880321,0.68880321,0.68880321
1691638919000,0.6889,0.6889,0.6889
1691638920000,0.6889,0.6889,0.6889
1691638921000,0.6889,0.6889,0.6889
1691638922000,0.6889,0.6889,0.6889
1691638923000,0.6889,0.6889,0.6889
1691638924000,0.6889,0.6889,0.6889
1691638925000,0.6889,0.6889,0.6889
1691638926000,0.6889,0.6889,0.6889
1691638927000,0.6889,0.6889,0.6889
1691638928000,0.6889,0.6889,0.6889
1691638929000,0.6888,0.6888,0.6888
1691638930000,0.68886429,0.68886429,0.68886429
1691638931000,0.68886429,0.68886429,0.68886429
1691638932000,0.68886429,0.68886429,0.68886429
1691638933000,0.68886522,0.68886522,0.68886522
1691638934000,0.6888634,0.6888634,0.6888634
1691638935000,0.6888634,0.6888634,0.6888634
1691638936000,0.68886344,0.68886344,0.68886344
1691638937000,0.6888634,0.6888634,0.6888634
1691638938000,0.6888634,0.6888634,0.6888634
1691638939000,0.68886209,0.68886209,0.68886209
1691638940000,0.68886213,0.68886213,0.68886213
1691638941000,0.68886213,0.68886213,0.68886213
1691638942000,0.68886209,0.68886209,0.68886209
1691638943000,0.68886209,0.68886209,0.68886209
1691638944000,0.68886079,0.68886079,0.68886079
1691638945000,0.68886111,0.68886111,0.68886111
1691638946000,0.68886018,0.68886018,0.68886018
1691638947000,0.68886014,0.68886014,0.68886014
1691638948000,0.68886014,0.68886014,0.68886014
1691638949000,0.68885979,0.68885979,0.68885979
1691638950000,0.68885914,0.68885914,0.68885914
1691638951000,0.68885917,0.68885917,0.68885917
1691638952000,0.68885917,0.68885917,0.68885917
1691638953000,0.68885917,0.68885917,0.68885917
1691638954000,0.68885785,0.68885785,0.68885785
1691638955000,0.68885777,0.68885777,0.68885777
1691638956000,0.68885777,0.68885777,0.68885777
1691638957000,0.68885777,0.68885777,0.68885777
1691638958000,0.68885777,0.68885777,0.68885777
1691638959000,0.68885777,0.68885777,0.68885777
1691638960000,0.6888566,0.6888566,0.6888566
1691638961000,0.6888566,0.6888566,0.6888566
1691638962000,0.6888566,0.6888566,0.6888566
1691638963000,0.6888566,0.6888566,0.6888566
1691638964000,0.68880254,0.68880254,0.68880254
1691638965000,0.6889,0.6889,0.6889
1691638966000,0.6889,0.6889,0.6889
1691638967000,0.6889,0.6889,0.6889
1691638968000,0.6889,0.6889,0.6889
1691638969000,0.6889,0.6889,0.6889
1691638970000,0.6889,0.6889,0.6889
1691638971000,0.6889,0.6889,0.6889
1691638972000,0.6889,0.6889,0.6889
1691638973000,0.6889,0.6889,0.6889
1691638974000,0.6889,0.6889,0.6889
1691638975000,0.6889,0.6889,0.6889
1691638976000,0.6889,0.6889,0.6889
1691638977000,0.68880094,0.68880094,0.68880094
1691638978000,0.68880094,0.68880094,0.68880094
1691638979000,0.68880094,0.68880094,0.68880094
1691638980000,0.6889,0.6889,0.6889
1691638981000,0.6889,0.6889,0.6889
1691638982000,0.6889,0.6889,0.6889
1691638983000,0.6889,0.6889,0.6889
1691638984000,0.6889,0.6889,0.6889
1691638985000,0.6889,0.6889,0.6889
1691638986000,0.6889,0.6889,0.6889
1691638987000,0.6889,0.6889,0.6889
1691638988000,0.6889,0.6889,0.6889
1691638989000,0.6889,0.6889,0.6889
1691638990000,0.6889,0.6889,0.6889
1691638991000,0.6889,0.6889,0.6889
1691638992000,0.6889,0.6889,0.6889
1691638993000,0.6889,0.6889,0.6889
1691638994000,0.6889,0.6889,0.6889
1691638995000,0.6889,0.6889,0.6889
1691638996000,0.6889,0.6889,0.6889
1691638997000,0.6889,0.6889,0.6889
1691638998000,0.6889,0.6889,0.6889
1691638999000,0.6889,0.6889,0.6889
1691639000000,0.6889,0.6889,0.6889
1691639001000,0.6889,0.6889,0.6889
1691639002000,0.6889,0.6889,0.6889
1691639003000,0.6889,0.6889,0.6889
1691639004000,0.6889,0.6889,0.6889
1691639005000,0.6889,0.6889,0.6889
1691639006000,0.6889,0.6889,0.6889
1691639007000,0.6889,0.6889,0.6889
1691639008000,0.6889,0.6889,0.6889
1691639009000,0.6889,0.6889,0.6889
1691639010000,0.6889,0.6889,0.6889
1691639011000,0.6889,0.6889,0.6889
1691639012000,0.6889,0.6889,0.6889
1691639013000,0.6889,0.6889,0.6889
1691639014000,0.6891,0.6891,0.6891
1691639015000,0.6891,0.6891,0.6891
1691639016000,0.6889,0.6889,0.6889
1691639017000,0.68888661,0.68888661,0.68888661
1691639018000,0.68888522,0.68888522,0.68888522
1691639019000,0.68888429,0.68888429,0.68888429
1691639020000,0.68889037,0.68889037,0.68889037
1691639021000,0.68888624,0.68888624,0.68888624
1691639022000,0.68882919,0.68882919,0.68882919
1691639023000,0.68882112,0.68882112,0.68882112
1691639024000,0.68882112,0.68882112,0.68882112
1691639025000,0.68882112,0.68882112,0.68882112
1691639026000,0.68882108,0.68882108,0.68882108
1691639027000,0.68881732,0.68881732,0.68881732
1691639028000,0.68881825,0.68881825,0.68881825
1691639029000,0.68881825,0.68881825,0.68881825
1691639030000,0.68881736,0.68881736,0.68881736
1691639031000,0.68881825,0.68881825,0.68881825
1691639032000,0.68881527,0.68881527,0.68881527
1691639033000,0.68881527,0.68881527,0.68881527
1691639034000,0.68881624,0.68881624,0.68881624
1691639035000,0.6888162,0.6888162,0.6888162
1691639036000,0.6887081,0.6887081,0.6887081
1691639037000,0.68870684,0.68870684,0.68870684
1691639038000,0.68870688,0.68870688,0.68870688
1691639039000,0.68870684,0.68870684,0.68870684
1691639040000,0.6888,0.6888,0.6888
1691639041000,0.6888,0.6888,0.6888
1691639042000,0.6888,0.6888,0.6888
1691639043000,0.6888,0.6888,0.6888
1691639044000,0.6888,0.6888,0.6888
1691639045000,0.6888,0.6888,0.6888
1691639046000,0.6888,0.6888,0.6888
1691639047000,0.6888,0.6888,0.6888
1691639048000,0.6888,0.6888,0.6888
1691639049000,0.6888,0.6888,0.6888
1691639050000,0.6888,0.6888,0.6888
1691639051000,0.6888,0.6888,0.6888
1691639052000,0.6888,0.6888,0.6888
1691639053000,0.6888,0.6888,0.6888
1691639054000,0.6888,0.6888,0.6888
1691639055000,0.6888,0.6888,0.6888
1691639056000,0.6888,0.6888,0.6888
1691639057000,0.68870575,0.68870575,0.68870575
1691639058000,0.68872473,0.68872473,0.68872473
1691639059000,0.68872473,0.68872473,0.68872473
1691639060000,0.68872473,0.68872473,0.68872473
1691639061000,0.68872376,0.68872376,0.68872376
1691639062000,0.68872376,0.68872376,0.68872376
1691639063000,0.68872625,0.68872625,0.68872625
1691639064000,0.68872625,0.68872625,0.68872625
1691639065000,0.68872625,0.68872625,0.68872625
1691639066000,0.68872722,0.68872722,0.68872722
1691639067000,0.68872718,0.68872718,0.68872718
1691639068000,0.68872718,0.68872718,0.68872718
1691639069000,0.68878375,0.68878375,0.68878375
1691639070000,0.68878375,0.68878375,0.68878375
1691639071000,0.68878375,0.68878375,0.68878375
1691639072000,0.68878378,0.68878378,0.68878378
1691639073000,0.68878378,0.68878378,0.68878378
1691639074000,0.68878265,0.68878265,0.68878265
1691639075000,0.68878262,0.68878262,0.68878262
1691639076000,0.68872856,0.68872856,0.68872856
1691639077000,0.68872856,0.68872856,0.68872856
1691639078000,0.68872856,0.68872856,0.68872856
1691639079000,0.68878243,0.68878243,0.68878243
1691639080000,0.68878243,0.68878243,0.68878243
1691639081000,0.6887834,0.6887834,0.6887834
1691639082000,0.6887834,0.6887834,0.6887834
1691639083000,0.6887834,0.6887834,0.6887834
1691639084000,0.68878457,0.68878457,0.68878457
1691639085000,0.68878457,0.68878457,0.68878457
1691639086000,0.68878453,0.68878453,0.68878453
1691639087000,0.6888,0.6888,0.6888
1691639088000,0.6888,0.6888,0.6888
1691639089000,0.68878566,0.68878566,0.68878566
1691639090000,0.68878566,0.68878566,0.68878566
1691639091000,0.68878566,0.68878566,0.68878566
1691639092000,0.68875323,0.68875323,0.68875323
1691639093000,0.68873717,0.68873717,0.68873717
1691639094000,0.6887,0.6887,0.6887
1691639095000,0.6887,0.6887,0.6887
1691639096000,0.6887,0.6887,0.6887
1691639097000,0.6887,0.6887,0.6887
1691639098000,0.6887,0.6887,0.6887
1691639099000,0.6887,0.6887,0.6887
1691639100000,0.6887,0.6887,0.6887
1691639101000,0.6887,0.6887,0.6887
1691639102000,0.6887,0.6887,0.6887
1691639103000,0.6887,0.6887,0.6887
1691639104000,0.6887,0.6887,0.6887
1691639105000,0.6887,0.6887,0.6887
1691639106000,0.6887,0.6887,0.6887
1691639107000,0.68861854,0.68861854,0.68861854
1691639108000,0.68861854,0.68861854,0.68861854
1691639109000,0.68856394,0.68856394,0.68856394
1691639110000,0.68856515,0.68856515,0.68856515
1691639111000,0.68856511,0.68856511,0.68856511
1691639112000,0.68856511,0.68856511,0.68856511
1691639113000,0.68856511,0.68856511,0.68856511
1691639114000,0.68856442,0.68856442,0.68856442
1691639115000,0.68856189,0.68856189,0.68856189
1691639116000,0.68856192,0.68856192,0.68856192
1691639117000,0.68856189,0.68856189,0.68856189
1691639118000,0.68856189,0.68856189,0.68856189
1691639119000,0.68856133,0.68856133,0.68856133
1691639120000,0.68855835,0.68855835,0.68855835
1691639121000,0.68851707,0.68851707,0.68851707
1691639122000,0.68851707,0.68851707,0.68851707
1691639123000,0.68850315,0.68850315,0.68850315
1691639124000,0.68850315,0.68850315,0.68850315
1691639125000,0.68850245,0.68850245,0.68850245
1691639126000,0.68850007,0.68850007,0.68850007
1691639127000,0.68850007,0.68850007,0.68850007
1691639128000,0.68849927,0.68849927,0.68849927
1691639129000,0.68849819,0.68849819,0.68849819
1691639130000,0.68845167,0.68845167,0.68845167
1691639131000,0.6885,0.6885,0.6885
1691639132000,0.6885,0.6885,0.6885
1691639133000,0.6885,0.6885,0.6885
1691639134000,0.6886,0.6886,0.6886
1691639135000,0.6887,0.6887,0.6887
1691639136000,0.6887,0.6887,0.6887
1691639137000,0.6887,0.6887,0.6887
1691639138000,0.6887,0.6887,0.6887
1691639139000,0.6887,0.6887,0.6887
1691639140000,0.6887,0.6887,0.6887
1691639141000,0.6886,0.6886,0.6886
1691639142000,0.6886,0.6886,0.6886
1691639143000,0.6886,0.6886,0.6886
1691639144000,0.6886,0.6886,0.6886
1691639145000,0.6886,0.6886,0.6886
1691639146000,0.6886,0.6886,0.6886
1691639147000,0.6887,0.6887,0.6887
1691639148000,0.6886,0.6886,0.6886
1691639149000,0.6886,0.6886,0.6886
1691639150000,0.6886,0.6886,0.6886
1691639151000,0.6886,0.6886,0.6886
1691639152000,0.6886,0.6886,0.6886
1691639153000,0.6886,0.6886,0.6886
1691639154000,0.6886,0.6886,0.6886
1691639155000,0.6886,0.6886,0.6886
1691639156000,0.6886,0.6886,0.6886
1691639157000,0.6886,0.6886,0.6886
1691639158000,0.6886,0.6886,0.6886
1691639159000,0.6886,0.6886,0.6886
1691639160000,0.6886,0.6886,0.6886
1691639161000,0.6886,0.6886,0.6886
1691639162000,0.6887,0.6887,0.6887
1691639163000,0.6887,0.6887,0.6887
1691639164000,0.6887,0.6887,0.6887
1691639165000,0.6887,0.6887,0.6887
1691639166000,0.6887,0.6887,0.6887
1691639167000,0.6887,0.6887,0.6887
1691639168000,0.68868433,0.68868433,0.68868433
1691639169000,0.68868433,0.68868433,0.68868433
1691639170000,0.68868528,0.68868528,0.68868528
1691639171000,0.68868608,0.68868608,0.68868608
1691639172000,0.68868791,0.68868791,0.68868791
1691639173000,0.68868791,0.68868791,0.68868791
1691639174000,0.68868791,0.68868791,0.68868791
1691639175000,0.6886871,0.6886871,0.6886871
1691639176000,0.68868745,0.68868745,0.68868745
1691639177000,0.68868745,0.68868745,0.68868745
1691639178000,0.68868813,0.68868813,0.68868813
1691639179000,0.68868813,0.68868813,0.68868813
1691639180000,0.68868844,0.68868844,0.68868844
1691639181000,0.68868761,0.68868761,0.68868761
1691639182000,0.68868764,0.68868764,0.68868764
1691639183000,0.6886417,0.6886417,0.6886417
1691639184000,0.6886417,0.6886417,0.6886417
1691639185000,0.6886416,0.6886416,0.6886416
1691639186000,0.68864243,0.68864243,0.68864243
1691639187000,0.6886424,0.6886424,0.6886424
1691639188000,0.6886429,0.6886429,0.6886429
1691639189000,0.6886429,0.6886429,0.6886429
1691639190000,0.68864329,0.68864329,0.68864329
1691639191000,0.68864249,0.68864249,0.68864249
1691639192000,0.6887,0.6887,0.6887
1691639193000,0.6887,0.6887,0.6887
1691639194000,0.6887,0.6887,0.6887
1691639195000,0.6887,0.6887,0.6887
1691639196000,0.6887,0.6887,0.6887
1691639197000,0.6886,0.6886,0.6886
1691639198000,0.6886,0.6886,0.6886
1691639199000,0.6886,0.6886,0.6886
1691639200000,0.6886,0.6886,0.6886
1691639201000,0.6886,0.6886,0.6886
1691639202000,0.6886,0.6886,0.6886
1691639203000,0.6886,0.6886,0.6886
1691639204000,0.6886,0.6886,0.6886
1691639205000,0.6886,0.6886,0.6886
1691639206000,0.6886,0.6886,0.6886
1691639207000,0.6886,0.6886,0.6886
1691639208000,0.6886,0.6886,0.6886
1691639209000,0.6886,0.6886,0.6886
1691639210000,0.6886,0.6886,0.6886
1691639211000,0.6886,0.6886,0.6886
1691639212000,0.6886,0.6886,0.6886
1691639213000,0.6886,0.6886,0.6886
1691639214000,0.6886,0.6886,0.6886
1691639215000,0.6886,0.6886,0.6886
1691639216000,0.6886,0.6886,0.6886
1691639217000,0.6886,0.6886,0.6886
1691639218000,0.6886,0.6886,0.6886
1691639219000,0.6886,0.6886,0.6886
1691639220000,0.6886,0.6886,0.6886
1691639221000,0.6886,0.6886,0.6886
1691639222000,0.6886,0.6886,0.6886
1691639223000,0.68860476,0.68860476,0.68860476
1691639224000,0.6886037,0.6886037,0.6886037
1691639225000,0.6886,0.6886,0.6886
1691639226000,0.6886,0.6886,0.6886
1691639227000,0.6886,0.6886,0.6886
1691639228000,0.68855705,0.68855705,0.68855705
1691639229000,0.68855785,0.68855785,0.68855785
1691639230000,0.68855667,0.68855667,0.68855667
1691639231000,0.68855667,0.68855667,0.68855667
1691639232000,0.68855503,0.68855503,0.68855503
1691639233000,0.6887,0.6887,0.6887
1691639234000,0.6886,0.6886,0.6886
1691639235000,0.6886,0.6886,0.6886
1691639236000,0.6886,0.6886,0.6886
1691639237000,0.6886,0.6886,0.6886
1691639238000,0.6886,0.6886,0.6886
1691639239000,0.6886,0.6886,0.6886
1691639240000,0.6886,0.6886,0.6886
1691639241000,0.6886,0.6886,0.6886
1691639242000,0.6886,0.6886,0.6886
1691639243000,0.6886,0.6886,0.6886
1691639244000,0.6886,0.6886,0.6886
1691639245000,0.6886,0.6886,0.6886
1691639246000,0.6886,0.6886,0.6886
1691639247000,0.6886,0.6886,0.6886
1691639248000,0.6886,0.6886,0.6886
1691639249000,0.6886,0.6886,0.6886
1691639250000,0.68860828,0.68860828,0.68860828
1691639251000,0.68860828,0.68860828,0.68860828
1691639252000,0.68860828,0.68860828,0.68860828
1691639253000,0.68860957,0.68860957,0.68860957
1691639254000,0.68860957,0.68860957,0.68860957
1691639255000,0.68860957,0.68860957,0.68860957
1691639256000,0.68861062,0.68861062,0.68861062
1691639257000,0.68861058,0.68861058,0.68861058
1691639258000,0.68861058,0.68861058,0.68861058
1691639259000,0.68861058,0.68861058,0.68861058
1691639260000,0.68860978,0.68860978,0.68860978
1691639261000,0.68861064,0.68861064,0.68861064
1691639262000,0.68861091,0.68861091,0.68861091
1691639263000,0.68861171,0.68861171,0.68861171
1691639264000,0.68861171,0.68861171,0.68861171
1691639265000,0.68861171,0.68861171,0.68861171
1691639266000,0.6886,0.6886,0.6886
1691639267000,0.6886,0.6886,0.6886
1691639268000,0.68861142,0.68861142,0.68861142
1691639269000,0.6887,0.6887,0.6887
1691639270000,0.6887,0.6887,0.6887
1691639271000,0.6887,0.6887,0.6887
1691639272000,0.6887,0.6887,0.6887
1691639273000,0.6887,0.6887,0.6887
1691639274000,0.6888,0.6888,0.6888
1691639275000,0.68858743,0.68858743,0.68858743
1691639276000,0.6885861,0.6885861,0.6885861
1691639277000,0.68858428,0.68858428,0.68858428
1691639278000,0.68858432,0.68858432,0.68858432
1691639279000,0.68858428,0.68858428,0.68858428
1691639280000,0.68858428,0.68858428,0.68858428
1691639281000,0.68858428,0.68858428,0.68858428
1691639282000,0.68858304,0.68858304,0.68858304
1691639283000,0.6886,0.6886,0.6886
1691639284000,0.6886,0.6886,0.6886
1691639285000,0.6886,0.6886,0.6886
1691639286000,0.6886,0.6886,0.6886
1691639287000,0.6886,0.6886,0.6886
1691639288000,0.6886,0.6886,0.6886
1691639289000,0.6886,0.6886,0.6886
1691639290000,0.6886,0.6886,0.6886
1691639291000,0.6886,0.6886,0.6886
1691639292000,0.6886,0.6886,0.6886
1691639293000,0.6886,0.6886,0.6886
1691639294000,0.6886,0.6886,0.6886
1691639295000,0.6886,0.6886,0.6886
1691639296000,0.6886,0.6886,0.6886
1691639297000,0.6886,0.6886,0.6886
1691639298000,0.6886,0.6886,0.6886
1691639299000,0.6886,0.6886,0.6886
1691639300000,0.6886,0.6886,0.6886
1691639301000,0.6887,0.6887,0.6887
1691639302000,0.6887,0.6887,0.6887
1691639303000,0.6887,0.6887,0.6887
1691639304000,0.6887,0.6887,0.6887
1691639305000,0.6886254,0.6886254,0.6886254
1691639306000,0.6886254,0.6886254,0.6886254
1691639307000,0.6886254,0.6886254,0.6886254
1691639308000,0.6886,0.6886,0.6886
1691639309000,0.68857654,0.68857654,0.68857654
1691639310000,0.68857654,0.68857654,0.68857654
1691639311000,0.68857654,0.68857654,0.68857654
1691639312000,0.68857731,0.68857731,0.68857731
1691639313000,0.68857627,0.68857627,0.68857627
1691639314000,0.68857767,0.68857767,0.68857767
1691639315000,0.68857767,0.68857767,0.68857767
1691639316000,0.68857767,0.68857767,0.68857767
1691639317000,0.6885769,0.6885769,0.6885769
1691639318000,0.68857603,0.68857603,0.68857603
1691639319000,0.688576,0.688576,0.688576
1691639320000,0.6886,0.6886,0.6886
1691639321000,0.6886,0.6886,0.6886
1691639322000,0.6886,0.6886,0.6886
1691639323000,0.6886,0.6886,0.6886
1691639324000,0.6886,0.6886,0.6886
1691639325000,0.68857769,0.68857769,0.68857769
1691639326000,0.68857769,0.68857769,0.68857769
1691639327000,0.68857769,0.68857769,0.68857769
1691639328000,0.6885787,0.6885787,0.6885787
1691639329000,0.6885787,0.6885787,0.6885787
1691639330000,0.68857849,0.68857849,0.68857849
1691639331000,0.68857849,0.68857849,0.68857849
1691639332000,0.68857849,0.68857849,0.68857849
1691639333000,0.68857853,0.68857853,0.68857853
1691639334000,0.68857969,0.68857969,0.68857969
1691639335000,0.68857969,0.68857969,0.68857969
1691639336000,0.68857965,0.68857965,0.68857965
1691639337000,0.68857885,0.68857885,0.68857885
1691639338000,0.6886,0.6886,0.6886
1691639339000,0.6886,0.6886,0.6886
1691639340000,0.6886,0.6886,0.6886
1691639341000,0.6886,0.6886,0.6886
1691639342000,0.6886,0.6886,0.6886
1691639343000,0.6886,0.6886,0.6886
1691639344000,0.6886,0.6886,0.6886
1691639345000,0.6886,0.6886,0.6886
1691639346000,0.6887,0.6887,0.6887
1691639347000,0.6887,0.6887,0.6887
1691639348000,0.68862963,0.68862963,0.68862963
1691639349000,0.68863191,0.68863191,0.68863191
1691639350000,0.68863188,0.68863188,0.68863188
1691639351000,0.68863188,0.68863188,0.68863188
1691639352000,0.6886,0.6886,0.6886
1691639353000,0.6886,0.6886,0.6886
1691639354000,0.6886,0.6886,0.6886
1691639355000,0.6886,0.6886,0.6886
1691639356000,0.6886,0.6886,0.6886
1691639357000,0.68863276,0.68863276,0.68863276
1691639358000,0.68863276,0.68863276,0.68863276
1691639359000,0.68863276,0.68863276,0.68863276
1691639360000,0.68863378,0.68863378,0.68863378
1691639361000,0.68863378,0.68863378,0.68863378
1691639362000,0.6886,0.6886,0.6886
1691639363000,0.6886,0.6886,0.6886
1691639364000,0.6886,0.6886,0.6886
1691639365000,0.6886,0.6886,0.6886
1691639366000,0.6886,0.6886,0.6886
1691639367000,0.6886,0.6886,0.6886
1691639368000,0.6886,0.6886,0.6886
1691639369000,0.6886,0.6886,0.6886
1691639370000,0.6886,0.6886,0.6886
1691639371000,0.6886,0.6886,0.6886
1691639372000,0.6886,0.6886,0.6886
1691639373000,0.6886,0.6886,0.6886
1691639374000,0.6886,0.6886,0.6886
1691639375000,0.6886,0.6886,0.6886
1691639376000,0.6886,0.6886,0.6886
1691639377000,0.6886,0.6886,0.6886
1691639378000,0.6886,0.6886,0.6886
1691639379000,0.6886,0.6886,0.6886
1691639380000,0.68863986,0.68863986,0.68863986
1691639381000,0.68863986,0.68863986,0.68863986
1691639382000,0.68864684,0.68864684,0.68864684
1691639383000,0.68864684,0.68864684,0.68864684
1691639384000,0.68864684,0.68864684,0.68864684
1691639385000,0.68864684,0.68864684,0.68864684
1691639386000,0.68864924,0.68864924,0.68864924
1691639387000,0.68864924,0.68864924,0.68864924
1691639388000,0.68864921,0.68864921,0.68864921
1691639389000,0.68864921,0.68864921,0.68864921
1691639390000,0.68864918,0.68864918,0.68864918
1691639391000,0.68865032,0.68865032,0.68865032
1691639392000,0.68865029,0.68865029,0.68865029
1691639393000,0.68865029,0.68865029,0.68865029
1691639394000,0.68865029,0.68865029,0.68865029
1691639395000,0.68865116,0.68865116,0.68865116
1691639396000,0.68865051,0.68865051,0.68865051
1691639397000,0.68865051,0.68865051,0.68865051
1691639398000,0.68865051,0.68865051,0.68865051
1691639399000,0.68865051,0.68865051,0.68865051
1691639400000,0.68865051,0.68865051,0.68865051
1691639401000,0.68864942,0.68864942,0.68864942
1691639402000,0.68864946,0.68864946,0.68864946
1691639403000,0.68865022,0.68865022,0.68865022
1691639404000,0.68865022,0.68865022,0.68865022
1691639405000,0.68864946,0.68864946,0.68864946
1691639406000,0.68864958,0.68864958,0.68864958
1691639407000,0.68864322,0.68864322,0.68864322
1691639408000,0.68864322,0.68864322,0.68864322
1691639409000,0.68864322,0.68864322,0.68864322
1691639410000,0.68864415,0.68864415,0.68864415
1691639411000,0.68864684,0.68864684,0.68864684
1691639412000,0.6886,0.6886,0.6886
1691639413000,0.6886,0.6886,0.6886
1691639414000,0.6886,0.6886,0.6886
1691639415000,0.6886,0.6886,0.6886
1691639416000,0.6886,0.6886,0.6886
1691639417000,0.6887,0.6887,0.6887
1691639418000,0.6887,0.6887,0.6887
1691639419000,0.68861387,0.68861387,0.68861387
1691639420000,0.68861387,0.68861387,0.68861387
1691639421000,0.68861387,0.68861387,0.68861387
1691639422000,0.68861576,0.68861576,0.68861576
1691639423000,0.68861653,0.68861653,0.68861653
1691639424000,0.68861653,0.68861653,0.68861653
1691639425000,0.68861653,0.68861653,0.68861653
1691639426000,0.68861653,0.68861653,0.68861653
1691639427000,0.6886185,0.6886185,0.6886185
1691639428000,0.6887,0.6887,0.6887
1691639429000,0.6887,0.6887,0.6887
1691639430000,0.6887,0.6887,0.6887
1691639431000,0.6887,0.6887,0.6887
1691639432000,0.6887,0.6887,0.6887
1691639433000,0.6887,0.6887,0.6887
1691639434000,0.6887,0.6887,0.6887
1691639435000,0.6887,0.6887,0.6887
1691639436000,0.6887,0.6887,0.6887
1691639437000,0.68864628,0.68864628,0.68864628
1691639438000,0.6887,0.6887,0.6887
1691639439000,0.68864711,0.68864711,0.68864711
1691639440000,0.68864708,0.68864708,0.68864708
1691639441000,0.68864572,0.68864572,0.68864572
1691639442000,0.68864572,0.68864572,0.68864572
1691639443000,0.68864308,0.68864308,0.68864308
1691639444000,0.68864308,0.68864308,0.68864308
1691639445000,0.68864308,0.68864308,0.68864308
1691639446000,0.68864308,0.68864308,0.68864308
1691639447000,0.68864308,0.68864308,0.68864308
1691639448000,0.68864047,0.68864047,0.68864047
1691639449000,0.68864047,0.68864047,0.68864047
1691639450000,0.6886405,0.6886405,0.6886405
1691639451000,0.68863977,0.68863977,0.68863977
1691639452000,0.68863977,0.68863977,0.68863977
1691639453000,0.68863718,0.68863718,0.68863718
1691639454000,0.68863718,0.68863718,0.68863718
1691639455000,0.68863718,0.68863718,0.68863718
1691639456000,0.68863718,0.68863718,0.68863718
1691639457000,0.68863718,0.68863718,0.68863718
1691639458000,0.68863424,0.68863424,0.68863424
1691639459000,0.68863424,0.68863424,0.68863424
1691639460000,0.68858693,0.68858693,0.68858693
1691639461000,0.6886,0.6886,0.6886
1691639462000,0.6886,0.6886,0.6886
1691639463000,0.68858468,0.68858468,0.68858468
1691639464000,0.68858544,0.68858544,0.68858544
1691639465000,0.68858548,0.68858548,0.68858548
1691639466000,0.6886,0.6886,0.6886
1691639467000,0.6886,0.6886,0.6886
1691639468000,0.6886,0.6886,0.6886
1691639469000,0.6886,0.6886,0.6886
1691639470000,0.6886,0.6886,0.6886
1691639471000,0.6886,0.6886,0.6886
1691639472000,0.6886,0.6886,0.6886
1691639473000,0.6886,0.6886,0.6886
1691639474000,0.6886,0.6886,0.6886
1691639475000,0.6886,0.6886,0.6886
1691639476000,0.6886,0.6886,0.6886
1691639477000,0.6886,0.6886,0.6886
1691639478000,0.6886,0.6886,0.6886
1691639479000,0.6886,0.6886,0.6886
1691639480000,0.6886,0.6886,0.6886
1691639481000,0.6886,0.6886,0.6886
1691639482000,0.6886,0.6886,0.6886
1691639483000,0.6885862,0.6885862,0.6885862
1691639484000,0.68858581,0.68858581,0.68858581
1691639485000,0.68858581,0.68858581,0.68858581
1691639486000,0.68858584,0.68858584,0.68858584
1691639487000,0.68858584,0.68858584,0.68858584
1691639488000,0.68858626,0.68858626,0.68858626
1691639489000,0.68858585,0.68858585,0.68858585
1691639490000,0.68853701,0.68853701,0.68853701
1691639491000,0.6886,0.6886,0.6886
1691639492000,0.6886,0.6886,0.6886
1691639493000,0.6886,0.6886,0.6886
1691639494000,0.6886,0.6886,0.6886
1691639495000,0.6886,0.6886,0.6886
1691639496000,0.6886,0.6886,0.6886
1691639497000,0.6886,0.6886,0.6886
1691639498000,0.6886,0.6886,0.6886
1691639499000,0.6886,0.6886,0.6886
1691639500000,0.6886,0.6886,0.6886
1691639501000,0.6886,0.6886,0.6886
1691639502000,0.6886,0.6886,0.6886
1691639503000,0.6886,0.6886,0.6886
1691639504000,0.6886,0.6886,0.6886
1691639505000,0.6886,0.6886,0.6886
1691639506000,0.6886,0.6886,0.6886
1691639507000,0.6886,0.6886,0.6886
1691639508000,0.6886,0.6886,0.6886
1691639509000,0.6886,0.6886,0.6886
1691639510000,0.6886,0.6886,0.6886
1691639511000,0.6886,0.6886,0.6886
1691639512000,0.6886,0.6886,0.6886
1691639513000,0.6886,0.6886,0.6886
1691639514000,0.6886,0.6886,0.6886
1691639515000,0.6886,0.6886,0.6886
1691639516000,0.6886,0.6886,0.6886
1691639517000,0.6886,0.6886,0.6886
1691639518000,0.6886,0.6886,0.6886
1691639519000,0.6886,0.6886,0.6886
1691639520000,0.6886,0.6886,0.6886
1691639521000,0.6886,0.6886,0.6886
1691639522000,0.6886,0.6886,0.6886
1691639523000,0.68853763,0.68853763,0.68853763
1691639524000,0.6887,0.6887,0.6887
1691639525000,0.6887,0.6887,0.6887
1691639526000,0.6888,0.6888,0.6888
1691639527000,0.6888,0.6888,0.6888
1691639528000,0.6888,0.6888,0.6888
1691639529000,0.6888,0.6888,0.6888
1691639530000,0.6888,0.6888,0.6888
1691639531000,0.6888,0.6888,0.6888
1691639532000,0.6888,0.6888,0.6888
1691639533000,0.6888,0.6888,0.6888
1691639534000,0.6888,0.6888,0.6888
1691639535000,0.6889,0.6889,0.6889
1691639536000,0.6889,0.6889,0.6889
1691639537000,0.6888,0.6888,0.6888
1691639538000,0.6888,0.6888,0.6888
1691639539000,0.6889,0.6889,0.6889
1691639540000,0.6889,0.6889,0.6889
1691639541000,0.6889,0.6889,0.6889
1691639542000,0.6889,0.6889,0.6889
1691639543000,0.6889,0.6889,0.6889
1691639544000,0.6889,0.6889,0.6889
1691639545000,0.6889,0.6889,0.6889
1691639546000,0.6889,0.6889,0.6889
1691639547000,0.6889,0.6889,0.6889
1691639548000,0.6889,0.6889,0.6889
1691639549000,0.6889,0.6889,0.6889
1691639550000,0.6889,0.6889,0.6889
1691639551000,0.6889,0.6889,0.6889
1691639552000,0.6889,0.6889,0.6889
1691639553000,0.6889,0.6889,0.6889
1691639554000,0.6889,0.6889,0.6889
1691639555000,0.6889,0.6889,0.6889
1691639556000,0.6889,0.6889,0.6889
1691639557000,0.6889,0.6889,0.6889
1691639558000,0.6889,0.6889,0.6889
1691639559000,0.6889,0.6889,0.6889
1691639560000,0.6889,0.6889,0.6889
1691639561000,0.6889,0.6889,0.6889
1691639562000,0.6888,0.6888,0.6888
1691639563000,0.6888,0.6888,0.6888
1691639564000,0.6888,0.6888,0.6888
1691639565000,0.6888,0.6888,0.6888
1691639566000,0.6888,0.6888,0.6888
1691639567000,0.6888,0.6888,0.6888
1691639568000,0.6889,0.6889,0.6889
1691639569000,0.6889,0.6889,0.6889
1691639570000,0.6889,0.6889,0.6889
1691639571000,0.6889,0.6889,0.6889
1691639572000,0.6889,0.6889,0.6889
1691639573000,0.6889,0.6889,0.6889
1691639574000,0.6889,0.6889,0.6889
1691639575000,0.6889,0.6889,0.6889
1691639576000,0.6889,0.6889,0.6889
1691639577000,0.6889,0.6889,0.6889
1691639578000,0.6889,0.6889,0.6889
1691639579000,0.6889,0.6889,0.6889
1691639580000,0.6889,0.6889,0.6889
1691639581000,0.6889,0.6889,0.6889
1691639582000,0.689,0.689,0.689
1691639583000,0.689,0.689,0.689
1691639584000,0.689,0.689,0.689
1691639585000,0.689,0.689,0.689
1691639586000,0.689,0.689,0.689
1691639587000,0.689,0.689,0.689
1691639588000,0.689,0.689,0.689
1691639589000,0.689,0.689,0.689
1691639590000,0.689,0.689,0.689
1691639591000,0.689,0.689,0.689
1691639592000,0.689,0.689,0.689
1691639593000,0.689,0.689,0.689
1691639594000,0.689,0.689,0.689
1691639595000,0.689,0.689,0.689
1691639596000,0.689,0.689,0.689
1691639597000,0.689,0.689,0.689
1691639598000,0.689,0.689,0.689
1691639599000,0.689,0.689,0.689
1691639600000,0.689,0.689,0.689
1691639601000,0.689,0.689,0.689
1691639602000,0.689,0.689,0.689
1691639603000,0.689,0.689,0.689
1691639604000,0.689,0.689,0.689
1691639605000,0.689,0.689,0.689
1691639606000,0.689,0.689,0.689
1691639607000,0.6892,0.6892,0.6892
1691639608000,0.6893,0.6893,0.6893
1691639609000,0.6893,0.6893,0.6893
1691639610000,0.6893,0.6893,0.6893
1691639611000,0.6893,0.6893,0.6893
1691639612000,0.6893,0.6893,0.6893
1691639613000,0.6893,0.6893,0.6893
1691639614000,0.6893,0.6893,0.6893
1691639615000,0.6893,0.6893,0.6893
1691639616000,0.6893,0.6893,0.6893
1691639617000,0.6893,0.6893,0.6893
1691639618000,0.6893,0.6893,0.6893
1691639619000,0.6893,0.6893,0.6893
1691639620000,0.6893,0.6893,0.6893
1691639621000,0.6893,0.6893,0.6893
1691639622000,0.6893,0.6893,0.6893
1691639623000,0.6893,0.6893,0.6893
1691639624000,0.6893,0.6893,0.6893
1691639625000,0.6893,0.6893,0.6893
1691639626000,0.6893,0.6893,0.6893
1691639627000,0.6893,0.6893,0.6893
1691639628000,0.6893,0.6893,0.6893
1691639629000,0.6893,0.6893,0.6893
1691639630000,0.6893,0.6893,0.6893
1691639631000,0.6892,0.6892,0.6892
1691639632000,0.6892,0.6892,0.6892
1691639633000,0.6892,0.6892,0.6892
1691639634000,0.6892,0.6892,0.6892
1691639635000,0.6892,0.6892,0.6892
1691639636000,0.6892,0.6892,0.6892
1691639637000,0.6893,0.6893,0.6893
1691639638000,0.6893,0.6893,0.6893
1691639639000,0.6893,0.6893,0.6893
1691639640000,0.6893,0.6893,0.6893
1691639641000,0.6892,0.6892,0.6892
1691639642000,0.6892,0.6892,0.6892
1691639643000,0.6892,0.6892,0.6892
1691639644000,0.6892,0.6892,0.6892
1691639645000,0.6892,0.6892,0.6892
1691639646000,0.6892,0.6892,0.6892
1691639647000,0.6892,0.6892,0.6892
1691639648000,0.6892,0.6892,0.6892
1691639649000,0.6892,0.6892,0.6892
1691639650000,0.6892,0.6892,0.6892
1691639651000,0.6892,0.6892,0.6892
1691639652000,0.6892,0.6892,0.6892
1691639653000,0.68922813,0.68922813,0.68922813
1691639654000,0.68922893,0.68922893,0.68922893
1691639655000,0.68922896,0.68922896,0.68922896
1691639656000,0.68923066,0.68923066,0.68923066
1691639657000,0.68923076,0.68923076,0.68923076
1691639658000,0.68923073,0.68923073,0.68923073
1691639659000,0.68923153,0.68923153,0.68923153
1691639660000,0.68923153,0.68923153,0.68923153
1691639661000,0.68923244,0.68923244,0.68923244
1691639662000,0.68923244,0.68923244,0.68923244
1691639663000,0.68923167,0.68923167,0.68923167
1691639664000,0.68923164,0.68923164,0.68923164
1691639665000,0.68923164,0.68923164,0.68923164
1691639666000,0.68923273,0.68923273,0.68923273
1691639667000,0.68926036,0.68926036,0.68926036
1691639668000,0.68926032,0.68926032,0.68926032
1691639669000,0.68926032,0.68926032,0.68926032
1691639670000,0.68926032,0.68926032,0.68926032
1691639671000,0.68926043,0.68926043,0.68926043
1691639672000,0.68926043,0.68926043,0.68926043
1691639673000,0.68921365,0.68921365,0.68921365
1691639674000,0.68921445,0.68921445,0.68921445
1691639675000,0.68921445,0.68921445,0.68921445
1691639676000,0.68921505,0.68921505,0.68921505
1691639677000,0.68921515,0.68921515,0.68921515
1691639678000,0.68921512,0.68921512,0.68921512
1691639679000,0.68921512,0.68921512,0.68921512
1691639680000,0.6893,0.6893,0.6893
1691639681000,0.6893,0.6893,0.6893
1691639682000,0.6893,0.6893,0.6893
1691639683000,0.6893,0.6893,0.6893
1691639684000,0.6893,0.6893,0.6893
1691639685000,0.6893,0.6893,0.6893
1691639686000,0.6893,0.6893,0.6893
1691639687000,0.6893,0.6893,0.6893
1691639688000,0.6893,0.6893,0.6893
1691639689000,0.6893,0.6893,0.6893
1691639690000,0.6893,0.6893,0.6893
1691639691000,0.6893,0.6893,0.6893
1691639692000,0.6893,0.6893,0.6893
1691639693000,0.6893,0.6893,0.6893
1691639694000,0.6893,0.6893,0.6893
1691639695000,0.6893,0.6893,0.6893
1691639696000,0.6894,0.6894,0.6894
1691639697000,0.6894,0.6894,0.6894
1691639698000,0.6894,0.6894,0.6894
1691639699000,0.6894,0.6894,0.6894
1691639700000,0.6894,0.6894,0.6894
1691639701000,0.6894,0.6894,0.6894
1691639702000,0.6894,0.6894,0.6894
1691639703000,0.6894,0.6894,0.6894
1691639704000,0.6894,0.6894,0.6894
1691639705000,0.6894,0.6894,0.6894
1691639706000,0.6894,0.6894,0.6894
1691639707000,0.6894,0.6894,0.6894
1691639708000,0.6893,0.6893,0.6893
1691639709000,0.6893,0.6893,0.6893
1691639710000,0.6894,0.6894,0.6894
1691639711000,0.6894,0.6894,0.6894
1691639712000,0.6894,0.6894,0.6894
1691639713000,0.6894,0.6894,0.6894
1691639714000,0.6894,0.6894,0.6894
1691639715000,0.6894,0.6894,0.6894
1691639716000,0.6894,0.6894,0.6894
1691639717000,0.6894,0.6894,0.6894
1691639718000,0.6894,0.6894,0.6894
1691639719000,0.6894,0.6894,0.6894
1691639720000,0.6894,0.6894,0.6894
1691639721000,0.6894,0.6894,0.6894
1691639722000,0.6894,0.6894,0.6894
1691639723000,0.6894,0.6894,0.6894
1691639724000,0.68941562,0.68941562,0.68941562
1691639725000,0.68941562,0.68941562,0.68941562
1691639726000,0.68941558,0.68941558,0.68941558
1691639727000,0.68941655,0.68941655,0.68941655
1691639728000,0.6894186,0.6894186,0.6894186
1691639729000,0.6894186,0.6894186,0.6894186
1691639730000,0.6894186,0.6894186,0.6894186
1691639731000,0.68941763,0.68941763,0.68941763
1691639732000,0.68941763,0.68941763,0.68941763
1691639733000,0.6895,0.6895,0.6895
1691639734000,0.6895,0.6895,0.6895
1691639735000,0.6895,0.6895,0.6895
1691639736000,0.68947763,0.68947763,0.68947763
1691639737000,0.68947763,0.68947763,0.68947763
1691639738000,0.68947682,0.68947682,0.68947682
1691639739000,0.68947743,0.68947743,0.68947743
1691639740000,0.68947743,0.68947743,0.68947743
1691639741000,0.68947743,0.68947743,0.68947743
1691639742000,0.68947743,0.68947743,0.68947743
1691639743000,0.6895,0.6895,0.6895
1691639744000,0.6895,0.6895,0.6895
1691639745000,0.6895,0.6895,0.6895
1691639746000,0.6895,0.6895,0.6895
1691639747000,0.6895,0.6895,0.6895
1691639748000,0.6895,0.6895,0.6895
1691639749000,0.6895,0.6895,0.6895
1691639750000,0.6895,0.6895,0.6895
1691639751000,0.6895,0.6895,0.6895
1691639752000,0.68942859,0.68942859,0.68942859
1691639753000,0.68942859,0.68942859,0.68942859
1691639754000,0.68942913,0.68942913,0.68942913
1691639755000,0.68942913,0.68942913,0.68942913
1691639756000,0.68942913,0.68942913,0.68942913
1691639757000,0.68942913,0.68942913,0.68942913
1691639758000,0.68942913,0.68942913,0.68942913
1691639759000,0.68942913,0.68942913,0.68942913
1691639760000,0.68942925,0.68942925,0.68942925
1691639761000,0.68942832,0.68942832,0.68942832
1691639762000,0.68942832,0.68942832,0.68942832
1691639763000,0.68942832,0.68942832,0.68942832
1691639764000,0.68942783,0.68942783,0.68942783
1691639765000,0.68942782,0.68942782,0.68942782
1691639766000,0.68942786,0.68942786,0.68942786
1691639767000,0.68942786,0.68942786,0.68942786
1691639768000,0.68942786,0.68942786,0.68942786
1691639769000,0.68942786,0.68942786,0.68942786
1691639770000,0.68939399,0.68939399,0.68939399
1691639771000,0.68939399,0.68939399,0.68939399
1691639772000,0.68928491,0.68928491,0.68928491
1691639773000,0.6893,0.6893,0.6893
1691639774000,0.68933876,0.68933876,0.68933876
1691639775000,0.68933837,0.68933837,0.68933837
1691639776000,0.68933837,0.68933837,0.68933837
1691639777000,0.6893393,0.6893393,0.6893393
1691639778000,0.68933926,0.68933926,0.68933926
1691639779000,0.68933926,0.68933926,0.68933926
1691639780000,0.68933932,0.68933932,0.68933932
1691639781000,0.68933936,0.68933936,0.68933936
1691639782000,0.68933936,0.68933936,0.68933936
1691639783000,0.68933839,0.68933839,0.68933839
1691639784000,0.68913999,0.68913999,0.68913999
1691639785000,0.68914003,0.68914003,0.68914003
1691639786000,0.68913916,0.68913916,0.68913916
1691639787000,0.68913916,0.68913916,0.68913916
1691639788000,0.68913916,0.68913916,0.68913916
1691639789000,0.68913912,0.68913912,0.68913912
1691639790000,0.68913308,0.68913308,0.68913308
1691639791000,0.68913105,0.68913105,0.68913105
1691639792000,0.68913105,0.68913105,0.68913105
1691639793000,0.68913198,0.68913198,0.68913198
1691639794000,0.68913198,0.68913198,0.68913198
1691639795000,0.68913057,0.68913057,0.68913057
1691639796000,0.68912866,0.68912866,0.68912866
1691639797000,0.68912866,0.68912866,0.68912866
1691639798000,0.68912866,0.68912866,0.68912866
1691639799000,0.68902662,0.68902662,0.68902662
1691639800000,0.68902419,0.68902419,0.68902419
1691639801000,0.68902224,0.68902224,0.68902224
1691639802000,0.68902224,0.68902224,0.68902224
1691639803000,0.68902224,0.68902224,0.68902224
1691639804000,0.68902224,0.68902224,0.68902224
1691639805000,0.68902224,0.68902224,0.68902224
1691639806000,0.68901607,0.68901607,0.68901607
1691639807000,0.68901607,0.68901607,0.68901607
1691639808000,0.68896202,0.68896202,0.68896202
1691639809000,0.68896198,0.68896198,0.68896198
1691639810000,0.68896198,0.68896198,0.68896198
1691639811000,0.68896154,0.68896154,0.68896154
1691639812000,0.68896154,0.68896154,0.68896154
1691639813000,0.68896154,0.68896154,0.68896154
1691639814000,0.68896247,0.68896247,0.68896247
1691639815000,0.68896065,0.68896065,0.68896065
1691639816000,0.68896065,0.68896065,0.68896065
1691639817000,0.68895977,0.68895977,0.68895977
1691639818000,0.68895973,0.68895973,0.68895973
1691639819000,0.6889273,0.6889273,0.6889273
1691639820000,0.68892767,0.68892767,0.68892767
1691639821000,0.68892767,0.68892767,0.68892767
1691639822000,0.68892618,0.68892618,0.68892618
1691639823000,0.68892712,0.68892712,0.68892712
1691639824000,0.68892618,0.68892618,0.68892618
1691639825000,0.68892594,0.68892594,0.68892594
1691639826000,0.68892594,0.68892594,0.68892594
1691639827000,0.68892644,0.68892644,0.68892644
1691639828000,0.6889805,0.6889805,0.6889805
1691639829000,0.68898046,0.68898046,0.68898046
1691639830000,0.68898009,0.68898009,0.68898009
1691639831000,0.68898009,0.68898009,0.68898009
1691639832000,0.68897983,0.68897983,0.68897983
1691639833000,0.68897983,0.68897983,0.68897983
1691639834000,0.68897986,0.68897986,0.68897986
1691639835000,0.68897986,0.68897986,0.68897986
1691639836000,0.68898152,0.68898152,0.68898152
1691639837000,0.68898123,0.68898123,0.68898123
1691639838000,0.6889812,0.6889812,0.6889812
1691639839000,0.68898213,0.68898213,0.68898213
1691639840000,0.68898124,0.68898124,0.68898124
1691639841000,0.68898124,0.68898124,0.68898124
1691639842000,0.68898124,0.68898124,0.68898124
1691639843000,0.68898021,0.68898021,0.68898021
1691639844000,0.68898021,0.68898021,0.68898021
1691639845000,0.68897924,0.68897924,0.68897924
1691639846000,0.68897924,0.68897924,0.68897924
1691639847000,0.68899501,0.68899501,0.68899501
1691639848000,0.68899397,0.68899397,0.68899397
1691639849000,0.68899397,0.68899397,0.68899397
1691639850000,0.68899397,0.68899397,0.68899397
1691639851000,0.68899469,0.68899469,0.68899469
1691639852000,0.68899469,0.68899469,0.68899469
1691639853000,0.68899245,0.68899245,0.68899245
1691639854000,0.68899342,0.68899342,0.68899342
1691639855000,0.68899342,0.68899342,0.68899342
1691639856000,0.68899325,0.68899325,0.68899325
1691639857000,0.68899322,0.68899322,0.68899322
1691639858000,0.68899194,0.68899194,0.68899194
1691639859000,0.68899194,0.68899194,0.68899194
1691639860000,0.68898653,0.68898653,0.68898653
1691639861000,0.68898653,0.68898653,0.68898653
1691639862000,0.68898597,0.68898597,0.68898597
1691639863000,0.68898474,0.68898474,0.68898474
1691639864000,0.68898474,0.68898474,0.68898474
1691639865000,0.68898474,0.68898474,0.68898474
1691639866000,0.68898628,0.68898628,0.68898628
1691639867000,0.68898628,0.68898628,0.68898628
1691639868000,0.68881655,0.68881655,0.68881655
1691639869000,0.68874045,0.68874045,0.68874045
1691639870000,0.68873952,0.68873952,0.68873952
1691639871000,0.68871641,0.68871641,0.68871641
1691639872000,0.68871548,0.68871548,0.68871548
1691639873000,0.68871548,0.68871548,0.68871548
1691639874000,0.68871426,0.68871426,0.68871426
1691639875000,0.68871426,0.68871426,0.68871426
1691639876000,0.688715,0.688715,0.688715
1691639877000,0.68871503,0.68871503,0.68871503
1691639878000,0.68871503,0.68871503,0.68871503
1691639879000,0.68871236,0.68871236,0.68871236
1691639880000,0.68871329,0.68871329,0.68871329
1691639881000,0.68871329,0.68871329,0.68871329
1691639882000,0.68871301,0.68871301,0.68871301
1691639883000,0.68871208,0.68871208,0.68871208
1691639884000,0.68871128,0.68871128,0.68871128
1691639885000,0.68871031,0.68871031,0.68871031
1691639886000,0.68871035,0.68871035,0.68871035
1691639887000,0.68871035,0.68871035,0.68871035
1691639888000,0.68870881,0.68870881,0.68870881
1691639889000,0.68870564,0.68870564,0.68870564
1691639890000,0.68870564,0.68870564,0.68870564
1691639891000,0.68870564,0.68870564,0.68870564
1691639892000,0.68870439,0.68870439,0.68870439
1691639893000,0.68870439,0.68870439,0.68870439
1691639894000,0.68870264,0.68870264,0.68870264
1691639895000,0.68870264,0.68870264,0.68870264
1691639896000,0.6887026,0.6887026,0.6887026
1691639897000,0.6887026,0.6887026,0.6887026
1691639898000,0.68870139,0.68870139,0.68870139
1691639899000,0.68870139,0.68870139,0.68870139
1691639900000,0.68869705,0.68869705,0.68869705
1691639901000,0.68869705,0.68869705,0.68869705
1691639902000,0.68869705,0.68869705,0.68869705
1691639903000,0.68869616,0.68869616,0.68869616
1691639904000,0.68869616,0.68869616,0.68869616
1691639905000,0.68869093,0.68869093,0.68869093
1691639906000,0.68869093,0.68869093,0.68869093
1691639907000,0.68869093,0.68869093,0.68869093
1691639908000,0.68869053,0.68869053,0.68869053
1691639909000,0.68869053,0.68869053,0.68869053
1691639910000,0.68868781,0.68868781,0.68868781
1691639911000,0.68868878,0.68868878,0.68868878
1691639912000,0.68868854,0.68868854,0.68868854
1691639913000,0.68868854,0.68868854,0.68868854
1691639914000,0.68866329,0.68866329,0.68866329
1691639915000,0.68865834,0.68865834,0.68865834
1691639916000,0.68865838,0.68865838,0.68865838
1691639917000,0.68865773,0.68865773,0.68865773
1691639918000,0.68865773,0.68865773,0.68865773
1691639919000,0.68866584,0.68866584,0.68866584
1691639920000,0.68865647,0.68865647,0.68865647
1691639921000,0.68865647,0.68865647,0.68865647
1691639922000,0.68865647,0.68865647,0.68865647
1691639923000,0.68865558,0.68865558,0.68865558
1691639924000,0.68865558,0.68865558,0.68865558
1691639925000,0.68865562,0.68865562,0.68865562
1691639926000,0.6886494,0.6886494,0.6886494
1691639927000,0.68864964,0.68864964,0.68864964
1691639928000,0.68864964,0.68864964,0.68864964
1691639929000,0.68864964,0.68864964,0.68864964
1691639930000,0.6886496,0.6886496,0.6886496
1691639931000,0.68864474,0.68864474,0.68864474
1691639932000,0.6886447,0.6886447,0.6886447
1691639933000,0.68864486,0.68864486,0.68864486
1691639934000,0.68864486,0.68864486,0.68864486
1691639935000,0.68864579,0.68864579,0.68864579
1691639936000,0.6887,0.6887,0.6887
1691639937000,0.6887,0.6887,0.6887
1691639938000,0.6887,0.6887,0.6887
1691639939000,0.68864183,0.68864183,0.68864183
1691639940000,0.6887,0.6887,0.6887
1691639941000,0.6887,0.6887,0.6887
1691639942000,0.6887,0.6887,0.6887
1691639943000,0.6888,0.6888,0.6888
1691639944000,0.6887,0.6887,0.6887
1691639945000,0.6887,0.6887,0.6887
1691639946000,0.6887,0.6887,0.6887
1691639947000,0.6887,0.6887,0.6887
1691639948000,0.6887,0.6887,0.6887
1691639949000,0.6887,0.6887,0.6887
1691639950000,0.6887,0.6887,0.6887
1691639951000,0.6887,0.6887,0.6887
1691639952000,0.6887,0.6887,0.6887
1691639953000,0.6887,0.6887,0.6887
1691639954000,0.6887,0.6887,0.6887
1691639955000,0.6887,0.6887,0.6887
1691639956000,0.6887,0.6887,0.6887
1691639957000,0.6887,0.6887,0.6887
1691639958000,0.6887,0.6887,0.6887
1691639959000,0.6888,0.6888,0.6888
1691639960000,0.6888,0.6888,0.6888
1691639961000,0.6888,0.6888,0.6888
1691639962000,0.689,0.689,0.689
1691639963000,0.689,0.689,0.689
1691639964000,0.689,0.689,0.689
1691639965000,0.689,0.689,0.689
1691639966000,0.68890414,0.68890414,0.68890414
1691639967000,0.68890297,0.68890297,0.68890297
1691639968000,0.68890297,0.68890297,0.68890297
1691639969000,0.68890305,0.68890305,0.68890305
1691639970000,0.68890305,0.68890305,0.68890305
1691639971000,0.689,0.689,0.689
1691639972000,0.689,0.689,0.689
1691639973000,0.689,0.689,0.689
1691639974000,0.689,0.689,0.689
1691639975000,0.689,0.689,0.689
1691639976000,0.689,0.689,0.689
1691639977000,0.689,0.689,0.689
1691639978000,0.689,0.689,0.689
1691639979000,0.689,0.689,0.689
1691639980000,0.689,0.689,0.689
1691639981000,0.689,0.689,0.689
1691639982000,0.689,0.689,0.689
1691639983000,0.689,0.689,0.689
1691639984000,0.689,0.689,0.689
1691639985000,0.689,0.689,0.689
1691639986000,0.689,0.689,0.689
1691639987000,0.689,0.689,0.689
1691639988000,0.689,0.689,0.689
1691639989000,0.689,0.689,0.689
1691639990000,0.689,0.689,0.689
1691639991000,0.689,0.689,0.689
1691639992000,0.689,0.689,0.689
1691639993000,0.689,0.689,0.689
1691639994000,0.689,0.689,0.689
1691639995000,0.689,0.689,0.689
1691639996000,0.689,0.689,0.689
1691639997000,0.689,0.689,0.689
1691639998000,0.689,0.689,0.689
1691639999000,0.689,0.689,0.689
1691640000000,0.689,0.689,0.689
1691640001000,0.6889,0.6889,0.6889
1691640002000,0.6889,0.6889,0.6889
1691640003000,0.6889,0.6889,0.6889
1691640004000,0.689,0.689,0.689
1691640005000,0.689,0.689,0.689
1691640006000,0.689,0.689,0.689
1691640007000,0.689,0.689,0.689
1691640008000,0.689,0.689,0.689
1691640009000,0.689,0.689,0.689
1691640010000,0.689,0.689,0.689
1691640011000,0.689,0.689,0.689
1691640012000,0.68893441,0.68893441,0.68893441
1691640013000,0.68893444,0.68893444,0.68893444
1691640014000,0.689,0.689,0.689
1691640015000,0.689,0.689,0.689
1691640016000,0.689,0.689,0.689
1691640017000,0.689,0.689,0.689
1691640018000,0.68893297,0.68893297,0.68893297
1691640019000,0.689,0.689,0.689
1691640020000,0.689,0.689,0.689
1691640021000,0.689,0.689,0.689
1691640022000,0.689,0.689,0.689
1691640023000,0.689,0.689,0.689
1691640024000,0.689,0.689,0.689
1691640025000,0.689,0.689,0.689
1691640026000,0.689,0.689,0.689
1691640027000,0.689,0.689,0.689
1691640028000,0.689,0.689,0.689
1691640029000,0.689,0.689,0.689
1691640030000,0.689,0.689,0.689
1691640031000,0.689,0.689,0.689
1691640032000,0.68892151,0.68892151,0.68892151
1691640033000,0.68892058,0.68892058,0.68892058
1691640034000,0.689,0.689,0.689
1691640035000,0.689,0.689,0.689
1691640036000,0.689,0.689,0.689
1691640037000,0.689,0.689,0.689
1691640038000,0.6889,0.6889,0.6889
1691640039000,0.689,0.689,0.689
1691640040000,0.689,0.689,0.689
1691640041000,0.689,0.689,0.689
1691640042000,0.689,0.689,0.689
1691640043000,0.689,0.689,0.689
1691640044000,0.689,0.689,0.689
1691640045000,0.689,0.689,0.689
1691640046000,0.6889,0.6889,0.6889
1691640047000,0.6889,0.6889,0.6889
1691640048000,0.6889,0.6889,0.6889
1691640049000,0.6889,0.6889,0.6889
1691640050000,0.689,0.689,0.689
1691640051000,0.6889,0.6889,0.6889
1691640052000,0.6889,0.6889,0.6889
1691640053000,0.6889,0.6889,0.6889
1691640054000,0.689,0.689,0.689
1691640055000,0.6889,0.6889,0.6889
1691640056000,0.6889,0.6889,0.6889
1691640057000,0.6889,0.6889,0.6889
1691640058000,0.689,0.689,0.689
1691640059000,0.689,0.689,0.689
1691640060000,0.689,0.689,0.689
1691640061000,0.6889,0.6889,0.6889
1691640062000,0.6889,0.6889,0.6889
1691640063000,0.6889,0.6889,0.6889
1691640064000,0.6889,0.6889,0.6889
1691640065000,0.6889,0.6889,0.6889
1691640066000,0.6889,0.6889,0.6889
1691640067000,0.6889,0.6889,0.6889
1691640068000,0.6889,0.6889,0.6889
1691640069000,0.68893624,0.68893624,0.68893624
1691640070000,0.6889,0.6889,0.6889
1691640071000,0.689,0.689,0.689
1691640072000,0.689,0.689,0.689
1691640073000,0.689,0.689,0.689
1691640074000,0.689,0.689,0.689
1691640075000,0.689,0.689,0.689
1691640076000,0.689,0.689,0.689
1691640077000,0.6892,0.6892,0.6892
1691640078000,0.6892,0.6892,0.6892
1691640079000,0.6892,0.6892,0.6892
1691640080000,0.6891,0.6891,0.6891
1691640081000,0.6891,0.6891,0.6891
1691640082000,0.68906164,0.68906164,0.68906164
1691640083000,0.68906164,0.68906164,0.68906164
1691640084000,0.689,0.689,0.689
1691640085000,0.689,0.689,0.689
1691640086000,0.689,0.689,0.689
1691640087000,0.689,0.689,0.689
1691640088000,0.689,0.689,0.689
1691640089000,0.68895485,0.68895485,0.68895485
1691640090000,0.68895485,0.68895485,0.68895485
1691640091000,0.68901316,0.68901316,0.68901316
1691640092000,0.68901316,0.68901316,0.68901316
1691640093000,0.68901316,0.68901316,0.68901316
1691640094000,0.68901316,0.68901316,0.68901316
1691640095000,0.68901316,0.68901316,0.68901316
1691640096000,0.68901024,0.68901024,0.68901024
1691640097000,0.68901129,0.68901129,0.68901129
1691640098000,0.689,0.689,0.689
1691640099000,0.68894913,0.68894913,0.68894913
1691640100000,0.68894913,0.68894913,0.68894913
1691640101000,0.68894917,0.68894917,0.68894917
1691640102000,0.68889197,0.68889197,0.68889197
1691640103000,0.68889194,0.68889194,0.68889194
1691640104000,0.68889194,0.68889194,0.68889194
1691640105000,0.68889194,0.68889194,0.68889194
1691640106000,0.68889197,0.68889197,0.68889197
1691640107000,0.68889167,0.68889167,0.68889167
1691640108000,0.6888214,0.6888214,0.6888214
1691640109000,0.68881506,0.68881506,0.68881506
1691640110000,0.68881506,0.68881506,0.68881506
1691640111000,0.68881506,0.68881506,0.68881506
1691640112000,0.68880942,0.68880942,0.68880942
1691640113000,0.68880676,0.68880676,0.68880676
1691640114000,0.68880672,0.68880672,0.68880672
1691640115000,0.68875359,0.68875359,0.68875359
1691640116000,0.68875359,0.68875359,0.68875359
1691640117000,0.68875128,0.68875128,0.68875128
1691640118000,0.68874727,0.68874727,0.68874727
1691640119000,0.68874727,0.68874727,0.68874727
1691640120000,0.68874731,0.68874731,0.68874731
1691640121000,0.68874727,0.68874727,0.68874727
1691640122000,0.68874727,0.68874727,0.68874727
1691640123000,0.68874473,0.68874473,0.68874473
1691640124000,0.68874473,0.68874473,0.68874473
1691640125000,0.68874473,0.68874473,0.68874473
1691640126000,0.68874473,0.68874473,0.68874473
1691640127000,0.68869442,0.68869442,0.68869442
1691640128000,0.68868995,0.68868995,0.68868995
1691640129000,0.68868995,0.68868995,0.68868995
1691640130000,0.68868934,0.68868934,0.68868934
1691640131000,0.68868934,0.68868934,0.68868934
1691640132000,0.68867309,0.68867309,0.68867309
1691640133000,0.68867036,0.68867036,0.68867036
1691640134000,0.6886704,0.6886704,0.6886704
1691640135000,0.6886704,0.6886704,0.6886704
1691640136000,0.68867036,0.68867036,0.68867036
1691640137000,0.68867036,0.68867036,0.68867036
1691640138000,0.68866643,0.68866643,0.68866643
1691640139000,0.68860975,0.68860975,0.68860975
1691640140000,0.68860975,0.68860975,0.68860975
1691640141000,0.68860975,0.68860975,0.68860975
1691640142000,0.68860975,0.68860975,0.68860975
1691640143000,0.68860857,0.68860857,0.68860857
1691640144000,0.68860857,0.68860857,0.68860857
1691640145000,0.68860861,0.68860861,0.68860861
1691640146000,0.68860861,0.68860861,0.68860861
1691640147000,0.68860857,0.68860857,0.68860857
1691640148000,0.68860677,0.68860677,0.68860677
1691640149000,0.68866082,0.68866082,0.68866082
1691640150000,0.68866175,0.68866175,0.68866175
1691640151000,0.68856581,0.68856581,0.68856581
1691640152000,0.68856581,0.68856581,0.68856581
1691640153000,0.68856395,0.68856395,0.68856395
1691640154000,0.68855972,0.68855972,0.68855972
1691640155000,0.68855972,0.68855972,0.68855972
1691640156000,0.68855972,0.68855972,0.68855972
1691640157000,0.68850563,0.68850563,0.68850563
1691640158000,0.6886,0.6886,0.6886
1691640159000,0.6886,0.6886,0.6886
1691640160000,0.6886,0.6886,0.6886
1691640161000,0.6886,0.6886,0.6886
1691640162000,0.6886,0.6886,0.6886
1691640163000,0.6886,0.6886,0.6886
1691640164000,0.6886,0.6886,0.6886
1691640165000,0.6886,0.6886,0.6886
1691640166000,0.6886,0.6886,0.6886
1691640167000,0.6886,0.6886,0.6886
1691640168000,0.6886,0.6886,0.6886
1691640169000,0.6886,0.6886,0.6886
1691640170000,0.6886,0.6886,0.6886
1691640171000,0.6886,0.6886,0.6886
1691640172000,0.6886,0.6886,0.6886
1691640173000,0.6886,0.6886,0.6886
1691640174000,0.6886,0.6886,0.6886
1691640175000,0.6887,0.6887,0.6887
1691640176000,0.6887,0.6887,0.6887
1691640177000,0.6887,0.6887,0.6887
1691640178000,0.6887,0.6887,0.6887
1691640179000,0.6887,0.6887,0.6887
1691640180000,0.6887,0.6887,0.6887
1691640181000,0.6887,0.6887,0.6887
1691640182000,0.6887,0.6887,0.6887
1691640183000,0.6887,0.6887,0.6887
1691640184000,0.6887,0.6887,0.6887
1691640185000,0.6887,0.6887,0.6887
1691640186000,0.6887,0.6887,0.6887
1691640187000,0.6887,0.6887,0.6887
1691640188000,0.6887,0.6887,0.6887
1691640189000,0.6887,0.6887,0.6887
1691640190000,0.6887,0.6887,0.6887
1691640191000,0.6887,0.6887,0.6887
1691640192000,0.6887,0.6887,0.6887
1691640193000,0.6887,0.6887,0.6887
1691640194000,0.6887,0.6887,0.6887
1691640195000,0.6887,0.6887,0.6887
1691640196000,0.6887,0.6887,0.6887
1691640197000,0.6887,0.6887,0.6887
1691640198000,0.6888,0.6888,0.6888
1691640199000,0.6888,0.6888,0.6888
1691640200000,0.6887,0.6887,0.6887
1691640201000,0.6887,0.6887,0.6887
1691640202000,0.6887,0.6887,0.6887
1691640203000,0.6887,0.6887,0.6887
1691640204000,0.6887,0.6887,0.6887
1691640205000,0.6887,0.6887,0.6887
1691640206000,0.6887,0.6887,0.6887
1691640207000,0.6887,0.6887,0.6887
1691640208000,0.6887,0.6887,0.6887
1691640209000,0.6887,0.6887,0.6887
1691640210000,0.6887,0.6887,0.6887
1691640211000,0.6888,0.6888,0.6888
1691640212000,0.6888,0.6888,0.6888
1691640213000,0.6888,0.6888,0.6888
1691640214000,0.6888,0.6888,0.6888
1691640215000,0.6888,0.6888,0.6888
1691640216000,0.6888,0.6888,0.6888
1691640217000,0.6887,0.6887,0.6887
1691640218000,0.6887,0.6887,0.6887
1691640219000,0.6887,0.6887,0.6887
1691640220000,0.6887,0.6887,0.6887
1691640221000,0.6887,0.6887,0.6887
1691640222000,0.6887,0.6887,0.6887
1691640223000,0.6887,0.6887,0.6887
1691640224000,0.6887,0.6887,0.6887
1691640225000,0.6887,0.6887,0.6887
1691640226000,0.6887,0.6887,0.6887
1691640227000,0.6887,0.6887,0.6887
1691640228000,0.6887,0.6887,0.6887
1691640229000,0.6887,0.6887,0.6887
1691640230000,0.6887,0.6887,0.6887
1691640231000,0.6887,0.6887,0.6887
1691640232000,0.6887,0.6887,0.6887
1691640233000,0.6888,0.6888,0.6888
1691640234000,0.6888,0.6888,0.6888
1691640235000,0.6888,0.6888,0.6888
1691640236000,0.6888,0.6888,0.6888
1691640237000,0.6888,0.6888,0.6888
1691640238000,0.6888,0.6888,0.6888
1691640239000,0.6888,0.6888,0.6888
1691640240000,0.6888,0.6888,0.6888
1691640241000,0.6888,0.6888,0.6888
1691640242000,0.6888,0.6888,0.6888
1691640243000,0.6888,0.6888,0.6888
1691640244000,0.6888,0.6888,0.6888
1691640245000,0.6887,0.6887,0.6887
1691640246000,0.6887,0.6887,0.6887
1691640247000,0.6887,0.6887,0.6887
1691640248000,0.6887,0.6887,0.6887
1691640249000,0.6887,0.6887,0.6887
1691640250000,0.6887,0.6887,0.6887
1691640251000,0.6887,0.6887,0.6887
1691640252000,0.6887,0.6887,0.6887
1691640253000,0.6887,0.6887,0.6887
1691640254000,0.6887,0.6887,0.6887
1691640255000,0.6887,0.6887,0.6887
1691640256000,0.6887,0.6887,0.6887
1691640257000,0.6887,0.6887,0.6887
1691640258000,0.6887,0.6887,0.6887
1691640259000,0.6887,0.6887,0.6887
1691640260000,0.6887,0.6887,0.6887
1691640261000,0.6888,0.6888,0.6888
1691640262000,0.6888,0.6888,0.6888
1691640263000,0.6888,0.6888,0.6888
1691640264000,0.6888,0.6888,0.6888
1691640265000,0.6888,0.6888,0.6888
1691640266000,0.6888,0.6888,0.6888
1691640267000,0.6888,0.6888,0.6888
1691640268000,0.6888,0.6888,0.6888
1691640269000,0.6888,0.6888,0.6888
1691640270000,0.6888,0.6888,0.6888
1691640271000,0.6888,0.6888,0.6888
1691640272000,0.6888,0.6888,0.6888
1691640273000,0.68877338,0.68877338,0.68877338
1691640274000,0.68877338,0.68877338,0.68877338
1691640275000,0.68875717,0.68875717,0.68875717
1691640276000,0.68875717,0.68875717,0.68875717
1691640277000,0.68875672,0.68875672,0.68875672
1691640278000,0.6887566,0.6887566,0.6887566
1691640279000,0.6887566,0.6887566,0.6887566
1691640280000,0.6887566,0.6887566,0.6887566
1691640281000,0.68870291,0.68870291,0.68870291
1691640282000,0.6888,0.6888,0.6888
1691640283000,0.6888,0.6888,0.6888
1691640284000,0.6888,0.6888,0.6888
1691640285000,0.6887,0.6887,0.6887
1691640286000,0.6887,0.6887,0.6887
1691640287000,0.6888,0.6888,0.6888
1691640288000,0.6888,0.6888,0.6888
1691640289000,0.6888,0.6888,0.6888
1691640290000,0.6888,0.6888,0.6888
1691640291000,0.6888,0.6888,0.6888
1691640292000,0.6887,0.6887,0.6887
1691640293000,0.6887,0.6887,0.6887
1691640294000,0.6887,0.6887,0.6887
1691640295000,0.6887,0.6887,0.6887
1691640296000,0.6887,0.6887,0.6887
1691640297000,0.6886327,0.6886327,0.6886327
1691640298000,0.6886327,0.6886327,0.6886327
1691640299000,0.68863101,0.68863101,0.68863101
1691640300000,0.6886,0.6886,0.6886
1691640301000,0.6886,0.6886,0.6886
1691640302000,0.6886,0.6886,0.6886
1691640303000,0.6886,0.6886,0.6886
1691640304000,0.6886,0.6886,0.6886
1691640305000,0.6886,0.6886,0.6886
1691640306000,0.68851249,0.68851249,0.68851249
1691640307000,0.68851249,0.68851249,0.68851249
1691640308000,0.68850633,0.68850633,0.68850633
1691640309000,0.6885,0.6885,0.6885
1691640310000,0.6885,0.6885,0.6885
1691640311000,0.68836372,0.68836372,0.68836372
1691640312000,0.68825156,0.68825156,0.68825156
1691640313000,0.6883,0.6883,0.6883
1691640314000,0.6883,0.6883,0.6883
1691640315000,0.6882516,0.6882516,0.6882516
1691640316000,0.68830566,0.68830566,0.68830566
1691640317000,0.68830566,0.68830566,0.68830566
1691640318000,0.68830878,0.68830878,0.68830878
1691640319000,0.68830878,0.68830878,0.68830878
1691640320000,0.68830851,0.68830851,0.68830851
1691640321000,0.68830851,0.68830851,0.68830851
1691640322000,0.68830758,0.68830758,0.68830758
1691640323000,0.68830758,0.68830758,0.68830758
1691640324000,0.68830754,0.68830754,0.68830754
1691640325000,0.68830698,0.68830698,0.68830698
1691640326000,0.68826918,0.68826918,0.68826918
1691640327000,0.68826792,0.68826792,0.68826792
1691640328000,0.6883,0.6883,0.6883
1691640329000,0.6883,0.6883,0.6883
1691640330000,0.6884,0.6884,0.6884
1691640331000,0.6883205,0.6883205,0.6883205
1691640332000,0.6883205,0.6883205,0.6883205
1691640333000,0.68831814,0.68831814,0.68831814
1691640334000,0.68831818,0.68831818,0.68831818
1691640335000,0.68831815,0.68831815,0.68831815
1691640336000,0.68831812,0.68831812,0.68831812
1691640337000,0.68832493,0.68832493,0.68832493
1691640338000,0.68832493,0.68832493,0.68832493
1691640339000,0.68832497,0.68832497,0.68832497
1691640340000,0.68832496,0.68832496,0.68832496
1691640341000,0.68832492,0.68832492,0.68832492
1691640342000,0.68832463,0.68832463,0.68832463
1691640343000,0.68834085,0.68834085,0.68834085
1691640344000,0.68834089,0.68834089,0.68834089
1691640345000,0.68834178,0.68834178,0.68834178
1691640346000,0.68834119,0.68834119,0.68834119
1691640347000,0.68834058,0.68834058,0.68834058
1691640348000,0.68834058,0.68834058,0.68834058
1691640349000,0.68834058,0.68834058,0.68834058
1691640350000,0.6883946,0.6883946,0.6883946
1691640351000,0.68839432,0.68839432,0.68839432
1691640352000,0.68839376,0.68839376,0.68839376
1691640353000,0.68839376,0.68839376,0.68839376
1691640354000,0.68839469,0.68839469,0.68839469
1691640355000,0.68839469,0.68839469,0.68839469
1691640356000,0.68839271,0.68839271,0.68839271
1691640357000,0.68839271,0.68839271,0.68839271
1691640358000,0.68839275,0.68839275,0.68839275
1691640359000,0.68839279,0.68839279,0.68839279
1691640360000,0.68839186,0.68839186,0.68839186
1691640361000,0.68838985,0.68838985,0.68838985
1691640362000,0.6884,0.6884,0.6884
1691640363000,0.6884,0.6884,0.6884
1691640364000,0.6884,0.6884,0.6884
1691640365000,0.6884,0.6884,0.6884
1691640366000,0.6884,0.6884,0.6884
1691640367000,0.6884,0.6884,0.6884
1691640368000,0.6884,0.6884,0.6884
1691640369000,0.6884,0.6884,0.6884
1691640370000,0.6884,0.6884,0.6884
1691640371000,0.6884,0.6884,0.6884
1691640372000,0.6884,0.6884,0.6884
1691640373000,0.6884,0.6884,0.6884
1691640374000,0.6884,0.6884,0.6884
1691640375000,0.68843565,0.68843565,0.68843565
1691640376000,0.68843565,0.68843565,0.68843565
1691640377000,0.68843371,0.68843371,0.68843371
1691640378000,0.68843274,0.68843274,0.68843274
1691640379000,0.6884337,0.6884337,0.6884337
1691640380000,0.68843277,0.68843277,0.68843277
1691640381000,0.68843277,0.68843277,0.68843277
1691640382000,0.68843289,0.68843289,0.68843289
1691640383000,0.68843143,0.68843143,0.68843143
1691640384000,0.68843143,0.68843143,0.68843143
1691640385000,0.68843143,0.68843143,0.68843143
1691640386000,0.68843139,0.68843139,0.68843139
1691640387000,0.68843048,0.68843048,0.68843048
1691640388000,0.68842971,0.68842971,0.68842971
1691640389000,0.68842971,0.68842971,0.68842971
1691640390000,0.68842971,0.68842971,0.68842971
1691640391000,0.68842967,0.68842967,0.68842967
1691640392000,0.68842876,0.68842876,0.68842876
1691640393000,0.68842811,0.68842811,0.68842811
1691640394000,0.68842815,0.68842815,0.68842815
1691640395000,0.68842811,0.68842811,0.68842811
1691640396000,0.68842811,0.68842811,0.68842811
1691640397000,0.68842912,0.68842912,0.68842912
1691640398000,0.68842909,0.68842909,0.68842909
1691640399000,0.68842997,0.68842997,0.68842997
1691640400000,0.68842997,0.68842997,0.68842997
1691640401000,0.68842994,0.68842994,0.68842994
1691640402000,0.6884,0.6884,0.6884
1691640403000,0.6884,0.6884,0.6884
1691640404000,0.6884,0.6884,0.6884
1691640405000,0.6884,0.6884,0.6884
1691640406000,0.68843045,0.68843045,0.68843045
1691640407000,0.68842952,0.68842952,0.68842952
1691640408000,0.68843168,0.68843168,0.68843168
1691640409000,0.68843168,0.68843168,0.68843168
1691640410000,0.68843176,0.68843176,0.68843176
1691640411000,0.68843176,0.68843176,0.68843176
1691640412000,0.68832365,0.68832365,0.68832365
1691640413000,0.68832203,0.68832203,0.68832203
1691640414000,0.68831388,0.68831388,0.68831388
1691640415000,0.68831266,0.68831266,0.68831266
1691640416000,0.68831263,0.68831263,0.68831263
1691640417000,0.68831263,0.68831263,0.68831263
1691640418000,0.68831363,0.68831363,0.68831363
1691640419000,0.68831363,0.68831363,0.68831363
1691640420000,0.68831193,0.68831193,0.68831193
1691640421000,0.68827953,0.68827953,0.68827953
1691640422000,0.68828042,0.68828042,0.68828042
1691640423000,0.68828139,0.68828139,0.68828139
1691640424000,0.68828139,0.68828139,0.68828139
1691640425000,0.68828054,0.68828054,0.68828054
1691640426000,0.68828054,0.68828054,0.68828054
1691640427000,0.68828054,0.68828054,0.68828054
1691640428000,0.68812328,0.68812328,0.68812328
1691640429000,0.68812126,0.68812126,0.68812126
1691640430000,0.68812126,0.68812126,0.68812126
1691640431000,0.68812129,0.68812129,0.68812129
1691640432000,0.68812126,0.68812126,0.68812126
1691640433000,0.68812126,0.68812126,0.68812126
1691640434000,0.68812012,0.68812012,0.68812012
1691640435000,0.68807151,0.68807151,0.68807151
1691640436000,0.68807151,0.68807151,0.68807151
1691640437000,0.68807962,0.68807962,0.68807962
1691640438000,0.68807962,0.68807962,0.68807962
1691640439000,0.6882,0.6882,0.6882
1691640440000,0.6882,0.6882,0.6882
1691640441000,0.688134,0.688134,0.688134
1691640442000,0.68806373,0.68806373,0.68806373
1691640443000,0.68806373,0.68806373,0.68806373
1691640444000,0.68806473,0.68806473,0.68806473
1691640445000,0.68795265,0.68795265,0.68795265
1691640446000,0.68795265,0.68795265,0.68795265
1691640447000,0.68794994,0.68794994,0.68794994
1691640448000,0.68794994,0.68794994,0.68794994
1691640449000,0.68794821,0.68794821,0.68794821
1691640450000,0.68794505,0.68794505,0.68794505
1691640451000,0.68794505,0.68794505,0.68794505
1691640452000,0.68794505,0.68794505,0.68794505
1691640453000,0.68794505,0.68794505,0.68794505
1691640454000,0.687946,0.687946,0.687946
1691640455000,0.687946,0.687946,0.687946
1691640456000,0.68794624,0.68794624,0.68794624
1691640457000,0.68794717,0.68794717,0.68794717
1691640458000,0.68794624,0.68794624,0.68794624
1691640459000,0.68794628,0.68794628,0.68794628
1691640460000,0.6882,0.6882,0.6882
1691640461000,0.6882,0.6882,0.6882
1691640462000,0.6882,0.6882,0.6882
1691640463000,0.6882,0.6882,0.6882
1691640464000,0.6883,0.6883,0.6883
1691640465000,0.6882,0.6882,0.6882
1691640466000,0.6882,0.6882,0.6882
1691640467000,0.6883,0.6883,0.6883
1691640468000,0.6883,0.6883,0.6883
1691640469000,0.6883,0.6883,0.6883
1691640470000,0.6882,0.6882,0.6882
1691640471000,0.68819469,0.68819469,0.68819469
1691640472000,0.68819469,0.68819469,0.68819469
1691640473000,0.68808662,0.68808662,0.68808662
1691640474000,0.68808658,0.68808658,0.68808658
1691640475000,0.6881,0.6881,0.6881
1691640476000,0.68808817,0.68808817,0.68808817
1691640477000,0.68808817,0.68808817,0.68808817
1691640478000,0.68808724,0.68808724,0.68808724
1691640479000,0.6880872,0.6880872,0.6880872
1691640480000,0.68808624,0.68808624,0.68808624
1691640481000,0.68808624,0.68808624,0.68808624
1691640482000,0.68808624,0.68808624,0.68808624
1691640483000,0.6881,0.6881,0.6881
1691640484000,0.68808717,0.68808717,0.68808717
1691640485000,0.6880862,0.6880862,0.6880862
1691640486000,0.68808152,0.68808152,0.68808152
1691640487000,0.68808152,0.68808152,0.68808152
1691640488000,0.68808152,0.68808152,0.68808152
1691640489000,0.68808152,0.68808152,0.68808152
1691640490000,0.68808245,0.68808245,0.68808245
1691640491000,0.68808055,0.68808055,0.68808055
1691640492000,0.6881,0.6881,0.6881
1691640493000,0.68808051,0.68808051,0.68808051
1691640494000,0.68808055,0.68808055,0.68808055
1691640495000,0.68808051,0.68808051,0.68808051
1691640496000,0.68807865,0.68807865,0.68807865
1691640497000,0.68807865,0.68807865,0.68807865
1691640498000,0.68807861,0.68807861,0.68807861
1691640499000,0.68807772,0.68807772,0.68807772
1691640500000,0.68807861,0.68807861,0.68807861
1691640501000,0.68807667,0.68807667,0.68807667
1691640502000,0.68807574,0.68807574,0.68807574
1691640503000,0.68807574,0.68807574,0.68807574
1691640504000,0.6881,0.6881,0.6881
1691640505000,0.6881,0.6881,0.6881
1691640506000,0.6881,0.6881,0.6881
1691640507000,0.6881,0.6881,0.6881
1691640508000,0.6881,0.6881,0.6881
1691640509000,0.6881,0.6881,0.6881
1691640510000,0.6881,0.6881,0.6881
1691640511000,0.6881,0.6881,0.6881
1691640512000,0.6881,0.6881,0.6881
1691640513000,0.6881,0.6881,0.6881
1691640514000,0.6881,0.6881,0.6881
1691640515000,0.6881,0.6881,0.6881
1691640516000,0.6881,0.6881,0.6881
1691640517000,0.6881,0.6881,0.6881
1691640518000,0.6881,0.6881,0.6881
1691640519000,0.6881,0.6881,0.6881
1691640520000,0.68806967,0.68806967,0.68806967
1691640521000,0.6880697,0.6880697,0.6880697
1691640522000,0.68806686,0.68806686,0.68806686
1691640523000,0.68806686,0.68806686,0.68806686
1691640524000,0.68806686,0.68806686,0.68806686
1691640525000,0.6880669,0.6880669,0.6880669
1691640526000,0.68806686,0.68806686,0.68806686
1691640527000,0.68806407,0.68806407,0.68806407
1691640528000,0.68806411,0.68806411,0.68806411
1691640529000,0.68806318,0.68806318,0.68806318
1691640530000,0.68806318,0.68806318,0.68806318
1691640531000,0.68806179,0.68806179,0.68806179
1691640532000,0.68805994,0.68805994,0.68805994
1691640533000,0.68805998,0.68805998,0.68805998
1691640534000,0.68805994,0.68805994,0.68805994
1691640535000,0.68805994,0.68805994,0.68805994
1691640536000,0.68805994,0.68805994,0.68805994
1691640537000,0.68805721,0.68805721,0.68805721
1691640538000,0.6881,0.6881,0.6881
1691640539000,0.6881,0.6881,0.6881
1691640540000,0.6881,0.6881,0.6881
1691640541000,0.6881,0.6881,0.6881
1691640542000,0.68805818,0.68805818,0.68805818
1691640543000,0.6881,0.6881,0.6881
1691640544000,0.6881,0.6881,0.6881
1691640545000,0.6881,0.6881,0.6881
1691640546000,0.6881,0.6881,0.6881
1691640547000,0.6881,0.6881,0.6881
1691640548000,0.6881,0.6881,0.6881
1691640549000,0.6881,0.6881,0.6881
1691640550000,0.6881,0.6881,0.6881
1691640551000,0.6881,0.6881,0.6881
1691640552000,0.6881,0.6881,0.6881
1691640553000,0.6882,0.6882,0.6882
1691640554000,0.6882,0.6882,0.6882
1691640555000,0.6882,0.6882,0.6882
1691640556000,0.6882,0.6882,0.6882
1691640557000,0.6882,0.6882,0.6882
1691640558000,0.6881,0.6881,0.6881
1691640559000,0.6881,0.6881,0.6881
1691640560000,0.6881,0.6881,0.6881
1691640561000,0.6881,0.6881,0.6881
1691640562000,0.6881,0.6881,0.6881
1691640563000,0.6881,0.6881,0.6881
1691640564000,0.6881,0.6881,0.6881
1691640565000,0.6881,0.6881,0.6881
1691640566000,0.6881,0.6881,0.6881
1691640567000,0.6881,0.6881,0.6881
1691640568000,0.6881,0.6881,0.6881
1691640569000,0.6881,0.6881,0.6881
1691640570000,0.6881,0.6881,0.6881
1691640571000,0.6881,0.6881,0.6881
1691640572000,0.6881,0.6881,0.6881
1691640573000,0.6881,0.6881,0.6881
1691640574000,0.6881,0.6881,0.6881
1691640575000,0.6881,0.6881,0.6881
1691640576000,0.6881,0.6881,0.6881
1691640577000,0.6881,0.6881,0.6881
1691640578000,0.6881,0.6881,0.6881
1691640579000,0.6881,0.6881,0.6881
1691640580000,0.6881,0.6881,0.6881
1691640581000,0.6881,0.6881,0.6881
1691640582000,0.6881,0.6881,0.6881
1691640583000,0.6881,0.6881,0.6881
1691640584000,0.6881,0.6881,0.6881
1691640585000,0.68803106,0.68803106,0.68803106
1691640586000,0.68803106,0.68803106,0.68803106
1691640587000,0.68803106,0.68803106,0.68803106
1691640588000,0.68803106,0.68803106,0.68803106
1691640589000,0.68802902,0.68802902,0.68802902
1691640590000,0.68802902,0.68802902,0.68802902
1691640591000,0.68802902,0.68802902,0.68802902
1691640592000,0.68802906,0.68802906,0.68802906
1691640593000,0.68802906,0.68802906,0.68802906
1691640594000,0.68802533,0.68802533,0.68802533
1691640595000,0.6880253,0.6880253,0.6880253
1691640596000,0.6880253,0.6880253,0.6880253
1691640597000,0.68807939,0.68807939,0.68807939
1691640598000,0.68807935,0.68807935,0.68807935
1691640599000,0.68807935,0.68807935,0.68807935
1691640600000,0.6880761,0.6880761,0.6880761
1691640601000,0.68807613,0.68807613,0.68807613
1691640602000,0.68807613,0.68807613,0.68807613
1691640603000,0.68807613,0.68807613,0.68807613
1691640604000,0.6880761,0.6880761,0.6880761
1691640605000,0.68807362,0.68807362,0.68807362
1691640606000,0.68807362,0.68807362,0.68807362
1691640607000,0.68807366,0.68807366,0.68807366
1691640608000,0.68807366,0.68807366,0.68807366
1691640609000,0.68807366,0.68807366,0.68807366
1691640610000,0.68807041,0.68807041,0.68807041
1691640611000,0.68807041,0.68807041,0.68807041
1691640612000,0.68807037,0.68807037,0.68807037
1691640613000,0.68807037,0.68807037,0.68807037
1691640614000,0.68807037,0.68807037,0.68807037
1691640615000,0.68806797,0.68806797,0.68806797
1691640616000,0.68806797,0.68806797,0.68806797
1691640617000,0.68806797,0.68806797,0.68806797
1691640618000,0.6881,0.6881,0.6881
1691640619000,0.6881,0.6881,0.6881
1691640620000,0.6881,0.6881,0.6881
1691640621000,0.6881,0.6881,0.6881
1691640622000,0.6881,0.6881,0.6881
1691640623000,0.6881,0.6881,0.6881
1691640624000,0.6881,0.6881,0.6881
1691640625000,0.6881,0.6881,0.6881
1691640626000,0.68806647,0.68806647,0.68806647
1691640627000,0.68806647,0.68806647,0.68806647
1691640628000,0.68806647,0.68806647,0.68806647
1691640629000,0.6881,0.6881,0.6881
1691640630000,0.6881,0.6881,0.6881
1691640631000,0.6881,0.6881,0.6881
1691640632000,0.6882,0.6882,0.6882
1691640633000,0.6882,0.6882,0.6882
1691640634000,0.6882,0.6882,0.6882
1691640635000,0.6882,0.6882,0.6882
1691640636000,0.6882,0.6882,0.6882
1691640637000,0.6882,0.6882,0.6882
1691640638000,0.6882,0.6882,0.6882
1691640639000,0.6882,0.6882,0.6882
1691640640000,0.6882,0.6882,0.6882
1691640641000,0.6883,0.6883,0.6883
1691640642000,0.68824866,0.68824866,0.68824866
1691640643000,0.68824866,0.68824866,0.68824866
1691640644000,0.68824996,0.68824996,0.68824996
1691640645000,0.68824999,0.68824999,0.68824999
1691640646000,0.68825073,0.68825073,0.68825073
1691640647000,0.68825073,0.68825073,0.68825073
1691640648000,0.68825073,0.68825073,0.68825073
1691640649000,0.6883,0.6883,0.6883
1691640650000,0.68819748,0.68819748,0.68819748
1691640651000,0.68814245,0.68814245,0.68814245
1691640652000,0.68814249,0.68814249,0.68814249
1691640653000,0.68814152,0.68814152,0.68814152
1691640654000,0.68814156,0.68814156,0.68814156
1691640655000,0.68813876,0.68813876,0.68813876
1691640656000,0.68808339,0.68808339,0.68808339
1691640657000,0.68808334,0.68808334,0.68808334
1691640658000,0.68808334,0.68808334,0.68808334
1691640659000,0.68802929,0.68802929,0.68802929
1691640660000,0.68802929,0.68802929,0.68802929
1691640661000,0.6880301,0.6880301,0.6880301
1691640662000,0.68802688,0.68802688,0.68802688
1691640663000,0.68794577,0.68794577,0.68794577
1691640664000,0.68794673,0.68794673,0.68794673
1691640665000,0.68794673,0.68794673,0.68794673
1691640666000,0.68794673,0.68794673,0.68794673
1691640667000,0.68794484,0.68794484,0.68794484
1691640668000,0.68794488,0.68794488,0.68794488
1691640669000,0.68794488,0.68794488,0.68794488
1691640670000,0.68794488,0.68794488,0.68794488
1691640671000,0.68794488,0.68794488,0.68794488
1691640672000,0.6878889,0.6878889,0.6878889
1691640673000,0.68788797,0.68788797,0.68788797
1691640674000,0.68788797,0.68788797,0.68788797
1691640675000,0.68790959,0.68790959,0.68790959
1691640676000,0.68790959,0.68790959,0.68790959
1691640677000,0.68785067,0.68785067,0.68785067
1691640678000,0.68785067,0.68785067,0.68785067
1691640679000,0.68779662,0.68779662,0.68779662
1691640680000,0.68779662,0.68779662,0.68779662
1691640681000,0.68779754,0.68779754,0.68779754
1691640682000,0.6878,0.6878,0.6878
1691640683000,0.68784867,0.68784867,0.68784867
1691640684000,0.68784867,0.68784867,0.68784867
1691640685000,0.68784867,0.68784867,0.68784867
1691640686000,0.68784867,0.68784867,0.68784867
1691640687000,0.68784964,0.68784964,0.68784964
1691640688000,0.68784836,0.68784836,0.68784836
1691640689000,0.68784839,0.68784839,0.68784839
1691640690000,0.68784029,0.68784029,0.68784029
1691640691000,0.68784029,0.68784029,0.68784029
1691640692000,0.68783936,0.68783936,0.68783936
1691640693000,0.68783822,0.68783822,0.68783822
1691640694000,0.68783822,0.68783822,0.68783822
1691640695000,0.68783818,0.68783818,0.68783818
1691640696000,0.68783818,0.68783818,0.68783818
1691640697000,0.68783818,0.68783818,0.68783818
1691640698000,0.68783705,0.68783705,0.68783705
1691640699000,0.68782083,0.68782083,0.68782083
1691640700000,0.68782087,0.68782087,0.68782087
1691640701000,0.68782087,0.68782087,0.68782087
1691640702000,0.68782083,0.68782083,0.68782083
1691640703000,0.68781837,0.68781837,0.68781837
1691640704000,0.68781837,0.68781837,0.68781837
1691640705000,0.68781837,0.68781837,0.68781837
1691640706000,0.68781926,0.68781926,0.68781926
1691640707000,0.68781926,0.68781926,0.68781926
1691640708000,0.68781753,0.68781753,0.68781753
1691640709000,0.68781757,0.68781757,0.68781757
1691640710000,0.6878166,0.6878166,0.6878166
1691640711000,0.6878166,0.6878166,0.6878166
1691640712000,0.6878166,0.6878166,0.6878166
1691640713000,0.6878166,0.6878166,0.6878166
1691640714000,0.68781908,0.68781908,0.68781908
1691640715000,0.68781908,0.68781908,0.68781908
1691640716000,0.68781908,0.68781908,0.68781908
1691640717000,0.68781098,0.68781098,0.68781098
1691640718000,0.68781098,0.68781098,0.68781098
1691640719000,0.68781154,0.68781154,0.68781154
1691640720000,0.6878115,0.6878115,0.6878115
1691640721000,0.6878115,0.6878115,0.6878115
1691640722000,0.6878115,0.6878115,0.6878115
1691640723000,0.6878115,0.6878115,0.6878115
1691640724000,0.68781214,0.68781214,0.68781214
1691640725000,0.68781214,0.68781214,0.68781214
1691640726000,0.68781214,0.68781214,0.68781214
1691640727000,0.68781214,0.68781214,0.68781214
1691640728000,0.68782839,0.68782839,0.68782839
1691640729000,0.68782941,0.68782941,0.68782941
1691640730000,0.68782941,0.68782941,0.68782941
1691640731000,0.68782848,0.68782848,0.68782848
1691640732000,0.68782937,0.68782937,0.68782937
1691640733000,0.68782848,0.68782848,0.68782848
1691640734000,0.68783061,0.68783061,0.68783061
1691640735000,0.68783061,0.68783061,0.68783061
1691640736000,0.68783057,0.68783057,0.68783057
1691640737000,0.68783057,0.68783057,0.68783057
1691640738000,0.6878268,0.6878268,0.6878268
1691640739000,0.68781058,0.68781058,0.68781058
1691640740000,0.68781023,0.68781023,0.68781023
1691640741000,0.68781023,0.68781023,0.68781023
1691640742000,0.68781023,0.68781023,0.68781023
1691640743000,0.68781023,0.68781023,0.68781023
1691640744000,0.68781023,0.68781023,0.68781023
1691640745000,0.68780811,0.68780811,0.68780811
1691640746000,0.68780807,0.68780807,0.68780807
1691640747000,0.68780807,0.68780807,0.68780807
1691640748000,0.68780811,0.68780811,0.68780811
1691640749000,0.68780811,0.68780811,0.68780811
1691640750000,0.68780773,0.68780773,0.68780773
1691640751000,0.68780677,0.68780677,0.68780677
1691640752000,0.68775271,0.68775271,0.68775271
1691640753000,0.68775271,0.68775271,0.68775271
1691640754000,0.68775271,0.68775271,0.68775271
1691640755000,0.68775224,0.68775224,0.68775224
1691640756000,0.68775224,0.68775224,0.68775224
1691640757000,0.68775224,0.68775224,0.68775224
1691640758000,0.68775224,0.68775224,0.68775224
1691640759000,0.68775224,0.68775224,0.68775224
1691640760000,0.68775137,0.68775137,0.68775137
1691640761000,0.68775134,0.68775134,0.68775134
1691640762000,0.68775134,0.68775134,0.68775134
1691640763000,0.68775134,0.68775134,0.68775134
1691640764000,0.68775134,0.68775134,0.68775134
1691640765000,0.68774439,0.68774439,0.68774439
1691640766000,0.68774439,0.68774439,0.68774439
1691640767000,0.68768817,0.68768817,0.68768817
1691640768000,0.68764018,0.68764018,0.68764018
1691640769000,0.68764111,0.68764111,0.68764111
1691640770000,0.68764111,0.68764111,0.68764111
1691640771000,0.68763483,0.68763483,0.68763483
1691640772000,0.6876133,0.6876133,0.6876133
1691640773000,0.68755928,0.68755928,0.68755928
1691640774000,0.68761237,0.68761237,0.68761237
1691640775000,0.6876133,0.6876133,0.6876133
1691640776000,0.68761102,0.68761102,0.68761102
1691640777000,0.6875,0.6875,0.6875
1691640778000,0.68749681,0.68749681,0.68749681
1691640779000,0.68754721,0.68754721,0.68754721
1691640780000,0.68751889,0.68751889,0.68751889
1691640781000,0.68746026,0.68746026,0.68746026
1691640782000,0.68751432,0.68751432,0.68751432
1691640783000,0.68751432,0.68751432,0.68751432
1691640784000,0.6874588,0.6874588,0.6874588
1691640785000,0.6874588,0.6874588,0.6874588
1691640786000,0.68751079,0.68751079,0.68751079
1691640787000,0.6876,0.6876,0.6876
1691640788000,0.6876,0.6876,0.6876
1691640789000,0.6876,0.6876,0.6876
1691640790000,0.6873,0.6873,0.6873
1691640791000,0.6874,0.6874,0.6874
1691640792000,0.6874,0.6874,0.6874
1691640793000,0.68729002,0.68729002,0.68729002
1691640794000,0.6872689,0.6872689,0.6872689
1691640795000,0.68721392,0.68721392,0.68721392
1691640796000,0.6874,0.6874,0.6874
1691640797000,0.6878,0.6878,0.6878
1691640798000,0.6878,0.6878,0.6878
1691640799000,0.6878,0.6878,0.6878
1691640800000,0.6878,0.6878,0.6878
1691640801000,0.6878,0.6878,0.6878
1691640802000,0.6878,0.6878,0.6878
1691640803000,0.6878,0.6878,0.6878
1691640804000,0.6878,0.6878,0.6878
1691640805000,0.6878,0.6878,0.6878
1691640806000,0.6878,0.6878,0.6878
1691640807000,0.6878,0.6878,0.6878
1691640808000,0.6878,0.6878,0.6878
1691640809000,0.6878,0.6878,0.6878
1691640810000,0.6878,0.6878,0.6878
1691640811000,0.6878,0.6878,0.6878
1691640812000,0.6878,0.6878,0.6878
1691640813000,0.68771014,0.68771014,0.68771014
1691640814000,0.68771014,0.68771014,0.68771014
1691640815000,0.68771014,0.68771014,0.68771014
1691640816000,0.68771014,0.68771014,0.68771014
1691640817000,0.68770551,0.68770551,0.68770551
1691640818000,0.68770551,0.68770551,0.68770551
1691640819000,0.68770681,0.68770681,0.68770681
1691640820000,0.68770681,0.68770681,0.68770681
1691640821000,0.68770681,0.68770681,0.68770681
1691640822000,0.68770307,0.68770307,0.68770307
1691640823000,0.68770307,0.68770307,0.68770307
1691640824000,0.68775826,0.68775826,0.68775826
1691640825000,0.68775733,0.68775733,0.68775733
1691640826000,0.68775733,0.68775733,0.68775733
1691640827000,0.6877042,0.6877042,0.6877042
1691640828000,0.68770122,0.68770122,0.68770122
1691640829000,0.68770122,0.68770122,0.68770122
1691640830000,0.68770013,0.68770013,0.68770013
1691640831000,0.6877,0.6877,0.6877
1691640832000,0.6877,0.6877,0.6877
1691640833000,0.6877,0.6877,0.6877
1691640834000,0.6877,0.6877,0.6877
1691640835000,0.6877,0.6877,0.6877
1691640836000,0.6877,0.6877,0.6877
1691640837000,0.6877,0.6877,0.6877
1691640838000,0.6878,0.6878,0.6878
1691640839000,0.6878,0.6878,0.6878
1691640840000,0.6878,0.6878,0.6878
1691640841000,0.6878,0.6878,0.6878
1691640842000,0.6878,0.6878,0.6878
1691640843000,0.6877,0.6877,0.6877
1691640844000,0.6877,0.6877,0.6877
1691640845000,0.6877511,0.6877511,0.6877511
1691640846000,0.6877511,0.6877511,0.6877511
1691640847000,0.68775013,0.68775013,0.68775013
1691640848000,0.6878,0.6878,0.6878
1691640849000,0.6878,0.6878,0.6878
1691640850000,0.6878,0.6878,0.6878
1691640851000,0.6878,0.6878,0.6878
1691640852000,0.6878,0.6878,0.6878
1691640853000,0.6878,0.6878,0.6878
1691640854000,0.6878,0.6878,0.6878
1691640855000,0.6878,0.6878,0.6878
1691640856000,0.6878,0.6878,0.6878
1691640857000,0.6878,0.6878,0.6878
1691640858000,0.6879,0.6879,0.6879
1691640859000,0.6879,0.6879,0.6879
1691640860000,0.6879,0.6879,0.6879
1691640861000,0.6879,0.6879,0.6879
1691640862000,0.6879,0.6879,0.6879
1691640863000,0.6878,0.6878,0.6878
1691640864000,0.6878,0.6878,0.6878
1691640865000,0.6878,0.6878,0.6878
1691640866000,0.68772544,0.68772544,0.68772544
1691640867000,0.68772544,0.68772544,0.68772544
1691640868000,0.6876727,0.6876727,0.6876727
1691640869000,0.68766972,0.68766972,0.68766972
1691640870000,0.68761502,0.68761502,0.68761502
1691640871000,0.6877,0.6877,0.6877
1691640872000,0.6877,0.6877,0.6877
1691640873000,0.6877,0.6877,0.6877
1691640874000,0.6877,0.6877,0.6877
1691640875000,0.6877,0.6877,0.6877
1691640876000,0.6877,0.6877,0.6877
1691640877000,0.6877,0.6877,0.6877
1691640878000,0.6877,0.6877,0.6877
1691640879000,0.6877,0.6877,0.6877
1691640880000,0.6878,0.6878,0.6878
1691640881000,0.6878,0.6878,0.6878
1691640882000,0.6879,0.6879,0.6879
1691640883000,0.6879,0.6879,0.6879
1691640884000,0.6879,0.6879,0.6879
1691640885000,0.6879,0.6879,0.6879
1691640886000,0.6878,0.6878,0.6878
1691640887000,0.6878,0.6878,0.6878
1691640888000,0.6878,0.6878,0.6878
1691640889000,0.6878,0.6878,0.6878
1691640890000,0.6878,0.6878,0.6878
1691640891000,0.6878,0.6878,0.6878
1691640892000,0.6878,0.6878,0.6878
1691640893000,0.6878,0.6878,0.6878
1691640894000,0.6878,0.6878,0.6878
1691640895000,0.6878,0.6878,0.6878
1691640896000,0.6878,0.6878,0.6878
1691640897000,0.6878,0.6878,0.6878
1691640898000,0.6878,0.6878,0.6878
1691640899000,0.6878,0.6878,0.6878
1691640900000,0.6878,0.6878,0.6878
1691640901000,0.6879,0.6879,0.6879
1691640902000,0.6879,0.6879,0.6879
1691640903000,0.6879,0.6879,0.6879
1691640904000,0.6879,0.6879,0.6879
1691640905000,0.6878,0.6878,0.6878
1691640906000,0.6878,0.6878,0.6878
1691640907000,0.6879,0.6879,0.6879
1691640908000,0.6879,0.6879,0.6879
1691640909000,0.6879,0.6879,0.6879
1691640910000,0.6879,0.6879,0.6879
1691640911000,0.6878,0.6878,0.6878
1691640912000,0.6878,0.6878,0.6878
1691640913000,0.688,0.688,0.688
1691640914000,0.688,0.688,0.688
1691640915000,0.688,0.688,0.688
1691640916000,0.688,0.688,0.688
1691640917000,0.688,0.688,0.688
1691640918000,0.688,0.688,0.688
1691640919000,0.688,0.688,0.688
1691640920000,0.688,0.688,0.688
1691640921000,0.688,0.688,0.688
1691640922000,0.688,0.688,0.688
1691640923000,0.688,0.688,0.688
1691640924000,0.688,0.688,0.688
1691640925000,0.688,0.688,0.688
1691640926000,0.688,0.688,0.688
1691640927000,0.688,0.688,0.688
1691640928000,0.688,0.688,0.688
1691640929000,0.688,0.688,0.688
1691640930000,0.688,0.688,0.688
1691640931000,0.688,0.688,0.688
1691640932000,0.688,0.688,0.688
1691640933000,0.688,0.688,0.688
1691640934000,0.688,0.688,0.688
1691640935000,0.688,0.688,0.688
1691640936000,0.688,0.688,0.688
1691640937000,0.688,0.688,0.688
1691640938000,0.688,0.688,0.688
1691640939000,0.688,0.688,0.688
1691640940000,0.688,0.688,0.688
1691640941000,0.688,0.688,0.688
1691640942000,0.688,0.688,0.688
1691640943000,0.688,0.688,0.688
1691640944000,0.688,0.688,0.688
1691640945000,0.6879,0.6879,0.6879
1691640946000,0.6879,0.6879,0.6879
1691640947000,0.6879,0.6879,0.6879
1691640948000,0.688,0.688,0.688
1691640949000,0.688,0.688,0.688
1691640950000,0.688,0.688,0.688
1691640951000,0.688,0.688,0.688
1691640952000,0.688,0.688,0.688
1691640953000,0.6881,0.6881,0.6881
1691640954000,0.6881,0.6881,0.6881
1691640955000,0.6881,0.6881,0.6881
1691640956000,0.6881,0.6881,0.6881
1691640957000,0.6881,0.6881,0.6881
1691640958000,0.6881,0.6881,0.6881
1691640959000,0.6881,0.6881,0.6881
1691640960000,0.6881,0.6881,0.6881
1691640961000,0.6881,0.6881,0.6881
1691640962000,0.6881,0.6881,0.6881
1691640963000,0.6881,0.6881,0.6881
1691640964000,0.6881,0.6881,0.6881
1691640965000,0.6881,0.6881,0.6881
1691640966000,0.6881,0.6881,0.6881
1691640967000,0.6881,0.6881,0.6881
1691640968000,0.6881,0.6881,0.6881
1691640969000,0.6881,0.6881,0.6881
1691640970000,0.6881,0.6881,0.6881
1691640971000,0.6881,0.6881,0.6881
1691640972000,0.6881,0.6881,0.6881
1691640973000,0.6881,0.6881,0.6881
1691640974000,0.6881,0.6881,0.6881
1691640975000,0.6881,0.6881,0.6881
1691640976000,0.6881,0.6881,0.6881
1691640977000,0.6882,0.6882,0.6882
1691640978000,0.6882,0.6882,0.6882
1691640979000,0.6882,0.6882,0.6882
1691640980000,0.6882,0.6882,0.6882
1691640981000,0.6882,0.6882,0.6882
1691640982000,0.6882,0.6882,0.6882
1691640983000,0.6882,0.6882,0.6882
1691640984000,0.6882,0.6882,0.6882
1691640985000,0.6882,0.6882,0.6882
1691640986000,0.6883,0.6883,0.6883
1691640987000,0.6883,0.6883,0.6883
1691640988000,0.6884,0.6884,0.6884
1691640989000,0.6884,0.6884,0.6884
1691640990000,0.6884,0.6884,0.6884
1691640991000,0.6884,0.6884,0.6884
1691640992000,0.6884,0.6884,0.6884
1691640993000,0.6884,0.6884,0.6884
1691640994000,0.6884,0.6884,0.6884
1691640995000,0.6884,0.6884,0.6884
1691640996000,0.6884,0.6884,0.6884
1691640997000,0.6884,0.6884,0.6884
1691640998000,0.6884,0.6884,0.6884
1691640999000,0.6884,0.6884,0.6884
1691641000000,0.6884,0.6884,0.6884
1691641001000,0.6884,0.6884,0.6884
1691641002000,0.6884,0.6884,0.6884
1691641003000,0.6884,0.6884,0.6884
1691641004000,0.6884,0.6884,0.6884
1691641005000,0.6884,0.6884,0.6884
1691641006000,0.6884,0.6884,0.6884
1691641007000,0.6883,0.6883,0.6883
1691641008000,0.6883,0.6883,0.6883
1691641009000,0.6883,0.6883,0.6883
1691641010000,0.6883,0.6883,0.6883
1691641011000,0.6883,0.6883,0.6883
1691641012000,0.6883,0.6883,0.6883
1691641013000,0.6883,0.6883,0.6883
1691641014000,0.6883,0.6883,0.6883
1691641015000,0.6883,0.6883,0.6883
1691641016000,0.6883,0.6883,0.6883
1691641017000,0.6883,0.6883,0.6883
1691641018000,0.6883,0.6883,0.6883
1691641019000,0.6883,0.6883,0.6883
1691641020000,0.6883,0.6883,0.6883
1691641021000,0.6883,0.6883,0.6883
1691641022000,0.6883,0.6883,0.6883
1691641023000,0.6883,0.6883,0.6883
1691641024000,0.6883,0.6883,0.6883
1691641025000,0.6883,0.6883,0.6883
1691641026000,0.6883,0.6883,0.6883
1691641027000,0.6883,0.6883,0.6883
1691641028000,0.68820276,0.68820276,0.68820276
1691641029000,0.68820183,0.68820183,0.68820183
1691641030000,0.68820426,0.68820426,0.68820426
1691641031000,0.68820565,0.68820565,0.68820565
1691641032000,0.68820565,0.68820565,0.68820565
1691641033000,0.68820565,0.68820565,0.68820565
1691641034000,0.6883,0.6883,0.6883
1691641035000,0.6883,0.6883,0.6883
1691641036000,0.6883,0.6883,0.6883
1691641037000,0.6883,0.6883,0.6883
1691641038000,0.68820773,0.68820773,0.68820773
1691641039000,0.6883,0.6883,0.6883
1691641040000,0.6883,0.6883,0.6883
1691641041000,0.6884771,0.6884771,0.6884771
1691641042000,0.6885,0.6885,0.6885
1691641043000,0.6885,0.6885,0.6885
1691641044000,0.6885,0.6885,0.6885
1691641045000,0.6885,0.6885,0.6885
1691641046000,0.6885,0.6885,0.6885
1691641047000,0.6885,0.6885,0.6885
1691641048000,0.6885,0.6885,0.6885
1691641049000,0.6885,0.6885,0.6885
1691641050000,0.6885,0.6885,0.6885
1691641051000,0.6885,0.6885,0.6885
1691641052000,0.6885,0.6885,0.6885
1691641053000,0.6885,0.6885,0.6885
1691641054000,0.6885,0.6885,0.6885
1691641055000,0.6885,0.6885,0.6885
1691641056000,0.6885,0.6885,0.6885
1691641057000,0.6885,0.6885,0.6885
1691641058000,0.6885,0.6885,0.6885
1691641059000,0.6885,0.6885,0.6885
1691641060000,0.6885,0.6885,0.6885
1691641061000,0.6884,0.6884,0.6884
1691641062000,0.6884,0.6884,0.6884
1691641063000,0.6885,0.6885,0.6885
1691641064000,0.6885,0.6885,0.6885
1691641065000,0.6884,0.6884,0.6884
1691641066000,0.6883,0.6883,0.6883
1691641067000,0.68824026,0.68824026,0.68824026
1691641068000,0.68824115,0.68824115,0.68824115
1691641069000,0.68822294,0.68822294,0.68822294
1691641070000,0.68822201,0.68822201,0.68822201
1691641071000,0.68822393,0.68822393,0.68822393
1691641072000,0.68827794,0.68827794,0.68827794
1691641073000,0.68827794,0.68827794,0.68827794
1691641074000,0.68827887,0.68827887,0.68827887
1691641075000,0.68827725,0.68827725,0.68827725
1691641076000,0.68828133,0.68828133,0.68828133
1691641077000,0.68828226,0.68828226,0.68828226
1691641078000,0.6882823,0.6882823,0.6882823
1691641079000,0.6882823,0.6882823,0.6882823
1691641080000,0.68828132,0.68828132,0.68828132
1691641081000,0.68828132,0.68828132,0.68828132
1691641082000,0.68828246,0.68828246,0.68828246
1691641083000,0.68828246,0.68828246,0.68828246
1691641084000,0.68828246,0.68828246,0.68828246
1691641085000,0.68828246,0.68828246,0.68828246
1691641086000,0.68828286,0.68828286,0.68828286
1691641087000,0.6882823,0.6882823,0.6882823
1691641088000,0.68828234,0.68828234,0.68828234
1691641089000,0.6882823,0.6882823,0.6882823
1691641090000,0.6882823,0.6882823,0.6882823
1691641091000,0.68828161,0.68828161,0.68828161
1691641092000,0.68828083,0.68828083,0.68828083
1691641093000,0.68828172,0.68828172,0.68828172
1691641094000,0.68828172,0.68828172,0.68828172
1691641095000,0.68828006,0.68828006,0.68828006
1691641096000,0.68828006,0.68828006,0.68828006
1691641097000,0.68826534,0.68826534,0.68826534
1691641098000,0.6881,0.6881,0.6881
1691641099000,0.6881,0.6881,0.6881
1691641100000,0.6881,0.6881,0.6881
1691641101000,0.68809494,0.68809494,0.68809494
1691641102000,0.6880962,0.6880962,0.6880962
1691641103000,0.68804211,0.68804211,0.68804211
1691641104000,0.68804211,0.68804211,0.68804211
1691641105000,0.68803963,0.68803963,0.68803963
1691641106000,0.68803363,0.68803363,0.68803363
1691641107000,0.68806862,0.68806862,0.68806862
1691641108000,0.68806862,0.68806862,0.68806862
1691641109000,0.6880611,0.6880611,0.6880611
1691641110000,0.6880611,0.6880611,0.6880611
1691641111000,0.68806062,0.68806062,0.68806062
1691641112000,0.68806062,0.68806062,0.68806062
1691641113000,0.68805981,0.68805981,0.68805981
1691641114000,0.68805981,0.68805981,0.68805981
1691641115000,0.68798173,0.68798173,0.68798173
1691641116000,0.68798173,0.68798173,0.68798173
1691641117000,0.68797995,0.68797995,0.68797995
1691641118000,0.6879821,0.6879821,0.6879821
1691641119000,0.68798207,0.68798207,0.68798207
1691641120000,0.68798207,0.68798207,0.68798207
1691641121000,0.68797882,0.68797882,0.68797882
1691641122000,0.68797882,0.68797882,0.68797882
1691641123000,0.687982,0.687982,0.687982
1691641124000,0.687982,0.687982,0.687982
1691641125000,0.687982,0.687982,0.687982
1691641126000,0.68798026,0.68798026,0.68798026
1691641127000,0.6879803,0.6879803,0.6879803
1691641128000,0.68798081,0.68798081,0.68798081
1691641129000,0.68798081,0.68798081,0.68798081
1691641130000,0.68798085,0.68798085,0.68798085
1691641131000,0.68798138,0.68798138,0.68798138
1691641132000,0.68798138,0.68798138,0.68798138
1691641133000,0.68798367,0.68798367,0.68798367
1691641134000,0.68798367,0.68798367,0.68798367
1691641135000,0.68798367,0.68798367,0.68798367
1691641136000,0.68798237,0.68798237,0.68798237
1691641137000,0.68798237,0.68798237,0.68798237
1691641138000,0.68798237,0.68798237,0.68798237
1691641139000,0.68798291,0.68798291,0.68798291
1691641140000,0.68798295,0.68798295,0.68798295
1691641141000,0.68798368,0.68798368,0.68798368
1691641142000,0.68798368,0.68798368,0.68798368
1691641143000,0.688,0.688,0.688
1691641144000,0.688,0.688,0.688
1691641145000,0.68793025,0.68793025,0.68793025
1691641146000,0.68793025,0.68793025,0.68793025
1691641147000,0.68792903,0.68792903,0.68792903
1691641148000,0.688,0.688,0.688
1691641149000,0.688,0.688,0.688
1691641150000,0.688,0.688,0.688
1691641151000,0.688,0.688,0.688
1691641152000,0.688,0.688,0.688
1691641153000,0.68793247,0.68793247,0.68793247
1691641154000,0.6879346,0.6879346,0.6879346
1691641155000,0.68793464,0.68793464,0.68793464
1691641156000,0.6879346,0.6879346,0.6879346
1691641157000,0.6879346,0.6879346,0.6879346
1691641158000,0.68798926,0.68798926,0.68798926
1691641159000,0.6881,0.6881,0.6881
1691641160000,0.6881,0.6881,0.6881
1691641161000,0.6881,0.6881,0.6881
1691641162000,0.6881,0.6881,0.6881
1691641163000,0.6881,0.6881,0.6881
1691641164000,0.6882,0.6882,0.6882
1691641165000,0.6882,0.6882,0.6882
1691641166000,0.6882,0.6882,0.6882
1691641167000,0.6882,0.6882,0.6882
1691641168000,0.6882,0.6882,0.6882
1691641169000,0.6882,0.6882,0.6882
1691641170000,0.6882,0.6882,0.6882
1691641171000,0.6882,0.6882,0.6882
1691641172000,0.6881,0.6881,0.6881
1691641173000,0.6881,0.6881,0.6881
1691641174000,0.6881,0.6881,0.6881
1691641175000,0.6881,0.6881,0.6881
1691641176000,0.6881,0.6881,0.6881
1691641177000,0.6881,0.6881,0.6881
1691641178000,0.6881,0.6881,0.6881
1691641179000,0.6881,0.6881,0.6881
1691641180000,0.6881,0.6881,0.6881
1691641181000,0.6881,0.6881,0.6881
1691641182000,0.6881,0.6881,0.6881
1691641183000,0.6881,0.6881,0.6881
1691641184000,0.6881,0.6881,0.6881
1691641185000,0.6881,0.6881,0.6881
1691641186000,0.6881,0.6881,0.6881
1691641187000,0.6881,0.6881,0.6881
1691641188000,0.6881,0.6881,0.6881
1691641189000,0.6881,0.6881,0.6881
1691641190000,0.6881,0.6881,0.6881
1691641191000,0.688,0.688,0.688
1691641192000,0.688,0.688,0.688
1691641193000,0.688,0.688,0.688
1691641194000,0.688,0.688,0.688
1691641195000,0.688,0.688,0.688
1691641196000,0.688,0.688,0.688
1691641197000,0.688,0.688,0.688
1691641198000,0.688,0.688,0.688
1691641199000,0.688,0.688,0.688
1691641200000,0.688,0.688,0.688
1691641201000,0.688,0.688,0.688
1691641202000,0.688,0.688,0.688
1691641203000,0.688,0.688,0.688
1691641204000,0.6881,0.6881,0.6881
1691641205000,0.6881,0.6881,0.6881
1691641206000,0.6881,0.6881,0.6881
1691641207000,0.6881,0.6881,0.6881
1691641208000,0.6881,0.6881,0.6881
1691641209000,0.6881,0.6881,0.6881
1691641210000,0.6881,0.6881,0.6881
1691641211000,0.6881,0.6881,0.6881
1691641212000,0.6881,0.6881,0.6881
1691641213000,0.6881,0.6881,0.6881
1691641214000,0.6881,0.6881,0.6881
1691641215000,0.6881,0.6881,0.6881
1691641216000,0.6881,0.6881,0.6881
1691641217000,0.6881,0.6881,0.6881
1691641218000,0.6881,0.6881,0.6881
1691641219000,0.6881,0.6881,0.6881
1691641220000,0.6881,0.6881,0.6881
1691641221000,0.6881,0.6881,0.6881
1691641222000,0.6881,0.6881,0.6881
1691641223000,0.6881,0.6881,0.6881
1691641224000,0.6881,0.6881,0.6881
1691641225000,0.6881,0.6881,0.6881
1691641226000,0.6881,0.6881,0.6881
1691641227000,0.6881,0.6881,0.6881
1691641228000,0.688,0.688,0.688
1691641229000,0.688,0.688,0.688
1691641230000,0.688,0.688,0.688
1691641231000,0.688,0.688,0.688
1691641232000,0.688,0.688,0.688
1691641233000,0.688,0.688,0.688
1691641234000,0.688,0.688,0.688
1691641235000,0.688,0.688,0.688
1691641236000,0.6882,0.6882,0.6882
1691641237000,0.6882,0.6882,0.6882
1691641238000,0.6882,0.6882,0.6882
1691641239000,0.6882,0.6882,0.6882
1691641240000,0.6882,0.6882,0.6882
1691641241000,0.6882,0.6882,0.6882
1691641242000,0.6882,0.6882,0.6882
1691641243000,0.6882,0.6882,0.6882
1691641244000,0.6882,0.6882,0.6882
1691641245000,0.6882,0.6882,0.6882
1691641246000,0.6882,0.6882,0.6882
1691641247000,0.6882,0.6882,0.6882
1691641248000,0.6882,0.6882,0.6882
1691641249000,0.6882,0.6882,0.6882
1691641250000,0.6882,0.6882,0.6882
1691641251000,0.6881,0.6881,0.6881
1691641252000,0.6881,0.6881,0.6881
1691641253000,0.6881,0.6881,0.6881
1691641254000,0.6881,0.6881,0.6881
1691641255000,0.6881,0.6881,0.6881
1691641256000,0.6881,0.6881,0.6881
1691641257000,0.6881,0.6881,0.6881
1691641258000,0.6881,0.6881,0.6881
1691641259000,0.6881,0.6881,0.6881
1691641260000,0.6881,0.6881,0.6881
1691641261000,0.6881,0.6881,0.6881
1691641262000,0.6881,0.6881,0.6881
1691641263000,0.6881,0.6881,0.6881
1691641264000,0.6881,0.6881,0.6881
1691641265000,0.6881,0.6881,0.6881
1691641266000,0.6881,0.6881,0.6881
1691641267000,0.68807087,0.68807087,0.68807087
1691641268000,0.68807128,0.68807128,0.68807128
1691641269000,0.68807128,0.68807128,0.68807128
1691641270000,0.688,0.688,0.688
1691641271000,0.688,0.688,0.688
1691641272000,0.68795942,0.68795942,0.68795942
1691641273000,0.68795942,0.68795942,0.68795942
1691641274000,0.68796013,0.68796013,0.68796013
1691641275000,0.68795595,0.68795595,0.68795595
1691641276000,0.68795506,0.68795506,0.68795506
1691641277000,0.68795502,0.68795502,0.68795502
1691641278000,0.68790097,0.68790097,0.68790097
1691641279000,0.6879,0.6879,0.6879
1691641280000,0.6879,0.6879,0.6879
1691641281000,0.6879,0.6879,0.6879
1691641282000,0.6879,0.6879,0.6879
1691641283000,0.6879,0.6879,0.6879
1691641284000,0.6879,0.6879,0.6879
1691641285000,0.6879,0.6879,0.6879
1691641286000,0.6879,0.6879,0.6879
1691641287000,0.6879,0.6879,0.6879
1691641288000,0.68794985,0.68794985,0.68794985
1691641289000,0.68794923,0.68794923,0.68794923
1691641290000,0.68794923,0.68794923,0.68794923
1691641291000,0.68794878,0.68794878,0.68794878
1691641292000,0.68794874,0.68794874,0.68794874
1691641293000,0.68794874,0.68794874,0.68794874
1691641294000,0.68794652,0.68794652,0.68794652
1691641295000,0.68789101,0.68789101,0.68789101
1691641296000,0.68789101,0.68789101,0.68789101
1691641297000,0.68789101,0.68789101,0.68789101
1691641298000,0.68789101,0.68789101,0.68789101
1691641299000,0.68789097,0.68789097,0.68789097
1691641300000,0.6879,0.6879,0.6879
1691641301000,0.6879,0.6879,0.6879
1691641302000,0.6879,0.6879,0.6879
1691641303000,0.6879,0.6879,0.6879
1691641304000,0.68788222,0.68788222,0.68788222
1691641305000,0.68787778,0.68787778,0.68787778
1691641306000,0.68787778,0.68787778,0.68787778
1691641307000,0.68787662,0.68787662,0.68787662
1691641308000,0.68787662,0.68787662,0.68787662
1691641309000,0.68787666,0.68787666,0.68787666
1691641310000,0.68786785,0.68786785,0.68786785
1691641311000,0.6879219,0.6879219,0.6879219
1691641312000,0.6879219,0.6879219,0.6879219
1691641313000,0.6879219,0.6879219,0.6879219
1691641314000,0.6879219,0.6879219,0.6879219
1691641315000,0.6878635,0.6878635,0.6878635
1691641316000,0.68786217,0.68786217,0.68786217
1691641317000,0.6878595,0.6878595,0.6878595
1691641318000,0.68782703,0.68782703,0.68782703
1691641319000,0.68782703,0.68782703,0.68782703
1691641320000,0.68782174,0.68782174,0.68782174
1691641321000,0.68782178,0.68782178,0.68782178
1691641322000,0.68782174,0.68782174,0.68782174
1691641323000,0.68778931,0.68778931,0.68778931
1691641324000,0.6878,0.6878,0.6878
1691641325000,0.6878,0.6878,0.6878
1691641326000,0.6878,0.6878,0.6878
1691641327000,0.6878,0.6878,0.6878
1691641328000,0.6878,0.6878,0.6878
1691641329000,0.6879,0.6879,0.6879
1691641330000,0.6879,0.6879,0.6879
1691641331000,0.6879,0.6879,0.6879
1691641332000,0.68780294,0.68780294,0.68780294
1691641333000,0.68780294,0.68780294,0.68780294
1691641334000,0.68780387,0.68780387,0.68780387
1691641335000,0.68780383,0.68780383,0.68780383
1691641336000,0.68780512,0.68780512,0.68780512
1691641337000,0.68780512,0.68780512,0.68780512
1691641338000,0.68780512,0.68780512,0.68780512
1691641339000,0.68780512,0.68780512,0.68780512
1691641340000,0.68785917,0.68785917,0.68785917
1691641341000,0.68780917,0.68780917,0.68780917
1691641342000,0.6878,0.6878,0.6878
1691641343000,0.6878,0.6878,0.6878
1691641344000,0.68784897,0.68784897,0.68784897
1691641345000,0.68784897,0.68784897,0.68784897
1691641346000,0.68784696,0.68784696,0.68784696
1691641347000,0.68784696,0.68784696,0.68784696
1691641348000,0.6878,0.6878,0.6878
1691641349000,0.6878,0.6878,0.6878
1691641350000,0.6878,0.6878,0.6878
1691641351000,0.6878,0.6878,0.6878
1691641352000,0.6878,0.6878,0.6878
1691641353000,0.6878,0.6878,0.6878
1691641354000,0.6878,0.6878,0.6878
1691641355000,0.6878,0.6878,0.6878
1691641356000,0.6878,0.6878,0.6878
1691641357000,0.68778894,0.68778894,0.68778894
1691641358000,0.68778894,0.68778894,0.68778894
1691641359000,0.68778894,0.68778894,0.68778894
1691641360000,0.68778894,0.68778894,0.68778894
1691641361000,0.68778885,0.68778885,0.68778885
1691641362000,0.68778855,0.68778855,0.68778855
1691641363000,0.68778855,0.68778855,0.68778855
1691641364000,0.6879,0.6879,0.6879
1691641365000,0.6879,0.6879,0.6879
1691641366000,0.6879,0.6879,0.6879
1691641367000,0.6879,0.6879,0.6879
1691641368000,0.6879,0.6879,0.6879
1691641369000,0.6879,0.6879,0.6879
1691641370000,0.6879,0.6879,0.6879
1691641371000,0.6878,0.6878,0.6878
1691641372000,0.6878,0.6878,0.6878
1691641373000,0.6878,0.6878,0.6878
1691641374000,0.6878,0.6878,0.6878
1691641375000,0.6878,0.6878,0.6878
1691641376000,0.6878,0.6878,0.6878
1691641377000,0.6878,0.6878,0.6878
1691641378000,0.68784914,0.68784914,0.68784914
1691641379000,0.68784914,0.68784914,0.68784914
1691641380000,0.68784914,0.68784914,0.68784914
1691641381000,0.68784914,0.68784914,0.68784914
1691641382000,0.68784917,0.68784917,0.68784917
1691641383000,0.68784964,0.68784964,0.68784964
1691641384000,0.6878496,0.6878496,0.6878496
1691641385000,0.6878496,0.6878496,0.6878496
1691641386000,0.68785053,0.68785053,0.68785053
1691641387000,0.68785012,0.68785012,0.68785012
1691641388000,0.68785245,0.68785245,0.68785245
1691641389000,0.68790646,0.68790646,0.68790646
1691641390000,0.68785241,0.68785241,0.68785241
1691641391000,0.68785241,0.68785241,0.68785241
1691641392000,0.68785241,0.68785241,0.68785241
1691641393000,0.68790823,0.68790823,0.68790823
1691641394000,0.68790823,0.68790823,0.68790823
1691641395000,0.68790823,0.68790823,0.68790823
1691641396000,0.68790915,0.68790915,0.68790915
1691641397000,0.68790932,0.68790932,0.68790932
1691641398000,0.68791069,0.68791069,0.68791069
1691641399000,0.68791072,0.68791072,0.68791072
1691641400000,0.68791072,0.68791072,0.68791072
1691641401000,0.68791069,0.68791069,0.68791069
1691641402000,0.68791097,0.68791097,0.68791097
1691641403000,0.68791091,0.68791091,0.68791091
1691641404000,0.68790998,0.68790998,0.68790998
1691641405000,0.68785596,0.68785596,0.68785596
1691641406000,0.68785592,0.68785592,0.68785592
1691641407000,0.6879,0.6879,0.6879
1691641408000,0.68785665,0.68785665,0.68785665
1691641409000,0.68785823,0.68785823,0.68785823
1691641410000,0.68785823,0.68785823,0.68785823
1691641411000,0.68785819,0.68785819,0.68785819
1691641412000,0.68785912,0.68785912,0.68785912
1691641413000,0.68785916,0.68785916,0.68785916
1691641414000,0.68786105,0.68786105,0.68786105
1691641415000,0.68786012,0.68786012,0.68786012
1691641416000,0.68786109,0.68786109,0.68786109
1691641417000,0.68791514,0.68791514,0.68791514
1691641418000,0.68791514,0.68791514,0.68791514
1691641419000,0.6879,0.6879,0.6879
1691641420000,0.6879,0.6879,0.6879
1691641421000,0.6879,0.6879,0.6879
1691641422000,0.6879,0.6879,0.6879
1691641423000,0.68791599,0.68791599,0.68791599
1691641424000,0.68791817,0.68791817,0.68791817
1691641425000,0.68795153,0.68795153,0.68795153
1691641426000,0.68795156,0.68795156,0.68795156
1691641427000,0.68795153,0.68795153,0.68795153
1691641428000,0.68795234,0.68795234,0.68795234
1691641429000,0.68795312,0.68795312,0.68795312
1691641430000,0.68794587,0.68794587,0.68794587
1691641431000,0.68794587,0.68794587,0.68794587
1691641432000,0.68794494,0.68794494,0.68794494
1691641433000,0.6879437,0.6879437,0.6879437
1691641434000,0.68794288,0.68794288,0.68794288
1691641435000,0.68794205,0.68794205,0.68794205
1691641436000,0.68794201,0.68794201,0.68794201
1691641437000,0.68795012,0.68795012,0.68795012
1691641438000,0.68795032,0.68795032,0.68795032
1691641439000,0.68795032,0.68795032,0.68795032
1691641440000,0.68794952,0.68794952,0.68794952
1691641441000,0.68794952,0.68794952,0.68794952
1691641442000,0.68794952,0.68794952,0.68794952
1691641443000,0.68794952,0.68794952,0.68794952
1691641444000,0.68794928,0.68794928,0.68794928
1691641445000,0.68794839,0.68794839,0.68794839
1691641446000,0.68794932,0.68794932,0.68794932
1691641447000,0.68794932,0.68794932,0.68794932
1691641448000,0.68794934,0.68794934,0.68794934
1691641449000,0.68794934,0.68794934,0.68794934
1691641450000,0.6879466,0.6879466,0.6879466
1691641451000,0.6879466,0.6879466,0.6879466
1691641452000,0.68794664,0.68794664,0.68794664
1691641453000,0.68789295,0.68789295,0.68789295
1691641454000,0.68789216,0.68789216,0.68789216
1691641455000,0.68789033,0.68789033,0.68789033
1691641456000,0.68789037,0.68789037,0.68789037
1691641457000,0.68789037,0.68789037,0.68789037
1691641458000,0.68789126,0.68789126,0.68789126
1691641459000,0.6878418,0.6878418,0.6878418
1691641460000,0.68784094,0.68784094,0.68784094
1691641461000,0.68784094,0.68784094,0.68784094
1691641462000,0.68784094,0.68784094,0.68784094
1691641463000,0.68789495,0.68789495,0.68789495
1691641464000,0.68789524,0.68789524,0.68789524
1691641465000,0.6878952,0.6878952,0.6878952
1691641466000,0.6878376,0.6878376,0.6878376
1691641467000,0.68783853,0.68783853,0.68783853
1691641468000,0.68783853,0.68783853,0.68783853
1691641469000,0.68783828,0.68783828,0.68783828
1691641470000,0.68783828,0.68783828,0.68783828
1691641471000,0.68788969,0.68788969,0.68788969
1691641472000,0.68788569,0.68788569,0.68788569
1691641473000,0.68788558,0.68788558,0.68788558
1691641474000,0.6878855,0.6878855,0.6878855
1691641475000,0.68783144,0.68783144,0.68783144
1691641476000,0.68783156,0.68783156,0.68783156
1691641477000,0.68783059,0.68783059,0.68783059
1691641478000,0.688,0.688,0.688
1691641479000,0.688,0.688,0.688
1691641480000,0.688,0.688,0.688
1691641481000,0.6881,0.6881,0.6881
1691641482000,0.6881,0.6881,0.6881
1691641483000,0.6881,0.6881,0.6881
1691641484000,0.6882,0.6882,0.6882
1691641485000,0.6882,0.6882,0.6882
1691641486000,0.6882,0.6882,0.6882
1691641487000,0.6882,0.6882,0.6882
1691641488000,0.6882,0.6882,0.6882
1691641489000,0.6882,0.6882,0.6882
1691641490000,0.6882,0.6882,0.6882
1691641491000,0.6882,0.6882,0.6882
1691641492000,0.6882,0.6882,0.6882
1691641493000,0.6882,0.6882,0.6882
1691641494000,0.6882,0.6882,0.6882
1691641495000,0.6882,0.6882,0.6882
1691641496000,0.6882,0.6882,0.6882
1691641497000,0.6882,0.6882,0.6882
1691641498000,0.6882,0.6882,0.6882
1691641499000,0.6882,0.6882,0.6882
1691641500000,0.6882,0.6882,0.6882
1691641501000,0.6882,0.6882,0.6882
1691641502000,0.6882,0.6882,0.6882
1691641503000,0.6882,0.6882,0.6882
1691641504000,0.6882,0.6882,0.6882
1691641505000,0.6882,0.6882,0.6882
1691641506000,0.6882,0.6882,0.6882
1691641507000,0.6883,0.6883,0.6883
1691641508000,0.6883,0.6883,0.6883
1691641509000,0.6882,0.6882,0.6882
1691641510000,0.68811661,0.68811661,0.68811661
1691641511000,0.68811657,0.68811657,0.68811657
1691641512000,0.68811513,0.68811513,0.68811513
1691641513000,0.68811517,0.68811517,0.68811517
1691641514000,0.68811424,0.68811424,0.68811424
1691641515000,0.6881,0.6881,0.6881
1691641516000,0.6881,0.6881,0.6881
1691641517000,0.6881,0.6881,0.6881
1691641518000,0.6881,0.6881,0.6881
1691641519000,0.6881,0.6881,0.6881
1691641520000,0.6881,0.6881,0.6881
1691641521000,0.6881,0.6881,0.6881
1691641522000,0.6881,0.6881,0.6881
1691641523000,0.6881,0.6881,0.6881
1691641524000,0.6881,0.6881,0.6881
1691641525000,0.6881,0.6881,0.6881
1691641526000,0.6881,0.6881,0.6881
1691641527000,0.6881,0.6881,0.6881
1691641528000,0.6881,0.6881,0.6881
1691641529000,0.6881,0.6881,0.6881
1691641530000,0.688,0.688,0.688
1691641531000,0.688,0.688,0.688
1691641532000,0.6881,0.6881,0.6881
1691641533000,0.6881,0.6881,0.6881
1691641534000,0.6881,0.6881,0.6881
1691641535000,0.6881,0.6881,0.6881
1691641536000,0.688,0.688,0.688
1691641537000,0.688,0.688,0.688
1691641538000,0.688,0.688,0.688
1691641539000,0.688,0.688,0.688
1691641540000,0.688,0.688,0.688
1691641541000,0.688,0.688,0.688
1691641542000,0.688,0.688,0.688
1691641543000,0.688,0.688,0.688
1691641544000,0.68793989,0.68793989,0.68793989
1691641545000,0.6879,0.6879,0.6879
1691641546000,0.6879,0.6879,0.6879
1691641547000,0.6879,0.6879,0.6879
1691641548000,0.6879,0.6879,0.6879
1691641549000,0.6879,0.6879,0.6879
1691641550000,0.6879,0.6879,0.6879
1691641551000,0.6879,0.6879,0.6879
1691641552000,0.6879,0.6879,0.6879
1691641553000,0.6879,0.6879,0.6879
1691641554000,0.6879,0.6879,0.6879
1691641555000,0.6879,0.6879,0.6879
1691641556000,0.6879,0.6879,0.6879
1691641557000,0.6879,0.6879,0.6879
1691641558000,0.6879,0.6879,0.6879
1691641559000,0.6879,0.6879,0.6879
1691641560000,0.6879,0.6879,0.6879
1691641561000,0.6879,0.6879,0.6879
1691641562000,0.6879,0.6879,0.6879
1691641563000,0.6878282,0.6878282,0.6878282
1691641564000,0.68782646,0.68782646,0.68782646
1691641565000,0.6878224,0.6878224,0.6878224
1691641566000,0.68781592,0.68781592,0.68781592
1691641567000,0.68781592,0.68781592,0.68781592
1691641568000,0.68781499,0.68781499,0.68781499
1691641569000,0.68780961,0.68780961,0.68780961
1691641570000,0.68780961,0.68780961,0.68780961
1691641571000,0.68780961,0.68780961,0.68780961
1691641572000,0.68780974,0.68780974,0.68780974
1691641573000,0.6878107,0.6878107,0.6878107
1691641574000,0.6878107,0.6878107,0.6878107
1691641575000,0.68780766,0.68780766,0.68780766
1691641576000,0.68780766,0.68780766,0.68780766
1691641577000,0.68780632,0.68780632,0.68780632
1691641578000,0.68780632,0.68780632,0.68780632
1691641579000,0.68775227,0.68775227,0.68775227
1691641580000,0.68775078,0.68775078,0.68775078
1691641581000,0.68774945,0.68774945,0.68774945
1691641582000,0.68774945,0.68774945,0.68774945
1691641583000,0.68773327,0.68773327,0.68773327
1691641584000,0.68773327,0.68773327,0.68773327
1691641585000,0.68773179,0.68773179,0.68773179
1691641586000,0.68773179,0.68773179,0.68773179
1691641587000,0.68768352,0.68768352,0.68768352
1691641588000,0.6877,0.6877,0.6877
1691641589000,0.6877,0.6877,0.6877
1691641590000,0.6877,0.6877,0.6877
1691641591000,0.6877,0.6877,0.6877
1691641592000,0.6877,0.6877,0.6877
1691641593000,0.6877,0.6877,0.6877
1691641594000,0.6877,0.6877,0.6877
1691641595000,0.6877,0.6877,0.6877
1691641596000,0.6877,0.6877,0.6877
1691641597000,0.6877,0.6877,0.6877
1691641598000,0.6878,0.6878,0.6878
1691641599000,0.6877,0.6877,0.6877
1691641600000,0.6877,0.6877,0.6877
1691641601000,0.6877,0.6877,0.6877
1691641602000,0.6877,0.6877,0.6877
1691641603000,0.6877,0.6877,0.6877
1691641604000,0.6879,0.6879,0.6879
1691641605000,0.6879,0.6879,0.6879
1691641606000,0.6879,0.6879,0.6879
1691641607000,0.6879,0.6879,0.6879
1691641608000,0.6879,0.6879,0.6879
1691641609000,0.6879,0.6879,0.6879
1691641610000,0.6879,0.6879,0.6879
1691641611000,0.6879,0.6879,0.6879
1691641612000,0.6879,0.6879,0.6879
1691641613000,0.6879,0.6879,0.6879
1691641614000,0.6879,0.6879,0.6879
1691641615000,0.6879,0.6879,0.6879
1691641616000,0.6879,0.6879,0.6879
1691641617000,0.6879,0.6879,0.6879
1691641618000,0.6879,0.6879,0.6879
1691641619000,0.6879,0.6879,0.6879
1691641620000,0.6879,0.6879,0.6879
1691641621000,0.6879,0.6879,0.6879
1691641622000,0.6879,0.6879,0.6879
1691641623000,0.6879,0.6879,0.6879
1691641624000,0.6879,0.6879,0.6879
1691641625000,0.6879,0.6879,0.6879
1691641626000,0.6879,0.6879,0.6879
1691641627000,0.6879,0.6879,0.6879
1691641628000,0.6879,0.6879,0.6879
1691641629000,0.6879,0.6879,0.6879
1691641630000,0.6879,0.6879,0.6879
1691641631000,0.6879,0.6879,0.6879
1691641632000,0.68784057,0.68784057,0.68784057
1691641633000,0.68784073,0.68784073,0.68784073
1691641634000,0.68784073,0.68784073,0.68784073
1691641635000,0.68784073,0.68784073,0.68784073
1691641636000,0.68784069,0.68784069,0.68784069
1691641637000,0.68784006,0.68784006,0.68784006
1691641638000,0.68783961,0.68783961,0.68783961
1691641639000,0.68783965,0.68783965,0.68783965
1691641640000,0.68783965,0.68783965,0.68783965
1691641641000,0.6879,0.6879,0.6879
1691641642000,0.6879,0.6879,0.6879
1691641643000,0.6879,0.6879,0.6879
1691641644000,0.6879,0.6879,0.6879
1691641645000,0.6879,0.6879,0.6879
1691641646000,0.6879,0.6879,0.6879
1691641647000,0.6879,0.6879,0.6879
1691641648000,0.6879,0.6879,0.6879
1691641649000,0.6879,0.6879,0.6879
1691641650000,0.6879,0.6879,0.6879
1691641651000,0.6879,0.6879,0.6879
1691641652000,0.6879,0.6879,0.6879
1691641653000,0.6879,0.6879,0.6879
1691641654000,0.6879,0.6879,0.6879
1691641655000,0.6879,0.6879,0.6879
1691641656000,0.6879,0.6879,0.6879
1691641657000,0.6879,0.6879,0.6879
1691641658000,0.6879,0.6879,0.6879
1691641659000,0.6879,0.6879,0.6879
1691641660000,0.6879,0.6879,0.6879
1691641661000,0.6881,0.6881,0.6881
1691641662000,0.6881,0.6881,0.6881
1691641663000,0.6881,0.6881,0.6881
1691641664000,0.6881,0.6881,0.6881
1691641665000,0.6881,0.6881,0.6881
1691641666000,0.6881,0.6881,0.6881
1691641667000,0.688,0.688,0.688
1691641668000,0.688,0.688,0.688
1691641669000,0.6881,0.6881,0.6881
1691641670000,0.688,0.688,0.688
1691641671000,0.688,0.688,0.688
1691641672000,0.688,0.688,0.688
1691641673000,0.688,0.688,0.688
1691641674000,0.688,0.688,0.688
1691641675000,0.688,0.688,0.688
1691641676000,0.688,0.688,0.688
1691641677000,0.688,0.688,0.688
1691641678000,0.688,0.688,0.688
1691641679000,0.688,0.688,0.688
1691641680000,0.6881,0.6881,0.6881
1691641681000,0.6881,0.6881,0.6881
1691641682000,0.6881,0.6881,0.6881
1691641683000,0.688,0.688,0.688
1691641684000,0.688,0.688,0.688
1691641685000,0.688,0.688,0.688
1691641686000,0.688,0.688,0.688
1691641687000,0.688,0.688,0.688
1691641688000,0.688,0.688,0.688
1691641689000,0.688,0.688,0.688
1691641690000,0.688,0.688,0.688
1691641691000,0.688,0.688,0.688
1691641692000,0.688,0.688,0.688
1691641693000,0.688,0.688,0.688
1691641694000,0.6881,0.6881,0.6881
1691641695000,0.6881,0.6881,0.6881
1691641696000,0.688,0.688,0.688
1691641697000,0.688,0.688,0.688
1691641698000,0.688,0.688,0.688
1691641699000,0.6881,0.6881,0.6881
1691641700000,0.6881,0.6881,0.6881
1691641701000,0.6881,0.6881,0.6881
1691641702000,0.6881,0.6881,0.6881
1691641703000,0.6881,0.6881,0.6881
1691641704000,0.6881,0.6881,0.6881
1691641705000,0.6881,0.6881,0.6881
1691641706000,0.6881,0.6881,0.6881
1691641707000,0.6881,0.6881,0.6881
1691641708000,0.6881,0.6881,0.6881
1691641709000,0.6881,0.6881,0.6881
1691641710000,0.6881,0.6881,0.6881
1691641711000,0.6881,0.6881,0.6881
1691641712000,0.6881,0.6881,0.6881
1691641713000,0.6881,0.6881,0.6881
1691641714000,0.6881,0.6881,0.6881
1691641715000,0.6881,0.6881,0.6881
1691641716000,0.6881,0.6881,0.6881
1691641717000,0.6881,0.6881,0.6881
1691641718000,0.6881,0.6881,0.6881
1691641719000,0.6881,0.6881,0.6881
1691641720000,0.6881,0.6881,0.6881
1691641721000,0.6881,0.6881,0.6881
1691641722000,0.6881,0.6881,0.6881
1691641723000,0.6881,0.6881,0.6881
1691641724000,0.6881,0.6881,0.6881
1691641725000,0.6881,0.6881,0.6881
1691641726000,0.6881,0.6881,0.6881
1691641727000,0.6881,0.6881,0.6881
1691641728000,0.6881,0.6881,0.6881
1691641729000,0.688,0.688,0.688
1691641730000,0.688,0.688,0.688
1691641731000,0.688,0.688,0.688
1691641732000,0.688,0.688,0.688
1691641733000,0.68802834,0.68802834,0.68802834
1691641734000,0.68802834,0.68802834,0.68802834
1691641735000,0.68802806,0.68802806,0.68802806
1691641736000,0.68803294,0.68803294,0.68803294
1691641737000,0.68803291,0.68803291,0.68803291
1691641738000,0.688,0.688,0.688
1691641739000,0.688,0.688,0.688
1691641740000,0.6881,0.6881,0.6881
1691641741000,0.6881,0.6881,0.6881
1691641742000,0.6881,0.6881,0.6881
1691641743000,0.6881,0.6881,0.6881
1691641744000,0.6881,0.6881,0.6881
1691641745000,0.6881,0.6881,0.6881
1691641746000,0.6881,0.6881,0.6881
1691641747000,0.6881,0.6881,0.6881
1691641748000,0.6881,0.6881,0.6881
1691641749000,0.68798311,0.68798311,0.68798311
1691641750000,0.68798275,0.68798275,0.68798275
1691641751000,0.688,0.688,0.688
1691641752000,0.688,0.688,0.688
1691641753000,0.68803949,0.68803949,0.68803949
1691641754000,0.68803949,0.68803949,0.68803949
1691641755000,0.68803977,0.68803977,0.68803977
1691641756000,0.6880395,0.6880395,0.6880395
1691641757000,0.6880395,0.6880395,0.6880395
1691641758000,0.68803853,0.68803853,0.68803853
1691641759000,0.68803853,0.68803853,0.68803853
1691641760000,0.68805475,0.68805475,0.68805475
1691641761000,0.68805523,0.68805523,0.68805523
1691641762000,0.6880539,0.6880539,0.6880539
1691641763000,0.6880539,0.6880539,0.6880539
1691641764000,0.688,0.688,0.688
1691641765000,0.688,0.688,0.688
1691641766000,0.688,0.688,0.688
1691641767000,0.68805415,0.68805415,0.68805415
1691641768000,0.68805323,0.68805323,0.68805323
1691641769000,0.68805323,0.68805323,0.68805323
1691641770000,0.68805326,0.68805326,0.68805326
1691641771000,0.68805326,0.68805326,0.68805326
1691641772000,0.68805118,0.68805118,0.68805118
1691641773000,0.68805118,0.68805118,0.68805118
1691641774000,0.68805118,0.68805118,0.68805118
1691641775000,0.6880508,0.6880508,0.6880508
1691641776000,0.6880508,0.6880508,0.6880508
1691641777000,0.68804919,0.68804919,0.68804919
1691641778000,0.68804919,0.68804919,0.68804919
1691641779000,0.68805186,0.68805186,0.68805186
1691641780000,0.6880519,0.6880519,0.6880519
1691641781000,0.6880519,0.6880519,0.6880519
1691641782000,0.68805188,0.68805188,0.68805188
1691641783000,0.68805095,0.68805095,0.68805095
1691641784000,0.68805095,0.68805095,0.68805095
1691641785000,0.68805095,0.68805095,0.68805095
1691641786000,0.6881,0.6881,0.6881
1691641787000,0.6881,0.6881,0.6881
1691641788000,0.6881,0.6881,0.6881
1691641789000,0.6881,0.6881,0.6881
1691641790000,0.68805194,0.68805194,0.68805194
1691641791000,0.68805235,0.68805235,0.68805235
1691641792000,0.68805235,0.68805235,0.68805235
1691641793000,0.68805172,0.68805172,0.68805172
1691641794000,0.688,0.688,0.688
1691641795000,0.68799194,0.68799194,0.68799194
1691641796000,0.68799105,0.68799105,0.68799105
1691641797000,0.68799105,0.68799105,0.68799105
1691641798000,0.68799002,0.68799002,0.68799002
1691641799000,0.68799002,0.68799002,0.68799002
1691641800000,0.68799002,0.68799002,0.68799002
1691641801000,0.68798998,0.68798998,0.68798998
1691641802000,0.68798998,0.68798998,0.68798998
1691641803000,0.68798773,0.68798773,0.68798773
1691641804000,0.6879877,0.6879877,0.6879877
1691641805000,0.6879877,0.6879877,0.6879877
1691641806000,0.6879877,0.6879877,0.6879877
1691641807000,0.68795868,0.68795868,0.68795868
1691641808000,0.68795628,0.68795628,0.68795628
1691641809000,0.68795632,0.68795632,0.68795632
1691641810000,0.68795725,0.68795725,0.68795725
1691641811000,0.68790316,0.68790316,0.68790316
1691641812000,0.6879015,0.6879015,0.6879015
1691641813000,0.68789958,0.68789958,0.68789958
1691641814000,0.68789958,0.68789958,0.68789958
1691641815000,0.68789962,0.68789962,0.68789962
1691641816000,0.68790055,0.68790055,0.68790055
1691641817000,0.68789946,0.68789946,0.68789946
1691641818000,0.68789946,0.68789946,0.68789946
1691641819000,0.68789668,0.68789668,0.68789668
1691641820000,0.68789668,0.68789668,0.68789668
1691641821000,0.68789668,0.68789668,0.68789668
1691641822000,0.68789668,0.68789668,0.68789668
1691641823000,0.68778065,0.68778065,0.68778065
1691641824000,0.68777784,0.68777784,0.68777784
1691641825000,0.68773132,0.68773132,0.68773132
1691641826000,0.68773132,0.68773132,0.68773132
1691641827000,0.68772159,0.68772159,0.68772159
1691641828000,0.68772159,0.68772159,0.68772159
1691641829000,0.68771046,0.68771046,0.68771046
1691641830000,0.68771046,0.68771046,0.68771046
1691641831000,0.68771049,0.68771049,0.68771049
1691641832000,0.68771318,0.68771318,0.68771318
1691641833000,0.68771318,0.68771318,0.68771318
1691641834000,0.68770971,0.68770971,0.68770971
1691641835000,0.68770971,0.68770971,0.68770971
1691641836000,0.68770971,0.68770971,0.68770971
1691641837000,0.68770971,0.68770971,0.68770971
1691641838000,0.68770365,0.68770365,0.68770365
1691641839000,0.68765839,0.68765839,0.68765839
1691641840000,0.68765839,0.68765839,0.68765839
1691641841000,0.68765842,0.68765842,0.68765842
1691641842000,0.68765842,0.68765842,0.68765842
1691641843000,0.68766062,0.68766062,0.68766062
1691641844000,0.68766059,0.68766059,0.68766059
1691641845000,0.68765875,0.68765875,0.68765875
1691641846000,0.6877,0.6877,0.6877
1691641847000,0.6877,0.6877,0.6877
1691641848000,0.68765875,0.68765875,0.68765875
1691641849000,0.68765015,0.68765015,0.68765015
1691641850000,0.68764849,0.68764849,0.68764849
1691641851000,0.68764849,0.68764849,0.68764849
1691641852000,0.68764849,0.68764849,0.68764849
1691641853000,0.6877,0.6877,0.6877
1691641854000,0.6879,0.6879,0.6879
1691641855000,0.6879,0.6879,0.6879
1691641856000,0.6879,0.6879,0.6879
1691641857000,0.6878,0.6878,0.6878
1691641858000,0.6878,0.6878,0.6878
1691641859000,0.6878,0.6878,0.6878
1691641860000,0.6878,0.6878,0.6878
1691641861000,0.6879,0.6879,0.6879
1691641862000,0.6879,0.6879,0.6879
1691641863000,0.6879,0.6879,0.6879
1691641864000,0.6878,0.6878,0.6878
1691641865000,0.6878,0.6878,0.6878
1691641866000,0.6878,0.6878,0.6878
1691641867000,0.6878,0.6878,0.6878
1691641868000,0.6878,0.6878,0.6878
1691641869000,0.6878,0.6878,0.6878
1691641870000,0.6878,0.6878,0.6878
1691641871000,0.6879,0.6879,0.6879
1691641872000,0.6879,0.6879,0.6879
1691641873000,0.6879,0.6879,0.6879
1691641874000,0.6879,0.6879,0.6879
1691641875000,0.6879,0.6879,0.6879
1691641876000,0.6879,0.6879,0.6879
1691641877000,0.6879,0.6879,0.6879
1691641878000,0.6879,0.6879,0.6879
1691641879000,0.6879,0.6879,0.6879
1691641880000,0.6879,0.6879,0.6879
1691641881000,0.6879,0.6879,0.6879
1691641882000,0.6879,0.6879,0.6879
1691641883000,0.6879,0.6879,0.6879
1691641884000,0.6879,0.6879,0.6879
1691641885000,0.6879,0.6879,0.6879
1691641886000,0.6879,0.6879,0.6879
1691641887000,0.6879,0.6879,0.6879
1691641888000,0.6879,0.6879,0.6879
1691641889000,0.6879,0.6879,0.6879
1691641890000,0.6879,0.6879,0.6879
1691641891000,0.6879,0.6879,0.6879
1691641892000,0.6879,0.6879,0.6879
1691641893000,0.6879,0.6879,0.6879
1691641894000,0.6879,0.6879,0.6879
1691641895000,0.688,0.688,0.688
1691641896000,0.688,0.688,0.688
1691641897000,0.688,0.688,0.688
1691641898000,0.688,0.688,0.688
1691641899000,0.688,0.688,0.688
1691641900000,0.688,0.688,0.688
1691641901000,0.688,0.688,0.688
1691641902000,0.688,0.688,0.688
1691641903000,0.688,0.688,0.688
1691641904000,0.688,0.688,0.688
1691641905000,0.688,0.688,0.688
1691641906000,0.6879,0.6879,0.6879
1691641907000,0.6879,0.6879,0.6879
1691641908000,0.6879,0.6879,0.6879
1691641909000,0.6879,0.6879,0.6879
1691641910000,0.68790084,0.68790084,0.68790084
1691641911000,0.68790084,0.68790084,0.68790084
1691641912000,0.68790164,0.68790164,0.68790164
1691641913000,0.68790168,0.68790168,0.68790168
1691641914000,0.68790168,0.68790168,0.68790168
1691641915000,0.68790241,0.68790241,0.68790241
1691641916000,0.68790472,0.68790472,0.68790472
1691641917000,0.68790484,0.68790484,0.68790484
1691641918000,0.6879056,0.6879056,0.6879056
1691641919000,0.6879056,0.6879056,0.6879056
1691641920000,0.68790616,0.68790616,0.68790616
1691641921000,0.6879062,0.6879062,0.6879062
1691641922000,0.68791562,0.68791562,0.68791562
1691641923000,0.68791562,0.68791562,0.68791562
1691641924000,0.68791887,0.68791887,0.68791887
1691641925000,0.68791915,0.68791915,0.68791915
1691641926000,0.68791915,0.68791915,0.68791915
1691641927000,0.68791918,0.68791918,0.68791918
1691641928000,0.68792007,0.68792007,0.68792007
1691641929000,0.68792007,0.68792007,0.68792007
1691641930000,0.68792004,0.68792004,0.68792004
1691641931000,0.68792004,0.68792004,0.68792004
1691641932000,0.68792589,0.68792589,0.68792589
1691641933000,0.688,0.688,0.688
1691641934000,0.68792707,0.68792707,0.68792707
1691641935000,0.688,0.688,0.688
1691641936000,0.688,0.688,0.688
1691641937000,0.6881,0.6881,0.6881
1691641938000,0.68816698,0.68816698,0.68816698
1691641939000,0.68816698,0.68816698,0.68816698
1691641940000,0.6882,0.6882,0.6882
1691641941000,0.6882,0.6882,0.6882
1691641942000,0.6882,0.6882,0.6882
1691641943000,0.6882,0.6882,0.6882
1691641944000,0.6882,0.6882,0.6882
1691641945000,0.6882,0.6882,0.6882
1691641946000,0.6883,0.6883,0.6883
1691641947000,0.6883,0.6883,0.6883
1691641948000,0.6882,0.6882,0.6882
1691641949000,0.6882,0.6882,0.6882
1691641950000,0.6883,0.6883,0.6883
1691641951000,0.6883,0.6883,0.6883
1691641952000,0.6883,0.6883,0.6883
1691641953000,0.6883,0.6883,0.6883
1691641954000,0.6883,0.6883,0.6883
1691641955000,0.6883,0.6883,0.6883
1691641956000,0.68832675,0.68832675,0.68832675
1691641957000,0.6883,0.6883,0.6883
1691641958000,0.6883,0.6883,0.6883
1691641959000,0.6883,0.6883,0.6883
1691641960000,0.6883,0.6883,0.6883
1691641961000,0.68838229,0.68838229,0.68838229
1691641962000,0.6884,0.6884,0.6884
1691641963000,0.6884,0.6884,0.6884
1691641964000,0.6884,0.6884,0.6884
1691641965000,0.6884,0.6884,0.6884
1691641966000,0.6884,0.6884,0.6884
1691641967000,0.6884,0.6884,0.6884
1691641968000,0.6884,0.6884,0.6884
1691641969000,0.6884,0.6884,0.6884
1691641970000,0.6884,0.6884,0.6884
1691641971000,0.6884,0.6884,0.6884
1691641972000,0.6884,0.6884,0.6884
1691641973000,0.6884,0.6884,0.6884
1691641974000,0.6884,0.6884,0.6884
1691641975000,0.6884,0.6884,0.6884
1691641976000,0.6884,0.6884,0.6884
1691641977000,0.6884,0.6884,0.6884
1691641978000,0.6883,0.6883,0.6883
1691641979000,0.6883,0.6883,0.6883
1691641980000,0.6883,0.6883,0.6883
1691641981000,0.6883,0.6883,0.6883
1691641982000,0.6883,0.6883,0.6883
1691641983000,0.6883,0.6883,0.6883
1691641984000,0.6883,0.6883,0.6883
1691641985000,0.6883,0.6883,0.6883
1691641986000,0.6883,0.6883,0.6883
1691641987000,0.6883,0.6883,0.6883
1691641988000,0.6883,0.6883,0.6883
1691641989000,0.6883,0.6883,0.6883
1691641990000,0.6883,0.6883,0.6883
1691641991000,0.6883,0.6883,0.6883
1691641992000,0.6883,0.6883,0.6883
1691641993000,0.6883,0.6883,0.6883
1691641994000,0.6883,0.6883,0.6883
1691641995000,0.6883,0.6883,0.6883
1691641996000,0.6883,0.6883,0.6883
1691641997000,0.68825296,0.68825296,0.68825296
1691641998000,0.68822502,0.68822502,0.68822502
1691641999000,0.68817851,0.68817851,0.68817851
1691642000000,0.68817727,0.68817727,0.68817727
1691642001000,0.68817347,0.68817347,0.68817347
1691642002000,0.68817347,0.68817347,0.68817347
1691642003000,0.6881735,0.6881735,0.6881735
1691642004000,0.6881735,0.6881735,0.6881735
1691642005000,0.68817347,0.68817347,0.68817347
1691642006000,0.68816851,0.68816851,0.68816851
1691642007000,0.68816851,0.68816851,0.68816851
1691642008000,0.68816851,0.68816851,0.68816851
1691642009000,0.68816851,0.68816851,0.68816851
1691642010000,0.68816851,0.68816851,0.68816851
1691642011000,0.68816403,0.68816403,0.68816403
1691642012000,0.6881643,0.6881643,0.6881643
1691642013000,0.68815032,0.68815032,0.68815032
1691642014000,0.68815032,0.68815032,0.68815032
1691642015000,0.68815035,0.68815035,0.68815035
1691642016000,0.68814703,0.68814703,0.68814703
1691642017000,0.68814543,0.68814543,0.68814543
1691642018000,0.68814543,0.68814543,0.68814543
1691642019000,0.68814543,0.68814543,0.68814543
1691642020000,0.68814543,0.68814543,0.68814543
1691642021000,0.68814332,0.68814332,0.68814332
1691642022000,0.68814332,0.68814332,0.68814332
1691642023000,0.6881,0.6881,0.6881
1691642024000,0.68809646,0.68809646,0.68809646
1691642025000,0.68809074,0.68809074,0.68809074
1691642026000,0.68808632,0.68808632,0.68808632
1691642027000,0.68808403,0.68808403,0.68808403
1691642028000,0.68808403,0.68808403,0.68808403
1691642029000,0.68807084,0.68807084,0.68807084
1691642030000,0.68807084,0.68807084,0.68807084
1691642031000,0.68807084,0.68807084,0.68807084
1691642032000,0.6880695,0.6880695,0.6880695
1691642033000,0.6880695,0.6880695,0.6880695
1691642034000,0.6880695,0.6880695,0.6880695
1691642035000,0.68806954,0.68806954,0.68806954
1691642036000,0.68806954,0.68806954,0.68806954
1691642037000,0.68806938,0.68806938,0.68806938
1691642038000,0.6880682,0.6880682,0.6880682
1691642039000,0.6880682,0.6880682,0.6880682
1691642040000,0.6881,0.6881,0.6881
1691642041000,0.6881,0.6881,0.6881
1691642042000,0.6881,0.6881,0.6881
1691642043000,0.6881,0.6881,0.6881
1691642044000,0.6881,0.6881,0.6881
1691642045000,0.6881,0.6881,0.6881
1691642046000,0.6881,0.6881,0.6881
1691642047000,0.6881,0.6881,0.6881
1691642048000,0.68806506,0.68806506,0.68806506
1691642049000,0.68806506,0.68806506,0.68806506
1691642050000,0.68806503,0.68806503,0.68806503
1691642051000,0.68806503,0.68806503,0.68806503
1691642052000,0.68806687,0.68806687,0.68806687
1691642053000,0.68811338,0.68811338,0.68811338
1691642054000,0.6881,0.6881,0.6881
1691642055000,0.6881,0.6881,0.6881
1691642056000,0.6881,0.6881,0.6881
1691642057000,0.6881,0.6881,0.6881
1691642058000,0.6881,0.6881,0.6881
1691642059000,0.6881,0.6881,0.6881
1691642060000,0.6881,0.6881,0.6881
1691642061000,0.6881,0.6881,0.6881
1691642062000,0.6881,0.6881,0.6881
1691642063000,0.6881,0.6881,0.6881
1691642064000,0.6882,0.6882,0.6882
1691642065000,0.6882,0.6882,0.6882
1691642066000,0.6882,0.6882,0.6882
1691642067000,0.6882,0.6882,0.6882
1691642068000,0.6882,0.6882,0.6882
1691642069000,0.6882,0.6882,0.6882
1691642070000,0.6882,0.6882,0.6882
1691642071000,0.6882,0.6882,0.6882
1691642072000,0.6882,0.6882,0.6882
1691642073000,0.6882,0.6882,0.6882
1691642074000,0.68824296,0.68824296,0.68824296
1691642075000,0.68824296,0.68824296,0.68824296
1691642076000,0.688243,0.688243,0.688243
1691642077000,0.68824296,0.68824296,0.68824296
1691642078000,0.68824528,0.68824528,0.68824528
1691642079000,0.68824569,0.68824569,0.68824569
1691642080000,0.68824566,0.68824566,0.68824566
1691642081000,0.68824566,0.68824566,0.68824566
1691642082000,0.68824486,0.68824486,0.68824486
1691642083000,0.6882455,0.6882455,0.6882455
1691642084000,0.68825028,0.68825028,0.68825028
1691642085000,0.6883,0.6883,0.6883
1691642086000,0.6883,0.6883,0.6883
1691642087000,0.6883,0.6883,0.6883
1691642088000,0.6883,0.6883,0.6883
1691642089000,0.6883,0.6883,0.6883
1691642090000,0.6883,0.6883,0.6883
1691642091000,0.6883,0.6883,0.6883
1691642092000,0.6883,0.6883,0.6883
1691642093000,0.6883,0.6883,0.6883
1691642094000,0.6883,0.6883,0.6883
1691642095000,0.68824116,0.68824116,0.68824116
1691642096000,0.68824116,0.68824116,0.68824116
1691642097000,0.68824113,0.68824113,0.68824113
1691642098000,0.68824113,0.68824113,0.68824113
1691642099000,0.68824299,0.68824299,0.68824299
1691642100000,0.68824299,0.68824299,0.68824299
1691642101000,0.68824382,0.68824382,0.68824382
1691642102000,0.68824382,0.68824382,0.68824382
1691642103000,0.68824382,0.68824382,0.68824382
1691642104000,0.68824559,0.68824559,0.68824559
1691642105000,0.68824479,0.68824479,0.68824479
1691642106000,0.68824479,0.68824479,0.68824479
1691642107000,0.68824479,0.68824479,0.68824479
1691642108000,0.68824559,0.68824559,0.68824559
1691642109000,0.6882475,0.6882475,0.6882475
1691642110000,0.6882475,0.6882475,0.6882475
1691642111000,0.6882475,0.6882475,0.6882475
1691642112000,0.6882467,0.6882467,0.6882467
1691642113000,0.6882467,0.6882467,0.6882467
1691642114000,0.68824634,0.68824634,0.68824634
1691642115000,0.68824901,0.68824901,0.68824901
1691642116000,0.6882437,0.6882437,0.6882437
1691642117000,0.6883,0.6883,0.6883
1691642118000,0.6883,0.6883,0.6883
1691642119000,0.6883,0.6883,0.6883
1691642120000,0.6883,0.6883,0.6883
1691642121000,0.6883,0.6883,0.6883
1691642122000,0.6883,0.6883,0.6883
1691642123000,0.6883,0.6883,0.6883
1691642124000,0.6883,0.6883,0.6883
1691642125000,0.6883,0.6883,0.6883
1691642126000,0.6883,0.6883,0.6883
1691642127000,0.6883,0.6883,0.6883
1691642128000,0.6883,0.6883,0.6883
1691642129000,0.6883,0.6883,0.6883
1691642130000,0.68830151,0.68830151,0.68830151
1691642131000,0.68830151,0.68830151,0.68830151
1691642132000,0.68830068,0.68830068,0.68830068
1691642133000,0.6884,0.6884,0.6884
1691642134000,0.6884,0.6884,0.6884
1691642135000,0.6884,0.6884,0.6884
1691642136000,0.6884,0.6884,0.6884
1691642137000,0.6884,0.6884,0.6884
1691642138000,0.6884,0.6884,0.6884
1691642139000,0.68835178,0.68835178,0.68835178
1691642140000,0.6885,0.6885,0.6885
1691642141000,0.6885,0.6885,0.6885
1691642142000,0.6885,0.6885,0.6885
1691642143000,0.6885,0.6885,0.6885
1691642144000,0.6885,0.6885,0.6885
1691642145000,0.6885,0.6885,0.6885
1691642146000,0.6885,0.6885,0.6885
1691642147000,0.6885,0.6885,0.6885
1691642148000,0.6885,0.6885,0.6885
1691642149000,0.6885,0.6885,0.6885
1691642150000,0.6885,0.6885,0.6885
1691642151000,0.6885,0.6885,0.6885
1691642152000,0.6885,0.6885,0.6885
1691642153000,0.6885,0.6885,0.6885
1691642154000,0.6885,0.6885,0.6885
1691642155000,0.6885,0.6885,0.6885
1691642156000,0.6885,0.6885,0.6885
1691642157000,0.6885,0.6885,0.6885
1691642158000,0.6885,0.6885,0.6885
1691642159000,0.6885,0.6885,0.6885
1691642160000,0.6885,0.6885,0.6885
1691642161000,0.6885,0.6885,0.6885
1691642162000,0.6885,0.6885,0.6885
1691642163000,0.6885,0.6885,0.6885
1691642164000,0.6885,0.6885,0.6885
1691642165000,0.6885,0.6885,0.6885
1691642166000,0.6885,0.6885,0.6885
1691642167000,0.6885,0.6885,0.6885
1691642168000,0.68847585,0.68847585,0.68847585
1691642169000,0.68847585,0.68847585,0.68847585
1691642170000,0.68848424,0.68848424,0.68848424
1691642171000,0.6885,0.6885,0.6885
1691642172000,0.6885,0.6885,0.6885
1691642173000,0.6885,0.6885,0.6885
1691642174000,0.6885,0.6885,0.6885
1691642175000,0.6885,0.6885,0.6885
1691642176000,0.6885,0.6885,0.6885
1691642177000,0.6885,0.6885,0.6885
1691642178000,0.6885,0.6885,0.6885
1691642179000,0.6885,0.6885,0.6885
1691642180000,0.6885,0.6885,0.6885
1691642181000,0.6885,0.6885,0.6885
1691642182000,0.6885,0.6885,0.6885
1691642183000,0.6885,0.6885,0.6885
1691642184000,0.6885,0.6885,0.6885
1691642185000,0.6885,0.6885,0.6885
1691642186000,0.6885,0.6885,0.6885
1691642187000,0.6885,0.6885,0.6885
1691642188000,0.6885,0.6885,0.6885
1691642189000,0.6885,0.6885,0.6885
1691642190000,0.6885,0.6885,0.6885
1691642191000,0.6885,0.6885,0.6885
1691642192000,0.6885,0.6885,0.6885
1691642193000,0.6885,0.6885,0.6885
1691642194000,0.6885,0.6885,0.6885
1691642195000,0.6885,0.6885,0.6885
1691642196000,0.6885,0.6885,0.6885
1691642197000,0.6885,0.6885,0.6885
1691642198000,0.6885,0.6885,0.6885
1691642199000,0.6885,0.6885,0.6885
1691642200000,0.6885,0.6885,0.6885
1691642201000,0.6885,0.6885,0.6885
1691642202000,0.6885,0.6885,0.6885
1691642203000,0.6885,0.6885,0.6885
1691642204000,0.6885,0.6885,0.6885
1691642205000,0.6885,0.6885,0.6885
1691642206000,0.6885,0.6885,0.6885
1691642207000,0.6885,0.6885,0.6885
1691642208000,0.6885,0.6885,0.6885
1691642209000,0.6885,0.6885,0.6885
1691642210000,0.6885,0.6885,0.6885
1691642211000,0.6885,0.6885,0.6885
1691642212000,0.6885,0.6885,0.6885
1691642213000,0.6885,0.6885,0.6885
1691642214000,0.6885,0.6885,0.6885
1691642215000,0.6885,0.6885,0.6885
1691642216000,0.6885,0.6885,0.6885
1691642217000,0.6885,0.6885,0.6885
1691642218000,0.6885,0.6885,0.6885
1691642219000,0.6885,0.6885,0.6885
1691642220000,0.6885,0.6885,0.6885
1691642221000,0.6885,0.6885,0.6885
1691642222000,0.6885,0.6885,0.6885
1691642223000,0.68847689,0.68847689,0.68847689
1691642224000,0.68847658,0.68847658,0.68847658
1691642225000,0.68847658,0.68847658,0.68847658
1691642226000,0.68847655,0.68847655,0.68847655
1691642227000,0.68847655,0.68847655,0.68847655
1691642228000,0.6885,0.6885,0.6885
1691642229000,0.6885,0.6885,0.6885
1691642230000,0.6885,0.6885,0.6885
1691642231000,0.68842247,0.68842247,0.68842247
1691642232000,0.68842177,0.68842177,0.68842177
1691642233000,0.68842174,0.68842174,0.68842174
1691642234000,0.68842253,0.68842253,0.68842253
1691642235000,0.6885,0.6885,0.6885
1691642236000,0.6885,0.6885,0.6885
1691642237000,0.6885,0.6885,0.6885
1691642238000,0.6885,0.6885,0.6885
1691642239000,0.68847611,0.68847611,0.68847611
1691642240000,0.68847611,0.68847611,0.68847611
1691642241000,0.68847611,0.68847611,0.68847611
1691642242000,0.68847598,0.68847598,0.68847598
1691642243000,0.68842286,0.68842286,0.68842286
1691642244000,0.68842058,0.68842058,0.68842058
1691642245000,0.68842058,0.68842058,0.68842058
1691642246000,0.68842058,0.68842058,0.68842058
1691642247000,0.6884205,0.6884205,0.6884205
1691642248000,0.6884205,0.6884205,0.6884205
1691642249000,0.68841911,0.68841911,0.68841911
1691642250000,0.68841911,0.68841911,0.68841911
1691642251000,0.68841911,0.68841911,0.68841911
1691642252000,0.68841915,0.68841915,0.68841915
1691642253000,0.68841915,0.68841915,0.68841915
1691642254000,0.68841915,0.68841915,0.68841915
1691642255000,0.68841605,0.68841605,0.68841605
1691642256000,0.68841605,0.68841605,0.68841605
1691642257000,0.68841605,0.68841605,0.68841605
1691642258000,0.68841427,0.68841427,0.68841427
1691642259000,0.68841431,0.68841431,0.68841431
1691642260000,0.68841034,0.68841034,0.68841034
1691642261000,0.68835725,0.68835725,0.68835725
1691642262000,0.68835725,0.68835725,0.68835725
1691642263000,0.68841131,0.68841131,0.68841131
1691642264000,0.68841131,0.68841131,0.68841131
1691642265000,0.68840502,0.68840502,0.68840502
1691642266000,0.68840502,0.68840502,0.68840502
1691642267000,0.68840502,0.68840502,0.68840502
1691642268000,0.68840425,0.68840425,0.68840425
1691642269000,0.68840425,0.68840425,0.68840425
1691642270000,0.68839958,0.68839958,0.68839958
1691642271000,0.68840051,0.68840051,0.68840051
1691642272000,0.68838429,0.68838429,0.68838429
1691642273000,0.688227,0.688227,0.688227
1691642274000,0.68822696,0.68822696,0.68822696
1691642275000,0.68822277,0.68822277,0.68822277
1691642276000,0.68822281,0.68822281,0.68822281
1691642277000,0.68822281,0.68822281,0.68822281
1691642278000,0.68821527,0.68821527,0.68821527
1691642279000,0.68821527,0.68821527,0.68821527
1691642280000,0.68806662,0.68806662,0.68806662
1691642281000,0.68805851,0.68805851,0.68805851
1691642282000,0.68805356,0.68805356,0.68805356
1691642283000,0.68804829,0.68804829,0.68804829
1691642284000,0.68804829,0.68804829,0.68804829
1691642285000,0.68799424,0.68799424,0.68799424
1691642286000,0.68809863,0.68809863,0.68809863
1691642287000,0.68809863,0.68809863,0.68809863
1691642288000,0.68809863,0.68809863,0.68809863
1691642289000,0.68810273,0.68810273,0.68810273
1691642290000,0.68810273,0.68810273,0.68810273
1691642291000,0.68808801,0.68808801,0.68808801
1691642292000,0.6880777,0.6880777,0.6880777
1691642293000,0.68806617,0.68806617,0.68806617
1691642294000,0.68806617,0.68806617,0.68806617
1691642295000,0.68806714,0.68806714,0.68806714
1691642296000,0.68806072,0.68806072,0.68806072
1691642297000,0.68806072,0.68806072,0.68806072
1691642298000,0.68805845,0.68805845,0.68805845
1691642299000,0.68805845,0.68805845,0.68805845
1691642300000,0.68805752,0.68805752,0.68805752
1691642301000,0.68805576,0.68805576,0.68805576
1691642302000,0.68805572,0.68805572,0.68805572
1691642303000,0.68805576,0.68805576,0.68805576
1691642304000,0.68805524,0.68805524,0.68805524
1691642305000,0.68794717,0.68794717,0.68794717
1691642306000,0.68794717,0.68794717,0.68794717
1691642307000,0.68794716,0.68794716,0.68794716
1691642308000,0.68794716,0.68794716,0.68794716
1691642309000,0.68800085,0.68800085,0.68800085
1691642310000,0.68800178,0.68800178,0.68800178
1691642311000,0.68800182,0.68800182,0.68800182
1691642312000,0.68799996,0.68799996,0.68799996
1691642313000,0.68799996,0.68799996,0.68799996
1691642314000,0.6879996,0.6879996,0.6879996
1691642315000,0.6879996,0.6879996,0.6879996
1691642316000,0.6879996,0.6879996,0.6879996
1691642317000,0.6879444,0.6879444,0.6879444
1691642318000,0.6879444,0.6879444,0.6879444
1691642319000,0.68793957,0.68793957,0.68793957
1691642320000,0.68793957,0.68793957,0.68793957
1691642321000,0.68793961,0.68793961,0.68793961
1691642322000,0.68793604,0.68793604,0.68793604
1691642323000,0.68793604,0.68793604,0.68793604
1691642324000,0.68793636,0.68793636,0.68793636
1691642325000,0.68793636,0.68793636,0.68793636
1691642326000,0.68782285,0.68782285,0.68782285
1691642327000,0.68781751,0.68781751,0.68781751
1691642328000,0.68781755,0.68781755,0.68781755
1691642329000,0.68776114,0.68776114,0.68776114
1691642330000,0.6877611,0.6877611,0.6877611
1691642331000,0.68776114,0.68776114,0.68776114
1691642332000,0.68776114,0.68776114,0.68776114
1691642333000,0.68775932,0.68775932,0.68775932
1691642334000,0.68776304,0.68776304,0.68776304
1691642335000,0.68776995,0.68776995,0.68776995
1691642336000,0.68776995,0.68776995,0.68776995
1691642337000,0.68776995,0.68776995,0.68776995
1691642338000,0.68776797,0.68776797,0.68776797
1691642339000,0.68776619,0.68776619,0.68776619
1691642340000,0.68776712,0.68776712,0.68776712
1691642341000,0.68776712,0.68776712,0.68776712
1691642342000,0.68776716,0.68776716,0.68776716
1691642343000,0.68776517,0.68776517,0.68776517
1691642344000,0.68776513,0.68776513,0.68776513
1691642345000,0.68776513,0.68776513,0.68776513
1691642346000,0.6877646,0.6877646,0.6877646
1691642347000,0.68776367,0.68776367,0.68776367
1691642348000,0.6877617,0.6877617,0.6877617
1691642349000,0.68779502,0.68779502,0.68779502
1691642350000,0.6878,0.6878,0.6878
1691642351000,0.6878,0.6878,0.6878
1691642352000,0.6878,0.6878,0.6878
1691642353000,0.6878,0.6878,0.6878
1691642354000,0.6878,0.6878,0.6878
1691642355000,0.6878,0.6878,0.6878
1691642356000,0.6878,0.6878,0.6878
1691642357000,0.6878,0.6878,0.6878
1691642358000,0.6878,0.6878,0.6878
1691642359000,0.6878,0.6878,0.6878
1691642360000,0.6878,0.6878,0.6878
1691642361000,0.6878,0.6878,0.6878
1691642362000,0.6878,0.6878,0.6878
1691642363000,0.6878,0.6878,0.6878
1691642364000,0.6878,0.6878,0.6878
1691642365000,0.6878,0.6878,0.6878
1691642366000,0.6878,0.6878,0.6878
1691642367000,0.6878,0.6878,0.6878
1691642368000,0.6878,0.6878,0.6878
1691642369000,0.6878,0.6878,0.6878
1691642370000,0.6878,0.6878,0.6878
1691642371000,0.6878,0.6878,0.6878
1691642372000,0.6878,0.6878,0.6878
1691642373000,0.6878,0.6878,0.6878
1691642374000,0.6878,0.6878,0.6878
1691642375000,0.6878,0.6878,0.6878
1691642376000,0.6878,0.6878,0.6878
1691642377000,0.6878,0.6878,0.6878
1691642378000,0.6878,0.6878,0.6878
1691642379000,0.6878,0.6878,0.6878
1691642380000,0.6878,0.6878,0.6878
1691642381000,0.6878,0.6878,0.6878
1691642382000,0.6878,0.6878,0.6878
1691642383000,0.6878,0.6878,0.6878
1691642384000,0.6878,0.6878,0.6878
1691642385000,0.6878,0.6878,0.6878
1691642386000,0.6878,0.6878,0.6878
1691642387000,0.6878,0.6878,0.6878
1691642388000,0.6878,0.6878,0.6878
1691642389000,0.6878,0.6878,0.6878
1691642390000,0.6878,0.6878,0.6878
1691642391000,0.6878,0.6878,0.6878
1691642392000,0.6878,0.6878,0.6878
1691642393000,0.68780199,0.68780199,0.68780199
1691642394000,0.68780199,0.68780199,0.68780199
1691642395000,0.68780062,0.68780062,0.68780062
1691642396000,0.68780062,0.68780062,0.68780062
1691642397000,0.68779921,0.68779921,0.68779921
1691642398000,0.68780017,0.68780017,0.68780017
1691642399000,0.68780017,0.68780017,0.68780017
1691642400000,0.68779667,0.68779667,0.68779667
1691642401000,0.68779643,0.68779643,0.68779643
1691642402000,0.68779643,0.68779643,0.68779643
1691642403000,0.68779643,0.68779643,0.68779643
1691642404000,0.6877955,0.6877955,0.6877955
1691642405000,0.68779205,0.68779205,0.68779205
1691642406000,0.68779331,0.68779331,0.68779331
1691642407000,0.68779331,0.68779331,0.68779331
1691642408000,0.68779331,0.68779331,0.68779331
1691642409000,0.68779331,0.68779331,0.68779331
1691642410000,0.68778988,0.68778988,0.68778988
1691642411000,0.68778911,0.68778911,0.68778911
1691642412000,0.68778911,0.68778911,0.68778911
1691642413000,0.68778911,0.68778911,0.68778911
1691642414000,0.68778907,0.68778907,0.68778907
1691642415000,0.68778911,0.68778911,0.68778911
1691642416000,0.68778353,0.68778353,0.68778353
1691642417000,0.68778353,0.68778353,0.68778353
1691642418000,0.6878,0.6878,0.6878
1691642419000,0.6878,0.6878,0.6878
1691642420000,0.6878,0.6878,0.6878
1691642421000,0.6878,0.6878,0.6878
1691642422000,0.6878,0.6878,0.6878
1691642423000,0.6878,0.6878,0.6878
1691642424000,0.6878,0.6878,0.6878
1691642425000,0.6878,0.6878,0.6878
1691642426000,0.6878,0.6878,0.6878
1691642427000,0.68775234,0.68775234,0.68775234
1691642428000,0.6877523,0.6877523,0.6877523
1691642429000,0.68775137,0.68775137,0.68775137
1691642430000,0.68775137,0.68775137,0.68775137
1691642431000,0.68774912,0.68774912,0.68774912
1691642432000,0.68774912,0.68774912,0.68774912
1691642433000,0.68774822,0.68774822,0.68774822
1691642434000,0.68774822,0.68774822,0.68774822
1691642435000,0.68774822,0.68774822,0.68774822
1691642436000,0.68771644,0.68771644,0.68771644
1691642437000,0.68765829,0.68765829,0.68765829
1691642438000,0.6877266,0.6877266,0.6877266
1691642439000,0.68773022,0.68773022,0.68773022
1691642440000,0.68773173,0.68773173,0.68773173
1691642441000,0.6877317,0.6877317,0.6877317
1691642442000,0.68772766,0.68772766,0.68772766
1691642443000,0.68772766,0.68772766,0.68772766
1691642444000,0.6877277,0.6877277,0.6877277
1691642445000,0.6877277,0.6877277,0.6877277
1691642446000,0.6877277,0.6877277,0.6877277
1691642447000,0.6877251,0.6877251,0.6877251
1691642448000,0.6877251,0.6877251,0.6877251
1691642449000,0.68772599,0.68772599,0.68772599
1691642450000,0.68772939,0.68772939,0.68772939
1691642451000,0.68772939,0.68772939,0.68772939
1691642452000,0.68772813,0.68772813,0.68772813
1691642453000,0.68772817,0.68772817,0.68772817
1691642454000,0.68772817,0.68772817,0.68772817
1691642455000,0.68772817,0.68772817,0.68772817
1691642456000,0.68772817,0.68772817,0.68772817
1691642457000,0.68772573,0.68772573,0.68772573
1691642458000,0.6878,0.6878,0.6878
1691642459000,0.6878,0.6878,0.6878
1691642460000,0.68777974,0.68777974,0.68777974
1691642461000,0.68772794,0.68772794,0.68772794
1691642462000,0.68772592,0.68772592,0.68772592
1691642463000,0.68772721,0.68772721,0.68772721
1691642464000,0.68767857,0.68767857,0.68767857
1691642465000,0.68768245,0.68768245,0.68768245
1691642466000,0.68773041,0.68773041,0.68773041
1691642467000,0.68773041,0.68773041,0.68773041
1691642468000,0.68772552,0.68772552,0.68772552
1691642469000,0.68772548,0.68772548,0.68772548
1691642470000,0.68772548,0.68772548,0.68772548
1691642471000,0.68772552,0.68772552,0.68772552
1691642472000,0.68772516,0.68772516,0.68772516
1691642473000,0.68772246,0.68772246,0.68772246
1691642474000,0.68772246,0.68772246,0.68772246
1691642475000,0.68772153,0.68772153,0.68772153
1691642476000,0.68772153,0.68772153,0.68772153
1691642477000,0.68755936,0.68755936,0.68755936
1691642478000,0.68755243,0.68755243,0.68755243
1691642479000,0.68754996,0.68754996,0.68754996
1691642480000,0.68755,0.68755,0.68755
1691642481000,0.68755,0.68755,0.68755
1691642482000,0.68755,0.68755,0.68755
1691642483000,0.68754467,0.68754467,0.68754467
1691642484000,0.68754467,0.68754467,0.68754467
1691642485000,0.68754467,0.68754467,0.68754467
1691642486000,0.68749062,0.68749062,0.68749062
1691642487000,0.68749066,0.68749066,0.68749066
1691642488000,0.68748696,0.68748696,0.68748696
1691642489000,0.68748696,0.68748696,0.68748696
1691642490000,0.68748696,0.68748696,0.68748696
1691642491000,0.68746264,0.68746264,0.68746264
1691642492000,0.68743113,0.68743113,0.68743113
1691642493000,0.68743032,0.68743032,0.68743032
1691642494000,0.68742844,0.68742844,0.68742844
1691642495000,0.6875,0.6875,0.6875
1691642496000,0.6875,0.6875,0.6875
1691642497000,0.68748245,0.68748245,0.68748245
1691642498000,0.6874818,0.6874818,0.6874818
1691642499000,0.68748043,0.68748043,0.68748043
1691642500000,0.6874795,0.6874795,0.6874795
1691642501000,0.6874795,0.6874795,0.6874795
1691642502000,0.68748043,0.68748043,0.68748043
1691642503000,0.68742706,0.68742706,0.68742706
1691642504000,0.68742396,0.68742396,0.68742396
1691642505000,0.68742396,0.68742396,0.68742396
1691642506000,0.68742121,0.68742121,0.68742121
1691642507000,0.68742121,0.68742121,0.68742121
1691642508000,0.68742125,0.68742125,0.68742125
1691642509000,0.68741807,0.68741807,0.68741807
1691642510000,0.68741714,0.68741714,0.68741714
1691642511000,0.6875,0.6875,0.6875
1691642512000,0.6875,0.6875,0.6875
1691642513000,0.6875,0.6875,0.6875
1691642514000,0.6875,0.6875,0.6875
1691642515000,0.6875,0.6875,0.6875
1691642516000,0.6875,0.6875,0.6875
1691642517000,0.6876,0.6876,0.6876
1691642518000,0.6876,0.6876,0.6876
1691642519000,0.6876,0.6876,0.6876
1691642520000,0.6876,0.6876,0.6876
1691642521000,0.6876,0.6876,0.6876
1691642522000,0.6876,0.6876,0.6876
1691642523000,0.68750029,0.68750029,0.68750029
1691642524000,0.68750037,0.68750037,0.68750037
1691642525000,0.68750084,0.68750084,0.68750084
1691642526000,0.68750084,0.68750084,0.68750084
1691642527000,0.6875,0.6875,0.6875
1691642528000,0.6875,0.6875,0.6875
1691642529000,0.6875,0.6875,0.6875
1691642530000,0.6875,0.6875,0.6875
1691642531000,0.6875,0.6875,0.6875
1691642532000,0.6874532,0.6874532,0.6874532
1691642533000,0.68745324,0.68745324,0.68745324
1691642534000,0.68745324,0.68745324,0.68745324
1691642535000,0.68745142,0.68745142,0.68745142
1691642536000,0.6875,0.6875,0.6875
1691642537000,0.6875,0.6875,0.6875
1691642538000,0.68745139,0.68745139,0.68745139
1691642539000,0.68745139,0.68745139,0.68745139
1691642540000,0.68745084,0.68745084,0.68745084
1691642541000,0.68745084,0.68745084,0.68745084
1691642542000,0.68744987,0.68744987,0.68744987
1691642543000,0.6875,0.6875,0.6875
1691642544000,0.6875,0.6875,0.6875
1691642545000,0.6875,0.6875,0.6875
1691642546000,0.6875,0.6875,0.6875
1691642547000,0.6875,0.6875,0.6875
1691642548000,0.6875,0.6875,0.6875
1691642549000,0.6875,0.6875,0.6875
1691642550000,0.6875,0.6875,0.6875
1691642551000,0.6875,0.6875,0.6875
1691642552000,0.6875,0.6875,0.6875
1691642553000,0.6875,0.6875,0.6875
1691642554000,0.6875,0.6875,0.6875
1691642555000,0.6875,0.6875,0.6875
1691642556000,0.6875,0.6875,0.6875
1691642557000,0.6875,0.6875,0.6875
1691642558000,0.6875,0.6875,0.6875
1691642559000,0.6875,0.6875,0.6875
1691642560000,0.6875,0.6875,0.6875
1691642561000,0.6875,0.6875,0.6875
1691642562000,0.6875,0.6875,0.6875
1691642563000,0.6875,0.6875,0.6875
1691642564000,0.6875,0.6875,0.6875
1691642565000,0.6875,0.6875,0.6875
1691642566000,0.6875,0.6875,0.6875
1691642567000,0.6875,0.6875,0.6875
1691642568000,0.6875,0.6875,0.6875
1691642569000,0.6875,0.6875,0.6875
1691642570000,0.6875,0.6875,0.6875
1691642571000,0.6875,0.6875,0.6875
1691642572000,0.6875,0.6875,0.6875
1691642573000,0.6875,0.6875,0.6875
1691642574000,0.6875,0.6875,0.6875
1691642575000,0.6875,0.6875,0.6875
1691642576000,0.6875,0.6875,0.6875
1691642577000,0.6875,0.6875,0.6875
1691642578000,0.6876,0.6876,0.6876
1691642579000,0.6876,0.6876,0.6876
1691642580000,0.6876,0.6876,0.6876
1691642581000,0.6876,0.6876,0.6876
1691642582000,0.6876,0.6876,0.6876
1691642583000,0.6876,0.6876,0.6876
1691642584000,0.6876,0.6876,0.6876
1691642585000,0.6876,0.6876,0.6876
1691642586000,0.6876,0.6876,0.6876
1691642587000,0.6875,0.6875,0.6875
1691642588000,0.6875,0.6875,0.6875
1691642589000,0.6876,0.6876,0.6876
1691642590000,0.6876,0.6876,0.6876
1691642591000,0.68760239,0.68760239,0.68760239
1691642592000,0.6878,0.6878,0.6878
1691642593000,0.6878,0.6878,0.6878
1691642594000,0.6878,0.6878,0.6878
1691642595000,0.6878,0.6878,0.6878
1691642596000,0.6878,0.6878,0.6878
1691642597000,0.6878,0.6878,0.6878
1691642598000,0.6878,0.6878,0.6878
1691642599000,0.6878,0.6878,0.6878
1691642600000,0.6878,0.6878,0.6878
1691642601000,0.6879,0.6879,0.6879
1691642602000,0.6879,0.6879,0.6879
1691642603000,0.6879,0.6879,0.6879
1691642604000,0.6879,0.6879,0.6879
1691642605000,0.68795831,0.68795831,0.68795831
1691642606000,0.68796062,0.68796062,0.68796062
1691642607000,0.6879,0.6879,0.6879
1691642608000,0.6879,0.6879,0.6879
1691642609000,0.6879,0.6879,0.6879
1691642610000,0.6879,0.6879,0.6879
1691642611000,0.6879,0.6879,0.6879
1691642612000,0.6879,0.6879,0.6879
1691642613000,0.6879,0.6879,0.6879
1691642614000,0.6879,0.6879,0.6879
1691642615000,0.6879,0.6879,0.6879
1691642616000,0.6879,0.6879,0.6879
1691642617000,0.6879,0.6879,0.6879
1691642618000,0.6879,0.6879,0.6879
1691642619000,0.6879,0.6879,0.6879
1691642620000,0.6879,0.6879,0.6879
1691642621000,0.6879,0.6879,0.6879
1691642622000,0.6879,0.6879,0.6879
1691642623000,0.6879,0.6879,0.6879
1691642624000,0.6879,0.6879,0.6879
1691642625000,0.6879,0.6879,0.6879
1691642626000,0.688,0.688,0.688
1691642627000,0.688,0.688,0.688
1691642628000,0.688,0.688,0.688
1691642629000,0.688,0.688,0.688
1691642630000,0.688,0.688,0.688
1691642631000,0.688,0.688,0.688
1691642632000,0.688,0.688,0.688
1691642633000,0.688,0.688,0.688
1691642634000,0.6879,0.6879,0.6879
1691642635000,0.6879,0.6879,0.6879
1691642636000,0.6879,0.6879,0.6879
1691642637000,0.6879,0.6879,0.6879
1691642638000,0.6879,0.6879,0.6879
1691642639000,0.6879,0.6879,0.6879
1691642640000,0.6879,0.6879,0.6879
1691642641000,0.6879,0.6879,0.6879
1691642642000,0.6879,0.6879,0.6879
1691642643000,0.6879,0.6879,0.6879
1691642644000,0.6879,0.6879,0.6879
1691642645000,0.6879,0.6879,0.6879
1691642646000,0.6879,0.6879,0.6879
1691642647000,0.6879,0.6879,0.6879
1691642648000,0.6879,0.6879,0.6879
1691642649000,0.6879,0.6879,0.6879
1691642650000,0.6879,0.6879,0.6879
1691642651000,0.6879,0.6879,0.6879
1691642652000,0.6879,0.6879,0.6879
1691642653000,0.6879,0.6879,0.6879
1691642654000,0.6879,0.6879,0.6879
1691642655000,0.6879,0.6879,0.6879
1691642656000,0.6879,0.6879,0.6879
1691642657000,0.6879,0.6879,0.6879
1691642658000,0.6879,0.6879,0.6879
1691642659000,0.6879,0.6879,0.6879
1691642660000,0.6879,0.6879,0.6879
1691642661000,0.6879,0.6879,0.6879
1691642662000,0.6879,0.6879,0.6879
1691642663000,0.6879,0.6879,0.6879
1691642664000,0.6879,0.6879,0.6879
1691642665000,0.6879,0.6879,0.6879
1691642666000,0.6879,0.6879,0.6879
1691642667000,0.6879,0.6879,0.6879
1691642668000,0.6879,0.6879,0.6879
1691642669000,0.6879,0.6879,0.6879
1691642670000,0.6879,0.6879,0.6879
1691642671000,0.6879,0.6879,0.6879
1691642672000,0.6879,0.6879,0.6879
1691642673000,0.6879,0.6879,0.6879
1691642674000,0.6879,0.6879,0.6879
1691642675000,0.6879,0.6879,0.6879
1691642676000,0.6879,0.6879,0.6879
1691642677000,0.6879,0.6879,0.6879
1691642678000,0.68788121,0.68788121,0.68788121
1691642679000,0.68788121,0.68788121,0.68788121
1691642680000,0.68788121,0.68788121,0.68788121
1691642681000,0.68788143,0.68788143,0.68788143
1691642682000,0.68788188,0.68788188,0.68788188
1691642683000,0.68788192,0.68788192,0.68788192
1691642684000,0.68788192,0.68788192,0.68788192
1691642685000,0.68788192,0.68788192,0.68788192
1691642686000,0.68788214,0.68788214,0.68788214
1691642687000,0.68788134,0.68788134,0.68788134
1691642688000,0.68783486,0.68783486,0.68783486
1691642689000,0.68783483,0.68783483,0.68783483
1691642690000,0.6879,0.6879,0.6879
1691642691000,0.6879,0.6879,0.6879
1691642692000,0.6879,0.6879,0.6879
1691642693000,0.6879,0.6879,0.6879
1691642694000,0.6879,0.6879,0.6879
1691642695000,0.6879,0.6879,0.6879
1691642696000,0.6879,0.6879,0.6879
1691642697000,0.6879,0.6879,0.6879
1691642698000,0.68783642,0.68783642,0.68783642
1691642699000,0.68783667,0.68783667,0.68783667
1691642700000,0.68783667,0.68783667,0.68783667
1691642701000,0.68788602,0.68788602,0.68788602
1691642702000,0.68788602,0.68788602,0.68788602
1691642703000,0.68788508,0.68788508,0.68788508
1691642704000,0.68788508,0.68788508,0.68788508
1691642705000,0.68788508,0.68788508,0.68788508
1691642706000,0.68788508,0.68788508,0.68788508
1691642707000,0.68788311,0.68788311,0.68788311
1691642708000,0.68788311,0.68788311,0.68788311
1691642709000,0.68788335,0.68788335,0.68788335
1691642710000,0.68787637,0.68787637,0.68787637
1691642711000,0.68787637,0.68787637,0.68787637
1691642712000,0.68787687,0.68787687,0.68787687
1691642713000,0.68787575,0.68787575,0.68787575
1691642714000,0.68787575,0.68787575,0.68787575
1691642715000,0.68782924,0.68782924,0.68782924
1691642716000,0.68782921,0.68782921,0.68782921
1691642717000,0.68783045,0.68783045,0.68783045
1691642718000,0.68787741,0.68787741,0.68787741
1691642719000,0.68787821,0.68787821,0.68787821
1691642720000,0.68787821,0.68787821,0.68787821
1691642721000,0.68787821,0.68787821,0.68787821
1691642722000,0.68787649,0.68787649,0.68787649
1691642723000,0.68787649,0.68787649,0.68787649
1691642724000,0.68787541,0.68787541,0.68787541
1691642725000,0.68787541,0.68787541,0.68787541
1691642726000,0.68787541,0.68787541,0.68787541
1691642727000,0.68787372,0.68787372,0.68787372
1691642728000,0.68785959,0.68785959,0.68785959
1691642729000,0.68785959,0.68785959,0.68785959
1691642730000,0.68785963,0.68785963,0.68785963
1691642731000,0.68785963,0.68785963,0.68785963
1691642732000,0.68785983,0.68785983,0.68785983
1691642733000,0.68786032,0.68786032,0.68786032
1691642734000,0.68786036,0.68786036,0.68786036
1691642735000,0.68786036,0.68786036,0.68786036
1691642736000,0.68786032,0.68786032,0.68786032
1691642737000,0.68786032,0.68786032,0.68786032
1691642738000,0.68786054,0.68786054,0.68786054
1691642739000,0.68785929,0.68785929,0.68785929
1691642740000,0.68785929,0.68785929,0.68785929
1691642741000,0.68781274,0.68781274,0.68781274
1691642742000,0.68781274,0.68781274,0.68781274
1691642743000,0.68781107,0.68781107,0.68781107
1691642744000,0.68781093,0.68781093,0.68781093
1691642745000,0.68781093,0.68781093,0.68781093
1691642746000,0.68781093,0.68781093,0.68781093
1691642747000,0.68781093,0.68781093,0.68781093
1691642748000,0.68781081,0.68781081,0.68781081
1691642749000,0.68785736,0.68785736,0.68785736
1691642750000,0.68785736,0.68785736,0.68785736
1691642751000,0.68785736,0.68785736,0.68785736
1691642752000,0.68785736,0.68785736,0.68785736
1691642753000,0.68785573,0.68785573,0.68785573
1691642754000,0.6878559,0.6878559,0.6878559
1691642755000,0.68785507,0.68785507,0.68785507
1691642756000,0.68785507,0.68785507,0.68785507
1691642757000,0.68785507,0.68785507,0.68785507
1691642758000,0.68785347,0.68785347,0.68785347
1691642759000,0.68785372,0.68785372,0.68785372
1691642760000,0.68785167,0.68785167,0.68785167
1691642761000,0.6878516,0.6878516,0.6878516
1691642762000,0.68785164,0.68785164,0.68785164
1691642763000,0.68785164,0.68785164,0.68785164
1691642764000,0.68780456,0.68780456,0.68780456
1691642765000,0.68780456,0.68780456,0.68780456
1691642766000,0.6879,0.6879,0.6879
1691642767000,0.68782187,0.68782187,0.68782187
1691642768000,0.68782184,0.68782184,0.68782184
1691642769000,0.68782469,0.68782469,0.68782469
1691642770000,0.68782469,0.68782469,0.68782469
1691642771000,0.68782469,0.68782469,0.68782469
1691642772000,0.68782469,0.68782469,0.68782469
1691642773000,0.68782469,0.68782469,0.68782469
1691642774000,0.68787363,0.68787363,0.68787363
1691642775000,0.68787981,0.68787981,0.68787981
1691642776000,0.68787977,0.68787977,0.68787977
1691642777000,0.68787977,0.68787977,0.68787977
1691642778000,0.68787977,0.68787977,0.68787977
1691642779000,0.6878845,0.6878845,0.6878845
1691642780000,0.6878845,0.6878845,0.6878845
1691642781000,0.68788513,0.68788513,0.68788513
1691642782000,0.6879,0.6879,0.6879
1691642783000,0.6879,0.6879,0.6879
1691642784000,0.6879,0.6879,0.6879
1691642785000,0.6879,0.6879,0.6879
1691642786000,0.6879,0.6879,0.6879
1691642787000,0.6879,0.6879,0.6879
1691642788000,0.6879,0.6879,0.6879
1691642789000,0.6879,0.6879,0.6879
1691642790000,0.6879,0.6879,0.6879
1691642791000,0.6879,0.6879,0.6879
1691642792000,0.6879,0.6879,0.6879
1691642793000,0.6879,0.6879,0.6879
1691642794000,0.6879,0.6879,0.6879
1691642795000,0.6879,0.6879,0.6879
1691642796000,0.688,0.688,0.688
1691642797000,0.688,0.688,0.688
1691642798000,0.6879,0.6879,0.6879
1691642799000,0.68794519,0.68794519,0.68794519
1691642800000,0.6879475,0.6879475,0.6879475
1691642801000,0.6879475,0.6879475,0.6879475
1691642802000,0.6879475,0.6879475,0.6879475
1691642803000,0.6879475,0.6879475,0.6879475
1691642804000,0.68794754,0.68794754,0.68794754
1691642805000,0.68794892,0.68794892,0.68794892
1691642806000,0.68794892,0.68794892,0.68794892
1691642807000,0.68794896,0.68794896,0.68794896
1691642808000,0.68794892,0.68794892,0.68794892
1691642809000,0.68794892,0.68794892,0.68794892
1691642810000,0.68794994,0.68794994,0.68794994
1691642811000,0.68794745,0.68794745,0.68794745
1691642812000,0.68794662,0.68794662,0.68794662
1691642813000,0.68789317,0.68789317,0.68789317
1691642814000,0.68789317,0.68789317,0.68789317
1691642815000,0.68789087,0.68789087,0.68789087
1691642816000,0.68789087,0.68789087,0.68789087
1691642817000,0.68789087,0.68789087,0.68789087
1691642818000,0.68789167,0.68789167,0.68789167
1691642819000,0.68789167,0.68789167,0.68789167
1691642820000,0.68789167,0.68789167,0.68789167
1691642821000,0.68788142,0.68788142,0.68788142
1691642822000,0.68788142,0.68788142,0.68788142
1691642823000,0.68774556,0.68774556,0.68774556
1691642824000,0.68774556,0.68774556,0.68774556
1691642825000,0.68774556,0.68774556,0.68774556
1691642826000,0.68773516,0.68773516,0.68773516
1691642827000,0.68773516,0.68773516,0.68773516
1691642828000,0.68760089,0.68760089,0.68760089
1691642829000,0.68760089,0.68760089,0.68760089
1691642830000,0.68760089,0.68760089,0.68760089
1691642831000,0.68759509,0.68759509,0.68759509
1691642832000,0.68759429,0.68759429,0.68759429
1691642833000,0.68759429,0.68759429,0.68759429
1691642834000,0.68755323,0.68755323,0.68755323
1691642835000,0.68755323,0.68755323,0.68755323
1691642836000,0.68750504,0.68750504,0.68750504
1691642837000,0.6875058,0.6875058,0.6875058
1691642838000,0.6875058,0.6875058,0.6875058
1691642839000,0.68755231,0.68755231,0.68755231
1691642840000,0.68750584,0.68750584,0.68750584
1691642841000,0.68750366,0.68750366,0.68750366
1691642842000,0.68750286,0.68750286,0.68750286
1691642843000,0.68750369,0.68750369,0.68750369
1691642844000,0.68750286,0.68750286,0.68750286
1691642845000,0.68750286,0.68750286,0.68750286
1691642846000,0.68754843,0.68754843,0.68754843
1691642847000,0.68754627,0.68754627,0.68754627
1691642848000,0.68754707,0.68754707,0.68754707
1691642849000,0.6875471,0.6875471,0.6875471
1691642850000,0.68754707,0.68754707,0.68754707
1691642851000,0.68750025,0.68750025,0.68750025
1691642852000,0.6875,0.6875,0.6875
1691642853000,0.68748997,0.68748997,0.68748997
1691642854000,0.68748997,0.68748997,0.68748997
1691642855000,0.68748634,0.68748634,0.68748634
1691642856000,0.6874847,0.6874847,0.6874847
1691642857000,0.68748197,0.68748197,0.68748197
1691642858000,0.68748194,0.68748194,0.68748194
1691642859000,0.68748274,0.68748274,0.68748274
1691642860000,0.68748274,0.68748274,0.68748274
1691642861000,0.68748274,0.68748274,0.68748274
1691642862000,0.68747911,0.68747911,0.68747911
1691642863000,0.6874788,0.6874788,0.6874788
1691642864000,0.687478,0.687478,0.687478
1691642865000,0.687478,0.687478,0.687478
1691642866000,0.687478,0.687478,0.687478
1691642867000,0.6874744,0.6874744,0.6874744
1691642868000,0.68746715,0.68746715,0.68746715
1691642869000,0.68746715,0.68746715,0.68746715
1691642870000,0.68746712,0.68746712,0.68746712
1691642871000,0.68746712,0.68746712,0.68746712
1691642872000,0.687469,0.687469,0.687469
1691642873000,0.68746719,0.68746719,0.68746719
1691642874000,0.68746719,0.68746719,0.68746719
1691642875000,0.68746719,0.68746719,0.68746719
1691642876000,0.68746342,0.68746342,0.68746342
1691642877000,0.68750973,0.68750973,0.68750973
1691642878000,0.68750897,0.68750897,0.68750897
1691642879000,0.68749505,0.68749505,0.68749505
1691642880000,0.68749505,0.68749505,0.68749505
1691642881000,0.68748807,0.68748807,0.68748807
1691642882000,0.6875,0.6875,0.6875
1691642883000,0.6875,0.6875,0.6875
1691642884000,0.6875,0.6875,0.6875
1691642885000,0.6875,0.6875,0.6875
1691642886000,0.6875,0.6875,0.6875
1691642887000,0.68748688,0.68748688,0.68748688
1691642888000,0.68748575,0.68748575,0.68748575
1691642889000,0.68748578,0.68748578,0.68748578
1691642890000,0.68748575,0.68748575,0.68748575
1691642891000,0.68748578,0.68748578,0.68748578
1691642892000,0.68744232,0.68744232,0.68744232
1691642893000,0.68743908,0.68743908,0.68743908
1691642894000,0.68743911,0.68743911,0.68743911
1691642895000,0.68743911,0.68743911,0.68743911
1691642896000,0.68743908,0.68743908,0.68743908
1691642897000,0.6875,0.6875,0.6875
1691642898000,0.6875,0.6875,0.6875
1691642899000,0.6875,0.6875,0.6875
1691642900000,0.6875,0.6875,0.6875
1691642901000,0.6875,0.6875,0.6875
1691642902000,0.6875,0.6875,0.6875
1691642903000,0.6875,0.6875,0.6875
1691642904000,0.6875,0.6875,0.6875
1691642905000,0.6875,0.6875,0.6875
1691642906000,0.6875,0.6875,0.6875
1691642907000,0.6875,0.6875,0.6875
1691642908000,0.6875,0.6875,0.6875
1691642909000,0.6875,0.6875,0.6875
1691642910000,0.6875,0.6875,0.6875
1691642911000,0.68745871,0.68745871,0.68745871
1691642912000,0.68745871,0.68745871,0.68745871
1691642913000,0.68745871,0.68745871,0.68745871
1691642914000,0.68745484,0.68745484,0.68745484
1691642915000,0.68745481,0.68745481,0.68745481
1691642916000,0.68745484,0.68745484,0.68745484
1691642917000,0.68745484,0.68745484,0.68745484
1691642918000,0.68745349,0.68745349,0.68745349
1691642919000,0.68744606,0.68744606,0.68744606
1691642920000,0.68744602,0.68744602,0.68744602
1691642921000,0.6875,0.6875,0.6875
1691642922000,0.6875,0.6875,0.6875
1691642923000,0.68744606,0.68744606,0.68744606
1691642924000,0.68744647,0.68744647,0.68744647
1691642925000,0.68744231,0.68744231,0.68744231
1691642926000,0.68744231,0.68744231,0.68744231
1691642927000,0.6875,0.6875,0.6875
1691642928000,0.6875,0.6875,0.6875
1691642929000,0.6875,0.6875,0.6875
1691642930000,0.6875,0.6875,0.6875
1691642931000,0.6875,0.6875,0.6875
1691642932000,0.6875,0.6875,0.6875
1691642933000,0.6875,0.6875,0.6875
1691642934000,0.6875,0.6875,0.6875
1691642935000,0.6875,0.6875,0.6875
1691642936000,0.6875,0.6875,0.6875
1691642937000,0.6875,0.6875,0.6875
1691642938000,0.6875,0.6875,0.6875
1691642939000,0.6875,0.6875,0.6875
1691642940000,0.6875,0.6875,0.6875
1691642941000,0.6875,0.6875,0.6875
1691642942000,0.6875,0.6875,0.6875
1691642943000,0.6875,0.6875,0.6875
1691642944000,0.6875,0.6875,0.6875
1691642945000,0.6875,0.6875,0.6875
1691642946000,0.6875,0.6875,0.6875
1691642947000,0.6874,0.6874,0.6874
1691642948000,0.6875,0.6875,0.6875
1691642949000,0.6875,0.6875,0.6875
1691642950000,0.6875,0.6875,0.6875
1691642951000,0.6875,0.6875,0.6875
1691642952000,0.6875,0.6875,0.6875
1691642953000,0.6875,0.6875,0.6875
1691642954000,0.6875,0.6875,0.6875
1691642955000,0.6873,0.6873,0.6873
1691642956000,0.6873,0.6873,0.6873
1691642957000,0.6873,0.6873,0.6873
1691642958000,0.6873,0.6873,0.6873
1691642959000,0.6874,0.6874,0.6874
1691642960000,0.6874,0.6874,0.6874
1691642961000,0.6873,0.6873,0.6873
1691642962000,0.6873,0.6873,0.6873
1691642963000,0.6873,0.6873,0.6873
1691642964000,0.6874,0.6874,0.6874
1691642965000,0.6874,0.6874,0.6874
1691642966000,0.6874,0.6874,0.6874
1691642967000,0.6874,0.6874,0.6874
1691642968000,0.6874,0.6874,0.6874
1691642969000,0.6874,0.6874,0.6874
1691642970000,0.6874,0.6874,0.6874
1691642971000,0.6874,0.6874,0.6874
1691642972000,0.6874,0.6874,0.6874
1691642973000,0.6874,0.6874,0.6874
1691642974000,0.6874,0.6874,0.6874
1691642975000,0.6874,0.6874,0.6874
1691642976000,0.6874,0.6874,0.6874
1691642977000,0.6874,0.6874,0.6874
1691642978000,0.6873,0.6873,0.6873
1691642979000,0.6873,0.6873,0.6873
1691642980000,0.6873,0.6873,0.6873
1691642981000,0.6873,0.6873,0.6873
1691642982000,0.6874,0.6874,0.6874
1691642983000,0.6874,0.6874,0.6874
1691642984000,0.6875,0.6875,0.6875
1691642985000,0.6875,0.6875,0.6875
1691642986000,0.6875,0.6875,0.6875
1691642987000,0.6875,0.6875,0.6875
1691642988000,0.6875,0.6875,0.6875
1691642989000,0.6875,0.6875,0.6875
1691642990000,0.6875,0.6875,0.6875
1691642991000,0.6875,0.6875,0.6875
1691642992000,0.6875,0.6875,0.6875
1691642993000,0.6875,0.6875,0.6875
1691642994000,0.6875,0.6875,0.6875
1691642995000,0.6875,0.6875,0.6875
1691642996000,0.6875,0.6875,0.6875
1691642997000,0.6875,0.6875,0.6875
1691642998000,0.6875,0.6875,0.6875
1691642999000,0.6876,0.6876,0.6876
1691643000000,0.6876,0.6876,0.6876
1691643001000,0.6876,0.6876,0.6876
1691643002000,0.6876,0.6876,0.6876
1691643003000,0.6876,0.6876,0.6876
1691643004000,0.6876,0.6876,0.6876
1691643005000,0.6876,0.6876,0.6876
1691643006000,0.6876,0.6876,0.6876
1691643007000,0.6876,0.6876,0.6876
1691643008000,0.6876,0.6876,0.6876
1691643009000,0.6876,0.6876,0.6876
1691643010000,0.6876,0.6876,0.6876
1691643011000,0.6876,0.6876,0.6876
1691643012000,0.6876,0.6876,0.6876
1691643013000,0.6876,0.6876,0.6876
1691643014000,0.6876,0.6876,0.6876
1691643015000,0.6876,0.6876,0.6876
1691643016000,0.6876,0.6876,0.6876
1691643017000,0.6876,0.6876,0.6876
1691643018000,0.6876,0.6876,0.6876
1691643019000,0.6876,0.6876,0.6876
1691643020000,0.6877,0.6877,0.6877
1691643021000,0.6877,0.6877,0.6877
1691643022000,0.6877,0.6877,0.6877
1691643023000,0.6877,0.6877,0.6877
1691643024000,0.6877,0.6877,0.6877
1691643025000,0.6877,0.6877,0.6877
1691643026000,0.6877,0.6877,0.6877
1691643027000,0.6877,0.6877,0.6877
1691643028000,0.6877,0.6877,0.6877
1691643029000,0.6876,0.6876,0.6876
1691643030000,0.6876,0.6876,0.6876
1691643031000,0.68752876,0.68752876,0.68752876
1691643032000,0.68743653,0.68743653,0.68743653
1691643033000,0.68743653,0.68743653,0.68743653
1691643034000,0.68743798,0.68743798,0.68743798
1691643035000,0.68743718,0.68743718,0.68743718
1691643036000,0.68743718,0.68743718,0.68743718
1691643037000,0.68743387,0.68743387,0.68743387
1691643038000,0.6874347,0.6874347,0.6874347
1691643039000,0.68743465,0.68743465,0.68743465
1691643040000,0.68743465,0.68743465,0.68743465
1691643041000,0.68743517,0.68743517,0.68743517
1691643042000,0.68743514,0.68743514,0.68743514
1691643043000,0.68743517,0.68743517,0.68743517
1691643044000,0.6874,0.6874,0.6874
1691643045000,0.6874,0.6874,0.6874
1691643046000,0.6874,0.6874,0.6874
1691643047000,0.68738438,0.68738438,0.68738438
1691643048000,0.68728397,0.68728397,0.68728397
1691643049000,0.68728398,0.68728398,0.68728398
1691643050000,0.68723667,0.68723667,0.68723667
1691643051000,0.68723021,0.68723021,0.68723021
1691643052000,0.68723105,0.68723105,0.68723105
1691643053000,0.68723101,0.68723101,0.68723101
1691643054000,0.68727756,0.68727756,0.68727756
1691643055000,0.68727747,0.68727747,0.68727747
1691643056000,0.68727615,0.68727615,0.68727615
1691643057000,0.68727615,0.68727615,0.68727615
1691643058000,0.68727615,0.68727615,0.68727615
1691643059000,0.68727618,0.68727618,0.68727618
1691643060000,0.68727543,0.68727543,0.68727543
1691643061000,0.68727609,0.68727609,0.68727609
1691643062000,0.6873,0.6873,0.6873
1691643063000,0.6873,0.6873,0.6873
1691643064000,0.6873,0.6873,0.6873
1691643065000,0.6873,0.6873,0.6873
1691643066000,0.6873,0.6873,0.6873
1691643067000,0.68721609,0.68721609,0.68721609
1691643068000,0.68721287,0.68721287,0.68721287
1691643069000,0.68721284,0.68721284,0.68721284
1691643070000,0.68721242,0.68721242,0.68721242
1691643071000,0.68721326,0.68721326,0.68721326
1691643072000,0.68721176,0.68721176,0.68721176
1691643073000,0.68721176,0.68721176,0.68721176
1691643074000,0.68721176,0.68721176,0.68721176
1691643075000,0.68720996,0.68720996,0.68720996
1691643076000,0.68720996,0.68720996,0.68720996
1691643077000,0.68720724,0.68720724,0.68720724
1691643078000,0.68720647,0.68720647,0.68720647
1691643079000,0.68720647,0.68720647,0.68720647
1691643080000,0.68725201,0.68725201,0.68725201
1691643081000,0.68725204,0.68725204,0.68725204
1691643082000,0.68725204,0.68725204,0.68725204
1691643083000,0.68725131,0.68725131,0.68725131
1691643084000,0.68725127,0.68725127,0.68725127
1691643085000,0.68725207,0.68725207,0.68725207
1691643086000,0.68725048,0.68725048,0.68725048
1691643087000,0.68725049,0.68725049,0.68725049
1691643088000,0.68724972,0.68724972,0.68724972
1691643089000,0.68724972,0.68724972,0.68724972
1691643090000,0.68724972,0.68724972,0.68724972
1691643091000,0.68724805,0.68724805,0.68724805
1691643092000,0.68724732,0.68724732,0.68724732
1691643093000,0.68724812,0.68724812,0.68724812
1691643094000,0.68724816,0.68724816,0.68724816
1691643095000,0.68724732,0.68724732,0.68724732
1691643096000,0.68724492,0.68724492,0.68724492
1691643097000,0.6872453,0.6872453,0.6872453
1691643098000,0.6872453,0.6872453,0.6872453
1691643099000,0.68713132,0.68713132,0.68713132
1691643100000,0.68713132,0.68713132,0.68713132
1691643101000,0.68700803,0.68700803,0.68700803
1691643102000,0.687,0.687,0.687
1691643103000,0.687,0.687,0.687
1691643104000,0.687,0.687,0.687
1691643105000,0.68674073,0.68674073,0.68674073
1691643106000,0.6868,0.6868,0.6868
1691643107000,0.6868,0.6868,0.6868
1691643108000,0.6868,0.6868,0.6868
1691643109000,0.68677957,0.68677957,0.68677957
1691643110000,0.68677961,0.68677961,0.68677961
1691643111000,0.68677961,0.68677961,0.68677961
1691643112000,0.68678069,0.68678069,0.68678069
1691643113000,0.68673498,0.68673498,0.68673498
1691643114000,0.68673498,0.68673498,0.68673498
1691643115000,0.68673498,0.68673498,0.68673498
1691643116000,0.6869,0.6869,0.6869
1691643117000,0.6869,0.6869,0.6869
1691643118000,0.6869,0.6869,0.6869
1691643119000,0.6869,0.6869,0.6869
1691643120000,0.6869,0.6869,0.6869
1691643121000,0.6869,0.6869,0.6869
1691643122000,0.6869,0.6869,0.6869
1691643123000,0.6868284,0.6868284,0.6868284
1691643124000,0.6869,0.6869,0.6869
1691643125000,0.6868284,0.6868284,0.6868284
1691643126000,0.6868284,0.6868284,0.6868284
1691643127000,0.68683289,0.68683289,0.68683289
1691643128000,0.6868338,0.6868338,0.6868338
1691643129000,0.687,0.687,0.687
1691643130000,0.687,0.687,0.687
1691643131000,0.687,0.687,0.687
1691643132000,0.6869,0.6869,0.6869
1691643133000,0.6871,0.6871,0.6871
1691643134000,0.6871,0.6871,0.6871
1691643135000,0.6871,0.6871,0.6871
1691643136000,0.68706664,0.68706664,0.68706664
1691643137000,0.68706664,0.68706664,0.68706664
1691643138000,0.68707539,0.68707539,0.68707539
1691643139000,0.68707539,0.68707539,0.68707539
1691643140000,0.68707539,0.68707539,0.68707539
1691643141000,0.68707539,0.68707539,0.68707539
1691643142000,0.6871,0.6871,0.6871
1691643143000,0.68707579,0.68707579,0.68707579
1691643144000,0.6871037,0.6871037,0.6871037
1691643145000,0.6871037,0.6871037,0.6871037
1691643146000,0.68710373,0.68710373,0.68710373
1691643147000,0.68710373,0.68710373,0.68710373
1691643148000,0.68710322,0.68710322,0.68710322
1691643149000,0.68710325,0.68710325,0.68710325
1691643150000,0.68710322,0.68710322,0.68710322
1691643151000,0.68710322,0.68710322,0.68710322
1691643152000,0.68710242,0.68710242,0.68710242
1691643153000,0.68710271,0.68710271,0.68710271
1691643154000,0.68710271,0.68710271,0.68710271
1691643155000,0.68710271,0.68710271,0.68710271
1691643156000,0.68710249,0.68710249,0.68710249
1691643157000,0.68710249,0.68710249,0.68710249
1691643158000,0.6871035,0.6871035,0.6871035
1691643159000,0.68710377,0.68710377,0.68710377
1691643160000,0.68712547,0.68712547,0.68712547
1691643161000,0.6872,0.6872,0.6872
1691643162000,0.6872,0.6872,0.6872
1691643163000,0.6872,0.6872,0.6872
1691643164000,0.6872,0.6872,0.6872
1691643165000,0.6872,0.6872,0.6872
1691643166000,0.6872,0.6872,0.6872
1691643167000,0.6872,0.6872,0.6872
1691643168000,0.6874,0.6874,0.6874
1691643169000,0.6874,0.6874,0.6874
1691643170000,0.6874,0.6874,0.6874
1691643171000,0.6874,0.6874,0.6874
1691643172000,0.6875,0.6875,0.6875
1691643173000,0.6875,0.6875,0.6875
1691643174000,0.6875,0.6875,0.6875
1691643175000,0.6875,0.6875,0.6875
1691643176000,0.6875,0.6875,0.6875
1691643177000,0.6875,0.6875,0.6875
1691643178000,0.6875,0.6875,0.6875
1691643179000,0.6875,0.6875,0.6875
1691643180000,0.6875,0.6875,0.6875
1691643181000,0.6875,0.6875,0.6875
1691643182000,0.6875,0.6875,0.6875
1691643183000,0.6875,0.6875,0.6875
1691643184000,0.6875,0.6875,0.6875
1691643185000,0.6875,0.6875,0.6875
1691643186000,0.6875,0.6875,0.6875
1691643187000,0.6875,0.6875,0.6875
1691643188000,0.6875,0.6875,0.6875
1691643189000,0.6875,0.6875,0.6875
1691643190000,0.6875,0.6875,0.6875
1691643191000,0.6875,0.6875,0.6875
1691643192000,0.6875,0.6875,0.6875
1691643193000,0.6875,0.6875,0.6875
1691643194000,0.6875,0.6875,0.6875
1691643195000,0.6875,0.6875,0.6875
1691643196000,0.6875,0.6875,0.6875
1691643197000,0.6875,0.6875,0.6875
1691643198000,0.6875,0.6875,0.6875
1691643199000,0.6875,0.6875,0.6875
1691643200000,0.6875,0.6875,0.6875
1691643201000,0.6875,0.6875,0.6875
1691643202000,0.6875,0.6875,0.6875
1691643203000,0.6875,0.6875,0.6875
1691643204000,0.6875,0.6875,0.6875
1691643205000,0.6875,0.6875,0.6875
1691643206000,0.6875,0.6875,0.6875
1691643207000,0.6875,0.6875,0.6875
1691643208000,0.6875,0.6875,0.6875
1691643209000,0.6875,0.6875,0.6875
1691643210000,0.6875,0.6875,0.6875
1691643211000,0.6875,0.6875,0.6875
1691643212000,0.6875,0.6875,0.6875
1691643213000,0.6875,0.6875,0.6875
1691643214000,0.6875,0.6875,0.6875
1691643215000,0.6875,0.6875,0.6875
1691643216000,0.6876,0.6876,0.6876
1691643217000,0.6876,0.6876,0.6876
1691643218000,0.6876,0.6876,0.6876
1691643219000,0.6876,0.6876,0.6876
1691643220000,0.6876,0.6876,0.6876
1691643221000,0.6876,0.6876,0.6876
1691643222000,0.6876,0.6876,0.6876
1691643223000,0.6876,0.6876,0.6876
1691643224000,0.6876,0.6876,0.6876
1691643225000,0.6876,0.6876,0.6876
1691643226000,0.6876,0.6876,0.6876
1691643227000,0.6876,0.6876,0.6876
1691643228000,0.6876,0.6876,0.6876
1691643229000,0.6876,0.6876,0.6876
1691643230000,0.6876,0.6876,0.6876
1691643231000,0.6876,0.6876,0.6876
1691643232000,0.6876,0.6876,0.6876
1691643233000,0.6876,0.6876,0.6876
1691643234000,0.6875,0.6875,0.6875
1691643235000,0.6875,0.6875,0.6875
1691643236000,0.6875,0.6875,0.6875
1691643237000,0.6876,0.6876,0.6876
1691643238000,0.6876,0.6876,0.6876
1691643239000,0.6876,0.6876,0.6876
1691643240000,0.6876,0.6876,0.6876
1691643241000,0.6876,0.6876,0.6876
1691643242000,0.6876,0.6876,0.6876
1691643243000,0.6877,0.6877,0.6877
1691643244000,0.6877,0.6877,0.6877
1691643245000,0.6877,0.6877,0.6877
1691643246000,0.6877,0.6877,0.6877
1691643247000,0.6877,0.6877,0.6877
1691643248000,0.6877,0.6877,0.6877
1691643249000,0.6877,0.6877,0.6877
1691643250000,0.6877,0.6877,0.6877
1691643251000,0.6876154,0.6876154,0.6876154
1691643252000,0.68761428,0.68761428,0.68761428
1691643253000,0.68766837,0.68766837,0.68766837
1691643254000,0.68766837,0.68766837,0.68766837
1691643255000,0.68766837,0.68766837,0.68766837
1691643256000,0.68766833,0.68766833,0.68766833
1691643257000,0.68761275,0.68761275,0.68761275
1691643258000,0.68761275,0.68761275,0.68761275
1691643259000,0.68761275,0.68761275,0.68761275
1691643260000,0.68761182,0.68761182,0.68761182
1691643261000,0.68761181,0.68761181,0.68761181
1691643262000,0.68766482,0.68766482,0.68766482
1691643263000,0.68766486,0.68766486,0.68766486
1691643264000,0.68766486,0.68766486,0.68766486
1691643265000,0.68766486,0.68766486,0.68766486
1691643266000,0.68766376,0.68766376,0.68766376
1691643267000,0.68766376,0.68766376,0.68766376
1691643268000,0.68764539,0.68764539,0.68764539
1691643269000,0.68764539,0.68764539,0.68764539
1691643270000,0.68764543,0.68764543,0.68764543
1691643271000,0.68764543,0.68764543,0.68764543
1691643272000,0.68764584,0.68764584,0.68764584
1691643273000,0.68764398,0.68764398,0.68764398
1691643274000,0.68764398,0.68764398,0.68764398
1691643275000,0.68764398,0.68764398,0.68764398
1691643276000,0.68764374,0.68764374,0.68764374
1691643277000,0.68764374,0.68764374,0.68764374
1691643278000,0.68764184,0.68764184,0.68764184
1691643279000,0.68764188,0.68764188,0.68764188
1691643280000,0.68764188,0.68764188,0.68764188
1691643281000,0.68764127,0.68764127,0.68764127
1691643282000,0.68764127,0.68764127,0.68764127
1691643283000,0.68763939,0.68763939,0.68763939
1691643284000,0.68764032,0.68764032,0.68764032
1691643285000,0.68764032,0.68764032,0.68764032
1691643286000,0.68763939,0.68763939,0.68763939
1691643287000,0.6876402,0.6876402,0.6876402
1691643288000,0.6876369,0.6876369,0.6876369
1691643289000,0.6876369,0.6876369,0.6876369
1691643290000,0.68763686,0.68763686,0.68763686
1691643291000,0.6876369,0.6876369,0.6876369
1691643292000,0.6876367,0.6876367,0.6876367
1691643293000,0.68757753,0.68757753,0.68757753
1691643294000,0.68757753,0.68757753,0.68757753
1691643295000,0.68757757,0.68757757,0.68757757
1691643296000,0.68757753,0.68757753,0.68757753
1691643297000,0.6876,0.6876,0.6876
1691643298000,0.6876,0.6876,0.6876
1691643299000,0.6876,0.6876,0.6876
1691643300000,0.6876298,0.6876298,0.6876298
1691643301000,0.6876298,0.6876298,0.6876298
1691643302000,0.6876,0.6876,0.6876
1691643303000,0.6877,0.6877,0.6877
1691643304000,0.6877,0.6877,0.6877
1691643305000,0.6876,0.6876,0.6876
1691643306000,0.6876,0.6876,0.6876
1691643307000,0.6876,0.6876,0.6876
1691643308000,0.6876,0.6876,0.6876
1691643309000,0.6877,0.6877,0.6877
1691643310000,0.6877,0.6877,0.6877
1691643311000,0.6877,0.6877,0.6877
1691643312000,0.6877,0.6877,0.6877
1691643313000,0.68762847,0.68762847,0.68762847
1691643314000,0.68762604,0.68762604,0.68762604
1691643315000,0.687626,0.687626,0.687626
1691643316000,0.687626,0.687626,0.687626
1691643317000,0.68762434,0.68762434,0.68762434
1691643318000,0.68762434,0.68762434,0.68762434
1691643319000,0.68762199,0.68762199,0.68762199
1691643320000,0.68762195,0.68762195,0.68762195
1691643321000,0.68762195,0.68762195,0.68762195
1691643322000,0.6877,0.6877,0.6877
1691643323000,0.6877,0.6877,0.6877
1691643324000,0.6877,0.6877,0.6877
1691643325000,0.6877,0.6877,0.6877
1691643326000,0.6877,0.6877,0.6877
1691643327000,0.6877,0.6877,0.6877
1691643328000,0.6877,0.6877,0.6877
1691643329000,0.6877,0.6877,0.6877
1691643330000,0.6877,0.6877,0.6877
1691643331000,0.68762061,0.68762061,0.68762061
1691643332000,0.68762064,0.68762064,0.68762064
1691643333000,0.68762064,0.68762064,0.68762064
1691643334000,0.6876221,0.6876221,0.6876221
1691643335000,0.68762167,0.68762167,0.68762167
1691643336000,0.68762171,0.68762171,0.68762171
1691643337000,0.68762171,0.68762171,0.68762171
1691643338000,0.68762195,0.68762195,0.68762195
1691643339000,0.68762288,0.68762288,0.68762288
1691643340000,0.68762326,0.68762326,0.68762326
1691643341000,0.68762326,0.68762326,0.68762326
1691643342000,0.68762233,0.68762233,0.68762233
1691643343000,0.68762233,0.68762233,0.68762233
1691643344000,0.6876233,0.6876233,0.6876233
1691643345000,0.68762361,0.68762361,0.68762361
1691643346000,0.68762361,0.68762361,0.68762361
1691643347000,0.68756956,0.68756956,0.68756956
1691643348000,0.6876,0.6876,0.6876
1691643349000,0.6876,0.6876,0.6876
1691643350000,0.6876,0.6876,0.6876
1691643351000,0.68756944,0.68756944,0.68756944
1691643352000,0.6875104,0.6875104,0.6875104
1691643353000,0.68750741,0.68750741,0.68750741
1691643354000,0.68750741,0.68750741,0.68750741
1691643355000,0.68750737,0.68750737,0.68750737
1691643356000,0.68750935,0.68750935,0.68750935
1691643357000,0.6875,0.6875,0.6875
1691643358000,0.68745465,0.68745465,0.68745465
1691643359000,0.6875087,0.6875087,0.6875087
1691643360000,0.68750963,0.68750963,0.68750963
1691643361000,0.68750689,0.68750689,0.68750689
1691643362000,0.68750748,0.68750748,0.68750748
1691643363000,0.68750748,0.68750748,0.68750748
1691643364000,0.68750643,0.68750643,0.68750643
1691643365000,0.68750643,0.68750643,0.68750643
1691643366000,0.68750411,0.68750411,0.68750411
1691643367000,0.68750411,0.68750411,0.68750411
1691643368000,0.68750407,0.68750407,0.68750407
1691643369000,0.6876,0.6876,0.6876
1691643370000,0.6875593,0.6875593,0.6875593
1691643371000,0.6876,0.6876,0.6876
1691643372000,0.6876,0.6876,0.6876
1691643373000,0.6876,0.6876,0.6876
1691643374000,0.6876,0.6876,0.6876
1691643375000,0.6876,0.6876,0.6876
1691643376000,0.6876,0.6876,0.6876
1691643377000,0.6876,0.6876,0.6876
1691643378000,0.6876,0.6876,0.6876
1691643379000,0.6877,0.6877,0.6877
1691643380000,0.6877,0.6877,0.6877
1691643381000,0.6877,0.6877,0.6877
1691643382000,0.6877,0.6877,0.6877
1691643383000,0.6877,0.6877,0.6877
1691643384000,0.6877,0.6877,0.6877
1691643385000,0.6877,0.6877,0.6877
1691643386000,0.6877,0.6877,0.6877
1691643387000,0.6877,0.6877,0.6877
1691643388000,0.6877,0.6877,0.6877
1691643389000,0.6877,0.6877,0.6877
1691643390000,0.6877,0.6877,0.6877
1691643391000,0.6877,0.6877,0.6877
1691643392000,0.6877,0.6877,0.6877
1691643393000,0.6877,0.6877,0.6877
1691643394000,0.6877,0.6877,0.6877
1691643395000,0.6877,0.6877,0.6877
1691643396000,0.6877,0.6877,0.6877
1691643397000,0.6877,0.6877,0.6877
1691643398000,0.6877,0.6877,0.6877
1691643399000,0.6877,0.6877,0.6877
1691643400000,0.6877,0.6877,0.6877
1691643401000,0.6877,0.6877,0.6877
1691643402000,0.6877,0.6877,0.6877
1691643403000,0.6877,0.6877,0.6877
1691643404000,0.6877,0.6877,0.6877
1691643405000,0.6877,0.6877,0.6877
1691643406000,0.6877,0.6877,0.6877
1691643407000,0.6877,0.6877,0.6877
1691643408000,0.6877,0.6877,0.6877
1691643409000,0.6876,0.6876,0.6876
1691643410000,0.6876,0.6876,0.6876
1691643411000,0.6876,0.6876,0.6876
1691643412000,0.6876,0.6876,0.6876
1691643413000,0.6876,0.6876,0.6876
1691643414000,0.6876,0.6876,0.6876
1691643415000,0.6876,0.6876,0.6876
1691643416000,0.6876,0.6876,0.6876
1691643417000,0.6876,0.6876,0.6876
1691643418000,0.6876,0.6876,0.6876
1691643419000,0.6876,0.6876,0.6876
1691643420000,0.6876,0.6876,0.6876
1691643421000,0.6876,0.6876,0.6876
1691643422000,0.6876,0.6876,0.6876
1691643423000,0.6876,0.6876,0.6876
1691643424000,0.6876,0.6876,0.6876
1691643425000,0.6875425,0.6875425,0.6875425
1691643426000,0.68754323,0.68754323,0.68754323
1691643427000,0.68754327,0.68754327,0.68754327
1691643428000,0.6875423,0.6875423,0.6875423
1691643429000,0.68754133,0.68754133,0.68754133
1691643430000,0.68754056,0.68754056,0.68754056
1691643431000,0.68754056,0.68754056,0.68754056
1691643432000,0.68754743,0.68754743,0.68754743
1691643433000,0.68754743,0.68754743,0.68754743
1691643434000,0.68754556,0.68754556,0.68754556
1691643435000,0.68754609,0.68754609,0.68754609
1691643436000,0.68754609,0.68754609,0.68754609
1691643437000,0.68754609,0.68754609,0.68754609
1691643438000,0.68754609,0.68754609,0.68754609
1691643439000,0.68754554,0.68754554,0.68754554
1691643440000,0.68754489,0.68754489,0.68754489
1691643441000,0.68754489,0.68754489,0.68754489
1691643442000,0.68754489,0.68754489,0.68754489
1691643443000,0.68759372,0.68759372,0.68759372
1691643444000,0.6875933,0.6875933,0.6875933
1691643445000,0.6875933,0.6875933,0.6875933
1691643446000,0.68759196,0.68759196,0.68759196
1691643447000,0.68759192,0.68759192,0.68759192
1691643448000,0.68759196,0.68759196,0.68759196
1691643449000,0.68759116,0.68759116,0.68759116
1691643450000,0.68759145,0.68759145,0.68759145
1691643451000,0.68759145,0.68759145,0.68759145
1691643452000,0.68753832,0.68753832,0.68753832
1691643453000,0.68753832,0.68753832,0.68753832
1691643454000,0.68753668,0.68753668,0.68753668
1691643455000,0.68753644,0.68753644,0.68753644
1691643456000,0.68753644,0.68753644,0.68753644
1691643457000,0.68753644,0.68753644,0.68753644
1691643458000,0.68753644,0.68753644,0.68753644
1691643459000,0.68753644,0.68753644,0.68753644
1691643460000,0.68753492,0.68753492,0.68753492
1691643461000,0.68753431,0.68753431,0.68753431
1691643462000,0.68753435,0.68753435,0.68753435
1691643463000,0.68753435,0.68753435,0.68753435
1691643464000,0.68753435,0.68753435,0.68753435
1691643465000,0.68753152,0.68753152,0.68753152
1691643466000,0.68753189,0.68753189,0.68753189
1691643467000,0.68753192,0.68753192,0.68753192
1691643468000,0.68753189,0.68753189,0.68753189
1691643469000,0.68753189,0.68753189,0.68753189
1691643470000,0.68752907,0.68752907,0.68752907
1691643471000,0.68752846,0.68752846,0.68752846
1691643472000,0.68752846,0.68752846,0.68752846
1691643473000,0.68752846,0.68752846,0.68752846
1691643474000,0.68747436,0.68747436,0.68747436
1691643475000,0.68752287,0.68752287,0.68752287
1691643476000,0.68746874,0.68746874,0.68746874
1691643477000,0.68746874,0.68746874,0.68746874
1691643478000,0.68746874,0.68746874,0.68746874
1691643479000,0.68746874,0.68746874,0.68746874
1691643480000,0.68746491,0.68746491,0.68746491
1691643481000,0.68746491,0.68746491,0.68746491
1691643482000,0.68746851,0.68746851,0.68746851
1691643483000,0.6875,0.6875,0.6875
1691643484000,0.68757665,0.68757665,0.68757665
1691643485000,0.6876,0.6876,0.6876
1691643486000,0.6876854,0.6876854,0.6876854
1691643487000,0.6876854,0.6876854,0.6876854
1691643488000,0.68768147,0.68768147,0.68768147
1691643489000,0.68768147,0.68768147,0.68768147
1691643490000,0.68768147,0.68768147,0.68768147
1691643491000,0.68762487,0.68762487,0.68762487
1691643492000,0.68762487,0.68762487,0.68762487
1691643493000,0.68762487,0.68762487,0.68762487
1691643494000,0.68762491,0.68762491,0.68762491
1691643495000,0.68762491,0.68762491,0.68762491
1691643496000,0.68762319,0.68762319,0.68762319
1691643497000,0.68762453,0.68762453,0.68762453
1691643498000,0.68762453,0.68762453,0.68762453
1691643499000,0.68762453,0.68762453,0.68762453
1691643500000,0.68762453,0.68762453,0.68762453
1691643501000,0.68762379,0.68762379,0.68762379
1691643502000,0.68762415,0.68762415,0.68762415
1691643503000,0.68762415,0.68762415,0.68762415
1691643504000,0.68762412,0.68762412,0.68762412
1691643505000,0.68762412,0.68762412,0.68762412
1691643506000,0.6876238,0.6876238,0.6876238
1691643507000,0.68762368,0.68762368,0.68762368
1691643508000,0.68762368,0.68762368,0.68762368
1691643509000,0.68767769,0.68767769,0.68767769
1691643510000,0.68767773,0.68767773,0.68767773
1691643511000,0.68767609,0.68767609,0.68767609
1691643512000,0.68767609,0.68767609,0.68767609
1691643513000,0.6876777,0.6876777,0.6876777
1691643514000,0.6876777,0.6876777,0.6876777
1691643515000,0.6876777,0.6876777,0.6876777
1691643516000,0.6876777,0.6876777,0.6876777
1691643517000,0.68767593,0.68767593,0.68767593
1691643518000,0.68767593,0.68767593,0.68767593
1691643519000,0.68767597,0.68767597,0.68767597
1691643520000,0.68767597,0.68767597,0.68767597
1691643521000,0.68767597,0.68767597,0.68767597
1691643522000,0.68767519,0.68767519,0.68767519
1691643523000,0.68767519,0.68767519,0.68767519
1691643524000,0.68762017,0.68762017,0.68762017
1691643525000,0.6877,0.6877,0.6877
1691643526000,0.6876202,0.6876202,0.6876202
1691643527000,0.68762027,0.68762027,0.68762027
1691643528000,0.68762027,0.68762027,0.68762027
1691643529000,0.68762027,0.68762027,0.68762027
1691643530000,0.68762027,0.68762027,0.68762027
1691643531000,0.68762027,0.68762027,0.68762027
1691643532000,0.68761843,0.68761843,0.68761843
1691643533000,0.68761847,0.68761847,0.68761847
1691643534000,0.6877,0.6877,0.6877
1691643535000,0.6877,0.6877,0.6877
1691643536000,0.6877,0.6877,0.6877
1691643537000,0.6877,0.6877,0.6877
1691643538000,0.6877,0.6877,0.6877
1691643539000,0.6877,0.6877,0.6877
1691643540000,0.6877,0.6877,0.6877
1691643541000,0.6877,0.6877,0.6877
1691643542000,0.6877,0.6877,0.6877
1691643543000,0.6877,0.6877,0.6877
1691643544000,0.6877,0.6877,0.6877
1691643545000,0.6877,0.6877,0.6877
1691643546000,0.6877,0.6877,0.6877
1691643547000,0.6877,0.6877,0.6877
1691643548000,0.6877,0.6877,0.6877
1691643549000,0.6877,0.6877,0.6877
1691643550000,0.6877,0.6877,0.6877
1691643551000,0.6877,0.6877,0.6877
1691643552000,0.6877,0.6877,0.6877
1691643553000,0.6877,0.6877,0.6877
1691643554000,0.68761752,0.68761752,0.68761752
1691643555000,0.68761752,0.68761752,0.68761752
1691643556000,0.68761752,0.68761752,0.68761752
1691643557000,0.68761659,0.68761659,0.68761659
1691643558000,0.68761843,0.68761843,0.68761843
1691643559000,0.6877,0.6877,0.6877
1691643560000,0.68761843,0.68761843,0.68761843
1691643561000,0.68761843,0.68761843,0.68761843
1691643562000,0.68761843,0.68761843,0.68761843
1691643563000,0.68761938,0.68761938,0.68761938
1691643564000,0.68761938,0.68761938,0.68761938
1691643565000,0.68761938,0.68761938,0.68761938
1691643566000,0.68761942,0.68761942,0.68761942
1691643567000,0.68761938,0.68761938,0.68761938
1691643568000,0.68762019,0.68762019,0.68762019
1691643569000,0.68762204,0.68762204,0.68762204
1691643570000,0.6877,0.6877,0.6877
1691643571000,0.68762204,0.68762204,0.68762204
1691643572000,0.6876,0.6876,0.6876
1691643573000,0.6876,0.6876,0.6876
1691643574000,0.6876,0.6876,0.6876
1691643575000,0.6876,0.6876,0.6876
1691643576000,0.6876,0.6876,0.6876
1691643577000,0.6876,0.6876,0.6876
1691643578000,0.6876,0.6876,0.6876
1691643579000,0.6876,0.6876,0.6876
1691643580000,0.6876,0.6876,0.6876
1691643581000,0.6876,0.6876,0.6876
1691643582000,0.6876,0.6876,0.6876
1691643583000,0.6876,0.6876,0.6876
1691643584000,0.6876,0.6876,0.6876
1691643585000,0.6876,0.6876,0.6876
1691643586000,0.6876,0.6876,0.6876
1691643587000,0.6876,0.6876,0.6876
1691643588000,0.6876,0.6876,0.6876
1691643589000,0.6876,0.6876,0.6876
1691643590000,0.6876,0.6876,0.6876
1691643591000,0.6876,0.6876,0.6876
1691643592000,0.6876,0.6876,0.6876
1691643593000,0.6876,0.6876,0.6876
1691643594000,0.6876,0.6876,0.6876
1691643595000,0.6876,0.6876,0.6876
1691643596000,0.6876,0.6876,0.6876
1691643597000,0.6876,0.6876,0.6876
1691643598000,0.6876,0.6876,0.6876
1691643599000,0.6876,0.6876,0.6876
1691643600000,0.6876,0.6876,0.6876
1691643601000,0.6877,0.6877,0.6877
1691643602000,0.6876,0.6876,0.6876
1691643603000,0.68756046,0.68756046,0.68756046
1691643604000,0.687559,0.687559,0.687559
1691643605000,0.68744799,0.68744799,0.68744799
1691643606000,0.6875,0.6875,0.6875
1691643607000,0.6875,0.6875,0.6875
1691643608000,0.6875,0.6875,0.6875
1691643609000,0.6875,0.6875,0.6875
1691643610000,0.6875,0.6875,0.6875
1691643611000,0.6875,0.6875,0.6875
1691643612000,0.68744969,0.68744969,0.68744969
1691643613000,0.68750374,0.68750374,0.68750374
1691643614000,0.68750374,0.68750374,0.68750374
1691643615000,0.6875026,0.6875026,0.6875026
1691643616000,0.6875026,0.6875026,0.6875026
1691643617000,0.6876,0.6876,0.6876
1691643618000,0.6877,0.6877,0.6877
1691643619000,0.6877,0.6877,0.6877
1691643620000,0.6878,0.6878,0.6878
1691643621000,0.6878,0.6878,0.6878
1691643622000,0.6877,0.6877,0.6877
1691643623000,0.6877,0.6877,0.6877
1691643624000,0.6877,0.6877,0.6877
1691643625000,0.6877,0.6877,0.6877
1691643626000,0.6877,0.6877,0.6877
1691643627000,0.6878,0.6878,0.6878
1691643628000,0.6878,0.6878,0.6878
1691643629000,0.6878,0.6878,0.6878
1691643630000,0.6877,0.6877,0.6877
1691643631000,0.6877,0.6877,0.6877
1691643632000,0.6877,0.6877,0.6877
1691643633000,0.6877,0.6877,0.6877
1691643634000,0.68769139,0.68769139,0.68769139
1691643635000,0.6877,0.6877,0.6877
1691643636000,0.6877,0.6877,0.6877
1691643637000,0.68769396,0.68769396,0.68769396
1691643638000,0.68769392,0.68769392,0.68769392
1691643639000,0.6877,0.6877,0.6877
1691643640000,0.6877,0.6877,0.6877
1691643641000,0.6877,0.6877,0.6877
1691643642000,0.6877,0.6877,0.6877
1691643643000,0.68764084,0.68764084,0.68764084
1691643644000,0.68764042,0.68764042,0.68764042
1691643645000,0.6877,0.6877,0.6877
1691643646000,0.6876422,0.6876422,0.6876422
1691643647000,0.6877,0.6877,0.6877
1691643648000,0.6877,0.6877,0.6877
1691643649000,0.68765752,0.68765752,0.68765752
1691643650000,0.6876572,0.6876572,0.6876572
1691643651000,0.68771218,0.68771218,0.68771218
1691643652000,0.68771259,0.68771259,0.68771259
1691643653000,0.68771259,0.68771259,0.68771259
1691643654000,0.68765854,0.68765854,0.68765854
1691643655000,0.68765718,0.68765718,0.68765718
1691643656000,0.6877,0.6877,0.6877
1691643657000,0.6877,0.6877,0.6877
1691643658000,0.6877,0.6877,0.6877
1691643659000,0.6877,0.6877,0.6877
1691643660000,0.68765964,0.68765964,0.68765964
1691643661000,0.68766426,0.68766426,0.68766426
1691643662000,0.68766529,0.68766529,0.68766529
1691643663000,0.6877,0.6877,0.6877
1691643664000,0.6877,0.6877,0.6877
1691643665000,0.6878,0.6878,0.6878
1691643666000,0.6878,0.6878,0.6878
1691643667000,0.6878,0.6878,0.6878
1691643668000,0.6878,0.6878,0.6878
1691643669000,0.6878,0.6878,0.6878
1691643670000,0.6878,0.6878,0.6878
1691643671000,0.6878,0.6878,0.6878
1691643672000,0.6878,0.6878,0.6878
1691643673000,0.6878,0.6878,0.6878
1691643674000,0.6878,0.6878,0.6878
1691643675000,0.6878,0.6878,0.6878
1691643676000,0.6878,0.6878,0.6878
1691643677000,0.6878,0.6878,0.6878
1691643678000,0.68771678,0.68771678,0.68771678
1691643679000,0.68773393,0.68773393,0.68773393
1691643680000,0.68773393,0.68773393,0.68773393
1691643681000,0.6878,0.6878,0.6878
1691643682000,0.6878,0.6878,0.6878
1691643683000,0.6878,0.6878,0.6878
1691643684000,0.6878,0.6878,0.6878
1691643685000,0.6878,0.6878,0.6878
1691643686000,0.6878,0.6878,0.6878
1691643687000,0.6878,0.6878,0.6878
1691643688000,0.6878,0.6878,0.6878
1691643689000,0.6878,0.6878,0.6878
1691643690000,0.6878,0.6878,0.6878
1691643691000,0.6878,0.6878,0.6878
1691643692000,0.68773169,0.68773169,0.68773169
1691643693000,0.68773073,0.68773073,0.68773073
1691643694000,0.6878,0.6878,0.6878
1691643695000,0.6878,0.6878,0.6878
1691643696000,0.6878,0.6878,0.6878
1691643697000,0.68772501,0.68772501,0.68772501
1691643698000,0.68772413,0.68772413,0.68772413
1691643699000,0.6877251,0.6877251,0.6877251
1691643700000,0.6877251,0.6877251,0.6877251
1691643701000,0.68772542,0.68772542,0.68772542
1691643702000,0.6878,0.6878,0.6878
1691643703000,0.6878,0.6878,0.6878
1691643704000,0.6878,0.6878,0.6878
1691643705000,0.6878,0.6878,0.6878
1691643706000,0.6878,0.6878,0.6878
1691643707000,0.6878,0.6878,0.6878
1691643708000,0.6878,0.6878,0.6878
1691643709000,0.6877,0.6877,0.6877
1691643710000,0.68766012,0.68766012,0.68766012
1691643711000,0.68760141,0.68760141,0.68760141
1691643712000,0.68760141,0.68760141,0.68760141
1691643713000,0.6876,0.6876,0.6876
1691643714000,0.68758211,0.68758211,0.68758211
1691643715000,0.68758211,0.68758211,0.68758211
1691643716000,0.68758211,0.68758211,0.68758211
1691643717000,0.68758235,0.68758235,0.68758235
1691643718000,0.68759135,0.68759135,0.68759135
1691643719000,0.6875886,0.6875886,0.6875886
1691643720000,0.68758864,0.68758864,0.68758864
1691643721000,0.68757957,0.68757957,0.68757957
1691643722000,0.68757957,0.68757957,0.68757957
1691643723000,0.68758033,0.68758033,0.68758033
1691643724000,0.68757745,0.68757745,0.68757745
1691643725000,0.68757745,0.68757745,0.68757745
1691643726000,0.68757745,0.68757745,0.68757745
1691643727000,0.68757745,0.68757745,0.68757745
1691643728000,0.68757559,0.68757559,0.68757559
1691643729000,0.68757617,0.68757617,0.68757617
1691643730000,0.68757621,0.68757621,0.68757621
1691643731000,0.68757617,0.68757617,0.68757617
1691643732000,0.68757617,0.68757617,0.68757617
1691643733000,0.68757625,0.68757625,0.68757625
1691643734000,0.68757625,0.68757625,0.68757625
1691643735000,0.68757686,0.68757686,0.68757686
1691643736000,0.6876,0.6876,0.6876
1691643737000,0.6876,0.6876,0.6876
1691643738000,0.68758424,0.68758424,0.68758424
1691643739000,0.6876,0.6876,0.6876
1691643740000,0.6876,0.6876,0.6876
1691643741000,0.6876,0.6876,0.6876
1691643742000,0.6876,0.6876,0.6876
1691643743000,0.68763828,0.68763828,0.68763828
1691643744000,0.68763828,0.68763828,0.68763828
1691643745000,0.68763883,0.68763883,0.68763883
1691643746000,0.68763887,0.68763887,0.68763887
1691643747000,0.68763936,0.68763936,0.68763936
1691643748000,0.68762125,0.68762125,0.68762125
1691643749000,0.68762125,0.68762125,0.68762125
1691643750000,0.68762341,0.68762341,0.68762341
1691643751000,0.68762248,0.68762248,0.68762248
1691643752000,0.68762297,0.68762297,0.68762297
1691643753000,0.68762297,0.68762297,0.68762297
1691643754000,0.68762297,0.68762297,0.68762297
1691643755000,0.68762539,0.68762539,0.68762539
1691643756000,0.68762539,0.68762539,0.68762539
1691643757000,0.68762628,0.68762628,0.68762628
1691643758000,0.68762628,0.68762628,0.68762628
1691643759000,0.68762637,0.68762637,0.68762637
1691643760000,0.68762956,0.68762956,0.68762956
1691643761000,0.68762142,0.68762142,0.68762142
1691643762000,0.6877,0.6877,0.6877
1691643763000,0.68762146,0.68762146,0.68762146
1691643764000,0.68762239,0.68762239,0.68762239
1691643765000,0.68762146,0.68762146,0.68762146
1691643766000,0.68762864,0.68762864,0.68762864
1691643767000,0.68762767,0.68762767,0.68762767
1691643768000,0.68762799,0.68762799,0.68762799
1691643769000,0.68762799,0.68762799,0.68762799
1691643770000,0.68762796,0.68762796,0.68762796
1691643771000,0.68763133,0.68763133,0.68763133
1691643772000,0.68763133,0.68763133,0.68763133
1691643773000,0.68763169,0.68763169,0.68763169
1691643774000,0.68763173,0.68763173,0.68763173
1691643775000,0.68763173,0.68763173,0.68763173
1691643776000,0.68763428,0.68763428,0.68763428
1691643777000,0.68763428,0.68763428,0.68763428
1691643778000,0.68763424,0.68763424,0.68763424
1691643779000,0.68763428,0.68763428,0.68763428
1691643780000,0.68763428,0.68763428,0.68763428
1691643781000,0.68763501,0.68763501,0.68763501
1691643782000,0.68763501,0.68763501,0.68763501
1691643783000,0.68763526,0.68763526,0.68763526
1691643784000,0.68763526,0.68763526,0.68763526
1691643785000,0.68763526,0.68763526,0.68763526
1691643786000,0.68763478,0.68763478,0.68763478
1691643787000,0.6876,0.6876,0.6876
1691643788000,0.6876,0.6876,0.6876
1691643789000,0.6876,0.6876,0.6876
1691643790000,0.6876,0.6876,0.6876
1691643791000,0.6876,0.6876,0.6876
1691643792000,0.6876,0.6876,0.6876
1691643793000,0.6876,0.6876,0.6876
1691643794000,0.6876,0.6876,0.6876
1691643795000,0.6876,0.6876,0.6876
1691643796000,0.6876,0.6876,0.6876
1691643797000,0.68763661,0.68763661,0.68763661
1691643798000,0.6877,0.6877,0.6877
1691643799000,0.6877,0.6877,0.6877
1691643800000,0.6877,0.6877,0.6877
1691643801000,0.6877,0.6877,0.6877
1691643802000,0.6877,0.6877,0.6877
1691643803000,0.6877,0.6877,0.6877
1691643804000,0.6877,0.6877,0.6877
1691643805000,0.6877,0.6877,0.6877
1691643806000,0.6877,0.6877,0.6877
1691643807000,0.6877,0.6877,0.6877
1691643808000,0.6877,0.6877,0.6877
1691643809000,0.6877,0.6877,0.6877
1691643810000,0.6877,0.6877,0.6877
1691643811000,0.6877,0.6877,0.6877
1691643812000,0.6877,0.6877,0.6877
1691643813000,0.6877,0.6877,0.6877
1691643814000,0.6877,0.6877,0.6877
1691643815000,0.6877,0.6877,0.6877
1691643816000,0.6877,0.6877,0.6877
1691643817000,0.6877,0.6877,0.6877
1691643818000,0.6877,0.6877,0.6877
1691643819000,0.6876,0.6876,0.6876
1691643820000,0.6876,0.6876,0.6876
1691643821000,0.6876,0.6876,0.6876
1691643822000,0.6876,0.6876,0.6876
1691643823000,0.6876,0.6876,0.6876
1691643824000,0.6876,0.6876,0.6876
1691643825000,0.6876,0.6876,0.6876
1691643826000,0.6876,0.6876,0.6876
1691643827000,0.6876,0.6876,0.6876
1691643828000,0.6876,0.6876,0.6876
1691643829000,0.6876,0.6876,0.6876
1691643830000,0.6876,0.6876,0.6876
1691643831000,0.6876,0.6876,0.6876
1691643832000,0.6877,0.6877,0.6877
1691643833000,0.6876,0.6876,0.6876
1691643834000,0.6876,0.6876,0.6876
1691643835000,0.6876,0.6876,0.6876
1691643836000,0.6876,0.6876,0.6876
1691643837000,0.6876,0.6876,0.6876
1691643838000,0.6877,0.6877,0.6877
1691643839000,0.6877,0.6877,0.6877
1691643840000,0.6877,0.6877,0.6877
1691643841000,0.6877,0.6877,0.6877
1691643842000,0.6876455,0.6876455,0.6876455
1691643843000,0.6876467,0.6876467,0.6876467
1691643844000,0.6876467,0.6876467,0.6876467
1691643845000,0.6876467,0.6876467,0.6876467
1691643846000,0.68764678,0.68764678,0.68764678
1691643847000,0.68764678,0.68764678,0.68764678
1691643848000,0.6876306,0.6876306,0.6876306
1691643849000,0.68763188,0.68763188,0.68763188
1691643850000,0.68763059,0.68763059,0.68763059
1691643851000,0.68763059,0.68763059,0.68763059
1691643852000,0.68763055,0.68763055,0.68763055
1691643853000,0.68763055,0.68763055,0.68763055
1691643854000,0.6876,0.6876,0.6876
1691643855000,0.6876,0.6876,0.6876
1691643856000,0.6876,0.6876,0.6876
1691643857000,0.6876,0.6876,0.6876
1691643858000,0.6876,0.6876,0.6876
1691643859000,0.6876,0.6876,0.6876
1691643860000,0.6876,0.6876,0.6876
1691643861000,0.6876,0.6876,0.6876
1691643862000,0.6876,0.6876,0.6876
1691643863000,0.6877,0.6877,0.6877
1691643864000,0.6877,0.6877,0.6877
1691643865000,0.6877,0.6877,0.6877
1691643866000,0.6877,0.6877,0.6877
1691643867000,0.6877,0.6877,0.6877
1691643868000,0.6877,0.6877,0.6877
1691643869000,0.6877,0.6877,0.6877
1691643870000,0.6877,0.6877,0.6877
1691643871000,0.6877,0.6877,0.6877
1691643872000,0.6877,0.6877,0.6877
1691643873000,0.6877,0.6877,0.6877
1691643874000,0.6877,0.6877,0.6877
1691643875000,0.6877,0.6877,0.6877
1691643876000,0.6877,0.6877,0.6877
1691643877000,0.6877,0.6877,0.6877
1691643878000,0.6877,0.6877,0.6877
1691643879000,0.6877,0.6877,0.6877
1691643880000,0.6877,0.6877,0.6877
1691643881000,0.6877,0.6877,0.6877
1691643882000,0.6877,0.6877,0.6877
1691643883000,0.6877,0.6877,0.6877
1691643884000,0.6877,0.6877,0.6877
1691643885000,0.6877,0.6877,0.6877
1691643886000,0.6877,0.6877,0.6877
1691643887000,0.6877,0.6877,0.6877
1691643888000,0.6877,0.6877,0.6877
1691643889000,0.6877,0.6877,0.6877
1691643890000,0.6877,0.6877,0.6877
1691643891000,0.6877,0.6877,0.6877
1691643892000,0.6876365,0.6876365,0.6876365
1691643893000,0.6877,0.6877,0.6877
1691643894000,0.6877,0.6877,0.6877
1691643895000,0.6877,0.6877,0.6877
1691643896000,0.6877,0.6877,0.6877
1691643897000,0.6877,0.6877,0.6877
1691643898000,0.6877,0.6877,0.6877
1691643899000,0.6877,0.6877,0.6877
1691643900000,0.6877,0.6877,0.6877
1691643901000,0.6877,0.6877,0.6877
1691643902000,0.6877,0.6877,0.6877
1691643903000,0.68763467,0.68763467,0.68763467
1691643904000,0.68763463,0.68763463,0.68763463
1691643905000,0.68763463,0.68763463,0.68763463
1691643906000,0.6877,0.6877,0.6877
1691643907000,0.6877,0.6877,0.6877
1691643908000,0.6877,0.6877,0.6877
1691643909000,0.6877,0.6877,0.6877
1691643910000,0.6877,0.6877,0.6877
1691643911000,0.6877,0.6877,0.6877
1691643912000,0.6877,0.6877,0.6877
1691643913000,0.6877,0.6877,0.6877
1691643914000,0.6877,0.6877,0.6877
1691643915000,0.6877,0.6877,0.6877
1691643916000,0.6877,0.6877,0.6877
1691643917000,0.6877,0.6877,0.6877
1691643918000,0.6877,0.6877,0.6877
1691643919000,0.68764007,0.68764007,0.68764007
1691643920000,0.68764007,0.68764007,0.68764007
1691643921000,0.68752261,0.68752261,0.68752261
1691643922000,0.68752261,0.68752261,0.68752261
1691643923000,0.68752261,0.68752261,0.68752261
1691643924000,0.68752261,0.68752261,0.68752261
1691643925000,0.68752261,0.68752261,0.68752261
1691643926000,0.68752188,0.68752188,0.68752188
1691643927000,0.6875194,0.6875194,0.6875194
1691643928000,0.6875194,0.6875194,0.6875194
1691643929000,0.68751936,0.68751936,0.68751936
1691643930000,0.68751936,0.68751936,0.68751936
1691643931000,0.68751936,0.68751936,0.68751936
1691643932000,0.68751761,0.68751761,0.68751761
1691643933000,0.68751854,0.68751854,0.68751854
1691643934000,0.68751854,0.68751854,0.68751854
1691643935000,0.68751854,0.68751854,0.68751854
1691643936000,0.6875185,0.6875185,0.6875185
1691643937000,0.68751858,0.68751858,0.68751858
1691643938000,0.68751858,0.68751858,0.68751858
1691643939000,0.68751858,0.68751858,0.68751858
1691643940000,0.68751858,0.68751858,0.68751858
1691643941000,0.68750236,0.68750236,0.68750236
1691643942000,0.68750181,0.68750181,0.68750181
1691643943000,0.68750088,0.68750088,0.68750088
1691643944000,0.68750088,0.68750088,0.68750088
1691643945000,0.68750092,0.68750092,0.68750092
1691643946000,0.68750092,0.68750092,0.68750092
1691643947000,0.68744629,0.68744629,0.68744629
1691643948000,0.68744629,0.68744629,0.68744629
1691643949000,0.68749272,0.68749272,0.68749272
1691643950000,0.68749272,0.68749272,0.68749272
1691643951000,0.68749272,0.68749272,0.68749272
1691643952000,0.68749345,0.68749345,0.68749345
1691643953000,0.68749348,0.68749348,0.68749348
1691643954000,0.68749348,0.68749348,0.68749348
1691643955000,0.68749348,0.68749348,0.68749348
1691643956000,0.68749255,0.68749255,0.68749255
1691643957000,0.6874385,0.6874385,0.6874385
1691643958000,0.68743832,0.68743832,0.68743832
1691643959000,0.68743832,0.68743832,0.68743832
1691643960000,0.68743832,0.68743832,0.68743832
1691643961000,0.68743836,0.68743836,0.68743836
1691643962000,0.6875,0.6875,0.6875
1691643963000,0.6875,0.6875,0.6875
1691643964000,0.6875,0.6875,0.6875
1691643965000,0.6875,0.6875,0.6875
1691643966000,0.6875,0.6875,0.6875
1691643967000,0.6875,0.6875,0.6875
1691643968000,0.6875,0.6875,0.6875
1691643969000,0.6875,0.6875,0.6875
1691643970000,0.6875,0.6875,0.6875
1691643971000,0.6875,0.6875,0.6875
1691643972000,0.6876,0.6876,0.6876
1691643973000,0.6876,0.6876,0.6876
1691643974000,0.6876,0.6876,0.6876
1691643975000,0.6876,0.6876,0.6876
1691643976000,0.6876,0.6876,0.6876
1691643977000,0.6876,0.6876,0.6876
1691643978000,0.6876,0.6876,0.6876
1691643979000,0.6876,0.6876,0.6876
1691643980000,0.6876,0.6876,0.6876
1691643981000,0.6876,0.6876,0.6876
1691643982000,0.6876,0.6876,0.6876
1691643983000,0.6876,0.6876,0.6876
1691643984000,0.6875,0.6875,0.6875
1691643985000,0.6875,0.6875,0.6875
1691643986000,0.6875,0.6875,0.6875
1691643987000,0.6875,0.6875,0.6875
1691643988000,0.6875,0.6875,0.6875
1691643989000,0.6875,0.6875,0.6875
1691643990000,0.6875,0.6875,0.6875
1691643991000,0.6875,0.6875,0.6875
1691643992000,0.6875,0.6875,0.6875
1691643993000,0.6875,0.6875,0.6875
1691643994000,0.6875,0.6875,0.6875
1691643995000,0.6876,0.6876,0.6876
1691643996000,0.6875,0.6875,0.6875
1691643997000,0.68754666,0.68754666,0.68754666
1691643998000,0.68754694,0.68754694,0.68754694
1691643999000,0.68754793,0.68754793,0.68754793
1691644000000,0.68754797,0.68754797,0.68754797
1691644001000,0.68754797,0.68754797,0.68754797
1691644002000,0.6876,0.6876,0.6876
1691644003000,0.6876,0.6876,0.6876
1691644004000,0.6876,0.6876,0.6876
1691644005000,0.6876,0.6876,0.6876
1691644006000,0.6876,0.6876,0.6876
1691644007000,0.6876,0.6876,0.6876
1691644008000,0.6877,0.6877,0.6877
1691644009000,0.6877,0.6877,0.6877
1691644010000,0.6877,0.6877,0.6877
1691644011000,0.6877,0.6877,0.6877
1691644012000,0.6877,0.6877,0.6877
1691644013000,0.6877,0.6877,0.6877
1691644014000,0.6877,0.6877,0.6877
1691644015000,0.6877,0.6877,0.6877
1691644016000,0.6877,0.6877,0.6877
1691644017000,0.6877,0.6877,0.6877
1691644018000,0.6877,0.6877,0.6877
1691644019000,0.6877,0.6877,0.6877
1691644020000,0.6878,0.6878,0.6878
1691644021000,0.6878,0.6878,0.6878
1691644022000,0.6878,0.6878,0.6878
1691644023000,0.6878,0.6878,0.6878
1691644024000,0.6878,0.6878,0.6878
1691644025000,0.6878,0.6878,0.6878
1691644026000,0.6877,0.6877,0.6877
1691644027000,0.6877,0.6877,0.6877
1691644028000,0.6877,0.6877,0.6877
1691644029000,0.6877,0.6877,0.6877
1691644030000,0.6877,0.6877,0.6877
1691644031000,0.6877,0.6877,0.6877
1691644032000,0.6877,0.6877,0.6877
1691644033000,0.6877,0.6877,0.6877
1691644034000,0.6877,0.6877,0.6877
1691644035000,0.6877,0.6877,0.6877
1691644036000,0.6877,0.6877,0.6877
1691644037000,0.6877,0.6877,0.6877
1691644038000,0.6877,0.6877,0.6877
1691644039000,0.6877,0.6877,0.6877
1691644040000,0.6877,0.6877,0.6877
1691644041000,0.6877,0.6877,0.6877
1691644042000,0.6877,0.6877,0.6877
1691644043000,0.6877,0.6877,0.6877
1691644044000,0.6877,0.6877,0.6877
1691644045000,0.6877,0.6877,0.6877
1691644046000,0.6877,0.6877,0.6877
1691644047000,0.6877,0.6877,0.6877
1691644048000,0.6877,0.6877,0.6877
1691644049000,0.6877,0.6877,0.6877
1691644050000,0.6877,0.6877,0.6877
1691644051000,0.6877,0.6877,0.6877
1691644052000,0.6877,0.6877,0.6877
1691644053000,0.6877,0.6877,0.6877
1691644054000,0.6877,0.6877,0.6877
1691644055000,0.6877,0.6877,0.6877
1691644056000,0.6877,0.6877,0.6877
1691644057000,0.6877,0.6877,0.6877
1691644058000,0.6877,0.6877,0.6877
1691644059000,0.6876,0.6876,0.6876
1691644060000,0.6876,0.6876,0.6876
1691644061000,0.6876,0.6876,0.6876
1691644062000,0.6876,0.6876,0.6876
1691644063000,0.6876,0.6876,0.6876
1691644064000,0.6876,0.6876,0.6876
1691644065000,0.6876,0.6876,0.6876
1691644066000,0.6876,0.6876,0.6876
1691644067000,0.6876,0.6876,0.6876
1691644068000,0.6876,0.6876,0.6876
1691644069000,0.6875898,0.6875898,0.6875898
1691644070000,0.68748068,0.68748068,0.68748068
1691644071000,0.68747662,0.68747662,0.68747662
1691644072000,0.68747495,0.68747495,0.68747495
1691644073000,0.68747495,0.68747495,0.68747495
1691644074000,0.68747495,0.68747495,0.68747495
1691644075000,0.68747495,0.68747495,0.68747495
1691644076000,0.68746951,0.68746951,0.68746951
1691644077000,0.68746453,0.68746453,0.68746453
1691644078000,0.68746453,0.68746453,0.68746453
1691644079000,0.68746453,0.68746453,0.68746453
1691644080000,0.68740598,0.68740598,0.68740598
1691644081000,0.68740598,0.68740598,0.68740598
1691644082000,0.68739488,0.68739488,0.68739488
1691644083000,0.68739353,0.68739353,0.68739353
1691644084000,0.68739256,0.68739256,0.68739256
1691644085000,0.68739159,0.68739159,0.68739159
1691644086000,0.68739159,0.68739159,0.68739159
1691644087000,0.68738796,0.68738796,0.68738796
1691644088000,0.687388,0.687388,0.687388
1691644089000,0.68738889,0.68738889,0.68738889
1691644090000,0.6873642,0.6873642,0.6873642
1691644091000,0.6873642,0.6873642,0.6873642
1691644092000,0.6873642,0.6873642,0.6873642
1691644093000,0.68736008,0.68736008,0.68736008
1691644094000,0.68736005,0.68736005,0.68736005
1691644095000,0.68735798,0.68735798,0.68735798
1691644096000,0.68730396,0.68730396,0.68730396
1691644097000,0.68731125,0.68731125,0.68731125
1691644098000,0.68730712,0.68730712,0.68730712
1691644099000,0.68730731,0.68730731,0.68730731
1691644100000,0.68730731,0.68730731,0.68730731
1691644101000,0.68736055,0.68736055,0.68736055
1691644102000,0.68736055,0.68736055,0.68736055
1691644103000,0.68735979,0.68735979,0.68735979
1691644104000,0.68735979,0.68735979,0.68735979
1691644105000,0.68735886,0.68735886,0.68735886
1691644106000,0.68730531,0.68730531,0.68730531
1691644107000,0.68730623,0.68730623,0.68730623
1691644108000,0.68730549,0.68730549,0.68730549
1691644109000,0.68730545,0.68730545,0.68730545
1691644110000,0.68730549,0.68730549,0.68730549
1691644111000,0.68730643,0.68730643,0.68730643
1691644112000,0.68730643,0.68730643,0.68730643
1691644113000,0.68735971,0.68735971,0.68735971
1691644114000,0.68735971,0.68735971,0.68735971
1691644115000,0.68735971,0.68735971,0.68735971
1691644116000,0.68735801,0.68735801,0.68735801
1691644117000,0.68735801,0.68735801,0.68735801
1691644118000,0.68735805,0.68735805,0.68735805
1691644119000,0.68735637,0.68735637,0.68735637
1691644120000,0.68735633,0.68735633,0.68735633
1691644121000,0.68735661,0.68735661,0.68735661
1691644122000,0.68735661,0.68735661,0.68735661
1691644123000,0.68735572,0.68735572,0.68735572
1691644124000,0.68735313,0.68735313,0.68735313
1691644125000,0.68735313,0.68735313,0.68735313
1691644126000,0.68730053,0.68730053,0.68730053
1691644127000,0.68730053,0.68730053,0.68730053
1691644128000,0.68730053,0.68730053,0.68730053
1691644129000,0.6873,0.6873,0.6873
1691644130000,0.68729541,0.68729541,0.68729541
1691644131000,0.68729411,0.68729411,0.68729411
1691644132000,0.68729276,0.68729276,0.68729276
1691644133000,0.68729369,0.68729369,0.68729369
1691644134000,0.68729203,0.68729203,0.68729203
1691644135000,0.68729111,0.68729111,0.68729111
1691644136000,0.68729062,0.68729062,0.68729062
1691644137000,0.68729062,0.68729062,0.68729062
1691644138000,0.68729066,0.68729066,0.68729066
1691644139000,0.68728738,0.68728738,0.68728738
1691644140000,0.68728738,0.68728738,0.68728738
1691644141000,0.68728738,0.68728738,0.68728738
1691644142000,0.68728506,0.68728506,0.68728506
1691644143000,0.68728328,0.68728328,0.68728328
1691644144000,0.6873,0.6873,0.6873
1691644145000,0.6873,0.6873,0.6873
1691644146000,0.6873,0.6873,0.6873
1691644147000,0.6873,0.6873,0.6873
1691644148000,0.68728198,0.68728198,0.68728198
1691644149000,0.68721804,0.68721804,0.68721804
1691644150000,0.68721746,0.68721746,0.68721746
1691644151000,0.68721746,0.68721746,0.68721746
1691644152000,0.68727151,0.68727151,0.68727151
1691644153000,0.68727151,0.68727151,0.68727151
1691644154000,0.68727054,0.68727054,0.68727054
1691644155000,0.68727071,0.68727071,0.68727071
1691644156000,0.68727071,0.68727071,0.68727071
1691644157000,0.68726933,0.68726933,0.68726933
1691644158000,0.68726933,0.68726933,0.68726933
1691644159000,0.68726929,0.68726929,0.68726929
1691644160000,0.68726769,0.68726769,0.68726769
1691644161000,0.68726862,0.68726862,0.68726862
1691644162000,0.68726927,0.68726927,0.68726927
1691644163000,0.68726927,0.68726927,0.68726927
1691644164000,0.68726927,0.68726927,0.68726927
1691644165000,0.687266,0.687266,0.687266
1691644166000,0.687266,0.687266,0.687266
1691644167000,0.68726604,0.68726604,0.68726604
1691644168000,0.68728246,0.68728246,0.68728246
1691644169000,0.68728242,0.68728242,0.68728242
1691644170000,0.6872792,0.6872792,0.6872792
1691644171000,0.68727916,0.68727916,0.68727916
1691644172000,0.68727908,0.68727908,0.68727908
1691644173000,0.68727912,0.68727912,0.68727912
1691644174000,0.68727908,0.68727908,0.68727908
1691644175000,0.68727912,0.68727912,0.68727912
1691644176000,0.68727405,0.68727405,0.68727405
1691644177000,0.68727437,0.68727437,0.68727437
1691644178000,0.68727437,0.68727437,0.68727437
1691644179000,0.68725723,0.68725723,0.68725723
1691644180000,0.68725723,0.68725723,0.68725723
1691644181000,0.68725454,0.68725454,0.68725454
1691644182000,0.68725454,0.68725454,0.68725454
1691644183000,0.68725414,0.68725414,0.68725414
1691644184000,0.68725506,0.68725506,0.68725506
1691644185000,0.68725414,0.68725414,0.68725414
1691644186000,0.68725263,0.68725263,0.68725263
1691644187000,0.68725263,0.68725263,0.68725263
1691644188000,0.68725158,0.68725158,0.68725158
1691644189000,0.68725158,0.68725158,0.68725158
1691644190000,0.68725158,0.68725158,0.68725158
1691644191000,0.68724752,0.68724752,0.68724752
1691644192000,0.68723227,0.68723227,0.68723227
1691644193000,0.68723113,0.68723113,0.68723113
1691644194000,0.68723113,0.68723113,0.68723113
1691644195000,0.68727897,0.68727897,0.68727897
1691644196000,0.68727612,0.68727612,0.68727612
1691644197000,0.68727612,0.68727612,0.68727612
1691644198000,0.68727673,0.68727673,0.68727673
1691644199000,0.68727669,0.68727669,0.68727669
1691644200000,0.68727673,0.68727673,0.68727673
1691644201000,0.68727673,0.68727673,0.68727673
1691644202000,0.68727384,0.68727384,0.68727384
1691644203000,0.68727421,0.68727421,0.68727421
1691644204000,0.68727421,0.68727421,0.68727421
1691644205000,0.68727221,0.68727221,0.68727221
1691644206000,0.68727221,0.68727221,0.68727221
1691644207000,0.68726933,0.68726933,0.68726933
1691644208000,0.68726812,0.68726812,0.68726812
1691644209000,0.68726812,0.68726812,0.68726812
1691644210000,0.68726812,0.68726812,0.68726812
1691644211000,0.68726812,0.68726812,0.68726812
1691644212000,0.68726434,0.68726434,0.68726434
1691644213000,0.68726471,0.68726471,0.68726471
1691644214000,0.68726471,0.68726471,0.68726471
1691644215000,0.68726471,0.68726471,0.68726471
1691644216000,0.68726563,0.68726563,0.68726563
1691644217000,0.68726188,0.68726188,0.68726188
1691644218000,0.68726184,0.68726184,0.68726184
1691644219000,0.68726184,0.68726184,0.68726184
1691644220000,0.6872618,0.6872618,0.6872618
1691644221000,0.6872618,0.6872618,0.6872618
1691644222000,0.68726136,0.68726136,0.68726136
1691644223000,0.68726218,0.68726218,0.68726218
1691644224000,0.68726221,0.68726221,0.68726221
1691644225000,0.68726221,0.68726221,0.68726221
1691644226000,0.68726125,0.68726125,0.68726125
1691644227000,0.68726125,0.68726125,0.68726125
1691644228000,0.68725981,0.68725981,0.68725981
1691644229000,0.68726086,0.68726086,0.68726086
1691644230000,0.68726086,0.68726086,0.68726086
1691644231000,0.68726086,0.68726086,0.68726086
1691644232000,0.68726086,0.68726086,0.68726086
1691644233000,0.68725943,0.68725943,0.68725943
1691644234000,0.68721013,0.68721013,0.68721013
1691644235000,0.68721013,0.68721013,0.68721013
1691644236000,0.68721013,0.68721013,0.68721013
1691644237000,0.68721106,0.68721106,0.68721106
1691644238000,0.68721044,0.68721044,0.68721044
1691644239000,0.68725748,0.68725748,0.68725748
1691644240000,0.68725748,0.68725748,0.68725748
1691644241000,0.68725751,0.68725751,0.68725751
1691644242000,0.68725655,0.68725655,0.68725655
1691644243000,0.68725486,0.68725486,0.68725486
1691644244000,0.6872549,0.6872549,0.6872549
1691644245000,0.68725535,0.68725535,0.68725535
1691644246000,0.68725531,0.68725531,0.68725531
1691644247000,0.68725535,0.68725535,0.68725535
1691644248000,0.68725528,0.68725528,0.68725528
1691644249000,0.68725565,0.68725565,0.68725565
1691644250000,0.68730974,0.68730974,0.68730974
1691644251000,0.68730974,0.68730974,0.68730974
1691644252000,0.68730974,0.68730974,0.68730974
1691644253000,0.68726279,0.68726279,0.68726279
1691644254000,0.6873,0.6873,0.6873
1691644255000,0.6873,0.6873,0.6873
1691644256000,0.6873,0.6873,0.6873
1691644257000,0.68726201,0.68726201,0.68726201
1691644258000,0.68730989,0.68730989,0.68730989
1691644259000,0.68730961,0.68730961,0.68730961
1691644260000,0.68730945,0.68730945,0.68730945
1691644261000,0.68730949,0.68730949,0.68730949
1691644262000,0.68730945,0.68730945,0.68730945
1691644263000,0.68730945,0.68730945,0.68730945
1691644264000,0.68730759,0.68730759,0.68730759
1691644265000,0.68730759,0.68730759,0.68730759
1691644266000,0.68730666,0.68730666,0.68730666
1691644267000,0.68730666,0.68730666,0.68730666
1691644268000,0.68730666,0.68730666,0.68730666
1691644269000,0.6873048,0.6873048,0.6873048
1691644270000,0.68730484,0.68730484,0.68730484
1691644271000,0.68730557,0.68730557,0.68730557
1691644272000,0.68730557,0.68730557,0.68730557
1691644273000,0.68730557,0.68730557,0.68730557
1691644274000,0.68730189,0.68730189,0.68730189
1691644275000,0.68724795,0.68724795,0.68724795
1691644276000,0.68730201,0.68730201,0.68730201
1691644277000,0.68730201,0.68730201,0.68730201
1691644278000,0.68730201,0.68730201,0.68730201
1691644279000,0.68724699,0.68724699,0.68724699
1691644280000,0.68724621,0.68724621,0.68724621
1691644281000,0.68724621,0.68724621,0.68724621
1691644282000,0.68724621,0.68724621,0.68724621
1691644283000,0.68724621,0.68724621,0.68724621
1691644284000,0.68724621,0.68724621,0.68724621
1691644285000,0.68724434,0.68724434,0.68724434
1691644286000,0.6873,0.6873,0.6873
1691644287000,0.6873,0.6873,0.6873
1691644288000,0.6873,0.6873,0.6873
1691644289000,0.68723479,0.68723479,0.68723479
1691644290000,0.68723191,0.68723191,0.68723191
1691644291000,0.68723191,0.68723191,0.68723191
1691644292000,0.68723191,0.68723191,0.68723191
1691644293000,0.68723191,0.68723191,0.68723191
1691644294000,0.6872,0.6872,0.6872
1691644295000,0.6872,0.6872,0.6872
1691644296000,0.68712114,0.68712114,0.68712114
1691644297000,0.68712114,0.68712114,0.68712114
1691644298000,0.68712114,0.68712114,0.68712114
1691644299000,0.68712114,0.68712114,0.68712114
1691644300000,0.68711914,0.68711914,0.68711914
1691644301000,0.68711914,0.68711914,0.68711914
1691644302000,0.68711914,0.68711914,0.68711914
1691644303000,0.68711914,0.68711914,0.68711914
1691644304000,0.68711914,0.68711914,0.68711914
1691644305000,0.68711453,0.68711453,0.68711453
1691644306000,0.68711457,0.68711457,0.68711457
1691644307000,0.6871155,0.6871155,0.6871155
1691644308000,0.6871155,0.6871155,0.6871155
1691644309000,0.68711453,0.68711453,0.68711453
1691644310000,0.68711453,0.68711453,0.68711453
1691644311000,0.68710948,0.68710948,0.68710948
1691644312000,0.68711102,0.68711102,0.68711102
1691644313000,0.68716504,0.68716504,0.68716504
1691644314000,0.68716507,0.68716507,0.68716507
1691644315000,0.68716415,0.68716415,0.68716415
1691644316000,0.68716207,0.68716207,0.68716207
1691644317000,0.68716207,0.68716207,0.68716207
1691644318000,0.68716207,0.68716207,0.68716207
1691644319000,0.68716114,0.68716114,0.68716114
1691644320000,0.68716207,0.68716207,0.68716207
1691644321000,0.68715862,0.68715862,0.68715862
1691644322000,0.6872,0.6872,0.6872
1691644323000,0.6872,0.6872,0.6872
1691644324000,0.6872,0.6872,0.6872
1691644325000,0.6872,0.6872,0.6872
1691644326000,0.6872,0.6872,0.6872
1691644327000,0.6872,0.6872,0.6872
1691644328000,0.6872,0.6872,0.6872
1691644329000,0.6872,0.6872,0.6872
1691644330000,0.68715377,0.68715377,0.68715377
1691644331000,0.68715114,0.68715114,0.68715114
1691644332000,0.68715114,0.68715114,0.68715114
1691644333000,0.6871,0.6871,0.6871
1691644334000,0.6871,0.6871,0.6871
1691644335000,0.6871,0.6871,0.6871
1691644336000,0.6872,0.6872,0.6872
1691644337000,0.6872,0.6872,0.6872
1691644338000,0.6872,0.6872,0.6872
1691644339000,0.6872,0.6872,0.6872
1691644340000,0.6872,0.6872,0.6872
1691644341000,0.6872,0.6872,0.6872
1691644342000,0.6871,0.6871,0.6871
1691644343000,0.6871,0.6871,0.6871
1691644344000,0.6871,0.6871,0.6871
1691644345000,0.6871,0.6871,0.6871
1691644346000,0.6871,0.6871,0.6871
1691644347000,0.68708475,0.68708475,0.68708475
1691644348000,0.68703669,0.68703669,0.68703669
1691644349000,0.68703774,0.68703774,0.68703774
1691644350000,0.68703774,0.68703774,0.68703774
1691644351000,0.68703746,0.68703746,0.68703746
1691644352000,0.68703524,0.68703524,0.68703524
1691644353000,0.68701686,0.68701686,0.68701686
1691644354000,0.68700876,0.68700876,0.68700876
1691644355000,0.68700876,0.68700876,0.68700876
1691644356000,0.68694656,0.68694656,0.68694656
1691644357000,0.68688637,0.68688637,0.68688637
1691644358000,0.68688637,0.68688637,0.68688637
1691644359000,0.68688366,0.68688366,0.68688366
1691644360000,0.68688366,0.68688366,0.68688366
1691644361000,0.68688366,0.68688366,0.68688366
1691644362000,0.6868837,0.6868837,0.6868837
1691644363000,0.68687778,0.68687778,0.68687778
1691644364000,0.68687782,0.68687782,0.68687782
1691644365000,0.6869,0.6869,0.6869
1691644366000,0.68693183,0.68693183,0.68693183
1691644367000,0.68693012,0.68693012,0.68693012
1691644368000,0.68692977,0.68692977,0.68692977
1691644369000,0.6871,0.6871,0.6871
1691644370000,0.6871,0.6871,0.6871
1691644371000,0.6871,0.6871,0.6871
1691644372000,0.68700037,0.68700037,0.68700037
1691644373000,0.68700114,0.68700114,0.68700114
1691644374000,0.68700022,0.68700022,0.68700022
1691644375000,0.687,0.687,0.687
1691644376000,0.68689825,0.68689825,0.68689825
1691644377000,0.6868422,0.6868422,0.6868422
1691644378000,0.68684285,0.68684285,0.68684285
1691644379000,0.6869,0.6869,0.6869
1691644380000,0.6869,0.6869,0.6869
1691644381000,0.6869,0.6869,0.6869
1691644382000,0.6869,0.6869,0.6869
1691644383000,0.6869,0.6869,0.6869
1691644384000,0.6869,0.6869,0.6869
1691644385000,0.6869,0.6869,0.6869
1691644386000,0.6869,0.6869,0.6869
1691644387000,0.6868,0.6868,0.6868
1691644388000,0.6868,0.6868,0.6868
1691644389000,0.6868,0.6868,0.6868
1691644390000,0.6868,0.6868,0.6868
1691644391000,0.6868,0.6868,0.6868
1691644392000,0.6868,0.6868,0.6868
1691644393000,0.6868,0.6868,0.6868
1691644394000,0.6868,0.6868,0.6868
1691644395000,0.6868,0.6868,0.6868
1691644396000,0.6868,0.6868,0.6868
1691644397000,0.6868,0.6868,0.6868
1691644398000,0.6868,0.6868,0.6868
1691644399000,0.6868,0.6868,0.6868
1691644400000,0.6869,0.6869,0.6869
1691644401000,0.6869,0.6869,0.6869
1691644402000,0.6869,0.6869,0.6869
1691644403000,0.6868,0.6868,0.6868
1691644404000,0.6868,0.6868,0.6868
1691644405000,0.6869,0.6869,0.6869
1691644406000,0.687,0.687,0.687
1691644407000,0.68685613,0.68685613,0.68685613
1691644408000,0.68685613,0.68685613,0.68685613
1691644409000,0.6868,0.6868,0.6868
1691644410000,0.6868,0.6868,0.6868
1691644411000,0.6868,0.6868,0.6868
1691644412000,0.6868,0.6868,0.6868
1691644413000,0.6869,0.6869,0.6869
1691644414000,0.6869,0.6869,0.6869
1691644415000,0.6869,0.6869,0.6869
1691644416000,0.6869,0.6869,0.6869
1691644417000,0.6869,0.6869,0.6869
1691644418000,0.6869,0.6869,0.6869
1691644419000,0.6869,0.6869,0.6869
1691644420000,0.6869,0.6869,0.6869
1691644421000,0.6869,0.6869,0.6869
1691644422000,0.6869,0.6869,0.6869
1691644423000,0.6869,0.6869,0.6869
1691644424000,0.6869,0.6869,0.6869
1691644425000,0.6869,0.6869,0.6869
1691644426000,0.6869,0.6869,0.6869
1691644427000,0.6869,0.6869,0.6869
1691644428000,0.6869,0.6869,0.6869
1691644429000,0.6869,0.6869,0.6869
1691644430000,0.6869,0.6869,0.6869
1691644431000,0.6869,0.6869,0.6869
1691644432000,0.6869,0.6869,0.6869
1691644433000,0.6868,0.6868,0.6868
1691644434000,0.6869,0.6869,0.6869
1691644435000,0.6869,0.6869,0.6869
1691644436000,0.6869,0.6869,0.6869
1691644437000,0.6869,0.6869,0.6869
1691644438000,0.687,0.687,0.687
1691644439000,0.687,0.687,0.687
1691644440000,0.687,0.687,0.687
1691644441000,0.687,0.687,0.687
1691644442000,0.687,0.687,0.687
1691644443000,0.687,0.687,0.687
1691644444000,0.687,0.687,0.687
1691644445000,0.687,0.687,0.687
1691644446000,0.687,0.687,0.687
1691644447000,0.687,0.687,0.687
1691644448000,0.6871,0.6871,0.6871
1691644449000,0.6871,0.6871,0.6871
1691644450000,0.6871,0.6871,0.6871
1691644451000,0.6871,0.6871,0.6871
1691644452000,0.6871,0.6871,0.6871
1691644453000,0.6871,0.6871,0.6871
1691644454000,0.6871,0.6871,0.6871
1691644455000,0.6871,0.6871,0.6871
1691644456000,0.6871,0.6871,0.6871
1691644457000,0.6871,0.6871,0.6871
1691644458000,0.6871,0.6871,0.6871
1691644459000,0.6871,0.6871,0.6871
1691644460000,0.6871,0.6871,0.6871
1691644461000,0.6871,0.6871,0.6871
1691644462000,0.6871,0.6871,0.6871
1691644463000,0.6871,0.6871,0.6871
1691644464000,0.6871,0.6871,0.6871
1691644465000,0.6871,0.6871,0.6871
1691644466000,0.6871,0.6871,0.6871
1691644467000,0.6871,0.6871,0.6871
1691644468000,0.6871,0.6871,0.6871
1691644469000,0.6871,0.6871,0.6871
1691644470000,0.6871,0.6871,0.6871
1691644471000,0.6871,0.6871,0.6871
1691644472000,0.6871,0.6871,0.6871
1691644473000,0.6871,0.6871,0.6871
1691644474000,0.6871,0.6871,0.6871
1691644475000,0.6871,0.6871,0.6871
1691644476000,0.6872,0.6872,0.6872
1691644477000,0.6871,0.6871,0.6871
1691644478000,0.6871,0.6871,0.6871
1691644479000,0.6871,0.6871,0.6871
1691644480000,0.6871,0.6871,0.6871
1691644481000,0.6871,0.6871,0.6871
1691644482000,0.6871,0.6871,0.6871
1691644483000,0.6871,0.6871,0.6871
1691644484000,0.6871,0.6871,0.6871
1691644485000,0.6871,0.6871,0.6871
1691644486000,0.6871,0.6871,0.6871
1691644487000,0.6871,0.6871,0.6871
1691644488000,0.6871,0.6871,0.6871
1691644489000,0.6871,0.6871,0.6871
1691644490000,0.6871,0.6871,0.6871
1691644491000,0.6871,0.6871,0.6871
1691644492000,0.6871,0.6871,0.6871
1691644493000,0.6871,0.6871,0.6871
1691644494000,0.6871,0.6871,0.6871
1691644495000,0.6871,0.6871,0.6871
1691644496000,0.6871,0.6871,0.6871
1691644497000,0.6871,0.6871,0.6871
1691644498000,0.6871,0.6871,0.6871
1691644499000,0.6871,0.6871,0.6871
1691644500000,0.6871,0.6871,0.6871
1691644501000,0.6871,0.6871,0.6871
1691644502000,0.6871,0.6871,0.6871
1691644503000,0.6871,0.6871,0.6871
1691644504000,0.6871,0.6871,0.6871
1691644505000,0.6871,0.6871,0.6871
1691644506000,0.6871,0.6871,0.6871
1691644507000,0.6871,0.6871,0.6871
1691644508000,0.6871,0.6871,0.6871
1691644509000,0.6871,0.6871,0.6871
1691644510000,0.6871,0.6871,0.6871
1691644511000,0.6871,0.6871,0.6871
1691644512000,0.6871,0.6871,0.6871
1691644513000,0.6871,0.6871,0.6871
1691644514000,0.6871,0.6871,0.6871
1691644515000,0.68700293,0.68700293,0.68700293
1691644516000,0.68700293,0.68700293,0.68700293
1691644517000,0.68694749,0.68694749,0.68694749
1691644518000,0.6869,0.6869,0.6869
1691644519000,0.6869,0.6869,0.6869
1691644520000,0.6869,0.6869,0.6869
1691644521000,0.6869,0.6869,0.6869
1691644522000,0.68689084,0.68689084,0.68689084
1691644523000,0.6869,0.6869,0.6869
1691644524000,0.6869,0.6869,0.6869
1691644525000,0.6869,0.6869,0.6869
1691644526000,0.6869,0.6869,0.6869
1691644527000,0.6869,0.6869,0.6869
1691644528000,0.6869,0.6869,0.6869
1691644529000,0.6869,0.6869,0.6869
1691644530000,0.6869,0.6869,0.6869
1691644531000,0.6869,0.6869,0.6869
1691644532000,0.6869,0.6869,0.6869
1691644533000,0.6869,0.6869,0.6869
1691644534000,0.6869,0.6869,0.6869
1691644535000,0.6868606,0.6868606,0.6868606
1691644536000,0.68683193,0.68683193,0.68683193
1691644537000,0.68673974,0.68673974,0.68673974
1691644538000,0.68673768,0.68673768,0.68673768
1691644539000,0.68673534,0.68673534,0.68673534
1691644540000,0.68673534,0.68673534,0.68673534
1691644541000,0.68673018,0.68673018,0.68673018
1691644542000,0.68673021,0.68673021,0.68673021
1691644543000,0.68673018,0.68673018,0.68673018
1691644544000,0.68673071,0.68673071,0.68673071
1691644545000,0.68673068,0.68673068,0.68673068
1691644546000,0.68673102,0.68673102,0.68673102
1691644547000,0.68673102,0.68673102,0.68673102
1691644548000,0.68673102,0.68673102,0.68673102
1691644549000,0.68673162,0.68673162,0.68673162
1691644550000,0.6868,0.6868,0.6868
1691644551000,0.6868,0.6868,0.6868
1691644552000,0.6867,0.6867,0.6867
1691644553000,0.6867,0.6867,0.6867
1691644554000,0.68673179,0.68673179,0.68673179
1691644555000,0.68673406,0.68673406,0.68673406
1691644556000,0.68673388,0.68673388,0.68673388
1691644557000,0.68673385,0.68673385,0.68673385
1691644558000,0.68673385,0.68673385,0.68673385
1691644559000,0.68673385,0.68673385,0.68673385
1691644560000,0.68673456,0.68673456,0.68673456
1691644561000,0.68673365,0.68673365,0.68673365
1691644562000,0.68673365,0.68673365,0.68673365
1691644563000,0.68668714,0.68668714,0.68668714
1691644564000,0.68666406,0.68666406,0.68666406
1691644565000,0.68666478,0.68666478,0.68666478
1691644566000,0.68666478,0.68666478,0.68666478
1691644567000,0.6866615,0.6866615,0.6866615
1691644568000,0.6866615,0.6866615,0.6866615
1691644569000,0.6866615,0.6866615,0.6866615
1691644570000,0.6866608,0.6866608,0.6866608
1691644571000,0.6866608,0.6866608,0.6866608
1691644572000,0.68666007,0.68666007,0.68666007
1691644573000,0.6866601,0.6866601,0.6866601
1691644574000,0.68666007,0.68666007,0.68666007
1691644575000,0.68665946,0.68665946,0.68665946
1691644576000,0.68660101,0.68660101,0.68660101
1691644577000,0.68660101,0.68660101,0.68660101
1691644578000,0.6865812,0.6865812,0.6865812
1691644579000,0.6865812,0.6865812,0.6865812
1691644580000,0.6865812,0.6865812,0.6865812
1691644581000,0.68657767,0.68657767,0.68657767
1691644582000,0.68657757,0.68657757,0.68657757
1691644583000,0.68657757,0.68657757,0.68657757
1691644584000,0.68657753,0.68657753,0.68657753
1691644585000,0.68657603,0.68657603,0.68657603
1691644586000,0.68657411,0.68657411,0.68657411
1691644587000,0.68657397,0.68657397,0.68657397
1691644588000,0.68657397,0.68657397,0.68657397
1691644589000,0.6866,0.6866,0.6866
1691644590000,0.68657397,0.68657397,0.68657397
1691644591000,0.68657364,0.68657364,0.68657364
1691644592000,0.68657375,0.68657375,0.68657375
1691644593000,0.68657375,0.68657375,0.68657375
1691644594000,0.68662029,0.68662029,0.68662029
1691644595000,0.68660832,0.68660832,0.68660832
1691644596000,0.68660787,0.68660787,0.68660787
1691644597000,0.68660787,0.68660787,0.68660787
1691644598000,0.68660651,0.68660651,0.68660651
1691644599000,0.68656529,0.68656529,0.68656529
1691644600000,0.68656532,0.68656532,0.68656532
1691644601000,0.68656404,0.68656404,0.68656404
1691644602000,0.68656512,0.68656512,0.68656512
1691644603000,0.68656512,0.68656512,0.68656512
1691644604000,0.68656512,0.68656512,0.68656512
1691644605000,0.68651861,0.68651861,0.68651861
1691644606000,0.68650505,0.68650505,0.68650505
1691644607000,0.68649774,0.68649774,0.68649774
1691644608000,0.68649774,0.68649774,0.68649774
1691644609000,0.68649395,0.68649395,0.68649395
1691644610000,0.68649395,0.68649395,0.68649395
1691644611000,0.68649474,0.68649474,0.68649474
1691644612000,0.68649223,0.68649223,0.68649223
1691644613000,0.68649223,0.68649223,0.68649223
1691644614000,0.68649223,0.68649223,0.68649223
1691644615000,0.68649143,0.68649143,0.68649143
1691644616000,0.68644492,0.68644492,0.68644492
1691644617000,0.68644331,0.68644331,0.68644331
1691644618000,0.68649059,0.68649059,0.68649059
1691644619000,0.68649059,0.68649059,0.68649059
1691644620000,0.68648979,0.68648979,0.68648979
1691644621000,0.68649059,0.68649059,0.68649059
1691644622000,0.68648819,0.68648819,0.68648819
1691644623000,0.68648905,0.68648905,0.68648905
1691644624000,0.68648905,0.68648905,0.68648905
1691644625000,0.68641464,0.68641464,0.68641464
1691644626000,0.68641464,0.68641464,0.68641464
1691644627000,0.68641167,0.68641167,0.68641167
1691644628000,0.6864071,0.6864071,0.6864071
1691644629000,0.6864079,0.6864079,0.6864079
1691644630000,0.6864079,0.6864079,0.6864079
1691644631000,0.6864079,0.6864079,0.6864079
1691644632000,0.68640594,0.68640594,0.68640594
1691644633000,0.686405,0.686405,0.686405
1691644634000,0.686405,0.686405,0.686405
1691644635000,0.6864058,0.6864058,0.6864058
1691644636000,0.6864058,0.6864058,0.6864058
1691644637000,0.68640583,0.68640583,0.68640583
1691644638000,0.68640322,0.68640322,0.68640322
1691644639000,0.68640239,0.68640239,0.68640239
1691644640000,0.68640239,0.68640239,0.68640239
1691644641000,0.68640243,0.68640243,0.68640243
1691644642000,0.68640243,0.68640243,0.68640243
1691644643000,0.68639769,0.68639769,0.68639769
1691644644000,0.68639769,0.68639769,0.68639769
1691644645000,0.68639766,0.68639766,0.68639766
1691644646000,0.68639766,0.68639766,0.68639766
1691644647000,0.68639769,0.68639769,0.68639769
1691644648000,0.6865,0.6865,0.6865
1691644649000,0.6865,0.6865,0.6865
1691644650000,0.6864,0.6864,0.6864
1691644651000,0.6864,0.6864,0.6864
1691644652000,0.6864,0.6864,0.6864
1691644653000,0.6864,0.6864,0.6864
1691644654000,0.6864,0.6864,0.6864
1691644655000,0.6864,0.6864,0.6864
1691644656000,0.6864,0.6864,0.6864
1691644657000,0.6864,0.6864,0.6864
1691644658000,0.6864,0.6864,0.6864
1691644659000,0.6864,0.6864,0.6864
1691644660000,0.68640009,0.68640009,0.68640009
1691644661000,0.68640009,0.68640009,0.68640009
1691644662000,0.68640009,0.68640009,0.68640009
1691644663000,0.68640086,0.68640086,0.68640086
1691644664000,0.68640294,0.68640294,0.68640294
1691644665000,0.68640249,0.68640249,0.68640249
1691644666000,0.68640249,0.68640249,0.68640249
1691644667000,0.68640249,0.68640249,0.68640249
1691644668000,0.68649471,0.68649471,0.68649471
1691644669000,0.68649839,0.68649839,0.68649839
1691644670000,0.68649839,0.68649839,0.68649839
1691644671000,0.68649836,0.68649836,0.68649836
1691644672000,0.68651231,0.68651231,0.68651231
1691644673000,0.68651234,0.68651234,0.68651234
1691644674000,0.68651168,0.68651168,0.68651168
1691644675000,0.68651171,0.68651171,0.68651171
1691644676000,0.68651171,0.68651171,0.68651171
1691644677000,0.68650474,0.68650474,0.68650474
1691644678000,0.68650474,0.68650474,0.68650474
1691644679000,0.68645997,0.68645997,0.68645997
1691644680000,0.68645997,0.68645997,0.68645997
1691644681000,0.68645997,0.68645997,0.68645997
1691644682000,0.68645997,0.68645997,0.68645997
1691644683000,0.68645917,0.68645917,0.68645917
1691644684000,0.68645626,0.68645626,0.68645626
1691644685000,0.68645626,0.68645626,0.68645626
1691644686000,0.6865,0.6865,0.6865
1691644687000,0.6865,0.6865,0.6865
1691644688000,0.68650357,0.68650357,0.68650357
1691644689000,0.68650204,0.68650204,0.68650204
1691644690000,0.68650204,0.68650204,0.68650204
1691644691000,0.6865,0.6865,0.6865
1691644692000,0.6865,0.6865,0.6865
1691644693000,0.6865,0.6865,0.6865
1691644694000,0.6865,0.6865,0.6865
1691644695000,0.6865,0.6865,0.6865
1691644696000,0.6865,0.6865,0.6865
1691644697000,0.6865,0.6865,0.6865
1691644698000,0.6865,0.6865,0.6865
1691644699000,0.6865,0.6865,0.6865
1691644700000,0.68649824,0.68649824,0.68649824
1691644701000,0.68649827,0.68649827,0.68649827
1691644702000,0.68649827,0.68649827,0.68649827
1691644703000,0.68645093,0.68645093,0.68645093
1691644704000,0.68645176,0.68645176,0.68645176
1691644705000,0.68644954,0.68644954,0.68644954
1691644706000,0.6864495,0.6864495,0.6864495
1691644707000,0.68644871,0.68644871,0.68644871
1691644708000,0.68644874,0.68644874,0.68644874
1691644709000,0.68644871,0.68644871,0.68644871
1691644710000,0.68644651,0.68644651,0.68644651
1691644711000,0.68644648,0.68644648,0.68644648
1691644712000,0.68644648,0.68644648,0.68644648
1691644713000,0.68644648,0.68644648,0.68644648
1691644714000,0.68644648,0.68644648,0.68644648
1691644715000,0.68644468,0.68644468,0.68644468
1691644716000,0.68644468,0.68644468,0.68644468
1691644717000,0.68644468,0.68644468,0.68644468
1691644718000,0.68644417,0.68644417,0.68644417
1691644719000,0.68644417,0.68644417,0.68644417
1691644720000,0.6865,0.6865,0.6865
1691644721000,0.6865,0.6865,0.6865
1691644722000,0.6865,0.6865,0.6865
1691644723000,0.68643927,0.68643927,0.68643927
1691644724000,0.68643927,0.68643927,0.68643927
1691644725000,0.6864393,0.6864393,0.6864393
1691644726000,0.6865,0.6865,0.6865
1691644727000,0.68653082,0.68653082,0.68653082
1691644728000,0.6866,0.6866,0.6866
1691644729000,0.6866,0.6866,0.6866
1691644730000,0.6866,0.6866,0.6866
1691644731000,0.6866,0.6866,0.6866
1691644732000,0.6866,0.6866,0.6866
1691644733000,0.6866,0.6866,0.6866
1691644734000,0.6866,0.6866,0.6866
1691644735000,0.6866,0.6866,0.6866
1691644736000,0.6866,0.6866,0.6866
1691644737000,0.6866,0.6866,0.6866
1691644738000,0.6866,0.6866,0.6866
1691644739000,0.6866,0.6866,0.6866
1691644740000,0.6866,0.6866,0.6866
1691644741000,0.6866,0.6866,0.6866
1691644742000,0.6866,0.6866,0.6866
1691644743000,0.6867,0.6867,0.6867
1691644744000,0.6867,0.6867,0.6867
1691644745000,0.6866,0.6866,0.6866
1691644746000,0.6866,0.6866,0.6866
1691644747000,0.6866,0.6866,0.6866
1691644748000,0.6866,0.6866,0.6866
1691644749000,0.6866,0.6866,0.6866
1691644750000,0.6866,0.6866,0.6866
1691644751000,0.6866,0.6866,0.6866
1691644752000,0.6866,0.6866,0.6866
1691644753000,0.6866,0.6866,0.6866
1691644754000,0.6867,0.6867,0.6867
1691644755000,0.6868,0.6868,0.6868
1691644756000,0.6868,0.6868,0.6868
1691644757000,0.6869,0.6869,0.6869
1691644758000,0.6869,0.6869,0.6869
1691644759000,0.6869,0.6869,0.6869
1691644760000,0.6869,0.6869,0.6869
1691644761000,0.6869,0.6869,0.6869
1691644762000,0.6869,0.6869,0.6869
1691644763000,0.6869,0.6869,0.6869
1691644764000,0.6869,0.6869,0.6869
1691644765000,0.6868,0.6868,0.6868
1691644766000,0.6868,0.6868,0.6868
1691644767000,0.6868,0.6868,0.6868
1691644768000,0.6867,0.6867,0.6867
1691644769000,0.6868,0.6868,0.6868
1691644770000,0.6868,0.6868,0.6868
1691644771000,0.6868,0.6868,0.6868
1691644772000,0.6868,0.6868,0.6868
1691644773000,0.6868,0.6868,0.6868
1691644774000,0.6868,0.6868,0.6868
1691644775000,0.6868,0.6868,0.6868
1691644776000,0.6868,0.6868,0.6868
1691644777000,0.6867,0.6867,0.6867
1691644778000,0.6867,0.6867,0.6867
1691644779000,0.6867,0.6867,0.6867
1691644780000,0.6867,0.6867,0.6867
1691644781000,0.6867,0.6867,0.6867
1691644782000,0.6867,0.6867,0.6867
1691644783000,0.6867,0.6867,0.6867
1691644784000,0.6867,0.6867,0.6867
1691644785000,0.6868,0.6868,0.6868
1691644786000,0.6868,0.6868,0.6868
1691644787000,0.6868,0.6868,0.6868
1691644788000,0.6868,0.6868,0.6868
1691644789000,0.6868,0.6868,0.6868
1691644790000,0.6868,0.6868,0.6868
1691644791000,0.6868,0.6868,0.6868
1691644792000,0.6868,0.6868,0.6868
1691644793000,0.6868,0.6868,0.6868
1691644794000,0.6868,0.6868,0.6868
1691644795000,0.6868,0.6868,0.6868
1691644796000,0.6868,0.6868,0.6868
1691644797000,0.6868,0.6868,0.6868
1691644798000,0.6867,0.6867,0.6867
1691644799000,0.6867,0.6867,0.6867
1691644800000,0.6867,0.6867,0.6867
1691644801000,0.6867,0.6867,0.6867
1691644802000,0.6867,0.6867,0.6867
1691644803000,0.6867,0.6867,0.6867
1691644804000,0.6867,0.6867,0.6867
1691644805000,0.6867,0.6867,0.6867
1691644806000,0.6867,0.6867,0.6867
1691644807000,0.6867,0.6867,0.6867
1691644808000,0.6868,0.6868,0.6868
1691644809000,0.6868,0.6868,0.6868
1691644810000,0.6868,0.6868,0.6868
1691644811000,0.6868,0.6868,0.6868
1691644812000,0.6868,0.6868,0.6868
1691644813000,0.6868,0.6868,0.6868
1691644814000,0.6868,0.6868,0.6868
1691644815000,0.6868,0.6868,0.6868
1691644816000,0.6868,0.6868,0.6868
1691644817000,0.6868,0.6868,0.6868
1691644818000,0.6868,0.6868,0.6868
1691644819000,0.6868,0.6868,0.6868
1691644820000,0.6868,0.6868,0.6868
1691644821000,0.6868,0.6868,0.6868
1691644822000,0.6868,0.6868,0.6868
1691644823000,0.6868,0.6868,0.6868
1691644824000,0.6868,0.6868,0.6868
1691644825000,0.6868,0.6868,0.6868
1691644826000,0.6868,0.6868,0.6868
1691644827000,0.6868,0.6868,0.6868
1691644828000,0.6868,0.6868,0.6868
1691644829000,0.6868,0.6868,0.6868
1691644830000,0.6868,0.6868,0.6868
1691644831000,0.6868,0.6868,0.6868
1691644832000,0.6868,0.6868,0.6868
1691644833000,0.6868,0.6868,0.6868
1691644834000,0.6868,0.6868,0.6868
1691644835000,0.6867,0.6867,0.6867
1691644836000,0.6867,0.6867,0.6867
1691644837000,0.6867,0.6867,0.6867
1691644838000,0.6867,0.6867,0.6867
1691644839000,0.6867,0.6867,0.6867
1691644840000,0.68670384,0.68670384,0.68670384
1691644841000,0.68670387,0.68670387,0.68670387
1691644842000,0.68670467,0.68670467,0.68670467
1691644843000,0.68670467,0.68670467,0.68670467
1691644844000,0.68670464,0.68670464,0.68670464
1691644845000,0.68670641,0.68670641,0.68670641
1691644846000,0.6867,0.6867,0.6867
1691644847000,0.6868,0.6868,0.6868
1691644848000,0.6867,0.6867,0.6867
1691644849000,0.6867,0.6867,0.6867
1691644850000,0.6867,0.6867,0.6867
1691644851000,0.6867,0.6867,0.6867
1691644852000,0.6867,0.6867,0.6867
1691644853000,0.6867,0.6867,0.6867
1691644854000,0.6867,0.6867,0.6867
1691644855000,0.6868,0.6868,0.6868
1691644856000,0.6867,0.6867,0.6867
1691644857000,0.6867,0.6867,0.6867
1691644858000,0.6867,0.6867,0.6867
1691644859000,0.6867,0.6867,0.6867
1691644860000,0.6867,0.6867,0.6867
1691644861000,0.6867,0.6867,0.6867
1691644862000,0.6867,0.6867,0.6867
1691644863000,0.6867,0.6867,0.6867
1691644864000,0.6867,0.6867,0.6867
1691644865000,0.6867,0.6867,0.6867
1691644866000,0.6867,0.6867,0.6867
1691644867000,0.6867,0.6867,0.6867
1691644868000,0.6867,0.6867,0.6867
1691644869000,0.6867,0.6867,0.6867
1691644870000,0.6867,0.6867,0.6867
1691644871000,0.6867,0.6867,0.6867
1691644872000,0.6867,0.6867,0.6867
1691644873000,0.6867,0.6867,0.6867
1691644874000,0.6867,0.6867,0.6867
1691644875000,0.6867,0.6867,0.6867
1691644876000,0.6867,0.6867,0.6867
1691644877000,0.6867,0.6867,0.6867
1691644878000,0.6867,0.6867,0.6867
1691644879000,0.68669542,0.68669542,0.68669542
1691644880000,0.68663359,0.68663359,0.68663359
1691644881000,0.68663359,0.68663359,0.68663359
1691644882000,0.68663411,0.68663411,0.68663411
1691644883000,0.68663411,0.68663411,0.68663411
1691644884000,0.68663156,0.68663156,0.68663156
1691644885000,0.68663156,0.68663156,0.68663156
1691644886000,0.68677109,0.68677109,0.68677109
1691644887000,0.68677011,0.68677011,0.68677011
1691644888000,0.68677011,0.68677011,0.68677011
1691644889000,0.68677011,0.68677011,0.68677011
1691644890000,0.68677001,0.68677001,0.68677001
1691644891000,0.68675602,0.68675602,0.68675602
1691644892000,0.68675253,0.68675253,0.68675253
1691644893000,0.68675253,0.68675253,0.68675253
1691644894000,0.68675253,0.68675253,0.68675253
1691644895000,0.68675149,0.68675149,0.68675149
1691644896000,0.68675149,0.68675149,0.68675149
1691644897000,0.68675049,0.68675049,0.68675049
1691644898000,0.68675053,0.68675053,0.68675053
1691644899000,0.68675007,0.68675007,0.68675007
1691644900000,0.68675007,0.68675007,0.68675007
1691644901000,0.6867501,0.6867501,0.6867501
1691644902000,0.68674671,0.68674671,0.68674671
1691644903000,0.68674591,0.68674591,0.68674591
1691644904000,0.68674591,0.68674591,0.68674591
1691644905000,0.6867458,0.6867458,0.6867458
1691644906000,0.68669929,0.68669929,0.68669929
1691644907000,0.68669929,0.68669929,0.68669929
1691644908000,0.68669522,0.68669522,0.68669522
1691644909000,0.68669601,0.68669601,0.68669601
1691644910000,0.68669601,0.68669601,0.68669601
1691644911000,0.68669525,0.68669525,0.68669525
1691644912000,0.68669442,0.68669442,0.68669442
1691644913000,0.686694,0.686694,0.686694
1691644914000,0.6866948,0.6866948,0.6866948
1691644915000,0.6866948,0.6866948,0.6866948
1691644916000,0.68669525,0.68669525,0.68669525
1691644917000,0.68669448,0.68669448,0.68669448
1691644918000,0.68669406,0.68669406,0.68669406
1691644919000,0.68674054,0.68674054,0.68674054
1691644920000,0.68673994,0.68673994,0.68673994
1691644921000,0.68673994,0.68673994,0.68673994
1691644922000,0.68674071,0.68674071,0.68674071
1691644923000,0.6867412,0.6867412,0.6867412
1691644924000,0.6867412,0.6867412,0.6867412
1691644925000,0.68674113,0.68674113,0.68674113
1691644926000,0.68674113,0.68674113,0.68674113
1691644927000,0.68674113,0.68674113,0.68674113
1691644928000,0.68674205,0.68674205,0.68674205
1691644929000,0.68674288,0.68674288,0.68674288
1691644930000,0.6867433,0.6867433,0.6867433
1691644931000,0.6867433,0.6867433,0.6867433
1691644932000,0.6867433,0.6867433,0.6867433
1691644933000,0.68674414,0.68674414,0.68674414
1691644934000,0.68669683,0.68669683,0.68669683
1691644935000,0.6866962,0.6866962,0.6866962
1691644936000,0.6866962,0.6866962,0.6866962
1691644937000,0.68674351,0.68674351,0.68674351
1691644938000,0.68674351,0.68674351,0.68674351
1691644939000,0.68674347,0.68674347,0.68674347
1691644940000,0.68674351,0.68674351,0.68674351
1691644941000,0.68674348,0.68674348,0.68674348
1691644942000,0.68674351,0.68674351,0.68674351
1691644943000,0.68674351,0.68674351,0.68674351
1691644944000,0.68674268,0.68674268,0.68674268
1691644945000,0.68674188,0.68674188,0.68674188
1691644946000,0.6867422,0.6867422,0.6867422
1691644947000,0.68674223,0.68674223,0.68674223
1691644948000,0.68674223,0.68674223,0.68674223
1691644949000,0.68674301,0.68674301,0.68674301
1691644950000,0.68674301,0.68674301,0.68674301
1691644951000,0.68674301,0.68674301,0.68674301
1691644952000,0.68674357,0.68674357,0.68674357
1691644953000,0.6867436,0.6867436,0.6867436
1691644954000,0.68674113,0.68674113,0.68674113
1691644955000,0.68674113,0.68674113,0.68674113
1691644956000,0.68674197,0.68674197,0.68674197
1691644957000,0.68674197,0.68674197,0.68674197
1691644958000,0.68674197,0.68674197,0.68674197
1691644959000,0.68674112,0.68674112,0.68674112
1691644960000,0.68674112,0.68674112,0.68674112
1691644961000,0.68674091,0.68674091,0.68674091
1691644962000,0.68674091,0.68674091,0.68674091
1691644963000,0.68674095,0.68674095,0.68674095
1691644964000,0.68674095,0.68674095,0.68674095
1691644965000,0.68673846,0.68673846,0.68673846
1691644966000,0.68673846,0.68673846,0.68673846
1691644967000,0.68673863,0.68673863,0.68673863
1691644968000,0.68673863,0.68673863,0.68673863
1691644969000,0.68673784,0.68673784,0.68673784
1691644970000,0.68673536,0.68673536,0.68673536
1691644971000,0.68673511,0.68673511,0.68673511
1691644972000,0.68673508,0.68673508,0.68673508
1691644973000,0.68673508,0.68673508,0.68673508
1691644974000,0.68673508,0.68673508,0.68673508
1691644975000,0.68663951,0.68663951,0.68663951
1691644976000,0.68663951,0.68663951,0.68663951
1691644977000,0.6866348,0.6866348,0.6866348
1691644978000,0.6866348,0.6866348,0.6866348
1691644979000,0.6866348,0.6866348,0.6866348
1691644980000,0.68663075,0.68663075,0.68663075
1691644981000,0.68663155,0.68663155,0.68663155
1691644982000,0.68662772,0.68662772,0.68662772
1691644983000,0.68662775,0.68662775,0.68662775
1691644984000,0.68662775,0.68662775,0.68662775
1691644985000,0.68662619,0.68662619,0.68662619
1691644986000,0.68662619,0.68662619,0.68662619
1691644987000,0.68671728,0.68671728,0.68671728
1691644988000,0.68671807,0.68671807,0.68671807
1691644989000,0.68671804,0.68671804,0.68671804
1691644990000,0.68671985,0.68671985,0.68671985
1691644991000,0.68676637,0.68676637,0.68676637
1691644992000,0.68676696,0.68676696,0.68676696
1691644993000,0.68676696,0.68676696,0.68676696
1691644994000,0.68676696,0.68676696,0.68676696
1691644995000,0.68676696,0.68676696,0.68676696
1691644996000,0.68676537,0.68676537,0.68676537
1691644997000,0.68676533,0.68676533,0.68676533
1691644998000,0.68675836,0.68675836,0.68675836
1691644999000,0.68675836,0.68675836,0.68675836
1691645000000,0.68675756,0.68675756,0.68675756
1691645001000,0.68675613,0.68675613,0.68675613
1691645002000,0.68675676,0.68675676,0.68675676
1691645003000,0.68675676,0.68675676,0.68675676
1691645004000,0.68675676,0.68675676,0.68675676
1691645005000,0.68675676,0.68675676,0.68675676
1691645006000,0.6867555,0.6867555,0.6867555
1691645007000,0.68675599,0.68675599,0.68675599
1691645008000,0.68675595,0.68675595,0.68675595
1691645009000,0.68675595,0.68675595,0.68675595
1691645010000,0.68675595,0.68675595,0.68675595
1691645011000,0.68675213,0.68675213,0.68675213
1691645012000,0.68675175,0.68675175,0.68675175
1691645013000,0.68675175,0.68675175,0.68675175
1691645014000,0.68675175,0.68675175,0.68675175
1691645015000,0.68675175,0.68675175,0.68675175
1691645016000,0.68674969,0.68674969,0.68674969
1691645017000,0.6867492,0.6867492,0.6867492
1691645018000,0.6867492,0.6867492,0.6867492
1691645019000,0.68670346,0.68670346,0.68670346
1691645020000,0.68670349,0.68670349,0.68670349
1691645021000,0.68670349,0.68670349,0.68670349
1691645022000,0.68670285,0.68670285,0.68670285
1691645023000,0.68670285,0.68670285,0.68670285
1691645024000,0.68670285,0.68670285,0.68670285
1691645025000,0.68674936,0.68674936,0.68674936
1691645026000,0.68674936,0.68674936,0.68674936
1691645027000,0.68674687,0.68674687,0.68674687
1691645028000,0.68674687,0.68674687,0.68674687
1691645029000,0.68674687,0.68674687,0.68674687
1691645030000,0.68674687,0.68674687,0.68674687
1691645031000,0.68674687,0.68674687,0.68674687
1691645032000,0.68674496,0.68674496,0.68674496
1691645033000,0.68674496,0.68674496,0.68674496
1691645034000,0.68674496,0.68674496,0.68674496
1691645035000,0.68674496,0.68674496,0.68674496
1691645036000,0.68674417,0.68674417,0.68674417
1691645037000,0.68674243,0.68674243,0.68674243
1691645038000,0.68669756,0.68669756,0.68669756
1691645039000,0.68669756,0.68669756,0.68669756
1691645040000,0.68669756,0.68669756,0.68669756
1691645041000,0.6867,0.6867,0.6867
1691645042000,0.6867,0.6867,0.6867
1691645043000,0.686709,0.686709,0.686709
1691645044000,0.68670897,0.68670897,0.68670897
1691645045000,0.686709,0.686709,0.686709
1691645046000,0.6867082,0.6867082,0.6867082
1691645047000,0.686709,0.686709,0.686709
1691645048000,0.68670671,0.68670671,0.68670671
1691645049000,0.68670674,0.68670674,0.68670674
1691645050000,0.68670671,0.68670671,0.68670671
1691645051000,0.68670591,0.68670591,0.68670591
1691645052000,0.68670591,0.68670591,0.68670591
1691645053000,0.68670387,0.68670387,0.68670387
1691645054000,0.68670387,0.68670387,0.68670387
1691645055000,0.68670427,0.68670427,0.68670427
1691645056000,0.68670427,0.68670427,0.68670427
1691645057000,0.68670507,0.68670507,0.68670507
1691645058000,0.68668585,0.68668585,0.68668585
1691645059000,0.68668664,0.68668664,0.68668664
1691645060000,0.68668661,0.68668661,0.68668661
1691645061000,0.68668661,0.68668661,0.68668661
1691645062000,0.68668581,0.68668581,0.68668581
1691645063000,0.68667624,0.68667624,0.68667624
1691645064000,0.68667624,0.68667624,0.68667624
1691645065000,0.68667624,0.68667624,0.68667624
1691645066000,0.68667628,0.68667628,0.68667628
1691645067000,0.68667704,0.68667704,0.68667704
1691645068000,0.68666773,0.68666773,0.68666773
1691645069000,0.68666773,0.68666773,0.68666773
1691645070000,0.68666773,0.68666773,0.68666773
1691645071000,0.68666777,0.68666777,0.68666777
1691645072000,0.68666773,0.68666773,0.68666773
1691645073000,0.68666177,0.68666177,0.68666177
1691645074000,0.68661487,0.68661487,0.68661487
1691645075000,0.68661484,0.68661484,0.68661484
1691645076000,0.68661484,0.68661484,0.68661484
1691645077000,0.6866474,0.6866474,0.6866474
1691645078000,0.6866474,0.6866474,0.6866474
1691645079000,0.68664204,0.68664204,0.68664204
1691645080000,0.68664208,0.68664208,0.68664208
1691645081000,0.68664128,0.68664128,0.68664128
1691645082000,0.68659477,0.68659477,0.68659477
1691645083000,0.68659477,0.68659477,0.68659477
1691645084000,0.68658906,0.68658906,0.68658906
1691645085000,0.68658884,0.68658884,0.68658884
1691645086000,0.68658884,0.68658884,0.68658884
1691645087000,0.68658884,0.68658884,0.68658884
1691645088000,0.68658884,0.68658884,0.68658884
1691645089000,0.68663053,0.68663053,0.68663053
1691645090000,0.68663053,0.68663053,0.68663053
1691645091000,0.68663053,0.68663053,0.68663053
1691645092000,0.68663056,0.68663056,0.68663056
1691645093000,0.68662973,0.68662973,0.68662973
1691645094000,0.68662501,0.68662501,0.68662501
1691645095000,0.68662501,0.68662501,0.68662501
1691645096000,0.68662578,0.68662578,0.68662578
1691645097000,0.68662578,0.68662578,0.68662578
1691645098000,0.68662578,0.68662578,0.68662578
1691645099000,0.68662136,0.68662136,0.68662136
1691645100000,0.68662136,0.68662136,0.68662136
1691645101000,0.68662136,0.68662136,0.68662136
1691645102000,0.6866206,0.6866206,0.6866206
1691645103000,0.68660741,0.68660741,0.68660741
1691645104000,0.68660741,0.68660741,0.68660741
1691645105000,0.68660392,0.68660392,0.68660392
1691645106000,0.68660392,0.68660392,0.68660392
1691645107000,0.68660395,0.68660395,0.68660395
1691645108000,0.68660392,0.68660392,0.68660392
1691645109000,0.68660337,0.68660337,0.68660337
1691645110000,0.6866,0.6866,0.6866
1691645111000,0.68660033,0.68660033,0.68660033
1691645112000,0.68660033,0.68660033,0.68660033
1691645113000,0.68660033,0.68660033,0.68660033
1691645114000,0.68660068,0.68660068,0.68660068
1691645115000,0.68659691,0.68659691,0.68659691
1691645116000,0.68648913,0.68648913,0.68648913
1691645117000,0.68648797,0.68648797,0.68648797
1691645118000,0.68648797,0.68648797,0.68648797
1691645119000,0.68648765,0.68648765,0.68648765
1691645120000,0.68647619,0.68647619,0.68647619
1691645121000,0.68647619,0.68647619,0.68647619
1691645122000,0.68647619,0.68647619,0.68647619
1691645123000,0.68646644,0.68646644,0.68646644
1691645124000,0.68646648,0.68646648,0.68646648
1691645125000,0.68645933,0.68645933,0.68645933
1691645126000,0.68645933,0.68645933,0.68645933
1691645127000,0.68645937,0.68645937,0.68645937
1691645128000,0.68645933,0.68645933,0.68645933
1691645129000,0.68645937,0.68645937,0.68645937
1691645130000,0.68645687,0.68645687,0.68645687
1691645131000,0.68644633,0.68644633,0.68644633
1691645132000,0.68644629,0.68644629,0.68644629
1691645133000,0.68644629,0.68644629,0.68644629
1691645134000,0.68644629,0.68644629,0.68644629
1691645135000,0.68644535,0.68644535,0.68644535
1691645136000,0.68643833,0.68643833,0.68643833
1691645137000,0.68643913,0.68643913,0.68643913
1691645138000,0.68643833,0.68643833,0.68643833
1691645139000,0.68643913,0.68643913,0.68643913
1691645140000,0.68643846,0.68643846,0.68643846
1691645141000,0.68643225,0.68643225,0.68643225
1691645142000,0.68643225,0.68643225,0.68643225
1691645143000,0.68643225,0.68643225,0.68643225
1691645144000,0.68643225,0.68643225,0.68643225
1691645145000,0.68643406,0.68643406,0.68643406
1691645146000,0.68642785,0.68642785,0.68642785
1691645147000,0.68642785,0.68642785,0.68642785
1691645148000,0.68642785,0.68642785,0.68642785
1691645149000,0.68642788,0.68642788,0.68642788
1691645150000,0.6865,0.6865,0.6865
1691645151000,0.6865,0.6865,0.6865
1691645152000,0.6865,0.6865,0.6865
1691645153000,0.6865,0.6865,0.6865
1691645154000,0.6865,0.6865,0.6865
1691645155000,0.6865,0.6865,0.6865
1691645156000,0.6865,0.6865,0.6865
1691645157000,0.6865,0.6865,0.6865
1691645158000,0.6865,0.6865,0.6865
1691645159000,0.6865,0.6865,0.6865
1691645160000,0.6865,0.6865,0.6865
1691645161000,0.6865,0.6865,0.6865
1691645162000,0.68641701,0.68641701,0.68641701
1691645163000,0.68641701,0.68641701,0.68641701
1691645164000,0.68641704,0.68641704,0.68641704
1691645165000,0.68641701,0.68641701,0.68641701
1691645166000,0.68641701,0.68641701,0.68641701
1691645167000,0.68641224,0.68641224,0.68641224
1691645168000,0.68645879,0.68645879,0.68645879
1691645169000,0.68645879,0.68645879,0.68645879
1691645170000,0.68645879,0.68645879,0.68645879
1691645171000,0.68645879,0.68645879,0.68645879
1691645172000,0.68645288,0.68645288,0.68645288
1691645173000,0.68645284,0.68645284,0.68645284
1691645174000,0.68645284,0.68645284,0.68645284
1691645175000,0.68645208,0.68645208,0.68645208
1691645176000,0.68645187,0.68645187,0.68645187
1691645177000,0.68643936,0.68643936,0.68643936
1691645178000,0.68624227,0.68624227,0.68624227
1691645179000,0.68624227,0.68624227,0.68624227
1691645180000,0.68624231,0.68624231,0.68624231
1691645181000,0.68623582,0.68623582,0.68623582
1691645182000,0.68623183,0.68623183,0.68623183
1691645183000,0.68623183,0.68623183,0.68623183
1691645184000,0.68627834,0.68627834,0.68627834
1691645185000,0.6862803,0.6862803,0.6862803
1691645186000,0.6861,0.6861,0.6861
1691645187000,0.6861,0.6861,0.6861
1691645188000,0.6861,0.6861,0.6861
1691645189000,0.6861,0.6861,0.6861
1691645190000,0.6861,0.6861,0.6861
1691645191000,0.6861,0.6861,0.6861
1691645192000,0.6861,0.6861,0.6861
1691645193000,0.6861,0.6861,0.6861
1691645194000,0.6862,0.6862,0.6862
1691645195000,0.6862,0.6862,0.6862
1691645196000,0.6861,0.6861,0.6861
1691645197000,0.6861,0.6861,0.6861
1691645198000,0.6861,0.6861,0.6861
1691645199000,0.6862,0.6862,0.6862
1691645200000,0.6862,0.6862,0.6862
1691645201000,0.6862,0.6862,0.6862
1691645202000,0.6862,0.6862,0.6862
1691645203000,0.6862,0.6862,0.6862
1691645204000,0.6862,0.6862,0.6862
1691645205000,0.6862,0.6862,0.6862
1691645206000,0.6862,0.6862,0.6862
1691645207000,0.6862,0.6862,0.6862
1691645208000,0.6862,0.6862,0.6862
1691645209000,0.6861,0.6861,0.6861
1691645210000,0.6861,0.6861,0.6861
1691645211000,0.6861,0.6861,0.6861
1691645212000,0.6861,0.6861,0.6861
1691645213000,0.6861,0.6861,0.6861
1691645214000,0.6861,0.6861,0.6861
1691645215000,0.6862,0.6862,0.6862
1691645216000,0.6862,0.6862,0.6862
1691645217000,0.6862,0.6862,0.6862
1691645218000,0.6861,0.6861,0.6861
1691645219000,0.6861,0.6861,0.6861
1691645220000,0.6861,0.6861,0.6861
1691645221000,0.6862,0.6862,0.6862
1691645222000,0.6862,0.6862,0.6862
1691645223000,0.6862,0.6862,0.6862
1691645224000,0.6862,0.6862,0.6862
1691645225000,0.6862,0.6862,0.6862
1691645226000,0.6861,0.6861,0.6861
1691645227000,0.6861,0.6861,0.6861
1691645228000,0.6861,0.6861,0.6861
1691645229000,0.6861,0.6861,0.6861
1691645230000,0.6862,0.6862,0.6862
1691645231000,0.6862,0.6862,0.6862
1691645232000,0.6861,0.6861,0.6861
1691645233000,0.6861,0.6861,0.6861
1691645234000,0.6861,0.6861,0.6861
1691645235000,0.6862,0.6862,0.6862
1691645236000,0.6862,0.6862,0.6862
1691645237000,0.6861,0.6861,0.6861
1691645238000,0.6861,0.6861,0.6861
1691645239000,0.6861,0.6861,0.6861
1691645240000,0.6861,0.6861,0.6861
1691645241000,0.6861,0.6861,0.6861
1691645242000,0.6861,0.6861,0.6861
1691645243000,0.6861,0.6861,0.6861
1691645244000,0.6861,0.6861,0.6861
1691645245000,0.6862,0.6862,0.6862
1691645246000,0.6862,0.6862,0.6862
1691645247000,0.6862,0.6862,0.6862
1691645248000,0.6862,0.6862,0.6862
1691645249000,0.6862,0.6862,0.6862
1691645250000,0.6862,0.6862,0.6862
1691645251000,0.6862,0.6862,0.6862
1691645252000,0.6862,0.6862,0.6862
1691645253000,0.6861,0.6861,0.6861
1691645254000,0.6861,0.6861,0.6861
1691645255000,0.6861,0.6861,0.6861
1691645256000,0.6861,0.6861,0.6861
1691645257000,0.6861,0.6861,0.6861
1691645258000,0.6862,0.6862,0.6862
1691645259000,0.6862,0.6862,0.6862
1691645260000,0.6861,0.6861,0.6861
1691645261000,0.6861,0.6861,0.6861
1691645262000,0.6861,0.6861,0.6861
1691645263000,0.6863,0.6863,0.6863
1691645264000,0.6865,0.6865,0.6865
1691645265000,0.6866,0.6866,0.6866
1691645266000,0.6866,0.6866,0.6866
1691645267000,0.6866,0.6866,0.6866
1691645268000,0.6866,0.6866,0.6866
1691645269000,0.6866,0.6866,0.6866
1691645270000,0.6866,0.6866,0.6866
1691645271000,0.6866,0.6866,0.6866
1691645272000,0.6866,0.6866,0.6866
1691645273000,0.6866,0.6866,0.6866
1691645274000,0.6867,0.6867,0.6867
1691645275000,0.6866,0.6866,0.6866
1691645276000,0.6866,0.6866,0.6866
1691645277000,0.6866,0.6866,0.6866
1691645278000,0.6866,0.6866,0.6866
1691645279000,0.6865,0.6865,0.6865
1691645280000,0.6865,0.6865,0.6865
1691645281000,0.6865,0.6865,0.6865
1691645282000,0.6866,0.6866,0.6866
1691645283000,0.6866,0.6866,0.6866
1691645284000,0.6866,0.6866,0.6866
1691645285000,0.6866,0.6866,0.6866
1691645286000,0.6866,0.6866,0.6866
1691645287000,0.6866,0.6866,0.6866
1691645288000,0.6866,0.6866,0.6866
1691645289000,0.6866,0.6866,0.6866
1691645290000,0.6866,0.6866,0.6866
1691645291000,0.6866,0.6866,0.6866
1691645292000,0.6866,0.6866,0.6866
1691645293000,0.6866,0.6866,0.6866
1691645294000,0.6866,0.6866,0.6866
1691645295000,0.6866,0.6866,0.6866
1691645296000,0.6866,0.6866,0.6866
1691645297000,0.6866,0.6866,0.6866
1691645298000,0.6866,0.6866,0.6866
1691645299000,0.6866,0.6866,0.6866
1691645300000,0.6866,0.6866,0.6866
1691645301000,0.6866,0.6866,0.6866
1691645302000,0.6866,0.6866,0.6866
1691645303000,0.6866,0.6866,0.6866
1691645304000,0.6866,0.6866,0.6866
1691645305000,0.6866,0.6866,0.6866
1691645306000,0.6866,0.6866,0.6866
1691645307000,0.6866,0.6866,0.6866
1691645308000,0.6866,0.6866,0.6866
1691645309000,0.6866,0.6866,0.6866
1691645310000,0.6866,0.6866,0.6866
1691645311000,0.6866,0.6866,0.6866
1691645312000,0.6865,0.6865,0.6865
1691645313000,0.6865,0.6865,0.6865
1691645314000,0.6865,0.6865,0.6865
1691645315000,0.6865,0.6865,0.6865
1691645316000,0.6865,0.6865,0.6865
1691645317000,0.6865,0.6865,0.6865
1691645318000,0.6865,0.6865,0.6865
1691645319000,0.6865,0.6865,0.6865
1691645320000,0.6865,0.6865,0.6865
1691645321000,0.6866,0.6866,0.6866
1691645322000,0.6866,0.6866,0.6866
1691645323000,0.6866,0.6866,0.6866
1691645324000,0.6866,0.6866,0.6866
1691645325000,0.6865,0.6865,0.6865
1691645326000,0.6865,0.6865,0.6865
1691645327000,0.6866,0.6866,0.6866
1691645328000,0.6866,0.6866,0.6866
1691645329000,0.6866,0.6866,0.6866
1691645330000,0.6866,0.6866,0.6866
1691645331000,0.6866,0.6866,0.6866
1691645332000,0.6866,0.6866,0.6866
1691645333000,0.6866,0.6866,0.6866
1691645334000,0.6866,0.6866,0.6866
1691645335000,0.6866,0.6866,0.6866
1691645336000,0.6866,0.6866,0.6866
1691645337000,0.6866,0.6866,0.6866
1691645338000,0.6866,0.6866,0.6866
1691645339000,0.6866,0.6866,0.6866
1691645340000,0.6866,0.6866,0.6866
1691645341000,0.6866,0.6866,0.6866
1691645342000,0.6866,0.6866,0.6866
1691645343000,0.6866,0.6866,0.6866
1691645344000,0.6867,0.6867,0.6867
1691645345000,0.6867,0.6867,0.6867
1691645346000,0.6867,0.6867,0.6867
1691645347000,0.6867,0.6867,0.6867
1691645348000,0.6867,0.6867,0.6867
1691645349000,0.6867,0.6867,0.6867
1691645350000,0.6867,0.6867,0.6867
1691645351000,0.6867,0.6867,0.6867
1691645352000,0.6866,0.6866,0.6866
1691645353000,0.6866,0.6866,0.6866
1691645354000,0.6865,0.6865,0.6865
1691645355000,0.6865,0.6865,0.6865
1691645356000,0.6865,0.6865,0.6865
1691645357000,0.6865,0.6865,0.6865
1691645358000,0.6865,0.6865,0.6865
1691645359000,0.6865,0.6865,0.6865
1691645360000,0.6865,0.6865,0.6865
1691645361000,0.6865,0.6865,0.6865
1691645362000,0.6865,0.6865,0.6865
1691645363000,0.6865,0.6865,0.6865
1691645364000,0.6865,0.6865,0.6865
1691645365000,0.6865,0.6865,0.6865
1691645366000,0.6866,0.6866,0.6866
1691645367000,0.6866,0.6866,0.6866
1691645368000,0.6866,0.6866,0.6866
1691645369000,0.6866,0.6866,0.6866
1691645370000,0.6866,0.6866,0.6866
1691645371000,0.6866,0.6866,0.6866
1691645372000,0.6866,0.6866,0.6866
1691645373000,0.6865,0.6865,0.6865
1691645374000,0.6865,0.6865,0.6865
1691645375000,0.6865,0.6865,0.6865
1691645376000,0.6865,0.6865,0.6865
1691645377000,0.6865,0.6865,0.6865
1691645378000,0.6865,0.6865,0.6865
1691645379000,0.6865,0.6865,0.6865
1691645380000,0.6865,0.6865,0.6865
1691645381000,0.6865,0.6865,0.6865
1691645382000,0.6865,0.6865,0.6865
1691645383000,0.6866,0.6866,0.6866
1691645384000,0.6866,0.6866,0.6866
1691645385000,0.6865,0.6865,0.6865
1691645386000,0.6865,0.6865,0.6865
1691645387000,0.68647552,0.68647552,0.68647552
1691645388000,0.68642146,0.68642146,0.68642146
1691645389000,0.68642146,0.68642146,0.68642146
1691645390000,0.6865,0.6865,0.6865
1691645391000,0.6865,0.6865,0.6865
1691645392000,0.6865,0.6865,0.6865
1691645393000,0.6865,0.6865,0.6865
1691645394000,0.6865,0.6865,0.6865
1691645395000,0.6865,0.6865,0.6865
1691645396000,0.6865,0.6865,0.6865
1691645397000,0.6865,0.6865,0.6865
1691645398000,0.6865,0.6865,0.6865
1691645399000,0.6865,0.6865,0.6865
1691645400000,0.6865,0.6865,0.6865
1691645401000,0.6865,0.6865,0.6865
1691645402000,0.6865,0.6865,0.6865
1691645403000,0.6864,0.6864,0.6864
1691645404000,0.6864,0.6864,0.6864
1691645405000,0.68638004,0.68638004,0.68638004
1691645406000,0.68641189,0.68641189,0.68641189
1691645407000,0.68641185,0.68641185,0.68641185
1691645408000,0.68641185,0.68641185,0.68641185
1691645409000,0.68641189,0.68641189,0.68641189
1691645410000,0.68641189,0.68641189,0.68641189
1691645411000,0.68641365,0.68641365,0.68641365
1691645412000,0.68641365,0.68641365,0.68641365
1691645413000,0.68630554,0.68630554,0.68630554
1691645414000,0.68630461,0.68630461,0.68630461
1691645415000,0.68630461,0.68630461,0.68630461
1691645416000,0.68630776,0.68630776,0.68630776
1691645417000,0.6863531,0.6863531,0.6863531
1691645418000,0.6863531,0.6863531,0.6863531
1691645419000,0.6863531,0.6863531,0.6863531
1691645420000,0.6864,0.6864,0.6864
1691645421000,0.6864,0.6864,0.6864
1691645422000,0.6864,0.6864,0.6864
1691645423000,0.6864,0.6864,0.6864
1691645424000,0.68635865,0.68635865,0.68635865
1691645425000,0.68629673,0.68629673,0.68629673
1691645426000,0.68630029,0.68630029,0.68630029
1691645427000,0.68630029,0.68630029,0.68630029
1691645428000,0.6863,0.6863,0.6863
1691645429000,0.68629955,0.68629955,0.68629955
1691645430000,0.68629955,0.68629955,0.68629955
1691645431000,0.68630231,0.68630231,0.68630231
1691645432000,0.68630219,0.68630219,0.68630219
1691645433000,0.68630219,0.68630219,0.68630219
1691645434000,0.68630219,0.68630219,0.68630219
1691645435000,0.68629991,0.68629991,0.68629991
1691645436000,0.68629991,0.68629991,0.68629991
1691645437000,0.68630362,0.68630362,0.68630362
1691645438000,0.68630374,0.68630374,0.68630374
1691645439000,0.68630374,0.68630374,0.68630374
1691645440000,0.68630374,0.68630374,0.68630374
1691645441000,0.68630281,0.68630281,0.68630281
1691645442000,0.68630775,0.68630775,0.68630775
1691645443000,0.68630868,0.68630868,0.68630868
1691645444000,0.68630868,0.68630868,0.68630868
1691645445000,0.68630775,0.68630775,0.68630775
1691645446000,0.68630779,0.68630779,0.68630779
1691645447000,0.68630781,0.68630781,0.68630781
1691645448000,0.68630781,0.68630781,0.68630781
1691645449000,0.68630869,0.68630869,0.68630869
1691645450000,0.68630777,0.68630777,0.68630777
1691645451000,0.68630777,0.68630777,0.68630777
1691645452000,0.68630767,0.68630767,0.68630767
1691645453000,0.68630767,0.68630767,0.68630767
1691645454000,0.68630767,0.68630767,0.68630767
1691645455000,0.6863086,0.6863086,0.6863086
1691645456000,0.6863086,0.6863086,0.6863086
1691645457000,0.68630902,0.68630902,0.68630902
1691645458000,0.68630817,0.68630817,0.68630817
1691645459000,0.6863091,0.6863091,0.6863091
1691645460000,0.6863091,0.6863091,0.6863091
1691645461000,0.6863091,0.6863091,0.6863091
1691645462000,0.68630817,0.68630817,0.68630817
1691645463000,0.68630865,0.68630865,0.68630865
1691645464000,0.68630865,0.68630865,0.68630865
1691645465000,0.68630865,0.68630865,0.68630865
1691645466000,0.68626075,0.68626075,0.68626075
1691645467000,0.68626075,0.68626075,0.68626075
1691645468000,0.68626296,0.68626296,0.68626296
1691645469000,0.686263,0.686263,0.686263
1691645470000,0.68626203,0.68626203,0.68626203
1691645471000,0.68626203,0.68626203,0.68626203
1691645472000,0.68626296,0.68626296,0.68626296
1691645473000,0.6862659,0.6862659,0.6862659
1691645474000,0.6863,0.6863,0.6863
1691645475000,0.6863,0.6863,0.6863
1691645476000,0.6863,0.6863,0.6863
1691645477000,0.6863,0.6863,0.6863
1691645478000,0.6863,0.6863,0.6863
1691645479000,0.6863,0.6863,0.6863
1691645480000,0.6863,0.6863,0.6863
1691645481000,0.6863,0.6863,0.6863
1691645482000,0.6863,0.6863,0.6863
1691645483000,0.6863,0.6863,0.6863
1691645484000,0.68627357,0.68627357,0.68627357
1691645485000,0.68627357,0.68627357,0.68627357
1691645486000,0.68627265,0.68627265,0.68627265
1691645487000,0.68627268,0.68627268,0.68627268
1691645488000,0.68627268,0.68627268,0.68627268
1691645489000,0.68627357,0.68627357,0.68627357
1691645490000,0.68627183,0.68627183,0.68627183
1691645491000,0.68627183,0.68627183,0.68627183
1691645492000,0.68627276,0.68627276,0.68627276
1691645493000,0.68627182,0.68627182,0.68627182
1691645494000,0.686271,0.686271,0.686271
1691645495000,0.686271,0.686271,0.686271
1691645496000,0.686271,0.686271,0.686271
1691645497000,0.686271,0.686271,0.686271
1691645498000,0.686271,0.686271,0.686271
1691645499000,0.68626923,0.68626923,0.68626923
1691645500000,0.68626996,0.68626996,0.68626996
1691645501000,0.68626996,0.68626996,0.68626996
1691645502000,0.68621591,0.68621591,0.68621591
1691645503000,0.6862366,0.6862366,0.6862366
1691645504000,0.68623729,0.68623729,0.68623729
1691645505000,0.68623729,0.68623729,0.68623729
1691645506000,0.68623729,0.68623729,0.68623729
1691645507000,0.68623729,0.68623729,0.68623729
1691645508000,0.68623825,0.68623825,0.68623825
1691645509000,0.68624037,0.68624037,0.68624037
1691645510000,0.68623944,0.68623944,0.68623944
1691645511000,0.68623944,0.68623944,0.68623944
1691645512000,0.68624037,0.68624037,0.68624037
1691645513000,0.68624037,0.68624037,0.68624037
1691645514000,0.6863,0.6863,0.6863
1691645515000,0.68624164,0.68624164,0.68624164
1691645516000,0.68624164,0.68624164,0.68624164
1691645517000,0.68624071,0.68624071,0.68624071
1691645518000,0.68624071,0.68624071,0.68624071
1691645519000,0.68624071,0.68624071,0.68624071
1691645520000,0.68624001,0.68624001,0.68624001
1691645521000,0.6862409,0.6862409,0.6862409
1691645522000,0.6862409,0.6862409,0.6862409
1691645523000,0.6862409,0.6862409,0.6862409
1691645524000,0.68623898,0.68623898,0.68623898
1691645525000,0.68623788,0.68623788,0.68623788
1691645526000,0.68623792,0.68623792,0.68623792
1691645527000,0.68623788,0.68623788,0.68623788
1691645528000,0.68623788,0.68623788,0.68623788
1691645529000,0.68623788,0.68623788,0.68623788
1691645530000,0.68623569,0.68623569,0.68623569
1691645531000,0.68623661,0.68623661,0.68623661
1691645532000,0.68623661,0.68623661,0.68623661
1691645533000,0.68623661,0.68623661,0.68623661
1691645534000,0.68623653,0.68623653,0.68623653
1691645535000,0.68623637,0.68623637,0.68623637
1691645536000,0.68623637,0.68623637,0.68623637
1691645537000,0.68623641,0.68623641,0.68623641
1691645538000,0.68623641,0.68623641,0.68623641
1691645539000,0.68623641,0.68623641,0.68623641
1691645540000,0.68623632,0.68623632,0.68623632
1691645541000,0.68623628,0.68623628,0.68623628
1691645542000,0.68623628,0.68623628,0.68623628
1691645543000,0.68623632,0.68623632,0.68623632
1691645544000,0.68623535,0.68623535,0.68623535
1691645545000,0.68623628,0.68623628,0.68623628
1691645546000,0.68623645,0.68623645,0.68623645
1691645547000,0.68623645,0.68623645,0.68623645
1691645548000,0.68623645,0.68623645,0.68623645
1691645549000,0.68623645,0.68623645,0.68623645
1691645550000,0.68623645,0.68623645,0.68623645
1691645551000,0.68623431,0.68623431,0.68623431
1691645552000,0.68623431,0.68623431,0.68623431
1691645553000,0.68623431,0.68623431,0.68623431
1691645554000,0.68623427,0.68623427,0.68623427
1691645555000,0.68623431,0.68623431,0.68623431
1691645556000,0.68623406,0.68623406,0.68623406
1691645557000,0.6862341,0.6862341,0.6862341
1691645558000,0.6862341,0.6862341,0.6862341
1691645559000,0.68623406,0.68623406,0.68623406
1691645560000,0.68623621,0.68623621,0.68623621
1691645561000,0.6862359,0.6862359,0.6862359
1691645562000,0.6862359,0.6862359,0.6862359
1691645563000,0.6862359,0.6862359,0.6862359
1691645564000,0.68623497,0.68623497,0.68623497
1691645565000,0.68623497,0.68623497,0.68623497
1691645566000,0.68622826,0.68622826,0.68622826
1691645567000,0.68622826,0.68622826,0.68622826
1691645568000,0.6863,0.6863,0.6863
1691645569000,0.6863,0.6863,0.6863
1691645570000,0.6863,0.6863,0.6863
1691645571000,0.68622571,0.68622571,0.68622571
1691645572000,0.68622571,0.68622571,0.68622571
1691645573000,0.6862,0.6862,0.6862
1691645574000,0.6862,0.6862,0.6862
1691645575000,0.6862,0.6862,0.6862
1691645576000,0.6862,0.6862,0.6862
1691645577000,0.6862,0.6862,0.6862
1691645578000,0.6862,0.6862,0.6862
1691645579000,0.6862,0.6862,0.6862
1691645580000,0.6862,0.6862,0.6862
1691645581000,0.6862,0.6862,0.6862
1691645582000,0.6862,0.6862,0.6862
1691645583000,0.6862,0.6862,0.6862
1691645584000,0.6862,0.6862,0.6862
1691645585000,0.6863,0.6863,0.6863
1691645586000,0.6863,0.6863,0.6863
1691645587000,0.6864,0.6864,0.6864
1691645588000,0.6866,0.6866,0.6866
1691645589000,0.6866,0.6866,0.6866
1691645590000,0.6867,0.6867,0.6867
1691645591000,0.6867,0.6867,0.6867
1691645592000,0.6867,0.6867,0.6867
1691645593000,0.6867,0.6867,0.6867
1691645594000,0.6867,0.6867,0.6867
1691645595000,0.6867,0.6867,0.6867
1691645596000,0.6867,0.6867,0.6867
1691645597000,0.6867,0.6867,0.6867
1691645598000,0.6867,0.6867,0.6867
1691645599000,0.6867,0.6867,0.6867
1691645600000,0.6867,0.6867,0.6867
1691645601000,0.6867,0.6867,0.6867
1691645602000,0.6868,0.6868,0.6868
1691645603000,0.6868,0.6868,0.6868
1691645604000,0.6868,0.6868,0.6868
1691645605000,0.6868,0.6868,0.6868
1691645606000,0.6869,0.6869,0.6869
1691645607000,0.6869,0.6869,0.6869
1691645608000,0.6869,0.6869,0.6869
1691645609000,0.6869,0.6869,0.6869
1691645610000,0.6869,0.6869,0.6869
1691645611000,0.68715824,0.68715824,0.68715824
1691645612000,0.6872,0.6872,0.6872
1691645613000,0.6871,0.6871,0.6871
1691645614000,0.6871,0.6871,0.6871
1691645615000,0.6871,0.6871,0.6871
1691645616000,0.6871,0.6871,0.6871
1691645617000,0.6871,0.6871,0.6871
1691645618000,0.6871,0.6871,0.6871
1691645619000,0.6871,0.6871,0.6871
1691645620000,0.6871,0.6871,0.6871
1691645621000,0.6871,0.6871,0.6871
1691645622000,0.68710145,0.68710145,0.68710145
1691645623000,0.68710141,0.68710141,0.68710141
1691645624000,0.68710141,0.68710141,0.68710141
1691645625000,0.6872,0.6872,0.6872
1691645626000,0.6872,0.6872,0.6872
1691645627000,0.6872,0.6872,0.6872
1691645628000,0.6872,0.6872,0.6872
1691645629000,0.6872,0.6872,0.6872
1691645630000,0.6872,0.6872,0.6872
1691645631000,0.68710162,0.68710162,0.68710162
1691645632000,0.68710199,0.68710199,0.68710199
1691645633000,0.68710106,0.68710106,0.68710106
1691645634000,0.68704689,0.68704689,0.68704689
1691645635000,0.68704689,0.68704689,0.68704689
1691645636000,0.68704689,0.68704689,0.68704689
1691645637000,0.68704613,0.68704613,0.68704613
1691645638000,0.68704613,0.68704613,0.68704613
1691645639000,0.68704432,0.68704432,0.68704432
1691645640000,0.68709934,0.68709934,0.68709934
1691645641000,0.6871,0.6871,0.6871
1691645642000,0.6871,0.6871,0.6871
1691645643000,0.6871,0.6871,0.6871
1691645644000,0.6872,0.6872,0.6872
1691645645000,0.6872,0.6872,0.6872
1691645646000,0.6872,0.6872,0.6872
1691645647000,0.68710183,0.68710183,0.68710183
1691645648000,0.68710183,0.68710183,0.68710183
1691645649000,0.68710194,0.68710194,0.68710194
1691645650000,0.6871,0.6871,0.6871
1691645651000,0.6872,0.6872,0.6872
1691645652000,0.6872,0.6872,0.6872
1691645653000,0.6872,0.6872,0.6872
1691645654000,0.6872,0.6872,0.6872
1691645655000,0.6872,0.6872,0.6872
1691645656000,0.68710474,0.68710474,0.68710474
1691645657000,0.6872,0.6872,0.6872
1691645658000,0.6872,0.6872,0.6872
1691645659000,0.6872,0.6872,0.6872
1691645660000,0.6872,0.6872,0.6872
1691645661000,0.6872,0.6872,0.6872
1691645662000,0.6872,0.6872,0.6872
1691645663000,0.6872,0.6872,0.6872
1691645664000,0.6872,0.6872,0.6872
1691645665000,0.68710562,0.68710562,0.68710562
1691645666000,0.68710562,0.68710562,0.68710562
1691645667000,0.6872,0.6872,0.6872
1691645668000,0.6872,0.6872,0.6872
1691645669000,0.6872,0.6872,0.6872
1691645670000,0.6872,0.6872,0.6872
1691645671000,0.6872,0.6872,0.6872
1691645672000,0.6872,0.6872,0.6872
1691645673000,0.6872,0.6872,0.6872
1691645674000,0.6872,0.6872,0.6872
1691645675000,0.6872,0.6872,0.6872
1691645676000,0.6872,0.6872,0.6872
1691645677000,0.6872,0.6872,0.6872
1691645678000,0.6872,0.6872,0.6872
1691645679000,0.6872,0.6872,0.6872
1691645680000,0.68710568,0.68710568,0.68710568
1691645681000,0.68710568,0.68710568,0.68710568
1691645682000,0.68710572,0.68710572,0.68710572
1691645683000,0.6872,0.6872,0.6872
1691645684000,0.6872,0.6872,0.6872
1691645685000,0.6872,0.6872,0.6872
1691645686000,0.6872,0.6872,0.6872
1691645687000,0.6872,0.6872,0.6872
1691645688000,0.6872,0.6872,0.6872
1691645689000,0.6872,0.6872,0.6872
1691645690000,0.6872,0.6872,0.6872
1691645691000,0.6872,0.6872,0.6872
1691645692000,0.6872,0.6872,0.6872
1691645693000,0.6872,0.6872,0.6872
1691645694000,0.6872,0.6872,0.6872
1691645695000,0.6871,0.6871,0.6871
1691645696000,0.6872,0.6872,0.6872
1691645697000,0.6872,0.6872,0.6872
1691645698000,0.6872,0.6872,0.6872
1691645699000,0.6872,0.6872,0.6872
1691645700000,0.6872,0.6872,0.6872
1691645701000,0.6872,0.6872,0.6872
1691645702000,0.6872,0.6872,0.6872
1691645703000,0.6872,0.6872,0.6872
1691645704000,0.6872,0.6872,0.6872
1691645705000,0.6872,0.6872,0.6872
1691645706000,0.6872,0.6872,0.6872
1691645707000,0.6872,0.6872,0.6872
1691645708000,0.6872,0.6872,0.6872
1691645709000,0.6872,0.6872,0.6872
1691645710000,0.6872,0.6872,0.6872
1691645711000,0.6872,0.6872,0.6872
1691645712000,0.6872,0.6872,0.6872
1691645713000,0.6872,0.6872,0.6872
1691645714000,0.6872,0.6872,0.6872
1691645715000,0.6872,0.6872,0.6872
1691645716000,0.6872,0.6872,0.6872
1691645717000,0.68711556,0.68711556,0.68711556
1691645718000,0.68711556,0.68711556,0.68711556
1691645719000,0.68711289,0.68711289,0.68711289
1691645720000,0.68711289,0.68711289,0.68711289
1691645721000,0.68711289,0.68711289,0.68711289
1691645722000,0.68711255,0.68711255,0.68711255
1691645723000,0.68711255,0.68711255,0.68711255
1691645724000,0.68705865,0.68705865,0.68705865
1691645725000,0.6871,0.6871,0.6871
1691645726000,0.6871,0.6871,0.6871
1691645727000,0.68708414,0.68708414,0.68708414
1691645728000,0.68708325,0.68708325,0.68708325
1691645729000,0.68708349,0.68708349,0.68708349
1691645730000,0.68708349,0.68708349,0.68708349
1691645731000,0.68708345,0.68708345,0.68708345
1691645732000,0.6871,0.6871,0.6871
1691645733000,0.6871,0.6871,0.6871
1691645734000,0.6871,0.6871,0.6871
1691645735000,0.6871,0.6871,0.6871
1691645736000,0.6871,0.6871,0.6871
1691645737000,0.6871,0.6871,0.6871
1691645738000,0.6871,0.6871,0.6871
1691645739000,0.6871,0.6871,0.6871
1691645740000,0.6871,0.6871,0.6871
1691645741000,0.6871,0.6871,0.6871
1691645742000,0.6871,0.6871,0.6871
1691645743000,0.68713954,0.68713954,0.68713954
1691645744000,0.68713954,0.68713954,0.68713954
1691645745000,0.68713918,0.68713918,0.68713918
1691645746000,0.68713921,0.68713921,0.68713921
1691645747000,0.68713921,0.68713921,0.68713921
1691645748000,0.687139,0.687139,0.687139
1691645749000,0.687139,0.687139,0.687139
1691645750000,0.6871,0.6871,0.6871
1691645751000,0.6871,0.6871,0.6871
1691645752000,0.6871,0.6871,0.6871
1691645753000,0.6871,0.6871,0.6871
1691645754000,0.6871,0.6871,0.6871
1691645755000,0.6871,0.6871,0.6871
1691645756000,0.6871,0.6871,0.6871
1691645757000,0.6871,0.6871,0.6871
1691645758000,0.6871,0.6871,0.6871
1691645759000,0.6872,0.6872,0.6872
1691645760000,0.6872,0.6872,0.6872
1691645761000,0.6872,0.6872,0.6872
1691645762000,0.6871,0.6871,0.6871
1691645763000,0.6871,0.6871,0.6871
1691645764000,0.6871,0.6871,0.6871
1691645765000,0.68702818,0.68702818,0.68702818
1691645766000,0.68702818,0.68702818,0.68702818
1691645767000,0.68702818,0.68702818,0.68702818
1691645768000,0.68702822,0.68702822,0.68702822
1691645769000,0.68702916,0.68702916,0.68702916
1691645770000,0.68702844,0.68702844,0.68702844
1691645771000,0.68702844,0.68702844,0.68702844
1691645772000,0.68702844,0.68702844,0.68702844
1691645773000,0.68707438,0.68707438,0.68707438
1691645774000,0.68707459,0.68707459,0.68707459
1691645775000,0.68707459,0.68707459,0.68707459
1691645776000,0.68707181,0.68707181,0.68707181
1691645777000,0.68705559,0.68705559,0.68705559
1691645778000,0.68705563,0.68705563,0.68705563
1691645779000,0.68705405,0.68705405,0.68705405
1691645780000,0.68704996,0.68704996,0.68704996
1691645781000,0.68704996,0.68704996,0.68704996
1691645782000,0.68704996,0.68704996,0.68704996
1691645783000,0.68704996,0.68704996,0.68704996
1691645784000,0.68704715,0.68704715,0.68704715
1691645785000,0.68704702,0.68704702,0.68704702
1691645786000,0.68704702,0.68704702,0.68704702
1691645787000,0.68688393,0.68688393,0.68688393
1691645788000,0.68687675,0.68687675,0.68687675
1691645789000,0.6868739,0.6868739,0.6868739
1691645790000,0.6868739,0.6868739,0.6868739
1691645791000,0.68687342,0.68687342,0.68687342
1691645792000,0.68687249,0.68687249,0.68687249
1691645793000,0.68687249,0.68687249,0.68687249
1691645794000,0.68687249,0.68687249,0.68687249
1691645795000,0.68687414,0.68687414,0.68687414
1691645796000,0.68687414,0.68687414,0.68687414
1691645797000,0.68687499,0.68687499,0.68687499
1691645798000,0.68687499,0.68687499,0.68687499
1691645799000,0.6869,0.6869,0.6869
1691645800000,0.68686763,0.68686763,0.68686763
1691645801000,0.6869,0.6869,0.6869
1691645802000,0.6869,0.6869,0.6869
1691645803000,0.6869,0.6869,0.6869
1691645804000,0.6869,0.6869,0.6869
1691645805000,0.68692121,0.68692121,0.68692121
1691645806000,0.68692162,0.68692162,0.68692162
1691645807000,0.68692162,0.68692162,0.68692162
1691645808000,0.68692162,0.68692162,0.68692162
1691645809000,0.68692158,0.68692158,0.68692158
1691645810000,0.68692027,0.68692027,0.68692027
1691645811000,0.68692027,0.68692027,0.68692027
1691645812000,0.68692006,0.68692006,0.68692006
1691645813000,0.68690381,0.68690381,0.68690381
1691645814000,0.68690381,0.68690381,0.68690381
1691645815000,0.68684849,0.68684849,0.68684849
1691645816000,0.68684849,0.68684849,0.68684849
1691645817000,0.68682388,0.68682388,0.68682388
1691645818000,0.68682388,0.68682388,0.68682388
1691645819000,0.68682388,0.68682388,0.68682388
1691645820000,0.68682377,0.68682377,0.68682377
1691645821000,0.68682377,0.68682377,0.68682377
1691645822000,0.6868232,0.6868232,0.6868232
1691645823000,0.6868232,0.6868232,0.6868232
1691645824000,0.6868232,0.6868232,0.6868232
1691645825000,0.6868232,0.6868232,0.6868232
1691645826000,0.68682462,0.68682462,0.68682462
1691645827000,0.68682462,0.68682462,0.68682462
1691645828000,0.68682458,0.68682458,0.68682458
1691645829000,0.68682458,0.68682458,0.68682458
1691645830000,0.68682458,0.68682458,0.68682458
1691645831000,0.68682487,0.68682487,0.68682487
1691645832000,0.68682487,0.68682487,0.68682487
1691645833000,0.686822,0.686822,0.686822
1691645834000,0.68682296,0.68682296,0.68682296
1691645835000,0.68682296,0.68682296,0.68682296
1691645836000,0.68680436,0.68680436,0.68680436
1691645837000,0.68680436,0.68680436,0.68680436
1691645838000,0.68668477,0.68668477,0.68668477
1691645839000,0.68666613,0.68666613,0.68666613
1691645840000,0.68666613,0.68666613,0.68666613
1691645841000,0.68666145,0.68666145,0.68666145
1691645842000,0.68651971,0.68651971,0.68651971
1691645843000,0.68651892,0.68651892,0.68651892
1691645844000,0.68651895,0.68651895,0.68651895
1691645845000,0.68651895,0.68651895,0.68651895
1691645846000,0.68651752,0.68651752,0.68651752
1691645847000,0.68651389,0.68651389,0.68651389
1691645848000,0.68651389,0.68651389,0.68651389
1691645849000,0.68651469,0.68651469,0.68651469
1691645850000,0.68649376,0.68649376,0.68649376
1691645851000,0.68649376,0.68649376,0.68649376
1691645852000,0.68649282,0.68649282,0.68649282
1691645853000,0.68649203,0.68649203,0.68649203
1691645854000,0.68649203,0.68649203,0.68649203
1691645855000,0.68649203,0.68649203,0.68649203
1691645856000,0.68649203,0.68649203,0.68649203
1691645857000,0.68649088,0.68649088,0.68649088
1691645858000,0.68649168,0.68649168,0.68649168
1691645859000,0.68649171,0.68649171,0.68649171
1691645860000,0.68649171,0.68649171,0.68649171
1691645861000,0.68649088,0.68649088,0.68649088
1691645862000,0.68648989,0.68648989,0.68648989
1691645863000,0.68648978,0.68648978,0.68648978
1691645864000,0.68639596,0.68639596,0.68639596
1691645865000,0.68639593,0.68639593,0.68639593
1691645866000,0.68639593,0.68639593,0.68639593
1691645867000,0.68639317,0.68639317,0.68639317
1691645868000,0.68639097,0.68639097,0.68639097
1691645869000,0.68639097,0.68639097,0.68639097
1691645870000,0.68643745,0.68643745,0.68643745
1691645871000,0.68643825,0.68643825,0.68643825
1691645872000,0.68638825,0.68638825,0.68638825
1691645873000,0.68638828,0.68638828,0.68638828
1691645874000,0.68638831,0.68638831,0.68638831
1691645875000,0.68638831,0.68638831,0.68638831
1691645876000,0.68638828,0.68638828,0.68638828
1691645877000,0.68638748,0.68638748,0.68638748
1691645878000,0.68638385,0.68638385,0.68638385
1691645879000,0.68638354,0.68638354,0.68638354
1691645880000,0.68638354,0.68638354,0.68638354
1691645881000,0.68638354,0.68638354,0.68638354
1691645882000,0.68638354,0.68638354,0.68638354
1691645883000,0.68637992,0.68637992,0.68637992
1691645884000,0.6864,0.6864,0.6864
1691645885000,0.6864,0.6864,0.6864
1691645886000,0.6864,0.6864,0.6864
1691645887000,0.68638044,0.68638044,0.68638044
1691645888000,0.68637772,0.68637772,0.68637772
1691645889000,0.6864258,0.6864258,0.6864258
1691645890000,0.6864258,0.6864258,0.6864258
1691645891000,0.6864258,0.6864258,0.6864258
1691645892000,0.6864258,0.6864258,0.6864258
1691645893000,0.68642198,0.68642198,0.68642198
1691645894000,0.68642038,0.68642038,0.68642038
1691645895000,0.68642038,0.68642038,0.68642038
1691645896000,0.68642038,0.68642038,0.68642038
1691645897000,0.68642038,0.68642038,0.68642038
1691645898000,0.6864164,0.6864164,0.6864164
1691645899000,0.6864164,0.6864164,0.6864164
1691645900000,0.68641644,0.68641644,0.68641644
1691645901000,0.68641644,0.68641644,0.68641644
1691645902000,0.68641644,0.68641644,0.68641644
1691645903000,0.68641292,0.68641292,0.68641292
1691645904000,0.68641292,0.68641292,0.68641292
1691645905000,0.68641295,0.68641295,0.68641295
1691645906000,0.68641292,0.68641292,0.68641292
1691645907000,0.68641292,0.68641292,0.68641292
1691645908000,0.68641254,0.68641254,0.68641254
1691645909000,0.68640663,0.68640663,0.68640663
1691645910000,0.68640663,0.68640663,0.68640663
1691645911000,0.68640742,0.68640742,0.68640742
1691645912000,0.68640742,0.68640742,0.68640742
1691645913000,0.68640742,0.68640742,0.68640742
1691645914000,0.68640361,0.68640361,0.68640361
1691645915000,0.68640354,0.68640354,0.68640354
1691645916000,0.68640274,0.68640274,0.68640274
1691645917000,0.68640274,0.68640274,0.68640274
1691645918000,0.68644929,0.68644929,0.68644929
1691645919000,0.68640086,0.68640086,0.68640086
1691645920000,0.68640163,0.68640163,0.68640163
1691645921000,0.68640163,0.68640163,0.68640163
1691645922000,0.68640163,0.68640163,0.68640163
1691645923000,0.68640083,0.68640083,0.68640083
1691645924000,0.68641292,0.68641292,0.68641292
1691645925000,0.68645943,0.68645943,0.68645943
1691645926000,0.68646026,0.68646026,0.68646026
1691645927000,0.68641903,0.68641903,0.68641903
1691645928000,0.68641906,0.68641906,0.68641906
1691645929000,0.68641549,0.68641549,0.68641549
1691645930000,0.68641466,0.68641466,0.68641466
1691645931000,0.68641466,0.68641466,0.68641466
1691645932000,0.68641466,0.68641466,0.68641466
1691645933000,0.68641546,0.68641546,0.68641546
1691645934000,0.68641567,0.68641567,0.68641567
1691645935000,0.68641209,0.68641209,0.68641209
1691645936000,0.68641206,0.68641206,0.68641206
1691645937000,0.68641123,0.68641123,0.68641123
1691645938000,0.68641123,0.68641123,0.68641123
1691645939000,0.68641102,0.68641102,0.68641102
1691645940000,0.68640898,0.68640898,0.68640898
1691645941000,0.68640898,0.68640898,0.68640898
1691645942000,0.68640898,0.68640898,0.68640898
1691645943000,0.6864,0.6864,0.6864
1691645944000,0.68640769,0.68640769,0.68640769
1691645945000,0.68640577,0.68640577,0.68640577
1691645946000,0.68640577,0.68640577,0.68640577
1691645947000,0.6864,0.6864,0.6864
1691645948000,0.6864,0.6864,0.6864
1691645949000,0.6864,0.6864,0.6864
1691645950000,0.6864,0.6864,0.6864
1691645951000,0.6864,0.6864,0.6864
1691645952000,0.6864,0.6864,0.6864
1691645953000,0.6864,0.6864,0.6864
1691645954000,0.6864,0.6864,0.6864
1691645955000,0.6864,0.6864,0.6864
1691645956000,0.6864,0.6864,0.6864
1691645957000,0.68637835,0.68637835,0.68637835
1691645958000,0.68633184,0.68633184,0.68633184
1691645959000,0.68633184,0.68633184,0.68633184
1691645960000,0.68633205,0.68633205,0.68633205
1691645961000,0.68632791,0.68632791,0.68632791
1691645962000,0.68632791,0.68632791,0.68632791
1691645963000,0.68632791,0.68632791,0.68632791
1691645964000,0.68632791,0.68632791,0.68632791
1691645965000,0.68632791,0.68632791,0.68632791
1691645966000,0.68632633,0.68632633,0.68632633
1691645967000,0.6863271,0.6863271,0.6863271
1691645968000,0.6863271,0.6863271,0.6863271
1691645969000,0.6863271,0.6863271,0.6863271
1691645970000,0.6864,0.6864,0.6864
1691645971000,0.6864,0.6864,0.6864
1691645972000,0.68632529,0.68632529,0.68632529
1691645973000,0.68632529,0.68632529,0.68632529
1691645974000,0.6863,0.6863,0.6863
1691645975000,0.6863,0.6863,0.6863
1691645976000,0.6863,0.6863,0.6863
1691645977000,0.6863,0.6863,0.6863
1691645978000,0.6863,0.6863,0.6863
1691645979000,0.6863,0.6863,0.6863
1691645980000,0.6863,0.6863,0.6863
1691645981000,0.6864,0.6864,0.6864
1691645982000,0.6864,0.6864,0.6864
1691645983000,0.6864,0.6864,0.6864
1691645984000,0.6863,0.6863,0.6863
1691645985000,0.6863,0.6863,0.6863
1691645986000,0.6863,0.6863,0.6863
1691645987000,0.68628046,0.68628046,0.68628046
1691645988000,0.68627967,0.68627967,0.68627967
1691645989000,0.68627967,0.68627967,0.68627967
1691645990000,0.68627967,0.68627967,0.68627967
1691645991000,0.68629449,0.68629449,0.68629449
1691645992000,0.68629095,0.68629095,0.68629095
1691645993000,0.68629095,0.68629095,0.68629095
1691645994000,0.68629098,0.68629098,0.68629098
1691645995000,0.68629098,0.68629098,0.68629098
1691645996000,0.68633634,0.68633634,0.68633634
1691645997000,0.68631964,0.68631964,0.68631964
1691645998000,0.68631964,0.68631964,0.68631964
1691645999000,0.68631964,0.68631964,0.68631964
1691646000000,0.68631964,0.68631964,0.68631964
1691646001000,0.68631964,0.68631964,0.68631964
1691646002000,0.6863,0.6863,0.6863
1691646003000,0.6863,0.6863,0.6863
1691646004000,0.6863,0.6863,0.6863
1691646005000,0.6863,0.6863,0.6863
1691646006000,0.68627429,0.68627429,0.68627429
1691646007000,0.6863,0.6863,0.6863
1691646008000,0.6864,0.6864,0.6864
1691646009000,0.6864,0.6864,0.6864
1691646010000,0.6864,0.6864,0.6864
1691646011000,0.6864,0.6864,0.6864
1691646012000,0.6864,0.6864,0.6864
1691646013000,0.6863,0.6863,0.6863
1691646014000,0.6863,0.6863,0.6863
1691646015000,0.6863,0.6863,0.6863
1691646016000,0.6864,0.6864,0.6864
1691646017000,0.6864,0.6864,0.6864
1691646018000,0.6864,0.6864,0.6864
1691646019000,0.6864,0.6864,0.6864
1691646020000,0.6864,0.6864,0.6864
1691646021000,0.6865,0.6865,0.6865
1691646022000,0.6866,0.6866,0.6866
1691646023000,0.6866,0.6866,0.6866
1691646024000,0.6866,0.6866,0.6866
1691646025000,0.6866,0.6866,0.6866
1691646026000,0.6866,0.6866,0.6866
1691646027000,0.6866,0.6866,0.6866
1691646028000,0.6866,0.6866,0.6866
1691646029000,0.6866,0.6866,0.6866
1691646030000,0.6867,0.6867,0.6867
1691646031000,0.6867,0.6867,0.6867
1691646032000,0.6867,0.6867,0.6867
1691646033000,0.6867,0.6867,0.6867
1691646034000,0.6867,0.6867,0.6867
1691646035000,0.6867,0.6867,0.6867
1691646036000,0.6867,0.6867,0.6867
1691646037000,0.6867,0.6867,0.6867
1691646038000,0.6867,0.6867,0.6867
1691646039000,0.6867,0.6867,0.6867
1691646040000,0.6867,0.6867,0.6867
1691646041000,0.6867,0.6867,0.6867
1691646042000,0.6867,0.6867,0.6867
1691646043000,0.6867,0.6867,0.6867
1691646044000,0.6866,0.6866,0.6866
1691646045000,0.6866,0.6866,0.6866
1691646046000,0.6866,0.6866,0.6866
1691646047000,0.6866,0.6866,0.6866
1691646048000,0.6866,0.6866,0.6866
1691646049000,0.6866,0.6866,0.6866
1691646050000,0.6866,0.6866,0.6866
1691646051000,0.6866,0.6866,0.6866
1691646052000,0.6867,0.6867,0.6867
1691646053000,0.6867,0.6867,0.6867
1691646054000,0.6867,0.6867,0.6867
1691646055000,0.6867,0.6867,0.6867
1691646056000,0.6867,0.6867,0.6867
1691646057000,0.6867,0.6867,0.6867
1691646058000,0.6867,0.6867,0.6867
1691646059000,0.6867,0.6867,0.6867
1691646060000,0.6867,0.6867,0.6867
1691646061000,0.6867,0.6867,0.6867
1691646062000,0.6867,0.6867,0.6867
1691646063000,0.6867,0.6867,0.6867
1691646064000,0.6867,0.6867,0.6867
1691646065000,0.6867,0.6867,0.6867
1691646066000,0.6867,0.6867,0.6867
1691646067000,0.6867,0.6867,0.6867
1691646068000,0.6868,0.6868,0.6868
1691646069000,0.6868,0.6868,0.6868
1691646070000,0.6868,0.6868,0.6868
1691646071000,0.6868,0.6868,0.6868
1691646072000,0.6868,0.6868,0.6868
1691646073000,0.6868,0.6868,0.6868
1691646074000,0.6868,0.6868,0.6868
1691646075000,0.6868,0.6868,0.6868
1691646076000,0.6868,0.6868,0.6868
1691646077000,0.6868,0.6868,0.6868
1691646078000,0.6868,0.6868,0.6868
1691646079000,0.6868,0.6868,0.6868
1691646080000,0.6868,0.6868,0.6868
1691646081000,0.6868,0.6868,0.6868
1691646082000,0.6868,0.6868,0.6868
1691646083000,0.6869,0.6869,0.6869
1691646084000,0.6869,0.6869,0.6869
1691646085000,0.6869,0.6869,0.6869
1691646086000,0.6869,0.6869,0.6869
1691646087000,0.6869,0.6869,0.6869
1691646088000,0.6869,0.6869,0.6869
1691646089000,0.6869,0.6869,0.6869
1691646090000,0.6868,0.6868,0.6868
1691646091000,0.6868,0.6868,0.6868
1691646092000,0.6868,0.6868,0.6868
1691646093000,0.6868,0.6868,0.6868
1691646094000,0.6869,0.6869,0.6869
1691646095000,0.6869,0.6869,0.6869
1691646096000,0.6869,0.6869,0.6869
1691646097000,0.6868,0.6868,0.6868
1691646098000,0.6868,0.6868,0.6868
1691646099000,0.6868,0.6868,0.6868
1691646100000,0.6868,0.6868,0.6868
1691646101000,0.6868,0.6868,0.6868
1691646102000,0.6868,0.6868,0.6868
1691646103000,0.6868,0.6868,0.6868
1691646104000,0.6868,0.6868,0.6868
1691646105000,0.6868,0.6868,0.6868
1691646106000,0.6868,0.6868,0.6868
1691646107000,0.6868,0.6868,0.6868
1691646108000,0.6868,0.6868,0.6868
1691646109000,0.6868,0.6868,0.6868
1691646110000,0.6869,0.6869,0.6869
1691646111000,0.6869,0.6869,0.6869
1691646112000,0.6869,0.6869,0.6869
1691646113000,0.6869,0.6869,0.6869
1691646114000,0.6869,0.6869,0.6869
1691646115000,0.6869,0.6869,0.6869
1691646116000,0.6868,0.6868,0.6868
1691646117000,0.6868,0.6868,0.6868
1691646118000,0.6868,0.6868,0.6868
1691646119000,0.6868,0.6868,0.6868
1691646120000,0.6867,0.6867,0.6867
1691646121000,0.6867,0.6867,0.6867
1691646122000,0.6868,0.6868,0.6868
1691646123000,0.6868,0.6868,0.6868
1691646124000,0.6868,0.6868,0.6868
1691646125000,0.6868,0.6868,0.6868
1691646126000,0.6868,0.6868,0.6868
1691646127000,0.6868,0.6868,0.6868
1691646128000,0.6868,0.6868,0.6868
1691646129000,0.6868,0.6868,0.6868
1691646130000,0.6868,0.6868,0.6868
1691646131000,0.6868,0.6868,0.6868
1691646132000,0.6868,0.6868,0.6868
1691646133000,0.6868,0.6868,0.6868
1691646134000,0.6868,0.6868,0.6868
1691646135000,0.6868,0.6868,0.6868
1691646136000,0.6868,0.6868,0.6868
1691646137000,0.6868,0.6868,0.6868
1691646138000,0.6868,0.6868,0.6868
1691646139000,0.6868,0.6868,0.6868
1691646140000,0.6869,0.6869,0.6869
1691646141000,0.6869,0.6869,0.6869
1691646142000,0.6869,0.6869,0.6869
1691646143000,0.6869,0.6869,0.6869
1691646144000,0.6869,0.6869,0.6869
1691646145000,0.6869,0.6869,0.6869
1691646146000,0.6869,0.6869,0.6869
1691646147000,0.6868,0.6868,0.6868
1691646148000,0.6867,0.6867,0.6867
1691646149000,0.6867,0.6867,0.6867
1691646150000,0.6867,0.6867,0.6867
1691646151000,0.6867,0.6867,0.6867
1691646152000,0.6867,0.6867,0.6867
1691646153000,0.6867,0.6867,0.6867
1691646154000,0.6867,0.6867,0.6867
1691646155000,0.6867,0.6867,0.6867
1691646156000,0.6867,0.6867,0.6867
1691646157000,0.6867,0.6867,0.6867
1691646158000,0.6867376,0.6867376,0.6867376
1691646159000,0.68673756,0.68673756,0.68673756
1691646160000,0.68673663,0.68673663,0.68673663
1691646161000,0.68673663,0.68673663,0.68673663
1691646162000,0.68672046,0.68672046,0.68672046
1691646163000,0.68672123,0.68672123,0.68672123
1691646164000,0.68672216,0.68672216,0.68672216
1691646165000,0.68672123,0.68672123,0.68672123
1691646166000,0.68672123,0.68672123,0.68672123
1691646167000,0.68672123,0.68672123,0.68672123
1691646168000,0.68672504,0.68672504,0.68672504
1691646169000,0.68672504,0.68672504,0.68672504
1691646170000,0.68672408,0.68672408,0.68672408
1691646171000,0.68672408,0.68672408,0.68672408
1691646172000,0.68672411,0.68672411,0.68672411
1691646173000,0.68672599,0.68672599,0.68672599
1691646174000,0.68672599,0.68672599,0.68672599
1691646175000,0.68672603,0.68672603,0.68672603
1691646176000,0.68672603,0.68672603,0.68672603
1691646177000,0.68672603,0.68672603,0.68672603
1691646178000,0.68672714,0.68672714,0.68672714
1691646179000,0.68672714,0.68672714,0.68672714
1691646180000,0.68672714,0.68672714,0.68672714
1691646181000,0.68672714,0.68672714,0.68672714
1691646182000,0.68672714,0.68672714,0.68672714
1691646183000,0.6865632,0.6865632,0.6865632
1691646184000,0.68656437,0.68656437,0.68656437
1691646185000,0.68656401,0.68656401,0.68656401
1691646186000,0.68656405,0.68656405,0.68656405
1691646187000,0.68656401,0.68656401,0.68656401
1691646188000,0.68656498,0.68656498,0.68656498
1691646189000,0.68656386,0.68656386,0.68656386
1691646190000,0.68656386,0.68656386,0.68656386
1691646191000,0.68656232,0.68656232,0.68656232
1691646192000,0.68656321,0.68656321,0.68656321
1691646193000,0.68656321,0.68656321,0.68656321
1691646194000,0.686562,0.686562,0.686562
1691646195000,0.686562,0.686562,0.686562
1691646196000,0.68656196,0.68656196,0.68656196
1691646197000,0.68656196,0.68656196,0.68656196
1691646198000,0.68656196,0.68656196,0.68656196
1691646199000,0.68656255,0.68656255,0.68656255
1691646200000,0.68656255,0.68656255,0.68656255
1691646201000,0.68656259,0.68656259,0.68656259
1691646202000,0.68656162,0.68656162,0.68656162
1691646203000,0.68656166,0.68656166,0.68656166
1691646204000,0.68656133,0.68656133,0.68656133
1691646205000,0.68656133,0.68656133,0.68656133
1691646206000,0.68656194,0.68656194,0.68656194
1691646207000,0.68656287,0.68656287,0.68656287
1691646208000,0.68656287,0.68656287,0.68656287
1691646209000,0.68656287,0.68656287,0.68656287
1691646210000,0.68656259,0.68656259,0.68656259
1691646211000,0.68656259,0.68656259,0.68656259
1691646212000,0.68656259,0.68656259,0.68656259
1691646213000,0.68656259,0.68656259,0.68656259
1691646214000,0.68656259,0.68656259,0.68656259
1691646215000,0.68650816,0.68650816,0.68650816
1691646216000,0.68650816,0.68650816,0.68650816
1691646217000,0.68650755,0.68650755,0.68650755
1691646218000,0.68650755,0.68650755,0.68650755
1691646219000,0.68650755,0.68650755,0.68650755
1691646220000,0.68650813,0.68650813,0.68650813
1691646221000,0.68650809,0.68650809,0.68650809
1691646222000,0.68650717,0.68650717,0.68650717
1691646223000,0.68650717,0.68650717,0.68650717
1691646224000,0.68645937,0.68645937,0.68645937
1691646225000,0.68640095,0.68640095,0.68640095
1691646226000,0.68640091,0.68640091,0.68640091
1691646227000,0.68640087,0.68640087,0.68640087
1691646228000,0.68640091,0.68640091,0.68640091
1691646229000,0.68640087,0.68640087,0.68640087
1691646230000,0.68640097,0.68640097,0.68640097
1691646231000,0.68640097,0.68640097,0.68640097
1691646232000,0.68640093,0.68640093,0.68640093
1691646233000,0.68638472,0.68638472,0.68638472
1691646234000,0.68638472,0.68638472,0.68638472
1691646235000,0.68638409,0.68638409,0.68638409
1691646236000,0.68633007,0.68633007,0.68633007
1691646237000,0.68633004,0.68633004,0.68633004
1691646238000,0.6864,0.6864,0.6864
1691646239000,0.6864,0.6864,0.6864
1691646240000,0.6864156,0.6864156,0.6864156
1691646241000,0.6865,0.6865,0.6865
1691646242000,0.68647327,0.68647327,0.68647327
1691646243000,0.6865,0.6865,0.6865
1691646244000,0.6865,0.6865,0.6865
1691646245000,0.6865,0.6865,0.6865
1691646246000,0.6865,0.6865,0.6865
1691646247000,0.6865,0.6865,0.6865
1691646248000,0.6865,0.6865,0.6865
1691646249000,0.6865,0.6865,0.6865
1691646250000,0.6865,0.6865,0.6865
1691646251000,0.6865,0.6865,0.6865
1691646252000,0.6865,0.6865,0.6865
1691646253000,0.68640763,0.68640763,0.68640763
1691646254000,0.68640763,0.68640763,0.68640763
1691646255000,0.68640763,0.68640763,0.68640763
1691646256000,0.68635343,0.68635343,0.68635343
1691646257000,0.68635343,0.68635343,0.68635343
1691646258000,0.68635343,0.68635343,0.68635343
1691646259000,0.68635343,0.68635343,0.68635343
1691646260000,0.68635339,0.68635339,0.68635339
1691646261000,0.68635251,0.68635251,0.68635251
1691646262000,0.68635255,0.68635255,0.68635255
1691646263000,0.68635251,0.68635251,0.68635251
1691646264000,0.68635251,0.68635251,0.68635251
1691646265000,0.68635255,0.68635255,0.68635255
1691646266000,0.68635255,0.68635255,0.68635255
1691646267000,0.6863533,0.6863533,0.6863533
1691646268000,0.68634961,0.68634961,0.68634961
1691646269000,0.68634961,0.68634961,0.68634961
1691646270000,0.6864,0.6864,0.6864
1691646271000,0.6864,0.6864,0.6864
1691646272000,0.6864,0.6864,0.6864
1691646273000,0.6864,0.6864,0.6864
1691646274000,0.6864,0.6864,0.6864
1691646275000,0.6864,0.6864,0.6864
1691646276000,0.6864,0.6864,0.6864
1691646277000,0.6864,0.6864,0.6864
1691646278000,0.6864,0.6864,0.6864
1691646279000,0.6864,0.6864,0.6864
1691646280000,0.6864,0.6864,0.6864
1691646281000,0.6864,0.6864,0.6864
1691646282000,0.6864,0.6864,0.6864
1691646283000,0.6864,0.6864,0.6864
1691646284000,0.6864,0.6864,0.6864
1691646285000,0.6864,0.6864,0.6864
1691646286000,0.6864,0.6864,0.6864
1691646287000,0.6864,0.6864,0.6864
1691646288000,0.6864,0.6864,0.6864
1691646289000,0.6864,0.6864,0.6864
1691646290000,0.6864,0.6864,0.6864
1691646291000,0.6864,0.6864,0.6864
1691646292000,0.68633979,0.68633979,0.68633979
1691646293000,0.68634208,0.68634208,0.68634208
1691646294000,0.68634208,0.68634208,0.68634208
1691646295000,0.68634208,0.68634208,0.68634208
1691646296000,0.68634212,0.68634212,0.68634212
1691646297000,0.68634115,0.68634115,0.68634115
1691646298000,0.6863444,0.6863444,0.6863444
1691646299000,0.68634348,0.68634348,0.68634348
1691646300000,0.68634348,0.68634348,0.68634348
1691646301000,0.68634348,0.68634348,0.68634348
1691646302000,0.68634348,0.68634348,0.68634348
1691646303000,0.68634474,0.68634474,0.68634474
1691646304000,0.6863447,0.6863447,0.6863447
1691646305000,0.6863447,0.6863447,0.6863447
1691646306000,0.68634563,0.68634563,0.68634563
1691646307000,0.68631319,0.68631319,0.68631319
1691646308000,0.68631279,0.68631279,0.68631279
1691646309000,0.68631279,0.68631279,0.68631279
1691646310000,0.68631283,0.68631283,0.68631283
1691646311000,0.68631283,0.68631283,0.68631283
1691646312000,0.68631279,0.68631279,0.68631279
1691646313000,0.68631219,0.68631219,0.68631219
1691646314000,0.68631222,0.68631222,0.68631222
1691646315000,0.68631222,0.68631222,0.68631222
1691646316000,0.68631311,0.68631311,0.68631311
1691646317000,0.68631311,0.68631311,0.68631311
1691646318000,0.68631311,0.68631311,0.68631311
1691646319000,0.68631157,0.68631157,0.68631157
1691646320000,0.68631157,0.68631157,0.68631157
1691646321000,0.6863,0.6863,0.6863
1691646322000,0.68625752,0.68625752,0.68625752
1691646323000,0.68625755,0.68625755,0.68625755
1691646324000,0.68625526,0.68625526,0.68625526
1691646325000,0.68625526,0.68625526,0.68625526
1691646326000,0.68630931,0.68630931,0.68630931
1691646327000,0.68630931,0.68630931,0.68630931
1691646328000,0.68630931,0.68630931,0.68630931
1691646329000,0.68630687,0.68630687,0.68630687
1691646330000,0.6863069,0.6863069,0.6863069
1691646331000,0.68630783,0.68630783,0.68630783
1691646332000,0.68630783,0.68630783,0.68630783
1691646333000,0.68630783,0.68630783,0.68630783
1691646334000,0.68630538,0.68630538,0.68630538
1691646335000,0.68630538,0.68630538,0.68630538
1691646336000,0.68630445,0.68630445,0.68630445
1691646337000,0.68630445,0.68630445,0.68630445
1691646338000,0.68630538,0.68630538,0.68630538
1691646339000,0.68630337,0.68630337,0.68630337
1691646340000,0.68630337,0.68630337,0.68630337
1691646341000,0.6863,0.6863,0.6863
1691646342000,0.6863,0.6863,0.6863
1691646343000,0.6863,0.6863,0.6863
1691646344000,0.68624835,0.68624835,0.68624835
1691646345000,0.68630109,0.68630109,0.68630109
1691646346000,0.68630201,0.68630201,0.68630201
1691646347000,0.68630109,0.68630109,0.68630109
1691646348000,0.68630201,0.68630201,0.68630201
1691646349000,0.68630201,0.68630201,0.68630201
1691646350000,0.68630168,0.68630168,0.68630168
1691646351000,0.68634962,0.68634962,0.68634962
1691646352000,0.68634962,0.68634962,0.68634962
1691646353000,0.6863,0.6863,0.6863
1691646354000,0.6863,0.6863,0.6863
1691646355000,0.6863,0.6863,0.6863
1691646356000,0.6863,0.6863,0.6863
1691646357000,0.6863,0.6863,0.6863
1691646358000,0.6864,0.6864,0.6864
1691646359000,0.6864,0.6864,0.6864
1691646360000,0.6864,0.6864,0.6864
1691646361000,0.6864,0.6864,0.6864
1691646362000,0.6864,0.6864,0.6864
1691646363000,0.6864,0.6864,0.6864
1691646364000,0.6864,0.6864,0.6864
1691646365000,0.6864,0.6864,0.6864
1691646366000,0.6864,0.6864,0.6864
1691646367000,0.6864,0.6864,0.6864
1691646368000,0.6864,0.6864,0.6864
1691646369000,0.6865,0.6865,0.6865
1691646370000,0.6865,0.6865,0.6865
1691646371000,0.6865,0.6865,0.6865
1691646372000,0.6865,0.6865,0.6865
1691646373000,0.6865,0.6865,0.6865
1691646374000,0.6866,0.6866,0.6866
1691646375000,0.6866,0.6866,0.6866
1691646376000,0.6866,0.6866,0.6866
1691646377000,0.6866,0.6866,0.6866
1691646378000,0.6866,0.6866,0.6866
1691646379000,0.6866,0.6866,0.6866
1691646380000,0.6866,0.6866,0.6866
1691646381000,0.6866,0.6866,0.6866
1691646382000,0.6866,0.6866,0.6866
1691646383000,0.6866,0.6866,0.6866
1691646384000,0.6868,0.6868,0.6868
1691646385000,0.6868,0.6868,0.6868
1691646386000,0.6868,0.6868,0.6868
1691646387000,0.6868,0.6868,0.6868
1691646388000,0.6868,0.6868,0.6868
1691646389000,0.6868,0.6868,0.6868
1691646390000,0.6868,0.6868,0.6868
1691646391000,0.6868,0.6868,0.6868
1691646392000,0.6868,0.6868,0.6868
1691646393000,0.6868,0.6868,0.6868
1691646394000,0.6868,0.6868,0.6868
1691646395000,0.6869,0.6869,0.6869
1691646396000,0.6869,0.6869,0.6869
1691646397000,0.6869,0.6869,0.6869
1691646398000,0.6868,0.6868,0.6868
1691646399000,0.6869,0.6869,0.6869
1691646400000,0.6869,0.6869,0.6869
1691646401000,0.6869,0.6869,0.6869
1691646402000,0.6868,0.6868,0.6868
1691646403000,0.6868,0.6868,0.6868
1691646404000,0.6868,0.6868,0.6868
1691646405000,0.6868,0.6868,0.6868
1691646406000,0.6869,0.6869,0.6869
1691646407000,0.6868,0.6868,0.6868
1691646408000,0.6868,0.6868,0.6868
1691646409000,0.6868,0.6868,0.6868
1691646410000,0.6868,0.6868,0.6868
1691646411000,0.6868,0.6868,0.6868
1691646412000,0.6868,0.6868,0.6868
1691646413000,0.6868,0.6868,0.6868
1691646414000,0.6868,0.6868,0.6868
1691646415000,0.6868,0.6868,0.6868
1691646416000,0.6868,0.6868,0.6868
1691646417000,0.6868,0.6868,0.6868
1691646418000,0.6868,0.6868,0.6868
1691646419000,0.6869,0.6869,0.6869
1691646420000,0.6869,0.6869,0.6869
1691646421000,0.6869,0.6869,0.6869
1691646422000,0.6869,0.6869,0.6869
1691646423000,0.6869,0.6869,0.6869
1691646424000,0.6869,0.6869,0.6869
1691646425000,0.6869,0.6869,0.6869
1691646426000,0.6869,0.6869,0.6869
1691646427000,0.6869,0.6869,0.6869
1691646428000,0.6869,0.6869,0.6869
1691646429000,0.687,0.687,0.687
1691646430000,0.6871,0.6871,0.6871
1691646431000,0.6871,0.6871,0.6871
1691646432000,0.6871,0.6871,0.6871
1691646433000,0.6871,0.6871,0.6871
1691646434000,0.6871,0.6871,0.6871
1691646435000,0.6871,0.6871,0.6871
1691646436000,0.6871,0.6871,0.6871
1691646437000,0.6872,0.6872,0.6872
1691646438000,0.6872,0.6872,0.6872
1691646439000,0.6872,0.6872,0.6872
1691646440000,0.6872,0.6872,0.6872
1691646441000,0.6872,0.6872,0.6872
1691646442000,0.6872,0.6872,0.6872
1691646443000,0.6872,0.6872,0.6872
1691646444000,0.6873,0.6873,0.6873
1691646445000,0.6873,0.6873,0.6873
1691646446000,0.6873,0.6873,0.6873
1691646447000,0.6873,0.6873,0.6873
1691646448000,0.6873,0.6873,0.6873
1691646449000,0.6873,0.6873,0.6873
1691646450000,0.6873,0.6873,0.6873
1691646451000,0.6873,0.6873,0.6873
1691646452000,0.6873,0.6873,0.6873
1691646453000,0.6873,0.6873,0.6873
1691646454000,0.6873,0.6873,0.6873
1691646455000,0.6873,0.6873,0.6873
1691646456000,0.6873,0.6873,0.6873
1691646457000,0.68739851,0.68739851,0.68739851
1691646458000,0.6873985,0.6873985,0.6873985
1691646459000,0.6874,0.6874,0.6874
1691646460000,0.6873,0.6873,0.6873
1691646461000,0.6873,0.6873,0.6873
1691646462000,0.6873,0.6873,0.6873
1691646463000,0.6873,0.6873,0.6873
1691646464000,0.6874,0.6874,0.6874
1691646465000,0.6874,0.6874,0.6874
1691646466000,0.6874,0.6874,0.6874
1691646467000,0.68745078,0.68745078,0.68745078
1691646468000,0.68745081,0.68745081,0.68745081
1691646469000,0.6874,0.6874,0.6874
1691646470000,0.6874,0.6874,0.6874
1691646471000,0.6874,0.6874,0.6874
1691646472000,0.6874,0.6874,0.6874
1691646473000,0.6874,0.6874,0.6874
1691646474000,0.6874,0.6874,0.6874
1691646475000,0.68740348,0.68740348,0.68740348
1691646476000,0.68740345,0.68740345,0.68740345
1691646477000,0.68740348,0.68740348,0.68740348
1691646478000,0.6874,0.6874,0.6874
1691646479000,0.6874,0.6874,0.6874
1691646480000,0.6874,0.6874,0.6874
1691646481000,0.6874,0.6874,0.6874
1691646482000,0.6873,0.6873,0.6873
1691646483000,0.6873,0.6873,0.6873
1691646484000,0.6873,0.6873,0.6873
1691646485000,0.6873,0.6873,0.6873
1691646486000,0.6873,0.6873,0.6873
1691646487000,0.6873,0.6873,0.6873
1691646488000,0.6873,0.6873,0.6873
1691646489000,0.6873,0.6873,0.6873
1691646490000,0.6873,0.6873,0.6873
1691646491000,0.6873,0.6873,0.6873
1691646492000,0.6873,0.6873,0.6873
1691646493000,0.6873,0.6873,0.6873
1691646494000,0.6873,0.6873,0.6873
1691646495000,0.6872,0.6872,0.6872
1691646496000,0.6873,0.6873,0.6873
1691646497000,0.6873,0.6873,0.6873
1691646498000,0.6873,0.6873,0.6873
1691646499000,0.6873,0.6873,0.6873
1691646500000,0.6873,0.6873,0.6873
1691646501000,0.6873,0.6873,0.6873
1691646502000,0.6873,0.6873,0.6873
1691646503000,0.6873,0.6873,0.6873
1691646504000,0.6873,0.6873,0.6873
1691646505000,0.6873,0.6873,0.6873
1691646506000,0.6873,0.6873,0.6873
1691646507000,0.6873,0.6873,0.6873
1691646508000,0.6873,0.6873,0.6873
1691646509000,0.68749629,0.68749629,0.68749629
1691646510000,0.68749632,0.68749632,0.68749632
1691646511000,0.6874,0.6874,0.6874
1691646512000,0.6874,0.6874,0.6874
1691646513000,0.6874,0.6874,0.6874
1691646514000,0.6875,0.6875,0.6875
1691646515000,0.6875,0.6875,0.6875
1691646516000,0.6875,0.6875,0.6875
1691646517000,0.6875,0.6875,0.6875
1691646518000,0.6875,0.6875,0.6875
1691646519000,0.6875,0.6875,0.6875
1691646520000,0.6875,0.6875,0.6875
1691646521000,0.6874,0.6874,0.6874
1691646522000,0.6873,0.6873,0.6873
1691646523000,0.6873,0.6873,0.6873
1691646524000,0.68729351,0.68729351,0.68729351
1691646525000,0.68729351,0.68729351,0.68729351
1691646526000,0.6873005,0.6873005,0.6873005
1691646527000,0.6873013,0.6873013,0.6873013
1691646528000,0.68730053,0.68730053,0.68730053
1691646529000,0.68730133,0.68730133,0.68730133
1691646530000,0.68730053,0.68730053,0.68730053
1691646531000,0.68730299,0.68730299,0.68730299
1691646532000,0.68730296,0.68730296,0.68730296
1691646533000,0.68730299,0.68730299,0.68730299
1691646534000,0.68730379,0.68730379,0.68730379
1691646535000,0.68730299,0.68730299,0.68730299
1691646536000,0.68730512,0.68730512,0.68730512
1691646537000,0.68730512,0.68730512,0.68730512
1691646538000,0.68730589,0.68730589,0.68730589
1691646539000,0.6874,0.6874,0.6874
1691646540000,0.6874,0.6874,0.6874
1691646541000,0.6874,0.6874,0.6874
1691646542000,0.6874,0.6874,0.6874
1691646543000,0.6874,0.6874,0.6874
1691646544000,0.6874,0.6874,0.6874
1691646545000,0.6873,0.6873,0.6873
1691646546000,0.68730176,0.68730176,0.68730176
1691646547000,0.6874,0.6874,0.6874
1691646548000,0.6874,0.6874,0.6874
1691646549000,0.68730466,0.68730466,0.68730466
1691646550000,0.6874,0.6874,0.6874
1691646551000,0.6874,0.6874,0.6874
1691646552000,0.6874,0.6874,0.6874
1691646553000,0.6874,0.6874,0.6874
1691646554000,0.6874,0.6874,0.6874
1691646555000,0.6873,0.6873,0.6873
1691646556000,0.6873,0.6873,0.6873
1691646557000,0.6873,0.6873,0.6873
1691646558000,0.6873,0.6873,0.6873
1691646559000,0.6873,0.6873,0.6873
1691646560000,0.6873,0.6873,0.6873
1691646561000,0.6873,0.6873,0.6873
1691646562000,0.6873,0.6873,0.6873
1691646563000,0.6873,0.6873,0.6873
1691646564000,0.6873,0.6873,0.6873
1691646565000,0.6873,0.6873,0.6873
1691646566000,0.6873,0.6873,0.6873
1691646567000,0.6873,0.6873,0.6873
1691646568000,0.68730603,0.68730603,0.68730603
1691646569000,0.6874,0.6874,0.6874
1691646570000,0.6874,0.6874,0.6874
1691646571000,0.6874,0.6874,0.6874
1691646572000,0.6874,0.6874,0.6874
1691646573000,0.6874,0.6874,0.6874
1691646574000,0.6875,0.6875,0.6875
1691646575000,0.6875,0.6875,0.6875
1691646576000,0.6875,0.6875,0.6875
1691646577000,0.6875,0.6875,0.6875
1691646578000,0.6875,0.6875,0.6875
1691646579000,0.6875,0.6875,0.6875
1691646580000,0.6875,0.6875,0.6875
1691646581000,0.6874,0.6874,0.6874
1691646582000,0.6874,0.6874,0.6874
1691646583000,0.6875,0.6875,0.6875
1691646584000,0.6875,0.6875,0.6875
1691646585000,0.6875,0.6875,0.6875
1691646586000,0.6874,0.6874,0.6874
1691646587000,0.6875,0.6875,0.6875
1691646588000,0.6875,0.6875,0.6875
1691646589000,0.6875,0.6875,0.6875
1691646590000,0.6875,0.6875,0.6875
1691646591000,0.6875,0.6875,0.6875
1691646592000,0.6875,0.6875,0.6875
1691646593000,0.6874,0.6874,0.6874
1691646594000,0.6874,0.6874,0.6874
1691646595000,0.6874,0.6874,0.6874
1691646596000,0.6874,0.6874,0.6874
1691646597000,0.6874,0.6874,0.6874
1691646598000,0.6874,0.6874,0.6874
1691646599000,0.6874,0.6874,0.6874
1691646600000,0.6874,0.6874,0.6874
1691646601000,0.6874,0.6874,0.6874
1691646602000,0.6874,0.6874,0.6874
1691646603000,0.6874,0.6874,0.6874
1691646604000,0.6874,0.6874,0.6874
1691646605000,0.6874,0.6874,0.6874
1691646606000,0.6874,0.6874,0.6874
1691646607000,0.6874,0.6874,0.6874
1691646608000,0.6874,0.6874,0.6874
1691646609000,0.6874,0.6874,0.6874
1691646610000,0.6874,0.6874,0.6874
1691646611000,0.6874,0.6874,0.6874
1691646612000,0.6874,0.6874,0.6874
1691646613000,0.6874,0.6874,0.6874
1691646614000,0.6874,0.6874,0.6874
1691646615000,0.6874,0.6874,0.6874
1691646616000,0.6874,0.6874,0.6874
1691646617000,0.68739056,0.68739056,0.68739056
1691646618000,0.6874,0.6874,0.6874
1691646619000,0.6874,0.6874,0.6874
1691646620000,0.6874,0.6874,0.6874
1691646621000,0.6874,0.6874,0.6874
1691646622000,0.6874,0.6874,0.6874
1691646623000,0.6874,0.6874,0.6874
1691646624000,0.6874,0.6874,0.6874
1691646625000,0.6874,0.6874,0.6874
1691646626000,0.6874,0.6874,0.6874
1691646627000,0.6874,0.6874,0.6874
1691646628000,0.68739561,0.68739561,0.68739561
1691646629000,0.68739561,0.68739561,0.68739561
1691646630000,0.6873989,0.6873989,0.6873989
1691646631000,0.6873989,0.6873989,0.6873989
1691646632000,0.6873989,0.6873989,0.6873989
1691646633000,0.6874,0.6874,0.6874
1691646634000,0.6874,0.6874,0.6874
1691646635000,0.68740144,0.68740144,0.68740144
1691646636000,0.68740141,0.68740141,0.68740141
1691646637000,0.68740141,0.68740141,0.68740141
1691646638000,0.68740141,0.68740141,0.68740141
1691646639000,0.68740144,0.68740144,0.68740144
1691646640000,0.68740396,0.68740396,0.68740396
1691646641000,0.68740393,0.68740393,0.68740393
1691646642000,0.68740396,0.68740396,0.68740396
1691646643000,0.68740396,0.68740396,0.68740396
1691646644000,0.68740396,0.68740396,0.68740396
1691646645000,0.68740649,0.68740649,0.68740649
1691646646000,0.68740646,0.68740646,0.68740646
1691646647000,0.68740646,0.68740646,0.68740646
1691646648000,0.68740566,0.68740566,0.68740566
1691646649000,0.68740566,0.68740566,0.68740566
1691646650000,0.68740569,0.68740569,0.68740569
1691646651000,0.68740518,0.68740518,0.68740518
1691646652000,0.68740518,0.68740518,0.68740518
1691646653000,0.68740518,0.68740518,0.68740518
1691646654000,0.68740515,0.68740515,0.68740515
1691646655000,0.68740515,0.68740515,0.68740515
1691646656000,0.68740591,0.68740591,0.68740591
1691646657000,0.68740591,0.68740591,0.68740591
1691646658000,0.68740511,0.68740511,0.68740511
1691646659000,0.6873586,0.6873586,0.6873586
1691646660000,0.6873586,0.6873586,0.6873586
1691646661000,0.6874,0.6874,0.6874
1691646662000,0.68735942,0.68735942,0.68735942
1691646663000,0.6874,0.6874,0.6874
1691646664000,0.68740493,0.68740493,0.68740493
1691646665000,0.68740493,0.68740493,0.68740493
1691646666000,0.68740559,0.68740559,0.68740559
1691646667000,0.68740559,0.68740559,0.68740559
1691646668000,0.68740559,0.68740559,0.68740559
1691646669000,0.68740559,0.68740559,0.68740559
1691646670000,0.68740559,0.68740559,0.68740559
1691646671000,0.6874044,0.6874044,0.6874044
1691646672000,0.68740523,0.68740523,0.68740523
1691646673000,0.68740523,0.68740523,0.68740523
1691646674000,0.6874052,0.6874052,0.6874052
1691646675000,0.68740523,0.68740523,0.68740523
1691646676000,0.6875,0.6875,0.6875
1691646677000,0.6875,0.6875,0.6875
1691646678000,0.6875,0.6875,0.6875
1691646679000,0.6875,0.6875,0.6875
1691646680000,0.6875,0.6875,0.6875
1691646681000,0.6875,0.6875,0.6875
1691646682000,0.6875,0.6875,0.6875
1691646683000,0.6875,0.6875,0.6875
1691646684000,0.6875,0.6875,0.6875
1691646685000,0.6875,0.6875,0.6875
1691646686000,0.68754023,0.68754023,0.68754023
1691646687000,0.68754175,0.68754175,0.68754175
1691646688000,0.6875,0.6875,0.6875
1691646689000,0.68754086,0.68754086,0.68754086
1691646690000,0.6876,0.6876,0.6876
1691646691000,0.68755974,0.68755974,0.68755974
1691646692000,0.68756735,0.68756735,0.68756735
1691646693000,0.68756735,0.68756735,0.68756735
1691646694000,0.68756735,0.68756735,0.68756735
1691646695000,0.68756732,0.68756732,0.68756732
1691646696000,0.68756824,0.68756824,0.68756824
1691646697000,0.68756853,0.68756853,0.68756853
1691646698000,0.68756856,0.68756856,0.68756856
1691646699000,0.68756856,0.68756856,0.68756856
1691646700000,0.68756856,0.68756856,0.68756856
1691646701000,0.6876,0.6876,0.6876
1691646702000,0.6876,0.6876,0.6876
1691646703000,0.68756887,0.68756887,0.68756887
1691646704000,0.68756891,0.68756891,0.68756891
1691646705000,0.68756891,0.68756891,0.68756891
1691646706000,0.68756891,0.68756891,0.68756891
1691646707000,0.68756891,0.68756891,0.68756891
1691646708000,0.68756927,0.68756927,0.68756927
1691646709000,0.6876,0.6876,0.6876
1691646710000,0.6876,0.6876,0.6876
1691646711000,0.6876,0.6876,0.6876
1691646712000,0.6876,0.6876,0.6876
1691646713000,0.6876,0.6876,0.6876
1691646714000,0.6876,0.6876,0.6876
1691646715000,0.6876,0.6876,0.6876
1691646716000,0.6876,0.6876,0.6876
1691646717000,0.6876,0.6876,0.6876
1691646718000,0.6876,0.6876,0.6876
1691646719000,0.6876,0.6876,0.6876
1691646720000,0.6876,0.6876,0.6876
1691646721000,0.6876,0.6876,0.6876
1691646722000,0.6876,0.6876,0.6876
1691646723000,0.6876,0.6876,0.6876
1691646724000,0.6876,0.6876,0.6876
1691646725000,0.6876,0.6876,0.6876
1691646726000,0.6876,0.6876,0.6876
1691646727000,0.6876,0.6876,0.6876
1691646728000,0.6876,0.6876,0.6876
1691646729000,0.68757088,0.68757088,0.68757088
1691646730000,0.68757084,0.68757084,0.68757084
1691646731000,0.68757084,0.68757084,0.68757084
1691646732000,0.68757084,0.68757084,0.68757084
1691646733000,0.68757088,0.68757088,0.68757088
1691646734000,0.68756748,0.68756748,0.68756748
1691646735000,0.6876215,0.6876215,0.6876215
1691646736000,0.68762057,0.68762057,0.68762057
1691646737000,0.68762057,0.68762057,0.68762057
1691646738000,0.68762153,0.68762153,0.68762153
1691646739000,0.68761956,0.68761956,0.68761956
1691646740000,0.68761956,0.68761956,0.68761956
1691646741000,0.68756458,0.68756458,0.68756458
1691646742000,0.68756458,0.68756458,0.68756458
1691646743000,0.6876186,0.6876186,0.6876186
1691646744000,0.68761907,0.68761907,0.68761907
1691646745000,0.68761907,0.68761907,0.68761907
1691646746000,0.68761907,0.68761907,0.68761907
1691646747000,0.68762,0.68762,0.68762
1691646748000,0.68762,0.68762,0.68762
1691646749000,0.68761721,0.68761721,0.68761721
1691646750000,0.68761721,0.68761721,0.68761721
1691646751000,0.68761721,0.68761721,0.68761721
1691646752000,0.6878,0.6878,0.6878
1691646753000,0.6878,0.6878,0.6878
1691646754000,0.6878,0.6878,0.6878
1691646755000,0.68773967,0.68773967,0.68773967
1691646756000,0.68773967,0.68773967,0.68773967
1691646757000,0.68773964,0.68773964,0.68773964
1691646758000,0.68773967,0.68773967,0.68773967
1691646759000,0.68773967,0.68773967,0.68773967
1691646760000,0.68773713,0.68773713,0.68773713
1691646761000,0.68773709,0.68773709,0.68773709
1691646762000,0.68773709,0.68773709,0.68773709
1691646763000,0.68773713,0.68773713,0.68773713
1691646764000,0.68773713,0.68773713,0.68773713
1691646765000,0.68773408,0.68773408,0.68773408
1691646766000,0.68773408,0.68773408,0.68773408
1691646767000,0.68773404,0.68773404,0.68773404
1691646768000,0.68773404,0.68773404,0.68773404
1691646769000,0.68778809,0.68778809,0.68778809
1691646770000,0.68778508,0.68778508,0.68778508
1691646771000,0.68778505,0.68778505,0.68778505
1691646772000,0.68778505,0.68778505,0.68778505
1691646773000,0.68778505,0.68778505,0.68778505
1691646774000,0.68778505,0.68778505,0.68778505
1691646775000,0.68778024,0.68778024,0.68778024
1691646776000,0.6877802,0.6877802,0.6877802
1691646777000,0.68777927,0.68777927,0.68777927
1691646778000,0.68777927,0.68777927,0.68777927
1691646779000,0.68777927,0.68777927,0.68777927
1691646780000,0.68777368,0.68777368,0.68777368
1691646781000,0.68777461,0.68777461,0.68777461
1691646782000,0.68777461,0.68777461,0.68777461
1691646783000,0.68777461,0.68777461,0.68777461
1691646784000,0.68777457,0.68777457,0.68777457
1691646785000,0.68776878,0.68776878,0.68776878
1691646786000,0.68776878,0.68776878,0.68776878
1691646787000,0.68776878,0.68776878,0.68776878
1691646788000,0.68776785,0.68776785,0.68776785
1691646789000,0.68776878,0.68776878,0.68776878
1691646790000,0.68776878,0.68776878,0.68776878
1691646791000,0.68776656,0.68776656,0.68776656
1691646792000,0.68776563,0.68776563,0.68776563
1691646793000,0.68776563,0.68776563,0.68776563
1691646794000,0.68776656,0.68776656,0.68776656
1691646795000,0.68776656,0.68776656,0.68776656
1691646796000,0.68776429,0.68776429,0.68776429
1691646797000,0.68776429,0.68776429,0.68776429
1691646798000,0.6878,0.6878,0.6878
1691646799000,0.6878,0.6878,0.6878
1691646800000,0.6878,0.6878,0.6878
1691646801000,0.6878,0.6878,0.6878
1691646802000,0.6878,0.6878,0.6878
1691646803000,0.6878,0.6878,0.6878
1691646804000,0.6878,0.6878,0.6878
1691646805000,0.6878,0.6878,0.6878
1691646806000,0.6878,0.6878,0.6878
1691646807000,0.6878,0.6878,0.6878
1691646808000,0.6878,0.6878,0.6878
1691646809000,0.6878,0.6878,0.6878
1691646810000,0.6878,0.6878,0.6878
1691646811000,0.6878,0.6878,0.6878
1691646812000,0.6877,0.6877,0.6877
1691646813000,0.6877,0.6877,0.6877
1691646814000,0.6877,0.6877,0.6877
1691646815000,0.6877,0.6877,0.6877
1691646816000,0.6877,0.6877,0.6877
1691646817000,0.6877,0.6877,0.6877
1691646818000,0.6877,0.6877,0.6877
1691646819000,0.68772158,0.68772158,0.68772158
1691646820000,0.68772065,0.68772065,0.68772065
1691646821000,0.6878,0.6878,0.6878
1691646822000,0.6878,0.6878,0.6878
1691646823000,0.6878,0.6878,0.6878
1691646824000,0.6878,0.6878,0.6878
1691646825000,0.6878,0.6878,0.6878
1691646826000,0.6878,0.6878,0.6878
1691646827000,0.6878,0.6878,0.6878
1691646828000,0.68772089,0.68772089,0.68772089
1691646829000,0.6878,0.6878,0.6878
1691646830000,0.6878,0.6878,0.6878
1691646831000,0.6878,0.6878,0.6878
1691646832000,0.6878,0.6878,0.6878
1691646833000,0.6878,0.6878,0.6878
1691646834000,0.6878,0.6878,0.6878
1691646835000,0.6878,0.6878,0.6878
1691646836000,0.6878,0.6878,0.6878
1691646837000,0.6878,0.6878,0.6878
1691646838000,0.6878,0.6878,0.6878
1691646839000,0.6878,0.6878,0.6878
1691646840000,0.6878,0.6878,0.6878
1691646841000,0.6878,0.6878,0.6878
1691646842000,0.6878,0.6878,0.6878
1691646843000,0.6878,0.6878,0.6878
1691646844000,0.6878,0.6878,0.6878
1691646845000,0.6878,0.6878,0.6878
1691646846000,0.6878,0.6878,0.6878
1691646847000,0.6878,0.6878,0.6878
1691646848000,0.6878,0.6878,0.6878
1691646849000,0.6878,0.6878,0.6878
1691646850000,0.68780181,0.68780181,0.68780181
1691646851000,0.68780181,0.68780181,0.68780181
1691646852000,0.6879,0.6879,0.6879
1691646853000,0.6879,0.6879,0.6879
1691646854000,0.6879,0.6879,0.6879
1691646855000,0.6879,0.6879,0.6879
1691646856000,0.6879,0.6879,0.6879
1691646857000,0.6879,0.6879,0.6879
1691646858000,0.6879,0.6879,0.6879
1691646859000,0.6879,0.6879,0.6879
1691646860000,0.6879,0.6879,0.6879
1691646861000,0.6879,0.6879,0.6879
1691646862000,0.6879,0.6879,0.6879
1691646863000,0.6879,0.6879,0.6879
1691646864000,0.6879,0.6879,0.6879
1691646865000,0.6879,0.6879,0.6879
1691646866000,0.68798794,0.68798794,0.68798794
1691646867000,0.6879,0.6879,0.6879
1691646868000,0.6879,0.6879,0.6879
1691646869000,0.68798797,0.68798797,0.68798797
1691646870000,0.68798796,0.68798796,0.68798796
1691646871000,0.68798703,0.68798703,0.68798703
1691646872000,0.68798786,0.68798786,0.68798786
1691646873000,0.68798993,0.68798993,0.68798993
1691646874000,0.68798997,0.68798997,0.68798997
1691646875000,0.6879,0.6879,0.6879
1691646876000,0.6879,0.6879,0.6879
1691646877000,0.6879,0.6879,0.6879
1691646878000,0.6879,0.6879,0.6879
1691646879000,0.6879,0.6879,0.6879
1691646880000,0.6879,0.6879,0.6879
1691646881000,0.68783379,0.68783379,0.68783379
1691646882000,0.6879,0.6879,0.6879
1691646883000,0.6879,0.6879,0.6879
1691646884000,0.68785242,0.68785242,0.68785242
1691646885000,0.68785242,0.68785242,0.68785242
1691646886000,0.68785242,0.68785242,0.68785242
1691646887000,0.68785246,0.68785246,0.68785246
1691646888000,0.68785242,0.68785242,0.68785242
1691646889000,0.68784777,0.68784777,0.68784777
1691646890000,0.68784688,0.68784688,0.68784688
1691646891000,0.68779893,0.68779893,0.68779893
1691646892000,0.68779893,0.68779893,0.68779893
1691646893000,0.68779889,0.68779889,0.68779889
1691646894000,0.68779425,0.68779425,0.68779425
1691646895000,0.68779425,0.68779425,0.68779425
1691646896000,0.68779425,0.68779425,0.68779425
1691646897000,0.68779522,0.68779522,0.68779522
1691646898000,0.68779518,0.68779518,0.68779518
1691646899000,0.68779518,0.68779518,0.68779518
1691646900000,0.68779134,0.68779134,0.68779134
1691646901000,0.68779134,0.68779134,0.68779134
1691646902000,0.68779134,0.68779134,0.68779134
1691646903000,0.68779134,0.68779134,0.68779134
1691646904000,0.68779134,0.68779134,0.68779134
1691646905000,0.68773418,0.68773418,0.68773418
1691646906000,0.68773418,0.68773418,0.68773418
1691646907000,0.68773511,0.68773511,0.68773511
1691646908000,0.68773511,0.68773511,0.68773511
1691646909000,0.6878,0.6878,0.6878
1691646910000,0.6878,0.6878,0.6878
1691646911000,0.6878,0.6878,0.6878
1691646912000,0.6878,0.6878,0.6878
1691646913000,0.6878,0.6878,0.6878
1691646914000,0.68778017,0.68778017,0.68778017
1691646915000,0.68777984,0.68777984,0.68777984
1691646916000,0.6878,0.6878,0.6878
1691646917000,0.6878,0.6878,0.6878
1691646918000,0.6878,0.6878,0.6878
1691646919000,0.6878,0.6878,0.6878
1691646920000,0.6878,0.6878,0.6878
1691646921000,0.6878,0.6878,0.6878
1691646922000,0.6879,0.6879,0.6879
1691646923000,0.68792459,0.68792459,0.68792459
1691646924000,0.68792231,0.68792231,0.68792231
1691646925000,0.68792292,0.68792292,0.68792292
1691646926000,0.68792292,0.68792292,0.68792292
1691646927000,0.68792292,0.68792292,0.68792292
1691646928000,0.688,0.688,0.688
1691646929000,0.6881,0.6881,0.6881
1691646930000,0.688,0.688,0.688
1691646931000,0.688,0.688,0.688
1691646932000,0.688,0.688,0.688
1691646933000,0.68799288,0.68799288,0.68799288
1691646934000,0.688,0.688,0.688
1691646935000,0.688,0.688,0.688
1691646936000,0.6881,0.6881,0.6881
1691646937000,0.6881,0.6881,0.6881
1691646938000,0.6881,0.6881,0.6881
1691646939000,0.6881,0.6881,0.6881
1691646940000,0.6882,0.6882,0.6882
1691646941000,0.6882,0.6882,0.6882
1691646942000,0.6882,0.6882,0.6882
1691646943000,0.6882,0.6882,0.6882
1691646944000,0.6881,0.6881,0.6881
1691646945000,0.6882,0.6882,0.6882
1691646946000,0.6882,0.6882,0.6882
1691646947000,0.6882,0.6882,0.6882
1691646948000,0.6882,0.6882,0.6882
1691646949000,0.68814076,0.68814076,0.68814076
1691646950000,0.68827176,0.68827176,0.68827176
1691646951000,0.6884,0.6884,0.6884
1691646952000,0.68834119,0.68834119,0.68834119
1691646953000,0.68834212,0.68834212,0.68834212
1691646954000,0.68834212,0.68834212,0.68834212
1691646955000,0.68834208,0.68834208,0.68834208
1691646956000,0.6884,0.6884,0.6884
1691646957000,0.6884,0.6884,0.6884
1691646958000,0.6884,0.6884,0.6884
1691646959000,0.68836507,0.68836507,0.68836507
1691646960000,0.6884,0.6884,0.6884
1691646961000,0.6884,0.6884,0.6884
1691646962000,0.6884,0.6884,0.6884
1691646963000,0.6884,0.6884,0.6884
1691646964000,0.6884,0.6884,0.6884
1691646965000,0.6884,0.6884,0.6884
1691646966000,0.6885,0.6885,0.6885
1691646967000,0.6885,0.6885,0.6885
1691646968000,0.68841463,0.68841463,0.68841463
1691646969000,0.6884137,0.6884137,0.6884137
1691646970000,0.6885,0.6885,0.6885
1691646971000,0.6885,0.6885,0.6885
1691646972000,0.6885,0.6885,0.6885
1691646973000,0.6885,0.6885,0.6885
1691646974000,0.6885,0.6885,0.6885
1691646975000,0.68856309,0.68856309,0.68856309
1691646976000,0.68869484,0.68869484,0.68869484
1691646977000,0.68868679,0.68868679,0.68868679
1691646978000,0.68868679,0.68868679,0.68868679
1691646979000,0.68871053,0.68871053,0.68871053
1691646980000,0.68870849,0.68870849,0.68870849
1691646981000,0.68870694,0.68870694,0.68870694
1691646982000,0.68870554,0.68870554,0.68870554
1691646983000,0.6887055,0.6887055,0.6887055
1691646984000,0.68870741,0.68870741,0.68870741
1691646985000,0.68870741,0.68870741,0.68870741
1691646986000,0.68870648,0.68870648,0.68870648
1691646987000,0.68870651,0.68870651,0.68870651
1691646988000,0.68870556,0.68870556,0.68870556
1691646989000,0.68870169,0.68870169,0.68870169
1691646990000,0.68870262,0.68870262,0.68870262
1691646991000,0.68862412,0.68862412,0.68862412
1691646992000,0.68862412,0.68862412,0.68862412
1691646993000,0.68861781,0.68861781,0.68861781
1691646994000,0.68855995,0.68855995,0.68855995
1691646995000,0.68855704,0.68855704,0.68855704
1691646996000,0.68855704,0.68855704,0.68855704
1691646997000,0.68855704,0.68855704,0.68855704
1691646998000,0.68855473,0.68855473,0.68855473
1691646999000,0.6885456,0.6885456,0.6885456
1691647000000,0.68854323,0.68854323,0.68854323
1691647001000,0.68854323,0.68854323,0.68854323
1691647002000,0.68850511,0.68850511,0.68850511
1691647003000,0.68850304,0.68850304,0.68850304
1691647004000,0.68850304,0.68850304,0.68850304
1691647005000,0.688503,0.688503,0.688503
1691647006000,0.688503,0.688503,0.688503
1691647007000,0.6882578,0.6882578,0.6882578
1691647008000,0.68825637,0.68825637,0.68825637
1691647009000,0.68824984,0.68824984,0.68824984
1691647010000,0.68824984,0.68824984,0.68824984
1691647011000,0.68824258,0.68824258,0.68824258
1691647012000,0.68824351,0.68824351,0.68824351
1691647013000,0.68824351,0.68824351,0.68824351
1691647014000,0.68824029,0.68824029,0.68824029
1691647015000,0.68824029,0.68824029,0.68824029
1691647016000,0.68824029,0.68824029,0.68824029
1691647017000,0.68824033,0.68824033,0.68824033
1691647018000,0.68824029,0.68824029,0.68824029
1691647019000,0.68825514,0.68825514,0.68825514
1691647020000,0.6883,0.6883,0.6883
1691647021000,0.6883,0.6883,0.6883
1691647022000,0.6883,0.6883,0.6883
1691647023000,0.6883,0.6883,0.6883
1691647024000,0.6884,0.6884,0.6884
1691647025000,0.6883,0.6883,0.6883
1691647026000,0.6884,0.6884,0.6884
1691647027000,0.68830902,0.68830902,0.68830902
1691647028000,0.68830902,0.68830902,0.68830902
1691647029000,0.68830993,0.68830993,0.68830993
1691647030000,0.68830665,0.68830665,0.68830665
1691647031000,0.68830758,0.68830758,0.68830758
1691647032000,0.68830758,0.68830758,0.68830758
1691647033000,0.68830758,0.68830758,0.68830758
1691647034000,0.68830677,0.68830677,0.68830677
1691647035000,0.68830677,0.68830677,0.68830677
1691647036000,0.68830721,0.68830721,0.68830721
1691647037000,0.68830721,0.68830721,0.68830721
1691647038000,0.68825315,0.68825315,0.68825315
1691647039000,0.6883,0.6883,0.6883
1691647040000,0.6883,0.6883,0.6883
1691647041000,0.6883,0.6883,0.6883
1691647042000,0.68830588,0.68830588,0.68830588
1691647043000,0.68830588,0.68830588,0.68830588
1691647044000,0.68830584,0.68830584,0.68830584
1691647045000,0.68830755,0.68830755,0.68830755
1691647046000,0.68830758,0.68830758,0.68830758
1691647047000,0.68831025,0.68831025,0.68831025
1691647048000,0.68831025,0.68831025,0.68831025
1691647049000,0.68831025,0.68831025,0.68831025
1691647050000,0.68831005,0.68831005,0.68831005
1691647051000,0.68830912,0.68830912,0.68830912
1691647052000,0.68830912,0.68830912,0.68830912
1691647053000,0.6884,0.6884,0.6884
1691647054000,0.68855815,0.68855815,0.68855815
1691647055000,0.68856147,0.68856147,0.68856147
1691647056000,0.6885,0.6885,0.6885
1691647057000,0.6885,0.6885,0.6885
1691647058000,0.6885,0.6885,0.6885
1691647059000,0.6885,0.6885,0.6885
1691647060000,0.6885,0.6885,0.6885
1691647061000,0.6885,0.6885,0.6885
1691647062000,0.6885,0.6885,0.6885
1691647063000,0.6885,0.6885,0.6885
1691647064000,0.6885,0.6885,0.6885
1691647065000,0.6885,0.6885,0.6885
1691647066000,0.6884,0.6884,0.6884
1691647067000,0.6884,0.6884,0.6884
1691647068000,0.6884,0.6884,0.6884
1691647069000,0.6884,0.6884,0.6884
1691647070000,0.6884,0.6884,0.6884
1691647071000,0.6884,0.6884,0.6884
1691647072000,0.6884,0.6884,0.6884
1691647073000,0.6884,0.6884,0.6884
1691647074000,0.68843115,0.68843115,0.68843115
1691647075000,0.68843115,0.68843115,0.68843115
1691647076000,0.68843338,0.68843338,0.68843338
1691647077000,0.68843431,0.68843431,0.68843431
1691647078000,0.68843431,0.68843431,0.68843431
1691647079000,0.68843431,0.68843431,0.68843431
1691647080000,0.68843431,0.68843431,0.68843431
1691647081000,0.68843817,0.68843817,0.68843817
1691647082000,0.68843817,0.68843817,0.68843817
1691647083000,0.68845439,0.68845439,0.68845439
1691647084000,0.68845439,0.68845439,0.68845439
1691647085000,0.68845346,0.68845346,0.68845346
1691647086000,0.68845555,0.68845555,0.68845555
1691647087000,0.68840792,0.68840792,0.68840792
1691647088000,0.68840792,0.68840792,0.68840792
1691647089000,0.68840792,0.68840792,0.68840792
1691647090000,0.68840788,0.68840788,0.68840788
1691647091000,0.68841048,0.68841048,0.68841048
1691647092000,0.68841048,0.68841048,0.68841048
1691647093000,0.6885,0.6885,0.6885
1691647094000,0.6885,0.6885,0.6885
1691647095000,0.68841044,0.68841044,0.68841044
1691647096000,0.68841024,0.68841024,0.68841024
1691647097000,0.68841114,0.68841114,0.68841114
1691647098000,0.68841114,0.68841114,0.68841114
1691647099000,0.68841207,0.68841207,0.68841207
1691647100000,0.68841207,0.68841207,0.68841207
1691647101000,0.68840446,0.68840446,0.68840446
1691647102000,0.68840509,0.68840509,0.68840509
1691647103000,0.68840509,0.68840509,0.68840509
1691647104000,0.68840509,0.68840509,0.68840509
1691647105000,0.68845914,0.68845914,0.68845914
1691647106000,0.68845914,0.68845914,0.68845914
1691647107000,0.68840302,0.68840302,0.68840302
1691647108000,0.68840302,0.68840302,0.68840302
1691647109000,0.68840306,0.68840306,0.68840306
1691647110000,0.68840306,0.68840306,0.68840306
1691647111000,0.68840306,0.68840306,0.68840306
1691647112000,0.68840283,0.68840283,0.68840283
1691647113000,0.68840283,0.68840283,0.68840283
1691647114000,0.68838661,0.68838661,0.68838661
1691647115000,0.68837039,0.68837039,0.68837039
1691647116000,0.68831634,0.68831634,0.68831634
1691647117000,0.68813297,0.68813297,0.68813297
1691647118000,0.68811773,0.68811773,0.68811773
1691647119000,0.68811773,0.68811773,0.68811773
1691647120000,0.68813297,0.68813297,0.68813297
1691647121000,0.68813301,0.68813301,0.68813301
1691647122000,0.68808154,0.68808154,0.68808154
1691647123000,0.68808158,0.68808158,0.68808158
1691647124000,0.68808158,0.68808158,0.68808158
1691647125000,0.68808158,0.68808158,0.68808158
1691647126000,0.68808158,0.68808158,0.68808158
1691647127000,0.68808158,0.68808158,0.68808158
1691647128000,0.68807885,0.68807885,0.68807885
1691647129000,0.68807885,0.68807885,0.68807885
1691647130000,0.68807885,0.68807885,0.68807885
1691647131000,0.68806138,0.68806138,0.68806138
1691647132000,0.68806138,0.68806138,0.68806138
1691647133000,0.68805489,0.68805489,0.68805489
1691647134000,0.6881,0.6881,0.6881
1691647135000,0.68811996,0.68811996,0.68811996
1691647136000,0.68811996,0.68811996,0.68811996
1691647137000,0.68812142,0.68812142,0.68812142
1691647138000,0.68812036,0.68812036,0.68812036
1691647139000,0.68812036,0.68812036,0.68812036
1691647140000,0.68812036,0.68812036,0.68812036
1691647141000,0.68812033,0.68812033,0.68812033
1691647142000,0.68812033,0.68812033,0.68812033
1691647143000,0.6881176,0.6881176,0.6881176
1691647144000,0.68811654,0.68811654,0.68811654
1691647145000,0.68811654,0.68811654,0.68811654
1691647146000,0.68811654,0.68811654,0.68811654
1691647147000,0.68811565,0.68811565,0.68811565
1691647148000,0.68811223,0.68811223,0.68811223
1691647149000,0.68811223,0.68811223,0.68811223
1691647150000,0.6881132,0.6881132,0.6881132
1691647151000,0.68811316,0.68811316,0.68811316
1691647152000,0.6881,0.6881,0.6881
1691647153000,0.6881,0.6881,0.6881
1691647154000,0.6881,0.6881,0.6881
1691647155000,0.6881,0.6881,0.6881
1691647156000,0.6881,0.6881,0.6881
1691647157000,0.6881,0.6881,0.6881
1691647158000,0.6881,0.6881,0.6881
1691647159000,0.68806053,0.68806053,0.68806053
1691647160000,0.68806053,0.68806053,0.68806053
1691647161000,0.68800647,0.68800647,0.68800647
1691647162000,0.68800644,0.68800644,0.68800644
1691647163000,0.68800546,0.68800546,0.68800546
1691647164000,0.6880035,0.6880035,0.6880035
1691647165000,0.6880035,0.6880035,0.6880035
1691647166000,0.6880035,0.6880035,0.6880035
1691647167000,0.68800346,0.68800346,0.68800346
1691647168000,0.68800212,0.68800212,0.68800212
1691647169000,0.68800016,0.68800016,0.68800016
1691647170000,0.68800012,0.68800012,0.68800012
1691647171000,0.68800016,0.68800016,0.68800016
1691647172000,0.6881,0.6881,0.6881
1691647173000,0.6881,0.6881,0.6881
1691647174000,0.6881,0.6881,0.6881
1691647175000,0.6881,0.6881,0.6881
1691647176000,0.6881,0.6881,0.6881
1691647177000,0.6881,0.6881,0.6881
1691647178000,0.6881,0.6881,0.6881
1691647179000,0.6881,0.6881,0.6881
1691647180000,0.6881,0.6881,0.6881
1691647181000,0.6881,0.6881,0.6881
1691647182000,0.6882,0.6882,0.6882
1691647183000,0.6882,0.6882,0.6882
1691647184000,0.6882,0.6882,0.6882
1691647185000,0.6882,0.6882,0.6882
1691647186000,0.6882,0.6882,0.6882
1691647187000,0.6882,0.6882,0.6882
1691647188000,0.6882,0.6882,0.6882
1691647189000,0.6882,0.6882,0.6882
1691647190000,0.6882,0.6882,0.6882
1691647191000,0.6881,0.6881,0.6881
1691647192000,0.6881,0.6881,0.6881
1691647193000,0.6881,0.6881,0.6881
1691647194000,0.6881,0.6881,0.6881
1691647195000,0.6881,0.6881,0.6881
1691647196000,0.6881,0.6881,0.6881
1691647197000,0.6881,0.6881,0.6881
1691647198000,0.6881,0.6881,0.6881
1691647199000,0.6881,0.6881,0.6881
1691647200000,0.6881,0.6881,0.6881
1691647201000,0.6881,0.6881,0.6881
1691647202000,0.6881,0.6881,0.6881
1691647203000,0.68801782,0.68801782,0.68801782
1691647204000,0.68801206,0.68801206,0.68801206
1691647205000,0.68801387,0.68801387,0.68801387
1691647206000,0.68801298,0.68801298,0.68801298
1691647207000,0.68801387,0.68801387,0.68801387
1691647208000,0.68801387,0.68801387,0.68801387
1691647209000,0.68801387,0.68801387,0.68801387
1691647210000,0.68801784,0.68801784,0.68801784
1691647211000,0.68801949,0.68801949,0.68801949
1691647212000,0.68801952,0.68801952,0.68801952
1691647213000,0.68801952,0.68801952,0.68801952
1691647214000,0.6881,0.6881,0.6881
1691647215000,0.6881,0.6881,0.6881
1691647216000,0.6881,0.6881,0.6881
1691647217000,0.6882,0.6882,0.6882
1691647218000,0.6882,0.6882,0.6882
1691647219000,0.6881,0.6881,0.6881
1691647220000,0.6881,0.6881,0.6881
1691647221000,0.6882,0.6882,0.6882
1691647222000,0.6881,0.6881,0.6881
1691647223000,0.6882,0.6882,0.6882
1691647224000,0.6882,0.6882,0.6882
1691647225000,0.6882,0.6882,0.6882
1691647226000,0.6882,0.6882,0.6882
1691647227000,0.68817554,0.68817554,0.68817554
1691647228000,0.68817461,0.68817461,0.68817461
1691647229000,0.68817465,0.68817465,0.68817465
1691647230000,0.68817465,0.68817465,0.68817465
1691647231000,0.68817471,0.68817471,0.68817471
1691647232000,0.68817471,0.68817471,0.68817471
1691647233000,0.68817378,0.68817378,0.68817378
1691647234000,0.68822783,0.68822783,0.68822783
1691647235000,0.68822783,0.68822783,0.68822783
1691647236000,0.68822945,0.68822945,0.68822945
1691647237000,0.68822497,0.68822497,0.68822497
1691647238000,0.68822493,0.68822493,0.68822493
1691647239000,0.68822493,0.68822493,0.68822493
1691647240000,0.68822639,0.68822639,0.68822639
1691647241000,0.68822639,0.68822639,0.68822639
1691647242000,0.68822375,0.68822375,0.68822375
1691647243000,0.68822375,0.68822375,0.68822375
1691647244000,0.68822375,0.68822375,0.68822375
1691647245000,0.68822375,0.68822375,0.68822375
1691647246000,0.68822387,0.68822387,0.68822387
1691647247000,0.68822209,0.68822209,0.68822209
1691647248000,0.6883,0.6883,0.6883
1691647249000,0.6883,0.6883,0.6883
1691647250000,0.6883,0.6883,0.6883
1691647251000,0.68833352,0.68833352,0.68833352
1691647252000,0.68833407,0.68833407,0.68833407
1691647253000,0.68835028,0.68835028,0.68835028
1691647254000,0.68835028,0.68835028,0.68835028
1691647255000,0.68835028,0.68835028,0.68835028
1691647256000,0.68835146,0.68835146,0.68835146
1691647257000,0.68835107,0.68835107,0.68835107
1691647258000,0.68835107,0.68835107,0.68835107
1691647259000,0.68835103,0.68835103,0.68835103
1691647260000,0.6884,0.6884,0.6884
1691647261000,0.6884,0.6884,0.6884
1691647262000,0.6884,0.6884,0.6884
1691647263000,0.6884,0.6884,0.6884
1691647264000,0.6884,0.6884,0.6884
1691647265000,0.6884294,0.6884294,0.6884294
1691647266000,0.6884294,0.6884294,0.6884294
1691647267000,0.68838142,0.68838142,0.68838142
1691647268000,0.68837868,0.68837868,0.68837868
1691647269000,0.6884,0.6884,0.6884
1691647270000,0.6884,0.6884,0.6884
1691647271000,0.6884,0.6884,0.6884
1691647272000,0.68842084,0.68842084,0.68842084
1691647273000,0.6885,0.6885,0.6885
1691647274000,0.6885,0.6885,0.6885
1691647275000,0.6885,0.6885,0.6885
1691647276000,0.6885,0.6885,0.6885
1691647277000,0.68842191,0.68842191,0.68842191
1691647278000,0.68842058,0.68842058,0.68842058
1691647279000,0.6884,0.6884,0.6884
1691647280000,0.6884,0.6884,0.6884
1691647281000,0.6884,0.6884,0.6884
1691647282000,0.6884,0.6884,0.6884
1691647283000,0.6884,0.6884,0.6884
1691647284000,0.6884,0.6884,0.6884
1691647285000,0.6884,0.6884,0.6884
1691647286000,0.6884,0.6884,0.6884
1691647287000,0.68835278,0.68835278,0.68835278
1691647288000,0.68835337,0.68835337,0.68835337
1691647289000,0.68835337,0.68835337,0.68835337
1691647290000,0.68835337,0.68835337,0.68835337
1691647291000,0.68835337,0.68835337,0.68835337
1691647292000,0.68835025,0.68835025,0.68835025
1691647293000,0.68835025,0.68835025,0.68835025
1691647294000,0.6883491,0.6883491,0.6883491
1691647295000,0.68834914,0.68834914,0.68834914
1691647296000,0.68834914,0.68834914,0.68834914
1691647297000,0.68835076,0.68835076,0.68835076
1691647298000,0.68835076,0.68835076,0.68835076
1691647299000,0.68835059,0.68835059,0.68835059
1691647300000,0.68835059,0.68835059,0.68835059
1691647301000,0.68835054,0.68835054,0.68835054
1691647302000,0.68835054,0.68835054,0.68835054
1691647303000,0.68834958,0.68834958,0.68834958
1691647304000,0.68834919,0.68834919,0.68834919
1691647305000,0.6884,0.6884,0.6884
1691647306000,0.6884,0.6884,0.6884
1691647307000,0.6884,0.6884,0.6884
1691647308000,0.68841205,0.68841205,0.68841205
1691647309000,0.68841271,0.68841271,0.68841271
1691647310000,0.68841937,0.68841937,0.68841937
1691647311000,0.68841937,0.68841937,0.68841937
1691647312000,0.68841856,0.68841856,0.68841856
1691647313000,0.68841949,0.68841949,0.68841949
1691647314000,0.68841801,0.68841801,0.68841801
1691647315000,0.68841704,0.68841704,0.68841704
1691647316000,0.6885,0.6885,0.6885
1691647317000,0.68843021,0.68843021,0.68843021
1691647318000,0.6885,0.6885,0.6885
1691647319000,0.6886,0.6886,0.6886
1691647320000,0.6886,0.6886,0.6886
1691647321000,0.6886,0.6886,0.6886
1691647322000,0.6886,0.6886,0.6886
1691647323000,0.6887,0.6887,0.6887
1691647324000,0.6886,0.6886,0.6886
1691647325000,0.6886,0.6886,0.6886
1691647326000,0.6887,0.6887,0.6887
1691647327000,0.6887,0.6887,0.6887
1691647328000,0.6887,0.6887,0.6887
1691647329000,0.6887,0.6887,0.6887
1691647330000,0.6887,0.6887,0.6887
1691647331000,0.68877331,0.68877331,0.68877331
1691647332000,0.68889025,0.68889025,0.68889025
1691647333000,0.6889,0.6889,0.6889
1691647334000,0.6889,0.6889,0.6889
1691647335000,0.68890288,0.68890288,0.68890288
1691647336000,0.68900141,0.68900141,0.68900141
1691647337000,0.68900141,0.68900141,0.68900141
1691647338000,0.68900409,0.68900409,0.68900409
1691647339000,0.68900409,0.68900409,0.68900409
1691647340000,0.68900414,0.68900414,0.68900414
1691647341000,0.68900321,0.68900321,0.68900321
1691647342000,0.68900414,0.68900414,0.68900414
1691647343000,0.68900321,0.68900321,0.68900321
1691647344000,0.68900321,0.68900321,0.68900321
1691647345000,0.68900321,0.68900321,0.68900321
1691647346000,0.6890031,0.6890031,0.6890031
1691647347000,0.68900912,0.68900912,0.68900912
1691647348000,0.68895674,0.68895674,0.68895674
1691647349000,0.6889567,0.6889567,0.6889567
1691647350000,0.68895674,0.68895674,0.68895674
1691647351000,0.68900911,0.68900911,0.68900911
1691647352000,0.68896344,0.68896344,0.68896344
1691647353000,0.68896344,0.68896344,0.68896344
1691647354000,0.68896344,0.68896344,0.68896344
1691647355000,0.68896344,0.68896344,0.68896344
1691647356000,0.68896503,0.68896503,0.68896503
1691647357000,0.6889641,0.6889641,0.6889641
1691647358000,0.68896531,0.68896531,0.68896531
1691647359000,0.68896625,0.68896625,0.68896625
1691647360000,0.689,0.689,0.689
1691647361000,0.689,0.689,0.689
1691647362000,0.689,0.689,0.689
1691647363000,0.689,0.689,0.689
1691647364000,0.689,0.689,0.689
1691647365000,0.689,0.689,0.689
1691647366000,0.689,0.689,0.689
1691647367000,0.68891384,0.68891384,0.68891384
1691647368000,0.68890962,0.68890962,0.68890962
1691647369000,0.689,0.689,0.689
1691647370000,0.689,0.689,0.689
1691647371000,0.689,0.689,0.689
1691647372000,0.689,0.689,0.689
1691647373000,0.68890872,0.68890872,0.68890872
1691647374000,0.689,0.689,0.689
1691647375000,0.68890728,0.68890728,0.68890728
1691647376000,0.689,0.689,0.689
1691647377000,0.689,0.689,0.689
1691647378000,0.689,0.689,0.689
1691647379000,0.689,0.689,0.689
1691647380000,0.689,0.689,0.689
1691647381000,0.68904262,0.68904262,0.68904262
1691647382000,0.6890413,0.6890413,0.6890413
1691647383000,0.68904288,0.68904288,0.68904288
1691647384000,0.68904288,0.68904288,0.68904288
1691647385000,0.68904195,0.68904195,0.68904195
1691647386000,0.68904195,0.68904195,0.68904195
1691647387000,0.68904089,0.68904089,0.68904089
1691647388000,0.68904134,0.68904134,0.68904134
1691647389000,0.68904134,0.68904134,0.68904134
1691647390000,0.68904134,0.68904134,0.68904134
1691647391000,0.6890218,0.6890218,0.6890218
1691647392000,0.6890181,0.6890181,0.6890181
1691647393000,0.68901782,0.68901782,0.68901782
1691647394000,0.6891,0.6891,0.6891
1691647395000,0.68901875,0.68901875,0.68901875
1691647396000,0.68907281,0.68907281,0.68907281
1691647397000,0.68907037,0.68907037,0.68907037
1691647398000,0.68907037,0.68907037,0.68907037
1691647399000,0.68907162,0.68907162,0.68907162
1691647400000,0.68903379,0.68903379,0.68903379
1691647401000,0.6891,0.6891,0.6891
1691647402000,0.68914228,0.68914228,0.68914228
1691647403000,0.68914053,0.68914053,0.68914053
1691647404000,0.6892,0.6892,0.6892
1691647405000,0.6892,0.6892,0.6892
1691647406000,0.68914394,0.68914394,0.68914394
1691647407000,0.6892,0.6892,0.6892
1691647408000,0.6892,0.6892,0.6892
1691647409000,0.6892,0.6892,0.6892
1691647410000,0.6892,0.6892,0.6892
1691647411000,0.68914481,0.68914481,0.68914481
1691647412000,0.6892,0.6892,0.6892
1691647413000,0.6892,0.6892,0.6892
1691647414000,0.6892002,0.6892002,0.6892002
1691647415000,0.6892,0.6892,0.6892
1691647416000,0.6892,0.6892,0.6892
1691647417000,0.6892,0.6892,0.6892
1691647418000,0.68920145,0.68920145,0.68920145
1691647419000,0.68920145,0.68920145,0.68920145
1691647420000,0.68920226,0.68920226,0.68920226
1691647421000,0.68920226,0.68920226,0.68920226
1691647422000,0.68921844,0.68921844,0.68921844
1691647423000,0.68926964,0.68926964,0.68926964
1691647424000,0.6893,0.6893,0.6893
1691647425000,0.6893,0.6893,0.6893
1691647426000,0.6893,0.6893,0.6893
1691647427000,0.6893,0.6893,0.6893
1691647428000,0.6893,0.6893,0.6893
1691647429000,0.6893,0.6893,0.6893
1691647430000,0.68927624,0.68927624,0.68927624
1691647431000,0.68927624,0.68927624,0.68927624
1691647432000,0.68927848,0.68927848,0.68927848
1691647433000,0.68927759,0.68927759,0.68927759
1691647434000,0.68927755,0.68927755,0.68927755
1691647435000,0.68927751,0.68927751,0.68927751
1691647436000,0.68927658,0.68927658,0.68927658
1691647437000,0.68924415,0.68924415,0.68924415
1691647438000,0.68924415,0.68924415,0.68924415
1691647439000,0.68924117,0.68924117,0.68924117
1691647440000,0.68924243,0.68924243,0.68924243
1691647441000,0.68924247,0.68924247,0.68924247
1691647442000,0.68924243,0.68924243,0.68924243
1691647443000,0.68924243,0.68924243,0.68924243
1691647444000,0.68918762,0.68918762,0.68918762
1691647445000,0.68918762,0.68918762,0.68918762
1691647446000,0.68918697,0.68918697,0.68918697
1691647447000,0.68918558,0.68918558,0.68918558
1691647448000,0.68918651,0.68918651,0.68918651
1691647449000,0.68918332,0.68918332,0.68918332
1691647450000,0.68918125,0.68918125,0.68918125
1691647451000,0.68918036,0.68918036,0.68918036
1691647452000,0.68912627,0.68912627,0.68912627
1691647453000,0.68912627,0.68912627,0.68912627
1691647454000,0.68906907,0.68906907,0.68906907
1691647455000,0.68917414,0.68917414,0.68917414
1691647456000,0.68917414,0.68917414,0.68917414
1691647457000,0.6892,0.6892,0.6892
1691647458000,0.6892,0.6892,0.6892
1691647459000,0.6892,0.6892,0.6892
1691647460000,0.6892,0.6892,0.6892
1691647461000,0.6892,0.6892,0.6892
1691647462000,0.68917633,0.68917633,0.68917633
1691647463000,0.68917637,0.68917637,0.68917637
1691647464000,0.68917637,0.68917637,0.68917637
1691647465000,0.68917658,0.68917658,0.68917658
1691647466000,0.68917662,0.68917662,0.68917662
1691647467000,0.68917662,0.68917662,0.68917662
1691647468000,0.68917658,0.68917658,0.68917658
1691647469000,0.68916037,0.68916037,0.68916037
1691647470000,0.6892,0.6892,0.6892
1691647471000,0.6892,0.6892,0.6892
1691647472000,0.68917737,0.68917737,0.68917737
1691647473000,0.68917643,0.68917643,0.68917643
1691647474000,0.68917647,0.68917647,0.68917647
1691647475000,0.68917486,0.68917486,0.68917486
1691647476000,0.68917596,0.68917596,0.68917596
1691647477000,0.68917503,0.68917503,0.68917503
1691647478000,0.68917503,0.68917503,0.68917503
1691647479000,0.68917503,0.68917503,0.68917503
1691647480000,0.68919036,0.68919036,0.68919036
1691647481000,0.68924442,0.68924442,0.68924442
1691647482000,0.68926067,0.68926067,0.68926067
1691647483000,0.68926067,0.68926067,0.68926067
1691647484000,0.6893,0.6893,0.6893
1691647485000,0.6893,0.6893,0.6893
1691647486000,0.6893,0.6893,0.6893
1691647487000,0.6893,0.6893,0.6893
1691647488000,0.6893,0.6893,0.6893
1691647489000,0.6893,0.6893,0.6893
1691647490000,0.68925999,0.68925999,0.68925999
1691647491000,0.68920302,0.68920302,0.68920302
1691647492000,0.68920249,0.68920249,0.68920249
1691647493000,0.68920249,0.68920249,0.68920249
1691647494000,0.68920342,0.68920342,0.68920342
1691647495000,0.68920342,0.68920342,0.68920342
1691647496000,0.68920359,0.68920359,0.68920359
1691647497000,0.68920359,0.68920359,0.68920359
1691647498000,0.68920359,0.68920359,0.68920359
1691647499000,0.68920359,0.68920359,0.68920359
1691647500000,0.68920359,0.68920359,0.68920359
1691647501000,0.68920247,0.68920247,0.68920247
1691647502000,0.68920178,0.68920178,0.68920178
1691647503000,0.68920178,0.68920178,0.68920178
1691647504000,0.68920174,0.68920174,0.68920174
1691647505000,0.68920178,0.68920178,0.68920178
1691647506000,0.68924807,0.68924807,0.68924807
1691647507000,0.68923185,0.68923185,0.68923185
1691647508000,0.68917273,0.68917273,0.68917273
1691647509000,0.68911623,0.68911623,0.68911623
1691647510000,0.68911623,0.68911623,0.68911623
1691647511000,0.68906825,0.68906825,0.68906825
1691647512000,0.68906429,0.68906429,0.68906429
1691647513000,0.68906333,0.68906333,0.68906333
1691647514000,0.68906333,0.68906333,0.68906333
1691647515000,0.68906333,0.68906333,0.68906333
1691647516000,0.68901468,0.68901468,0.68901468
1691647517000,0.6889551,0.6889551,0.6889551
1691647518000,0.6889551,0.6889551,0.6889551
1691647519000,0.6889551,0.6889551,0.6889551
1691647520000,0.68895514,0.68895514,0.68895514
1691647521000,0.6889551,0.6889551,0.6889551
1691647522000,0.68900535,0.68900535,0.68900535
1691647523000,0.68900535,0.68900535,0.68900535
1691647524000,0.68900171,0.68900171,0.68900171
1691647525000,0.6891,0.6891,0.6891
1691647526000,0.68921252,0.68921252,0.68921252
1691647527000,0.68921446,0.68921446,0.68921446
1691647528000,0.68915542,0.68915542,0.68915542
1691647529000,0.68915635,0.68915635,0.68915635
1691647530000,0.68915546,0.68915546,0.68915546
1691647531000,0.68915542,0.68915542,0.68915542
1691647532000,0.68912888,0.68912888,0.68912888
1691647533000,0.68912884,0.68912884,0.68912884
1691647534000,0.68912888,0.68912888,0.68912888
1691647535000,0.68912884,0.68912884,0.68912884
1691647536000,0.68912884,0.68912884,0.68912884
1691647537000,0.68912791,0.68912791,0.68912791
1691647538000,0.68912791,0.68912791,0.68912791
1691647539000,0.68912791,0.68912791,0.68912791
1691647540000,0.68912884,0.68912884,0.68912884
1691647541000,0.68907479,0.68907479,0.68907479
1691647542000,0.68907014,0.68907014,0.68907014
1691647543000,0.68901253,0.68901253,0.68901253
1691647544000,0.68901164,0.68901164,0.68901164
1691647545000,0.68901164,0.68901164,0.68901164
1691647546000,0.68901076,0.68901076,0.68901076
1691647547000,0.68900824,0.68900824,0.68900824
1691647548000,0.68900204,0.68900204,0.68900204
1691647549000,0.68900204,0.68900204,0.68900204
1691647550000,0.68896961,0.68896961,0.68896961
1691647551000,0.68896961,0.68896961,0.68896961
1691647552000,0.68896785,0.68896785,0.68896785
1691647553000,0.68896455,0.68896455,0.68896455
1691647554000,0.68896362,0.68896362,0.68896362
1691647555000,0.68896362,0.68896362,0.68896362
1691647556000,0.68896264,0.68896264,0.68896264
1691647557000,0.68896227,0.68896227,0.68896227
1691647558000,0.68895979,0.68895979,0.68895979
1691647559000,0.68900894,0.68900894,0.68900894
1691647560000,0.68900894,0.68900894,0.68900894
1691647561000,0.68900894,0.68900894,0.68900894
1691647562000,0.68900898,0.68900898,0.68900898
1691647563000,0.68895132,0.68895132,0.68895132
1691647564000,0.68895035,0.68895035,0.68895035
1691647565000,0.68888859,0.68888859,0.68888859
1691647566000,0.68882524,0.68882524,0.68882524
1691647567000,0.68876441,0.68876441,0.68876441
1691647568000,0.68876441,0.68876441,0.68876441
1691647569000,0.68870146,0.68870146,0.68870146
1691647570000,0.68869817,0.68869817,0.68869817
1691647571000,0.68865439,0.68865439,0.68865439
1691647572000,0.68865436,0.68865436,0.68865436
1691647573000,0.68865439,0.68865439,0.68865439
1691647574000,0.68864727,0.68864727,0.68864727
1691647575000,0.68864727,0.68864727,0.68864727
1691647576000,0.68869294,0.68869294,0.68869294
1691647577000,0.68858677,0.68858677,0.68858677
1691647578000,0.68858677,0.68858677,0.68858677
1691647579000,0.68858184,0.68858184,0.68858184
1691647580000,0.68858104,0.68858104,0.68858104
1691647581000,0.68858104,0.68858104,0.68858104
1691647582000,0.68858104,0.68858104,0.68858104
1691647583000,0.68858104,0.68858104,0.68858104
1691647584000,0.68838645,0.68838645,0.68838645
1691647585000,0.68838645,0.68838645,0.68838645
1691647586000,0.68838645,0.68838645,0.68838645
1691647587000,0.68838645,0.68838645,0.68838645
1691647588000,0.68838645,0.68838645,0.68838645
1691647589000,0.68838198,0.68838198,0.68838198
1691647590000,0.68842846,0.68842846,0.68842846
1691647591000,0.68842846,0.68842846,0.68842846
1691647592000,0.68842846,0.68842846,0.68842846
1691647593000,0.68842846,0.68842846,0.68842846
1691647594000,0.68842766,0.68842766,0.68842766
1691647595000,0.68842577,0.68842577,0.68842577
1691647596000,0.68842577,0.68842577,0.68842577
1691647597000,0.6884258,0.6884258,0.6884258
1691647598000,0.6884258,0.6884258,0.6884258
1691647599000,0.68842577,0.68842577,0.68842577
1691647600000,0.68842303,0.68842303,0.68842303
1691647601000,0.68842303,0.68842303,0.68842303
1691647602000,0.68842226,0.68842226,0.68842226
1691647603000,0.68842226,0.68842226,0.68842226
1691647604000,0.68843771,0.68843771,0.68843771
1691647605000,0.68843497,0.68843497,0.68843497
1691647606000,0.68843497,0.68843497,0.68843497
1691647607000,0.68843497,0.68843497,0.68843497
1691647608000,0.68838849,0.68838849,0.68838849
1691647609000,0.68838486,0.68838486,0.68838486
1691647610000,0.68837855,0.68837855,0.68837855
1691647611000,0.68842426,0.68842426,0.68842426
1691647612000,0.68842423,0.68842423,0.68842423
1691647613000,0.68842423,0.68842423,0.68842423
1691647614000,0.68842364,0.68842364,0.68842364
1691647615000,0.68841854,0.68841854,0.68841854
1691647616000,0.68841858,0.68841858,0.68841858
1691647617000,0.68841858,0.68841858,0.68841858
1691647618000,0.68841854,0.68841854,0.68841854
1691647619000,0.68843623,0.68843623,0.68843623
1691647620000,0.68843623,0.68843623,0.68843623
1691647621000,0.68842686,0.68842686,0.68842686
1691647622000,0.68842686,0.68842686,0.68842686
1691647623000,0.68842686,0.68842686,0.68842686
1691647624000,0.68842686,0.68842686,0.68842686
1691647625000,0.68837606,0.68837606,0.68837606
1691647626000,0.68837006,0.68837006,0.68837006
1691647627000,0.68837006,0.68837006,0.68837006
1691647628000,0.68837006,0.68837006,0.68837006
1691647629000,0.68837006,0.68837006,0.68837006
1691647630000,0.68837128,0.68837128,0.68837128
1691647631000,0.68836071,0.68836071,0.68836071
1691647632000,0.68840355,0.68840355,0.68840355
1691647633000,0.68840355,0.68840355,0.68840355
1691647634000,0.68840349,0.68840349,0.68840349
1691647635000,0.68835345,0.68835345,0.68835345
1691647636000,0.68834841,0.68834841,0.68834841
1691647637000,0.68824513,0.68824513,0.68824513
1691647638000,0.68824433,0.68824433,0.68824433
1691647639000,0.68824433,0.68824433,0.68824433
1691647640000,0.68824279,0.68824279,0.68824279
1691647641000,0.68823476,0.68823476,0.68823476
1691647642000,0.68823476,0.68823476,0.68823476
1691647643000,0.68818905,0.68818905,0.68818905
1691647644000,0.68814691,0.68814691,0.68814691
1691647645000,0.68814688,0.68814688,0.68814688
1691647646000,0.6881402,0.6881402,0.6881402
1691647647000,0.6881402,0.6881402,0.6881402
1691647648000,0.6881402,0.6881402,0.6881402
1691647649000,0.68818675,0.68818675,0.68818675
1691647650000,0.68818326,0.68818326,0.68818326
1691647651000,0.68818326,0.68818326,0.68818326
1691647652000,0.68817686,0.68817686,0.68817686
1691647653000,0.68817686,0.68817686,0.68817686
1691647654000,0.68817689,0.68817689,0.68817689
1691647655000,0.68817606,0.68817606,0.68817606
1691647656000,0.68817459,0.68817459,0.68817459
1691647657000,0.68812185,0.68812185,0.68812185
1691647658000,0.68812262,0.68812262,0.68812262
1691647659000,0.68812265,0.68812265,0.68812265
1691647660000,0.68812112,0.68812112,0.68812112
1691647661000,0.68812112,0.68812112,0.68812112
1691647662000,0.68811665,0.68811665,0.68811665
1691647663000,0.68811662,0.68811662,0.68811662
1691647664000,0.68811582,0.68811582,0.68811582
1691647665000,0.68806739,0.68806739,0.68806739
1691647666000,0.68805697,0.68805697,0.68805697
1691647667000,0.68804994,0.68804994,0.68804994
1691647668000,0.68804997,0.68804997,0.68804997
1691647669000,0.68804997,0.68804997,0.68804997
1691647670000,0.68804973,0.68804973,0.68804973
1691647671000,0.68804973,0.68804973,0.68804973
1691647672000,0.6880428,0.6880428,0.6880428
1691647673000,0.6880428,0.6880428,0.6880428
1691647674000,0.6880428,0.6880428,0.6880428
1691647675000,0.68804088,0.68804088,0.68804088
1691647676000,0.68804088,0.68804088,0.68804088
1691647677000,0.68804088,0.68804088,0.68804088
1691647678000,0.68803052,0.68803052,0.68803052
1691647679000,0.68803132,0.68803132,0.68803132
1691647680000,0.68802749,0.68802749,0.68802749
1691647681000,0.68802749,0.68802749,0.68802749
1691647682000,0.68802749,0.68802749,0.68802749
1691647683000,0.68800473,0.68800473,0.68800473
1691647684000,0.68800473,0.68800473,0.68800473
1691647685000,0.68800466,0.68800466,0.68800466
1691647686000,0.68800466,0.68800466,0.68800466
1691647687000,0.68800466,0.68800466,0.68800466
1691647688000,0.68799867,0.68799867,0.68799867
1691647689000,0.68799867,0.68799867,0.68799867
1691647690000,0.68799867,0.68799867,0.68799867
1691647691000,0.68799762,0.68799762,0.68799762
1691647692000,0.68799842,0.68799842,0.68799842
1691647693000,0.68799245,0.68799245,0.68799245
1691647694000,0.68800641,0.68800641,0.68800641
1691647695000,0.68800641,0.68800641,0.68800641
1691647696000,0.68800641,0.68800641,0.68800641
1691647697000,0.68800449,0.68800449,0.68800449
1691647698000,0.68799963,0.68799963,0.68799963
1691647699000,0.68799883,0.68799883,0.68799883
1691647700000,0.68804964,0.68804964,0.68804964
1691647701000,0.68805086,0.68805086,0.68805086
1691647702000,0.68805006,0.68805006,0.68805006
1691647703000,0.68805006,0.68805006,0.68805006
1691647704000,0.68804635,0.68804635,0.68804635
1691647705000,0.68804635,0.68804635,0.68804635
1691647706000,0.68804726,0.68804726,0.68804726
1691647707000,0.68804729,0.68804729,0.68804729
1691647708000,0.68804726,0.68804726,0.68804726
1691647709000,0.68804208,0.68804208,0.68804208
1691647710000,0.68804208,0.68804208,0.68804208
1691647711000,0.68804344,0.68804344,0.68804344
1691647712000,0.6880426,0.6880426,0.6880426
1691647713000,0.6880434,0.6880434,0.6880434
1691647714000,0.68803825,0.68803825,0.68803825
1691647715000,0.68803825,0.68803825,0.68803825
1691647716000,0.68803825,0.68803825,0.68803825
1691647717000,0.68799195,0.68799195,0.68799195
1691647718000,0.68799195,0.68799195,0.68799195
1691647719000,0.68798765,0.68798765,0.68798765
1691647720000,0.68798768,0.68798768,0.68798768
1691647721000,0.68798688,0.68798688,0.68798688
1691647722000,0.68798688,0.68798688,0.68798688
1691647723000,0.68798691,0.68798691,0.68798691
1691647724000,0.68798339,0.68798339,0.68798339
1691647725000,0.68798339,0.68798339,0.68798339
1691647726000,0.68798468,0.68798468,0.68798468
1691647727000,0.688032,0.688032,0.688032
1691647728000,0.688032,0.688032,0.688032
1691647729000,0.68802802,0.68802802,0.68802802
1691647730000,0.68802799,0.68802799,0.68802799
1691647731000,0.68802646,0.68802646,0.68802646
1691647732000,0.68802646,0.68802646,0.68802646
1691647733000,0.68802646,0.68802646,0.68802646
1691647734000,0.68802646,0.68802646,0.68802646
1691647735000,0.68803728,0.68803728,0.68803728
1691647736000,0.68803731,0.68803731,0.68803731
1691647737000,0.68803731,0.68803731,0.68803731
1691647738000,0.68803822,0.68803822,0.68803822
1691647739000,0.68803822,0.68803822,0.68803822
1691647740000,0.68803494,0.68803494,0.68803494
1691647741000,0.68803491,0.68803491,0.68803491
1691647742000,0.68803428,0.68803428,0.68803428
1691647743000,0.68803431,0.68803431,0.68803431
1691647744000,0.68803428,0.68803428,0.68803428
1691647745000,0.68803045,0.68803045,0.68803045
1691647746000,0.68803045,0.68803045,0.68803045
1691647747000,0.68803045,0.68803045,0.68803045
1691647748000,0.688,0.688,0.688
1691647749000,0.688,0.688,0.688
1691647750000,0.688,0.688,0.688
1691647751000,0.688,0.688,0.688
1691647752000,0.68797436,0.68797436,0.68797436
1691647753000,0.68797436,0.68797436,0.68797436
1691647754000,0.68797436,0.68797436,0.68797436
1691647755000,0.68797384,0.68797384,0.68797384
1691647756000,0.688,0.688,0.688
1691647757000,0.6881,0.6881,0.6881
1691647758000,0.6881,0.6881,0.6881
1691647759000,0.688,0.688,0.688
1691647760000,0.688,0.688,0.688
1691647761000,0.688,0.688,0.688
1691647762000,0.688,0.688,0.688
1691647763000,0.688,0.688,0.688
1691647764000,0.688,0.688,0.688
1691647765000,0.688,0.688,0.688
1691647766000,0.688,0.688,0.688
1691647767000,0.688,0.688,0.688
1691647768000,0.688,0.688,0.688
1691647769000,0.68801299,0.68801299,0.68801299
1691647770000,0.68801299,0.68801299,0.68801299
1691647771000,0.68801072,0.68801072,0.68801072
1691647772000,0.68801162,0.68801162,0.68801162
1691647773000,0.68801166,0.68801166,0.68801166
1691647774000,0.68801162,0.68801162,0.68801162
1691647775000,0.68801162,0.68801162,0.68801162
1691647776000,0.68800687,0.68800687,0.68800687
1691647777000,0.6881,0.6881,0.6881
1691647778000,0.6881,0.6881,0.6881
1691647779000,0.6881,0.6881,0.6881
1691647780000,0.6881,0.6881,0.6881
1691647781000,0.6883,0.6883,0.6883
1691647782000,0.6883,0.6883,0.6883
1691647783000,0.6883,0.6883,0.6883
1691647784000,0.6883,0.6883,0.6883
1691647785000,0.6883,0.6883,0.6883
1691647786000,0.6883,0.6883,0.6883
1691647787000,0.6883,0.6883,0.6883
1691647788000,0.6882,0.6882,0.6882
1691647789000,0.6882,0.6882,0.6882
1691647790000,0.6882,0.6882,0.6882
1691647791000,0.6882,0.6882,0.6882
1691647792000,0.6882,0.6882,0.6882
1691647793000,0.6882,0.6882,0.6882
1691647794000,0.6882,0.6882,0.6882
1691647795000,0.6882,0.6882,0.6882
1691647796000,0.6882,0.6882,0.6882
1691647797000,0.6882,0.6882,0.6882
1691647798000,0.68812581,0.68812581,0.68812581
1691647799000,0.68813896,0.68813896,0.68813896
1691647800000,0.68813896,0.68813896,0.68813896
1691647801000,0.6882,0.6882,0.6882
1691647802000,0.6882,0.6882,0.6882
1691647803000,0.6882,0.6882,0.6882
1691647804000,0.6882,0.6882,0.6882
1691647805000,0.6882,0.6882,0.6882
1691647806000,0.6882,0.6882,0.6882
1691647807000,0.6882,0.6882,0.6882
1691647808000,0.6882,0.6882,0.6882
1691647809000,0.6882,0.6882,0.6882
1691647810000,0.6882,0.6882,0.6882
1691647811000,0.6882,0.6882,0.6882
1691647812000,0.6882,0.6882,0.6882
1691647813000,0.6882,0.6882,0.6882
1691647814000,0.6882,0.6882,0.6882
1691647815000,0.6882,0.6882,0.6882
1691647816000,0.6882,0.6882,0.6882
1691647817000,0.6882,0.6882,0.6882
1691647818000,0.6882,0.6882,0.6882
1691647819000,0.6882,0.6882,0.6882
1691647820000,0.6882,0.6882,0.6882
1691647821000,0.6882,0.6882,0.6882
1691647822000,0.6881,0.6881,0.6881
1691647823000,0.6881,0.6881,0.6881
1691647824000,0.6882,0.6882,0.6882
1691647825000,0.6882,0.6882,0.6882
1691647826000,0.6882,0.6882,0.6882
1691647827000,0.6882,0.6882,0.6882
1691647828000,0.6882,0.6882,0.6882
1691647829000,0.6882,0.6882,0.6882
1691647830000,0.6882,0.6882,0.6882
1691647831000,0.6881,0.6881,0.6881
1691647832000,0.6882,0.6882,0.6882
1691647833000,0.6882,0.6882,0.6882
1691647834000,0.6882,0.6882,0.6882
1691647835000,0.6882,0.6882,0.6882
1691647836000,0.6882,0.6882,0.6882
1691647837000,0.6882,0.6882,0.6882
1691647838000,0.6882,0.6882,0.6882
1691647839000,0.6882,0.6882,0.6882
1691647840000,0.6881246,0.6881246,0.6881246
1691647841000,0.68812457,0.68812457,0.68812457
1691647842000,0.68812457,0.68812457,0.68812457
1691647843000,0.68812537,0.68812537,0.68812537
1691647844000,0.68812466,0.68812466,0.68812466
1691647845000,0.68812466,0.68812466,0.68812466
1691647846000,0.68812386,0.68812386,0.68812386
1691647847000,0.68812383,0.68812383,0.68812383
1691647848000,0.68812383,0.68812383,0.68812383
1691647849000,0.68812248,0.68812248,0.68812248
1691647850000,0.68812248,0.68812248,0.68812248
1691647851000,0.68813644,0.68813644,0.68813644
1691647852000,0.68813644,0.68813644,0.68813644
1691647853000,0.68813644,0.68813644,0.68813644
1691647854000,0.68813491,0.68813491,0.68813491
1691647855000,0.68813491,0.68813491,0.68813491
1691647856000,0.68813491,0.68813491,0.68813491
1691647857000,0.6882,0.6882,0.6882
1691647858000,0.68817616,0.68817616,0.68817616
1691647859000,0.68817257,0.68817257,0.68817257
1691647860000,0.68817257,0.68817257,0.68817257
1691647861000,0.6884,0.6884,0.6884
1691647862000,0.6884,0.6884,0.6884
1691647863000,0.6884,0.6884,0.6884
1691647864000,0.6884,0.6884,0.6884
1691647865000,0.6884,0.6884,0.6884
1691647866000,0.6884,0.6884,0.6884
1691647867000,0.6884,0.6884,0.6884
1691647868000,0.6884,0.6884,0.6884
1691647869000,0.6884,0.6884,0.6884
1691647870000,0.6884,0.6884,0.6884
1691647871000,0.6884,0.6884,0.6884
1691647872000,0.6884,0.6884,0.6884
1691647873000,0.6884,0.6884,0.6884
1691647874000,0.6884,0.6884,0.6884
1691647875000,0.6883,0.6883,0.6883
1691647876000,0.6883,0.6883,0.6883
1691647877000,0.6883,0.6883,0.6883
1691647878000,0.6883,0.6883,0.6883
1691647879000,0.6883,0.6883,0.6883
1691647880000,0.6883,0.6883,0.6883
1691647881000,0.6883,0.6883,0.6883
1691647882000,0.6883,0.6883,0.6883
1691647883000,0.6883,0.6883,0.6883
1691647884000,0.6883,0.6883,0.6883
1691647885000,0.6883,0.6883,0.6883
1691647886000,0.6883,0.6883,0.6883
1691647887000,0.6883,0.6883,0.6883
1691647888000,0.6883,0.6883,0.6883
1691647889000,0.6883,0.6883,0.6883
1691647890000,0.6883,0.6883,0.6883
1691647891000,0.6883,0.6883,0.6883
1691647892000,0.6883,0.6883,0.6883
1691647893000,0.6883,0.6883,0.6883
1691647894000,0.6884,0.6884,0.6884
1691647895000,0.6884,0.6884,0.6884
1691647896000,0.6884,0.6884,0.6884
1691647897000,0.6884,0.6884,0.6884
1691647898000,0.6884,0.6884,0.6884
1691647899000,0.6884,0.6884,0.6884
1691647900000,0.6884,0.6884,0.6884
1691647901000,0.6884,0.6884,0.6884
1691647902000,0.6884,0.6884,0.6884
1691647903000,0.6885,0.6885,0.6885
1691647904000,0.6885,0.6885,0.6885
1691647905000,0.6885,0.6885,0.6885
1691647906000,0.6885,0.6885,0.6885
1691647907000,0.6885,0.6885,0.6885
1691647908000,0.6884,0.6884,0.6884
1691647909000,0.6884,0.6884,0.6884
1691647910000,0.6884,0.6884,0.6884
1691647911000,0.6884,0.6884,0.6884
1691647912000,0.6884,0.6884,0.6884
1691647913000,0.6884,0.6884,0.6884
1691647914000,0.6885,0.6885,0.6885
1691647915000,0.6885,0.6885,0.6885
1691647916000,0.6885,0.6885,0.6885
1691647917000,0.6885,0.6885,0.6885
1691647918000,0.6885,0.6885,0.6885
1691647919000,0.6886,0.6886,0.6886
1691647920000,0.6886,0.6886,0.6886
1691647921000,0.6886,0.6886,0.6886
1691647922000,0.6886,0.6886,0.6886
1691647923000,0.6886,0.6886,0.6886
1691647924000,0.6886,0.6886,0.6886
1691647925000,0.6886,0.6886,0.6886
1691647926000,0.6886,0.6886,0.6886
1691647927000,0.6886,0.6886,0.6886
1691647928000,0.6886,0.6886,0.6886
1691647929000,0.6886,0.6886,0.6886
1691647930000,0.6886,0.6886,0.6886
1691647931000,0.6886,0.6886,0.6886
1691647932000,0.6885,0.6885,0.6885
1691647933000,0.6886,0.6886,0.6886
1691647934000,0.6886,0.6886,0.6886
1691647935000,0.6886,0.6886,0.6886
1691647936000,0.6886,0.6886,0.6886
1691647937000,0.6886,0.6886,0.6886
1691647938000,0.6886,0.6886,0.6886
1691647939000,0.6886,0.6886,0.6886
1691647940000,0.6886,0.6886,0.6886
1691647941000,0.6885,0.6885,0.6885
1691647942000,0.6885,0.6885,0.6885
1691647943000,0.6885,0.6885,0.6885
1691647944000,0.6885,0.6885,0.6885
1691647945000,0.6885,0.6885,0.6885
1691647946000,0.6885,0.6885,0.6885
1691647947000,0.6885,0.6885,0.6885
1691647948000,0.6885,0.6885,0.6885
1691647949000,0.6885,0.6885,0.6885
1691647950000,0.6885,0.6885,0.6885
1691647951000,0.68840706,0.68840706,0.68840706
1691647952000,0.68841072,0.68841072,0.68841072
1691647953000,0.68841076,0.68841076,0.68841076
1691647954000,0.68841076,0.68841076,0.68841076
1691647955000,0.68841076,0.68841076,0.68841076
1691647956000,0.68841072,0.68841072,0.68841072
1691647957000,0.68840971,0.68840971,0.68840971
1691647958000,0.68841262,0.68841262,0.68841262
1691647959000,0.6884,0.6884,0.6884
1691647960000,0.6884,0.6884,0.6884
1691647961000,0.6884,0.6884,0.6884
1691647962000,0.6884,0.6884,0.6884
1691647963000,0.6884,0.6884,0.6884
1691647964000,0.6884,0.6884,0.6884
1691647965000,0.6884,0.6884,0.6884
1691647966000,0.6884,0.6884,0.6884
1691647967000,0.6885,0.6885,0.6885
1691647968000,0.6885,0.6885,0.6885
1691647969000,0.6885,0.6885,0.6885
1691647970000,0.6885,0.6885,0.6885
1691647971000,0.6884,0.6884,0.6884
1691647972000,0.6884,0.6884,0.6884
1691647973000,0.6885,0.6885,0.6885
1691647974000,0.6885,0.6885,0.6885
1691647975000,0.6885,0.6885,0.6885
1691647976000,0.6885,0.6885,0.6885
1691647977000,0.6885,0.6885,0.6885
1691647978000,0.6885,0.6885,0.6885
1691647979000,0.6885,0.6885,0.6885
1691647980000,0.6885,0.6885,0.6885
1691647981000,0.6885,0.6885,0.6885
1691647982000,0.6885,0.6885,0.6885
1691647983000,0.6885,0.6885,0.6885
1691647984000,0.6885,0.6885,0.6885
1691647985000,0.6885,0.6885,0.6885
1691647986000,0.6885,0.6885,0.6885
1691647987000,0.6885,0.6885,0.6885
1691647988000,0.6885,0.6885,0.6885
1691647989000,0.6885,0.6885,0.6885
1691647990000,0.6885,0.6885,0.6885
1691647991000,0.6885,0.6885,0.6885
1691647992000,0.6885,0.6885,0.6885
1691647993000,0.6884,0.6884,0.6884
1691647994000,0.6884,0.6884,0.6884
1691647995000,0.6884,0.6884,0.6884
1691647996000,0.6884,0.6884,0.6884
1691647997000,0.6884,0.6884,0.6884
1691647998000,0.6884,0.6884,0.6884
1691647999000,0.6884,0.6884,0.6884
1691648000000,0.6884,0.6884,0.6884
1691648001000,0.6884,0.6884,0.6884
1691648002000,0.6884,0.6884,0.6884
1691648003000,0.6884,0.6884,0.6884
1691648004000,0.6884,0.6884,0.6884
1691648005000,0.6884,0.6884,0.6884
1691648006000,0.6884,0.6884,0.6884
1691648007000,0.6884,0.6884,0.6884
1691648008000,0.6884,0.6884,0.6884
1691648009000,0.6884,0.6884,0.6884
1691648010000,0.68840083,0.68840083,0.68840083
1691648011000,0.68840083,0.68840083,0.68840083
1691648012000,0.68840087,0.68840087,0.68840087
1691648013000,0.68840107,0.68840107,0.68840107
1691648014000,0.68840107,0.68840107,0.68840107
1691648015000,0.68840465,0.68840465,0.68840465
1691648016000,0.6885,0.6885,0.6885
1691648017000,0.6885,0.6885,0.6885
1691648018000,0.6885,0.6885,0.6885
1691648019000,0.6886,0.6886,0.6886
1691648020000,0.6886,0.6886,0.6886
1691648021000,0.6886,0.6886,0.6886
1691648022000,0.6886,0.6886,0.6886
1691648023000,0.6885,0.6885,0.6885
1691648024000,0.6885,0.6885,0.6885
1691648025000,0.6886,0.6886,0.6886
1691648026000,0.6886,0.6886,0.6886
1691648027000,0.6886,0.6886,0.6886
1691648028000,0.6886,0.6886,0.6886
1691648029000,0.6886,0.6886,0.6886
1691648030000,0.6885,0.6885,0.6885
1691648031000,0.6885,0.6885,0.6885
1691648032000,0.6885,0.6885,0.6885
1691648033000,0.6885,0.6885,0.6885
1691648034000,0.6885,0.6885,0.6885
1691648035000,0.6885,0.6885,0.6885
1691648036000,0.6885,0.6885,0.6885
1691648037000,0.6885,0.6885,0.6885
1691648038000,0.6885,0.6885,0.6885
1691648039000,0.6885,0.6885,0.6885
1691648040000,0.6885,0.6885,0.6885
1691648041000,0.6885,0.6885,0.6885
1691648042000,0.6885,0.6885,0.6885
1691648043000,0.6885,0.6885,0.6885
1691648044000,0.6885,0.6885,0.6885
1691648045000,0.68831754,0.68831754,0.68831754
1691648046000,0.68831867,0.68831867,0.68831867
1691648047000,0.6883,0.6883,0.6883
1691648048000,0.68828713,0.68828713,0.68828713
1691648049000,0.68827614,0.68827614,0.68827614
1691648050000,0.68827703,0.68827703,0.68827703
1691648051000,0.68816026,0.68816026,0.68816026
1691648052000,0.68815969,0.68815969,0.68815969
1691648053000,0.68815876,0.68815876,0.68815876
1691648054000,0.68815446,0.68815446,0.68815446
1691648055000,0.68815446,0.68815446,0.68815446
1691648056000,0.68815478,0.68815478,0.68815478
1691648057000,0.68815478,0.68815478,0.68815478
1691648058000,0.68815385,0.68815385,0.68815385
1691648059000,0.68815799,0.68815799,0.68815799
1691648060000,0.68815803,0.68815803,0.68815803
1691648061000,0.68815765,0.68815765,0.68815765
1691648062000,0.68815858,0.68815858,0.68815858
1691648063000,0.68815858,0.68815858,0.68815858
1691648064000,0.68815898,0.68815898,0.68815898
1691648065000,0.68815902,0.68815902,0.68815902
1691648066000,0.68815902,0.68815902,0.68815902
1691648067000,0.6881587,0.6881587,0.6881587
1691648068000,0.68812627,0.68812627,0.68812627
1691648069000,0.6882,0.6882,0.6882
1691648070000,0.6882,0.6882,0.6882
1691648071000,0.68811856,0.68811856,0.68811856
1691648072000,0.68812134,0.68812134,0.68812134
1691648073000,0.68812134,0.68812134,0.68812134
1691648074000,0.6881,0.6881,0.6881
1691648075000,0.6881,0.6881,0.6881
1691648076000,0.68806895,0.68806895,0.68806895
1691648077000,0.688071,0.688071,0.688071
1691648078000,0.688071,0.688071,0.688071
1691648079000,0.688071,0.688071,0.688071
1691648080000,0.68806524,0.68806524,0.68806524
1691648081000,0.68806524,0.68806524,0.68806524
1691648082000,0.68797912,0.68797912,0.68797912
1691648083000,0.68797819,0.68797819,0.68797819
1691648084000,0.68797819,0.68797819,0.68797819
1691648085000,0.688,0.688,0.688
1691648086000,0.688,0.688,0.688
1691648087000,0.688,0.688,0.688
1691648088000,0.688,0.688,0.688
1691648089000,0.688,0.688,0.688
1691648090000,0.688,0.688,0.688
1691648091000,0.688,0.688,0.688
1691648092000,0.688,0.688,0.688
1691648093000,0.688,0.688,0.688
1691648094000,0.688,0.688,0.688
1691648095000,0.688,0.688,0.688
1691648096000,0.688,0.688,0.688
1691648097000,0.688,0.688,0.688
1691648098000,0.688,0.688,0.688
1691648099000,0.688,0.688,0.688
1691648100000,0.688,0.688,0.688
1691648101000,0.688,0.688,0.688
1691648102000,0.688,0.688,0.688
1691648103000,0.688,0.688,0.688
1691648104000,0.688,0.688,0.688
1691648105000,0.6883,0.6883,0.6883
1691648106000,0.6883,0.6883,0.6883
1691648107000,0.6883,0.6883,0.6883
1691648108000,0.6883,0.6883,0.6883
1691648109000,0.6883,0.6883,0.6883
1691648110000,0.6882,0.6882,0.6882
1691648111000,0.6882,0.6882,0.6882
1691648112000,0.6883,0.6883,0.6883
1691648113000,0.6883,0.6883,0.6883
1691648114000,0.6883,0.6883,0.6883
1691648115000,0.6883,0.6883,0.6883
1691648116000,0.6883,0.6883,0.6883
1691648117000,0.6883,0.6883,0.6883
1691648118000,0.6883,0.6883,0.6883
1691648119000,0.6883,0.6883,0.6883
1691648120000,0.6883,0.6883,0.6883
1691648121000,0.6883,0.6883,0.6883
1691648122000,0.6883,0.6883,0.6883
1691648123000,0.6883,0.6883,0.6883
1691648124000,0.6883,0.6883,0.6883
1691648125000,0.6882,0.6882,0.6882
1691648126000,0.6882,0.6882,0.6882
1691648127000,0.6882,0.6882,0.6882
1691648128000,0.6882,0.6882,0.6882
1691648129000,0.6882,0.6882,0.6882
1691648130000,0.6883,0.6883,0.6883
1691648131000,0.6883,0.6883,0.6883
1691648132000,0.6883,0.6883,0.6883
1691648133000,0.6882,0.6882,0.6882
1691648134000,0.6883,0.6883,0.6883
1691648135000,0.6883,0.6883,0.6883
1691648136000,0.6882,0.6882,0.6882
1691648137000,0.6882,0.6882,0.6882
1691648138000,0.6882,0.6882,0.6882
1691648139000,0.68820112,0.68820112,0.68820112
1691648140000,0.68820112,0.68820112,0.68820112
1691648141000,0.68820112,0.68820112,0.68820112
1691648142000,0.68814686,0.68814686,0.68814686
1691648143000,0.6881469,0.6881469,0.6881469
1691648144000,0.68814787,0.68814787,0.68814787
1691648145000,0.68814787,0.68814787,0.68814787
1691648146000,0.68814588,0.68814588,0.68814588
1691648147000,0.68814584,0.68814584,0.68814584
1691648148000,0.68814584,0.68814584,0.68814584
1691648149000,0.68814584,0.68814584,0.68814584
1691648150000,0.68814606,0.68814606,0.68814606
1691648151000,0.68814513,0.68814513,0.68814513
1691648152000,0.68814513,0.68814513,0.68814513
1691648153000,0.68814497,0.68814497,0.68814497
1691648154000,0.68814497,0.68814497,0.68814497
1691648155000,0.68814518,0.68814518,0.68814518
1691648156000,0.68814518,0.68814518,0.68814518
1691648157000,0.68814615,0.68814615,0.68814615
1691648158000,0.6882,0.6882,0.6882
1691648159000,0.6882,0.6882,0.6882
1691648160000,0.68814537,0.68814537,0.68814537
1691648161000,0.68814537,0.68814537,0.68814537
1691648162000,0.68814606,0.68814606,0.68814606
1691648163000,0.68814606,0.68814606,0.68814606
1691648164000,0.68814703,0.68814703,0.68814703
1691648165000,0.68814651,0.68814651,0.68814651
1691648166000,0.68814651,0.68814651,0.68814651
1691648167000,0.68811392,0.68811392,0.68811392
1691648168000,0.68811392,0.68811392,0.68811392
1691648169000,0.68811392,0.68811392,0.68811392
1691648170000,0.68811184,0.68811184,0.68811184
1691648171000,0.68811184,0.68811184,0.68811184
1691648172000,0.68811014,0.68811014,0.68811014
1691648173000,0.68811014,0.68811014,0.68811014
1691648174000,0.68811014,0.68811014,0.68811014
1691648175000,0.6879,0.6879,0.6879
1691648176000,0.68789716,0.68789716,0.68789716
1691648177000,0.68789716,0.68789716,0.68789716
1691648178000,0.68775684,0.68775684,0.68775684
1691648179000,0.68775684,0.68775684,0.68775684
1691648180000,0.68775684,0.68775684,0.68775684
1691648181000,0.68775722,0.68775722,0.68775722
1691648182000,0.68775621,0.68775621,0.68775621
1691648183000,0.68775621,0.68775621,0.68775621
1691648184000,0.68775621,0.68775621,0.68775621
1691648185000,0.68775621,0.68775621,0.68775621
1691648186000,0.68775552,0.68775552,0.68775552
1691648187000,0.68775577,0.68775577,0.68775577
1691648188000,0.68775577,0.68775577,0.68775577
1691648189000,0.68775441,0.68775441,0.68775441
1691648190000,0.68775441,0.68775441,0.68775441
1691648191000,0.68775462,0.68775462,0.68775462
1691648192000,0.68775462,0.68775462,0.68775462
1691648193000,0.68775527,0.68775527,0.68775527
1691648194000,0.6877562,0.6877562,0.6877562
1691648195000,0.68775524,0.68775524,0.68775524
1691648196000,0.68775162,0.68775162,0.68775162
1691648197000,0.68775162,0.68775162,0.68775162
1691648198000,0.68774919,0.68774919,0.68774919
1691648199000,0.68774919,0.68774919,0.68774919
1691648200000,0.6876942,0.6876942,0.6876942
1691648201000,0.6877,0.6877,0.6877
1691648202000,0.6877,0.6877,0.6877
1691648203000,0.6877,0.6877,0.6877
1691648204000,0.6877,0.6877,0.6877
1691648205000,0.6877,0.6877,0.6877
1691648206000,0.6877,0.6877,0.6877
1691648207000,0.68769085,0.68769085,0.68769085
1691648208000,0.68769178,0.68769178,0.68769178
1691648209000,0.6876915,0.6876915,0.6876915
1691648210000,0.68774555,0.68774555,0.68774555
1691648211000,0.68774551,0.68774551,0.68774551
1691648212000,0.68774096,0.68774096,0.68774096
1691648213000,0.68774096,0.68774096,0.68774096
1691648214000,0.68773832,0.68773832,0.68773832
1691648215000,0.68773832,0.68773832,0.68773832
1691648216000,0.68773922,0.68773922,0.68773922
1691648217000,0.68773303,0.68773303,0.68773303
1691648218000,0.68773299,0.68773299,0.68773299
1691648219000,0.68773295,0.68773295,0.68773295
1691648220000,0.68773299,0.68773299,0.68773299
1691648221000,0.68773392,0.68773392,0.68773392
1691648222000,0.68772962,0.68772962,0.68772962
1691648223000,0.68757347,0.68757347,0.68757347
1691648224000,0.68757347,0.68757347,0.68757347
1691648225000,0.68748636,0.68748636,0.68748636
1691648226000,0.68754042,0.68754042,0.68754042
1691648227000,0.68753854,0.68753854,0.68753854
1691648228000,0.68753854,0.68753854,0.68753854
1691648229000,0.68748991,0.68748991,0.68748991
1691648230000,0.68748995,0.68748995,0.68748995
1691648231000,0.68748902,0.68748902,0.68748902
1691648232000,0.68748902,0.68748902,0.68748902
1691648233000,0.68748604,0.68748604,0.68748604
1691648234000,0.68746986,0.68746986,0.68746986
1691648235000,0.68746986,0.68746986,0.68746986
1691648236000,0.68741581,0.68741581,0.68741581
1691648237000,0.68735263,0.68735263,0.68735263
1691648238000,0.68735192,0.68735192,0.68735192
1691648239000,0.68740006,0.68740006,0.68740006
1691648240000,0.68740006,0.68740006,0.68740006
1691648241000,0.68729803,0.68729803,0.68729803
1691648242000,0.68729803,0.68729803,0.68729803
1691648243000,0.68729408,0.68729408,0.68729408
1691648244000,0.68729408,0.68729408,0.68729408
1691648245000,0.68729079,0.68729079,0.68729079
1691648246000,0.68723404,0.68723404,0.68723404
1691648247000,0.68723404,0.68723404,0.68723404
1691648248000,0.68723033,0.68723033,0.68723033
1691648249000,0.68723033,0.68723033,0.68723033
1691648250000,0.6872,0.6872,0.6872
1691648251000,0.6872,0.6872,0.6872
1691648252000,0.6872,0.6872,0.6872
1691648253000,0.6872,0.6872,0.6872
1691648254000,0.68714196,0.68714196,0.68714196
1691648255000,0.68714601,0.68714601,0.68714601
1691648256000,0.68714601,0.68714601,0.68714601
1691648257000,0.68714604,0.68714604,0.68714604
1691648258000,0.68714604,0.68714604,0.68714604
1691648259000,0.68714637,0.68714637,0.68714637
1691648260000,0.68714637,0.68714637,0.68714637
1691648261000,0.68714637,0.68714637,0.68714637
1691648262000,0.68714545,0.68714545,0.68714545
1691648263000,0.6871,0.6871,0.6871
1691648264000,0.6871,0.6871,0.6871
1691648265000,0.6871,0.6871,0.6871
1691648266000,0.6871,0.6871,0.6871
1691648267000,0.6873,0.6873,0.6873
1691648268000,0.6873,0.6873,0.6873
1691648269000,0.6873,0.6873,0.6873
1691648270000,0.6872,0.6872,0.6872
1691648271000,0.6872,0.6872,0.6872
1691648272000,0.6872,0.6872,0.6872
1691648273000,0.6872,0.6872,0.6872
1691648274000,0.6872,0.6872,0.6872
1691648275000,0.6873,0.6873,0.6873
1691648276000,0.6873,0.6873,0.6873
1691648277000,0.68720439,0.68720439,0.68720439
1691648278000,0.68720439,0.68720439,0.68720439
1691648279000,0.68720473,0.68720473,0.68720473
1691648280000,0.68720473,0.68720473,0.68720473
1691648281000,0.68720477,0.68720477,0.68720477
1691648282000,0.68720477,0.68720477,0.68720477
1691648283000,0.68720473,0.68720473,0.68720473
1691648284000,0.68720473,0.68720473,0.68720473
1691648285000,0.68720161,0.68720161,0.68720161
1691648286000,0.68720165,0.68720165,0.68720165
1691648287000,0.68714756,0.68714756,0.68714756
1691648288000,0.68714756,0.68714756,0.68714756
1691648289000,0.68714849,0.68714849,0.68714849
1691648290000,0.68714821,0.68714821,0.68714821
1691648291000,0.68714821,0.68714821,0.68714821
1691648292000,0.68714821,0.68714821,0.68714821
1691648293000,0.6872,0.6872,0.6872
1691648294000,0.6872,0.6872,0.6872
1691648295000,0.6872,0.6872,0.6872
1691648296000,0.6872,0.6872,0.6872
1691648297000,0.6872,0.6872,0.6872
1691648298000,0.68719559,0.68719559,0.68719559
1691648299000,0.6872,0.6872,0.6872
1691648300000,0.6874,0.6874,0.6874
1691648301000,0.6874,0.6874,0.6874
1691648302000,0.6874,0.6874,0.6874
1691648303000,0.6874,0.6874,0.6874
1691648304000,0.6874,0.6874,0.6874
1691648305000,0.6874,0.6874,0.6874
1691648306000,0.6874,0.6874,0.6874
1691648307000,0.68736048,0.68736048,0.68736048
1691648308000,0.68735955,0.68735955,0.68735955
1691648309000,0.68735955,0.68735955,0.68735955
1691648310000,0.68735237,0.68735237,0.68735237
1691648311000,0.68735237,0.68735237,0.68735237
1691648312000,0.68735233,0.68735233,0.68735233
1691648313000,0.68735237,0.68735237,0.68735237
1691648314000,0.68735233,0.68735233,0.68735233
1691648315000,0.68735233,0.68735233,0.68735233
1691648316000,0.68735148,0.68735148,0.68735148
1691648317000,0.68735148,0.68735148,0.68735148
1691648318000,0.68735152,0.68735152,0.68735152
1691648319000,0.68735148,0.68735148,0.68735148
1691648320000,0.68735055,0.68735055,0.68735055
1691648321000,0.68734688,0.68734688,0.68734688
1691648322000,0.68734692,0.68734692,0.68734692
1691648323000,0.68734692,0.68734692,0.68734692
1691648324000,0.68734688,0.68734688,0.68734688
1691648325000,0.68734499,0.68734499,0.68734499
1691648326000,0.68734319,0.68734319,0.68734319
1691648327000,0.6873423,0.6873423,0.6873423
1691648328000,0.6873423,0.6873423,0.6873423
1691648329000,0.68734208,0.68734208,0.68734208
1691648330000,0.6873,0.6873,0.6873
1691648331000,0.6873,0.6873,0.6873
1691648332000,0.6873,0.6873,0.6873
1691648333000,0.6873,0.6873,0.6873
1691648334000,0.6873,0.6873,0.6873
1691648335000,0.68728283,0.68728283,0.68728283
1691648336000,0.68728242,0.68728242,0.68728242
1691648337000,0.68696077,0.68696077,0.68696077
1691648338000,0.68691546,0.68691546,0.68691546
1691648339000,0.68691546,0.68691546,0.68691546
1691648340000,0.68691546,0.68691546,0.68691546
1691648341000,0.68691546,0.68691546,0.68691546
1691648342000,0.6869,0.6869,0.6869
1691648343000,0.6869,0.6869,0.6869
1691648344000,0.6869,0.6869,0.6869
1691648345000,0.6869,0.6869,0.6869
1691648346000,0.68688868,0.68688868,0.68688868
1691648347000,0.68681173,0.68681173,0.68681173
1691648348000,0.68681169,0.68681169,0.68681169
1691648349000,0.68681169,0.68681169,0.68681169
1691648350000,0.68681169,0.68681169,0.68681169
1691648351000,0.68681169,0.68681169,0.68681169
1691648352000,0.68667177,0.68667177,0.68667177
1691648353000,0.68667061,0.68667061,0.68667061
1691648354000,0.68667061,0.68667061,0.68667061
1691648355000,0.68667141,0.68667141,0.68667141
1691648356000,0.68667141,0.68667141,0.68667141
1691648357000,0.68667001,0.68667001,0.68667001
1691648358000,0.68667081,0.68667081,0.68667081
1691648359000,0.68668396,0.68668396,0.68668396
1691648360000,0.68668396,0.68668396,0.68668396
1691648361000,0.6867,0.6867,0.6867
1691648362000,0.6867,0.6867,0.6867
1691648363000,0.6867,0.6867,0.6867
1691648364000,0.6868,0.6868,0.6868
1691648365000,0.6868,0.6868,0.6868
1691648366000,0.6868,0.6868,0.6868
1691648367000,0.6868,0.6868,0.6868
1691648368000,0.6868,0.6868,0.6868
1691648369000,0.6868,0.6868,0.6868
1691648370000,0.6867,0.6867,0.6867
1691648371000,0.6867,0.6867,0.6867
1691648372000,0.6867,0.6867,0.6867
1691648373000,0.6867,0.6867,0.6867
1691648374000,0.6867,0.6867,0.6867
1691648375000,0.6867,0.6867,0.6867
1691648376000,0.6867,0.6867,0.6867
1691648377000,0.6867,0.6867,0.6867
1691648378000,0.6867,0.6867,0.6867
1691648379000,0.6867,0.6867,0.6867
1691648380000,0.6867,0.6867,0.6867
1691648381000,0.6867,0.6867,0.6867
1691648382000,0.6867,0.6867,0.6867
1691648383000,0.6867,0.6867,0.6867
1691648384000,0.6867,0.6867,0.6867
1691648385000,0.6867,0.6867,0.6867
1691648386000,0.68667254,0.68667254,0.68667254
1691648387000,0.68667156,0.68667156,0.68667156
1691648388000,0.68667116,0.68667116,0.68667116
1691648389000,0.68667195,0.68667195,0.68667195
1691648390000,0.68667195,0.68667195,0.68667195
1691648391000,0.68667195,0.68667195,0.68667195
1691648392000,0.6867,0.6867,0.6867
1691648393000,0.6867,0.6867,0.6867
1691648394000,0.6867,0.6867,0.6867
1691648395000,0.6867,0.6867,0.6867
1691648396000,0.6867,0.6867,0.6867
1691648397000,0.6866682,0.6866682,0.6866682
1691648398000,0.68662698,0.68662698,0.68662698
1691648399000,0.68662497,0.68662497,0.68662497
1691648400000,0.68662049,0.68662049,0.68662049
1691648401000,0.68662049,0.68662049,0.68662049
1691648402000,0.68662023,0.68662023,0.68662023
1691648403000,0.68661957,0.68661957,0.68661957
1691648404000,0.6867,0.6867,0.6867
1691648405000,0.6866,0.6866,0.6866
1691648406000,0.6866,0.6866,0.6866
1691648407000,0.6866,0.6866,0.6866
1691648408000,0.68661465,0.68661465,0.68661465
1691648409000,0.68661132,0.68661132,0.68661132
1691648410000,0.68661132,0.68661132,0.68661132
1691648411000,0.68661132,0.68661132,0.68661132
1691648412000,0.68661132,0.68661132,0.68661132
1691648413000,0.68661132,0.68661132,0.68661132
1691648414000,0.68655685,0.68655685,0.68655685
1691648415000,0.68655607,0.68655607,0.68655607
1691648416000,0.68655607,0.68655607,0.68655607
1691648417000,0.68655607,0.68655607,0.68655607
1691648418000,0.6867,0.6867,0.6867
1691648419000,0.6868,0.6868,0.6868
1691648420000,0.6869,0.6869,0.6869
1691648421000,0.6868,0.6868,0.6868
1691648422000,0.6868,0.6868,0.6868
1691648423000,0.6868,0.6868,0.6868
1691648424000,0.6868,0.6868,0.6868
1691648425000,0.6867,0.6867,0.6867
1691648426000,0.6867,0.6867,0.6867
1691648427000,0.6867,0.6867,0.6867
1691648428000,0.6867,0.6867,0.6867
1691648429000,0.6868,0.6868,0.6868
1691648430000,0.6868,0.6868,0.6868
1691648431000,0.6868,0.6868,0.6868
1691648432000,0.6867,0.6867,0.6867
1691648433000,0.6867,0.6867,0.6867
1691648434000,0.6867,0.6867,0.6867
1691648435000,0.6867,0.6867,0.6867
1691648436000,0.6867,0.6867,0.6867
1691648437000,0.6867,0.6867,0.6867
1691648438000,0.6867,0.6867,0.6867
1691648439000,0.6867,0.6867,0.6867
1691648440000,0.6867,0.6867,0.6867
1691648441000,0.6867,0.6867,0.6867
1691648442000,0.6867,0.6867,0.6867
1691648443000,0.6867,0.6867,0.6867
1691648444000,0.6867,0.6867,0.6867
1691648445000,0.6867,0.6867,0.6867
1691648446000,0.68661704,0.68661704,0.68661704
1691648447000,0.6865,0.6865,0.6865
1691648448000,0.6865,0.6865,0.6865
1691648449000,0.6865,0.6865,0.6865
1691648450000,0.6865,0.6865,0.6865
1691648451000,0.6865,0.6865,0.6865
1691648452000,0.6865,0.6865,0.6865
1691648453000,0.6865,0.6865,0.6865
1691648454000,0.6865,0.6865,0.6865
1691648455000,0.6865,0.6865,0.6865
1691648456000,0.6865,0.6865,0.6865
1691648457000,0.6865,0.6865,0.6865
1691648458000,0.6865,0.6865,0.6865
1691648459000,0.6865,0.6865,0.6865
1691648460000,0.6865,0.6865,0.6865
1691648461000,0.6865,0.6865,0.6865
1691648462000,0.6865,0.6865,0.6865
1691648463000,0.68641714,0.68641714,0.68641714
1691648464000,0.68641835,0.68641835,0.68641835
1691648465000,0.68641912,0.68641912,0.68641912
1691648466000,0.68641765,0.68641765,0.68641765
1691648467000,0.68641845,0.68641845,0.68641845
1691648468000,0.68646496,0.68646496,0.68646496
1691648469000,0.6865,0.6865,0.6865
1691648470000,0.6865,0.6865,0.6865
1691648471000,0.6865,0.6865,0.6865
1691648472000,0.6865,0.6865,0.6865
1691648473000,0.6865,0.6865,0.6865
1691648474000,0.6865,0.6865,0.6865
1691648475000,0.6865,0.6865,0.6865
1691648476000,0.6865,0.6865,0.6865
1691648477000,0.6865,0.6865,0.6865
1691648478000,0.68645954,0.68645954,0.68645954
1691648479000,0.68645888,0.68645888,0.68645888
1691648480000,0.68645473,0.68645473,0.68645473
1691648481000,0.68645466,0.68645466,0.68645466
1691648482000,0.68645363,0.68645363,0.68645363
1691648483000,0.68630172,0.68630172,0.68630172
1691648484000,0.68630172,0.68630172,0.68630172
1691648485000,0.68630172,0.68630172,0.68630172
1691648486000,0.6863,0.6863,0.6863
1691648487000,0.68629879,0.68629879,0.68629879
1691648488000,0.68629879,0.68629879,0.68629879
1691648489000,0.68629879,0.68629879,0.68629879
1691648490000,0.68634531,0.68634531,0.68634531
1691648491000,0.68625406,0.68625406,0.68625406
1691648492000,0.68625465,0.68625465,0.68625465
1691648493000,0.68625465,0.68625465,0.68625465
1691648494000,0.68625545,0.68625545,0.68625545
1691648495000,0.68625545,0.68625545,0.68625545
1691648496000,0.6863,0.6863,0.6863
1691648497000,0.6863,0.6863,0.6863
1691648498000,0.68625172,0.68625172,0.68625172
1691648499000,0.68629823,0.68629823,0.68629823
1691648500000,0.68629956,0.68629956,0.68629956
1691648501000,0.68629876,0.68629876,0.68629876
1691648502000,0.6863,0.6863,0.6863
1691648503000,0.68629772,0.68629772,0.68629772
1691648504000,0.6863,0.6863,0.6863
1691648505000,0.6863,0.6863,0.6863
1691648506000,0.6863,0.6863,0.6863
1691648507000,0.6863,0.6863,0.6863
1691648508000,0.6863,0.6863,0.6863
1691648509000,0.6863,0.6863,0.6863
1691648510000,0.68629586,0.68629586,0.68629586
1691648511000,0.68629579,0.68629579,0.68629579
1691648512000,0.6863,0.6863,0.6863
1691648513000,0.68629811,0.68629811,0.68629811
1691648514000,0.68629811,0.68629811,0.68629811
1691648515000,0.68629787,0.68629787,0.68629787
1691648516000,0.68629787,0.68629787,0.68629787
1691648517000,0.68625604,0.68625604,0.68625604
1691648518000,0.68625667,0.68625667,0.68625667
1691648519000,0.68625667,0.68625667,0.68625667
1691648520000,0.68625646,0.68625646,0.68625646
1691648521000,0.6863,0.6863,0.6863
1691648522000,0.6863,0.6863,0.6863
1691648523000,0.68624467,0.68624467,0.68624467
1691648524000,0.68624467,0.68624467,0.68624467
1691648525000,0.68624547,0.68624547,0.68624547
1691648526000,0.6862439,0.6862439,0.6862439
1691648527000,0.6862439,0.6862439,0.6862439
1691648528000,0.6863,0.6863,0.6863
1691648529000,0.68624224,0.68624224,0.68624224
1691648530000,0.6863,0.6863,0.6863
1691648531000,0.6863,0.6863,0.6863
1691648532000,0.6863,0.6863,0.6863
1691648533000,0.68625717,0.68625717,0.68625717
1691648534000,0.68625733,0.68625733,0.68625733
1691648535000,0.68625733,0.68625733,0.68625733
1691648536000,0.6862581,0.6862581,0.6862581
1691648537000,0.68625639,0.68625639,0.68625639
1691648538000,0.68625559,0.68625559,0.68625559
1691648539000,0.68625425,0.68625425,0.68625425
1691648540000,0.68625422,0.68625422,0.68625422
1691648541000,0.68625422,0.68625422,0.68625422
1691648542000,0.6863,0.6863,0.6863
1691648543000,0.6863,0.6863,0.6863
1691648544000,0.68625647,0.68625647,0.68625647
1691648545000,0.6864,0.6864,0.6864
1691648546000,0.6864,0.6864,0.6864
1691648547000,0.6864,0.6864,0.6864
1691648548000,0.6864,0.6864,0.6864
1691648549000,0.6864,0.6864,0.6864
1691648550000,0.6864,0.6864,0.6864
1691648551000,0.68640001,0.68640001,0.68640001
1691648552000,0.68640001,0.68640001,0.68640001
1691648553000,0.68640001,0.68640001,0.68640001
1691648554000,0.6864,0.6864,0.6864
1691648555000,0.6864,0.6864,0.6864
1691648556000,0.6864,0.6864,0.6864
1691648557000,0.6864,0.6864,0.6864
1691648558000,0.6864,0.6864,0.6864
1691648559000,0.6864,0.6864,0.6864
1691648560000,0.6864,0.6864,0.6864
1691648561000,0.68635096,0.68635096,0.68635096
1691648562000,0.6864,0.6864,0.6864
1691648563000,0.6864,0.6864,0.6864
1691648564000,0.6864,0.6864,0.6864
1691648565000,0.68634954,0.68634954,0.68634954
1691648566000,0.68634859,0.68634859,0.68634859
1691648567000,0.68634859,0.68634859,0.68634859
1691648568000,0.68634859,0.68634859,0.68634859
1691648569000,0.68634863,0.68634863,0.68634863
1691648570000,0.68634545,0.68634545,0.68634545
1691648571000,0.68634545,0.68634545,0.68634545
1691648572000,0.68634545,0.68634545,0.68634545
1691648573000,0.68634583,0.68634583,0.68634583
1691648574000,0.68634663,0.68634663,0.68634663
1691648575000,0.68634195,0.68634195,0.68634195
1691648576000,0.68638843,0.68638843,0.68638843
1691648577000,0.68638843,0.68638843,0.68638843
1691648578000,0.68638811,0.68638811,0.68638811
1691648579000,0.68638811,0.68638811,0.68638811
1691648580000,0.6863868,0.6863868,0.6863868
1691648581000,0.6863868,0.6863868,0.6863868
1691648582000,0.6863868,0.6863868,0.6863868
1691648583000,0.68634064,0.68634064,0.68634064
1691648584000,0.68638795,0.68638795,0.68638795
1691648585000,0.68638795,0.68638795,0.68638795
1691648586000,0.68638771,0.68638771,0.68638771
1691648587000,0.68638893,0.68638893,0.68638893
1691648588000,0.68638893,0.68638893,0.68638893
1691648589000,0.6863881,0.6863881,0.6863881
1691648590000,0.68634159,0.68634159,0.68634159
1691648591000,0.68634022,0.68634022,0.68634022
1691648592000,0.68633924,0.68633924,0.68633924
1691648593000,0.68633924,0.68633924,0.68633924
1691648594000,0.68633924,0.68633924,0.68633924
1691648595000,0.68633927,0.68633927,0.68633927
1691648596000,0.68633699,0.68633699,0.68633699
1691648597000,0.68633664,0.68633664,0.68633664
1691648598000,0.68633661,0.68633661,0.68633661
1691648599000,0.68633661,0.68633661,0.68633661
1691648600000,0.68633661,0.68633661,0.68633661
1691648601000,0.68633286,0.68633286,0.68633286
1691648602000,0.68633421,0.68633421,0.68633421
1691648603000,0.68637989,0.68637989,0.68637989
1691648604000,0.68637989,0.68637989,0.68637989
1691648605000,0.68637992,0.68637992,0.68637992
1691648606000,0.68637711,0.68637711,0.68637711
1691648607000,0.68637668,0.68637668,0.68637668
1691648608000,0.68637592,0.68637592,0.68637592
1691648609000,0.68637592,0.68637592,0.68637592
1691648610000,0.68637592,0.68637592,0.68637592
1691648611000,0.68637589,0.68637589,0.68637589
1691648612000,0.68637469,0.68637469,0.68637469
1691648613000,0.68637514,0.68637514,0.68637514
1691648614000,0.68637514,0.68637514,0.68637514
1691648615000,0.68632863,0.68632863,0.68632863
1691648616000,0.68632946,0.68632946,0.68632946
1691648617000,0.68632898,0.68632898,0.68632898
1691648618000,0.68632898,0.68632898,0.68632898
1691648619000,0.68632888,0.68632888,0.68632888
1691648620000,0.68632805,0.68632805,0.68632805
1691648621000,0.68632805,0.68632805,0.68632805
1691648622000,0.68633461,0.68633461,0.68633461
1691648623000,0.68633541,0.68633541,0.68633541
1691648624000,0.68633496,0.68633496,0.68633496
1691648625000,0.68633496,0.68633496,0.68633496
1691648626000,0.68633413,0.68633413,0.68633413
1691648627000,0.68633357,0.68633357,0.68633357
1691648628000,0.68633357,0.68633357,0.68633357
1691648629000,0.68633434,0.68633434,0.68633434
1691648630000,0.68633434,0.68633434,0.68633434
1691648631000,0.68633434,0.68633434,0.68633434
1691648632000,0.6863327,0.6863327,0.6863327
1691648633000,0.68630004,0.68630004,0.68630004
1691648634000,0.68629927,0.68629927,0.68629927
1691648635000,0.68630006,0.68630006,0.68630006
1691648636000,0.68630006,0.68630006,0.68630006
1691648637000,0.68630006,0.68630006,0.68630006
1691648638000,0.68629661,0.68629661,0.68629661
1691648639000,0.68629665,0.68629665,0.68629665
1691648640000,0.68629665,0.68629665,0.68629665
1691648641000,0.68629532,0.68629532,0.68629532
1691648642000,0.68629532,0.68629532,0.68629532
1691648643000,0.6861978,0.6861978,0.6861978
1691648644000,0.6861978,0.6861978,0.6861978
1691648645000,0.68624431,0.68624431,0.68624431
1691648646000,0.68624431,0.68624431,0.68624431
1691648647000,0.68624431,0.68624431,0.68624431
1691648648000,0.68624255,0.68624255,0.68624255
1691648649000,0.6862,0.6862,0.6862
1691648650000,0.6862,0.6862,0.6862
1691648651000,0.6862,0.6862,0.6862
1691648652000,0.68624327,0.68624327,0.68624327
1691648653000,0.68624436,0.68624436,0.68624436
1691648654000,0.68624436,0.68624436,0.68624436
1691648655000,0.68622961,0.68622961,0.68622961
1691648656000,0.68622961,0.68622961,0.68622961
1691648657000,0.68622964,0.68622964,0.68622964
1691648658000,0.68622786,0.68622786,0.68622786
1691648659000,0.68622863,0.68622863,0.68622863
1691648660000,0.68622866,0.68622866,0.68622866
1691648661000,0.68622866,0.68622866,0.68622866
1691648662000,0.68622863,0.68622863,0.68622863
1691648663000,0.68622783,0.68622783,0.68622783
1691648664000,0.68622587,0.68622587,0.68622587
1691648665000,0.6862259,0.6862259,0.6862259
1691648666000,0.6862267,0.6862267,0.6862267
1691648667000,0.68622667,0.68622667,0.68622667
1691648668000,0.68622587,0.68622587,0.68622587
1691648669000,0.68622299,0.68622299,0.68622299
1691648670000,0.68622299,0.68622299,0.68622299
1691648671000,0.68622299,0.68622299,0.68622299
1691648672000,0.68598724,0.68598724,0.68598724
1691648673000,0.68593997,0.68593997,0.68593997
1691648674000,0.68597681,0.68597681,0.68597681
1691648675000,0.686,0.686,0.686
1691648676000,0.686,0.686,0.686
1691648677000,0.6862,0.6862,0.6862
1691648678000,0.6862,0.6862,0.6862
1691648679000,0.6862,0.6862,0.6862
1691648680000,0.6862,0.6862,0.6862
1691648681000,0.6861,0.6861,0.6861
1691648682000,0.6862,0.6862,0.6862
1691648683000,0.6862,0.6862,0.6862
1691648684000,0.6862,0.6862,0.6862
1691648685000,0.6862,0.6862,0.6862
1691648686000,0.6861,0.6861,0.6861
1691648687000,0.6861,0.6861,0.6861
1691648688000,0.6861,0.6861,0.6861
1691648689000,0.6861,0.6861,0.6861
1691648690000,0.6861,0.6861,0.6861
1691648691000,0.6861,0.6861,0.6861
1691648692000,0.6861,0.6861,0.6861
1691648693000,0.68608574,0.68608574,0.68608574
1691648694000,0.686,0.686,0.686
1691648695000,0.686,0.686,0.686
1691648696000,0.686,0.686,0.686
1691648697000,0.686,0.686,0.686
1691648698000,0.686,0.686,0.686
1691648699000,0.68600219,0.68600219,0.68600219
1691648700000,0.68600101,0.68600101,0.68600101
1691648701000,0.68600173,0.68600173,0.68600173
1691648702000,0.68600173,0.68600173,0.68600173
1691648703000,0.68600173,0.68600173,0.68600173
1691648704000,0.68598695,0.68598695,0.68598695
1691648705000,0.685983,0.685983,0.685983
1691648706000,0.685983,0.685983,0.685983
1691648707000,0.68598297,0.68598297,0.68598297
1691648708000,0.68598297,0.68598297,0.68598297
1691648709000,0.68598297,0.68598297,0.68598297
1691648710000,0.6859808,0.6859808,0.6859808
1691648711000,0.68593429,0.68593429,0.68593429
1691648712000,0.68593429,0.68593429,0.68593429
1691648713000,0.686,0.686,0.686
1691648714000,0.686,0.686,0.686
1691648715000,0.686,0.686,0.686
1691648716000,0.686,0.686,0.686
1691648717000,0.686,0.686,0.686
1691648718000,0.6861,0.6861,0.6861
1691648719000,0.6862,0.6862,0.6862
1691648720000,0.6862,0.6862,0.6862
1691648721000,0.6863,0.6863,0.6863
1691648722000,0.6863,0.6863,0.6863
1691648723000,0.6863,0.6863,0.6863
1691648724000,0.6863,0.6863,0.6863
1691648725000,0.6863,0.6863,0.6863
1691648726000,0.6862,0.6862,0.6862
1691648727000,0.6863,0.6863,0.6863
1691648728000,0.6863,0.6863,0.6863
1691648729000,0.6863,0.6863,0.6863
1691648730000,0.6863,0.6863,0.6863
1691648731000,0.6863,0.6863,0.6863
1691648732000,0.6863,0.6863,0.6863
1691648733000,0.6863,0.6863,0.6863
1691648734000,0.6863,0.6863,0.6863
1691648735000,0.6863,0.6863,0.6863
1691648736000,0.6863,0.6863,0.6863
1691648737000,0.6863,0.6863,0.6863
1691648738000,0.6863,0.6863,0.6863
1691648739000,0.6863,0.6863,0.6863
1691648740000,0.6863,0.6863,0.6863
1691648741000,0.6863,0.6863,0.6863
1691648742000,0.6863,0.6863,0.6863
1691648743000,0.6863,0.6863,0.6863
1691648744000,0.6863,0.6863,0.6863
1691648745000,0.6862,0.6862,0.6862
1691648746000,0.6863,0.6863,0.6863
1691648747000,0.6863,0.6863,0.6863
1691648748000,0.6863,0.6863,0.6863
1691648749000,0.6862,0.6862,0.6862
1691648750000,0.6862,0.6862,0.6862
1691648751000,0.6862,0.6862,0.6862
1691648752000,0.6863,0.6863,0.6863
1691648753000,0.6863,0.6863,0.6863
1691648754000,0.6863,0.6863,0.6863
1691648755000,0.6863,0.6863,0.6863
1691648756000,0.6863,0.6863,0.6863
1691648757000,0.6863,0.6863,0.6863
1691648758000,0.6863,0.6863,0.6863
1691648759000,0.6864,0.6864,0.6864
1691648760000,0.6864,0.6864,0.6864
1691648761000,0.6864,0.6864,0.6864
1691648762000,0.6864,0.6864,0.6864
1691648763000,0.6864,0.6864,0.6864
1691648764000,0.6864,0.6864,0.6864
1691648765000,0.6864,0.6864,0.6864
1691648766000,0.6864,0.6864,0.6864
1691648767000,0.6864,0.6864,0.6864
1691648768000,0.6864,0.6864,0.6864
1691648769000,0.6864,0.6864,0.6864
1691648770000,0.6864,0.6864,0.6864
1691648771000,0.6864,0.6864,0.6864
1691648772000,0.6864,0.6864,0.6864
1691648773000,0.6864,0.6864,0.6864
1691648774000,0.6864,0.6864,0.6864
1691648775000,0.6864,0.6864,0.6864
1691648776000,0.6864,0.6864,0.6864
1691648777000,0.6864,0.6864,0.6864
1691648778000,0.6863,0.6863,0.6863
1691648779000,0.6863,0.6863,0.6863
1691648780000,0.6863,0.6863,0.6863
1691648781000,0.6863,0.6863,0.6863
1691648782000,0.6863,0.6863,0.6863
1691648783000,0.6863,0.6863,0.6863
1691648784000,0.6863,0.6863,0.6863
1691648785000,0.6863,0.6863,0.6863
1691648786000,0.6863,0.6863,0.6863
1691648787000,0.6863,0.6863,0.6863
1691648788000,0.6863,0.6863,0.6863
1691648789000,0.6863,0.6863,0.6863
1691648790000,0.6864,0.6864,0.6864
1691648791000,0.6864,0.6864,0.6864
1691648792000,0.6864,0.6864,0.6864
1691648793000,0.6864,0.6864,0.6864
1691648794000,0.6864,0.6864,0.6864
1691648795000,0.6864,0.6864,0.6864
1691648796000,0.6864,0.6864,0.6864
1691648797000,0.6864,0.6864,0.6864
1691648798000,0.6864,0.6864,0.6864
1691648799000,0.6864,0.6864,0.6864
1691648800000,0.6864,0.6864,0.6864
1691648801000,0.6864,0.6864,0.6864
1691648802000,0.6864,0.6864,0.6864
1691648803000,0.6864,0.6864,0.6864
1691648804000,0.6864,0.6864,0.6864
1691648805000,0.6864,0.6864,0.6864
1691648806000,0.6864,0.6864,0.6864
1691648807000,0.6864,0.6864,0.6864
1691648808000,0.6864,0.6864,0.6864
1691648809000,0.6863,0.6863,0.6863
1691648810000,0.6863,0.6863,0.6863
1691648811000,0.6863,0.6863,0.6863
1691648812000,0.6863,0.6863,0.6863
1691648813000,0.6863,0.6863,0.6863
1691648814000,0.6863,0.6863,0.6863
1691648815000,0.6863,0.6863,0.6863
1691648816000,0.6863,0.6863,0.6863
1691648817000,0.6863,0.6863,0.6863
1691648818000,0.6862,0.6862,0.6862
1691648819000,0.6862,0.6862,0.6862
1691648820000,0.68604178,0.68604178,0.68604178
1691648821000,0.68604085,0.68604085,0.68604085
1691648822000,0.68604085,0.68604085,0.68604085
1691648823000,0.68605224,0.68605224,0.68605224
1691648824000,0.68605228,0.68605228,0.68605228
1691648825000,0.68605244,0.68605244,0.68605244
1691648826000,0.68610739,0.68610739,0.68610739
1691648827000,0.68610739,0.68610739,0.68610739
1691648828000,0.68610739,0.68610739,0.68610739
1691648829000,0.68599796,0.68599796,0.68599796
1691648830000,0.68599842,0.68599842,0.68599842
1691648831000,0.68605247,0.68605247,0.68605247
1691648832000,0.68605247,0.68605247,0.68605247
1691648833000,0.68605247,0.68605247,0.68605247
1691648834000,0.686,0.686,0.686
1691648835000,0.686,0.686,0.686
1691648836000,0.686,0.686,0.686
1691648837000,0.686,0.686,0.686
1691648838000,0.686,0.686,0.686
1691648839000,0.686,0.686,0.686
1691648840000,0.686,0.686,0.686
1691648841000,0.686,0.686,0.686
1691648842000,0.686,0.686,0.686
1691648843000,0.686,0.686,0.686
1691648844000,0.686,0.686,0.686
1691648845000,0.686,0.686,0.686
1691648846000,0.686,0.686,0.686
1691648847000,0.686,0.686,0.686
1691648848000,0.68594824,0.68594824,0.68594824
1691648849000,0.68594824,0.68594824,0.68594824
1691648850000,0.68594916,0.68594916,0.68594916
1691648851000,0.686,0.686,0.686
1691648852000,0.686,0.686,0.686
1691648853000,0.68594924,0.68594924,0.68594924
1691648854000,0.68594457,0.68594457,0.68594457
1691648855000,0.68594457,0.68594457,0.68594457
1691648856000,0.6859445,0.6859445,0.6859445
1691648857000,0.68594446,0.68594446,0.68594446
1691648858000,0.68594446,0.68594446,0.68594446
1691648859000,0.686,0.686,0.686
1691648860000,0.6862,0.6862,0.6862
1691648861000,0.6864,0.6864,0.6864
1691648862000,0.6864,0.6864,0.6864
1691648863000,0.6864,0.6864,0.6864
1691648864000,0.6864,0.6864,0.6864
1691648865000,0.6864,0.6864,0.6864
1691648866000,0.6864,0.6864,0.6864
1691648867000,0.6864,0.6864,0.6864
1691648868000,0.6864,0.6864,0.6864
1691648869000,0.6864,0.6864,0.6864
1691648870000,0.6864,0.6864,0.6864
1691648871000,0.6864,0.6864,0.6864
1691648872000,0.6864,0.6864,0.6864
1691648873000,0.6864,0.6864,0.6864
1691648874000,0.6864,0.6864,0.6864
1691648875000,0.6863,0.6863,0.6863
1691648876000,0.6863,0.6863,0.6863
1691648877000,0.6864,0.6864,0.6864
1691648878000,0.6864,0.6864,0.6864
1691648879000,0.6864,0.6864,0.6864
1691648880000,0.6864,0.6864,0.6864
1691648881000,0.6864,0.6864,0.6864
1691648882000,0.6864,0.6864,0.6864
1691648883000,0.6864,0.6864,0.6864
1691648884000,0.6864,0.6864,0.6864
1691648885000,0.6864,0.6864,0.6864
1691648886000,0.6864,0.6864,0.6864
1691648887000,0.6864,0.6864,0.6864
1691648888000,0.6864,0.6864,0.6864
1691648889000,0.6864,0.6864,0.6864
1691648890000,0.6864,0.6864,0.6864
1691648891000,0.6864,0.6864,0.6864
1691648892000,0.6864,0.6864,0.6864
1691648893000,0.6863,0.6863,0.6863
1691648894000,0.6863,0.6863,0.6863
1691648895000,0.6863,0.6863,0.6863
1691648896000,0.6863,0.6863,0.6863
1691648897000,0.6863,0.6863,0.6863
1691648898000,0.6863,0.6863,0.6863
1691648899000,0.6863,0.6863,0.6863
1691648900000,0.6863,0.6863,0.6863
1691648901000,0.6864,0.6864,0.6864
1691648902000,0.6864,0.6864,0.6864
1691648903000,0.6864,0.6864,0.6864
1691648904000,0.6864,0.6864,0.6864
1691648905000,0.6864,0.6864,0.6864
1691648906000,0.6864,0.6864,0.6864
1691648907000,0.6864,0.6864,0.6864
1691648908000,0.6864,0.6864,0.6864
1691648909000,0.6864,0.6864,0.6864
1691648910000,0.6864,0.6864,0.6864
1691648911000,0.6864,0.6864,0.6864
1691648912000,0.6864,0.6864,0.6864
1691648913000,0.6864,0.6864,0.6864
1691648914000,0.6863,0.6863,0.6863
1691648915000,0.6863,0.6863,0.6863
1691648916000,0.6863,0.6863,0.6863
1691648917000,0.6863,0.6863,0.6863
1691648918000,0.6864,0.6864,0.6864
1691648919000,0.6863,0.6863,0.6863
1691648920000,0.6863,0.6863,0.6863
1691648921000,0.6863,0.6863,0.6863
1691648922000,0.6863,0.6863,0.6863
1691648923000,0.6863,0.6863,0.6863
1691648924000,0.6862,0.6862,0.6862
1691648925000,0.6862,0.6862,0.6862
1691648926000,0.68620344,0.68620344,0.68620344
1691648927000,0.68614938,0.68614938,0.68614938
1691648928000,0.68614942,0.68614942,0.68614942
1691648929000,0.68615102,0.68615102,0.68615102
1691648930000,0.68615098,0.68615098,0.68615098
1691648931000,0.68614489,0.68614489,0.68614489
1691648932000,0.68614486,0.68614486,0.68614486
1691648933000,0.68614489,0.68614489,0.68614489
1691648934000,0.68614583,0.68614583,0.68614583
1691648935000,0.68614583,0.68614583,0.68614583
1691648936000,0.68614599,0.68614599,0.68614599
1691648937000,0.68614595,0.68614595,0.68614595
1691648938000,0.68614506,0.68614506,0.68614506
1691648939000,0.68614711,0.68614711,0.68614711
1691648940000,0.68609306,0.68609306,0.68609306
1691648941000,0.68609035,0.68609035,0.68609035
1691648942000,0.68609038,0.68609038,0.68609038
1691648943000,0.68609038,0.68609038,0.68609038
1691648944000,0.68609334,0.68609334,0.68609334
1691648945000,0.68609423,0.68609423,0.68609423
1691648946000,0.68614512,0.68614512,0.68614512
1691648947000,0.68614516,0.68614516,0.68614516
1691648948000,0.68614516,0.68614516,0.68614516
1691648949000,0.68614822,0.68614822,0.68614822
1691648950000,0.68614822,0.68614822,0.68614822
1691648951000,0.68614673,0.68614673,0.68614673
1691648952000,0.68614677,0.68614677,0.68614677
1691648953000,0.68614677,0.68614677,0.68614677
1691648954000,0.6861473,0.6861473,0.6861473
1691648955000,0.68614726,0.68614726,0.68614726
1691648956000,0.6860928,0.6860928,0.6860928
1691648957000,0.68607659,0.68607659,0.68607659
1691648958000,0.68607659,0.68607659,0.68607659
1691648959000,0.68613068,0.68613068,0.68613068
1691648960000,0.68613178,0.68613178,0.68613178
1691648961000,0.68613117,0.68613117,0.68613117
1691648962000,0.68613214,0.68613214,0.68613214
1691648963000,0.68613214,0.68613214,0.68613214
1691648964000,0.68607804,0.68607804,0.68607804
1691648965000,0.68607944,0.68607944,0.68607944
1691648966000,0.6861324,0.6861324,0.6861324
1691648967000,0.68613236,0.68613236,0.68613236
1691648968000,0.68613332,0.68613332,0.68613332
1691648969000,0.68613236,0.68613236,0.68613236
1691648970000,0.68613374,0.68613374,0.68613374
1691648971000,0.68614143,0.68614143,0.68614143
1691648972000,0.68614147,0.68614147,0.68614147
1691648973000,0.68614243,0.68614243,0.68614243
1691648974000,0.68614243,0.68614243,0.68614243
1691648975000,0.6862,0.6862,0.6862
1691648976000,0.6862,0.6862,0.6862
1691648977000,0.6862,0.6862,0.6862
1691648978000,0.6862,0.6862,0.6862
1691648979000,0.6862,0.6862,0.6862
1691648980000,0.6862,0.6862,0.6862
1691648981000,0.6862,0.6862,0.6862
1691648982000,0.6862,0.6862,0.6862
1691648983000,0.6862,0.6862,0.6862
1691648984000,0.6862,0.6862,0.6862
1691648985000,0.6862,0.6862,0.6862
1691648986000,0.68614899,0.68614899,0.68614899
1691648987000,0.68614899,0.68614899,0.68614899
1691648988000,0.68614899,0.68614899,0.68614899
1691648989000,0.6862,0.6862,0.6862
1691648990000,0.6862,0.6862,0.6862
1691648991000,0.6862,0.6862,0.6862
1691648992000,0.6862,0.6862,0.6862
1691648993000,0.6862,0.6862,0.6862
1691648994000,0.6862,0.6862,0.6862
1691648995000,0.6862,0.6862,0.6862
1691648996000,0.6862,0.6862,0.6862
1691648997000,0.6862,0.6862,0.6862
1691648998000,0.6862,0.6862,0.6862
1691648999000,0.6862,0.6862,0.6862
1691649000000,0.6862,0.6862,0.6862
1691649001000,0.6862,0.6862,0.6862
1691649002000,0.6862,0.6862,0.6862
1691649003000,0.68610687,0.68610687,0.68610687
1691649004000,0.68611,0.68611,0.68611
1691649005000,0.68611418,0.68611418,0.68611418
1691649006000,0.68611415,0.68611415,0.68611415
1691649007000,0.6862,0.6862,0.6862
1691649008000,0.68611997,0.68611997,0.68611997
1691649009000,0.68611997,0.68611997,0.68611997
1691649010000,0.68611904,0.68611904,0.68611904
1691649011000,0.68611904,0.68611904,0.68611904
1691649012000,0.68612138,0.68612138,0.68612138
1691649013000,0.68611846,0.68611846,0.68611846
1691649014000,0.68611935,0.68611935,0.68611935
1691649015000,0.68611935,0.68611935,0.68611935
1691649016000,0.68611843,0.68611843,0.68611843
1691649017000,0.68612002,0.68612002,0.68612002
1691649018000,0.68612002,0.68612002,0.68612002
1691649019000,0.68612002,0.68612002,0.68612002
1691649020000,0.6862,0.6862,0.6862
1691649021000,0.6862,0.6862,0.6862
1691649022000,0.68612755,0.68612755,0.68612755
1691649023000,0.68612848,0.68612848,0.68612848
1691649024000,0.68612972,0.68612972,0.68612972
1691649025000,0.68612972,0.68612972,0.68612972
1691649026000,0.68612972,0.68612972,0.68612972
1691649027000,0.6862,0.6862,0.6862
1691649028000,0.6862,0.6862,0.6862
1691649029000,0.6862,0.6862,0.6862
1691649030000,0.68615035,0.68615035,0.68615035
1691649031000,0.68615035,0.68615035,0.68615035
1691649032000,0.68614993,0.68614993,0.68614993
1691649033000,0.68614993,0.68614993,0.68614993
1691649034000,0.6861507,0.6861507,0.6861507
1691649035000,0.68620475,0.68620475,0.68620475
1691649036000,0.68620568,0.68620568,0.68620568
1691649037000,0.68615066,0.68615066,0.68615066
1691649038000,0.68615035,0.68615035,0.68615035
1691649039000,0.6862,0.6862,0.6862
1691649040000,0.68615054,0.68615054,0.68615054
1691649041000,0.68615073,0.68615073,0.68615073
1691649042000,0.6862,0.6862,0.6862
1691649043000,0.6862,0.6862,0.6862
1691649044000,0.6862,0.6862,0.6862
1691649045000,0.6862,0.6862,0.6862
1691649046000,0.6862,0.6862,0.6862
1691649047000,0.68616463,0.68616463,0.68616463
1691649048000,0.68615664,0.68615664,0.68615664
1691649049000,0.68615664,0.68615664,0.68615664
1691649050000,0.68615668,0.68615668,0.68615668
1691649051000,0.68614046,0.68614046,0.68614046
1691649052000,0.68614046,0.68614046,0.68614046
1691649053000,0.68613665,0.68613665,0.68613665
1691649054000,0.68613572,0.68613572,0.68613572
1691649055000,0.68613568,0.68613568,0.68613568
1691649056000,0.68613568,0.68613568,0.68613568
1691649057000,0.68613572,0.68613572,0.68613572
1691649058000,0.68613161,0.68613161,0.68613161
1691649059000,0.68613161,0.68613161,0.68613161
1691649060000,0.68613161,0.68613161,0.68613161
1691649061000,0.68613157,0.68613157,0.68613157
1691649062000,0.68613157,0.68613157,0.68613157
1691649063000,0.68613157,0.68613157,0.68613157
1691649064000,0.68612538,0.68612538,0.68612538
1691649065000,0.68612445,0.68612445,0.68612445
1691649066000,0.68612445,0.68612445,0.68612445
1691649067000,0.68612538,0.68612538,0.68612538
1691649068000,0.68612542,0.68612542,0.68612542
1691649069000,0.68612048,0.68612048,0.68612048
1691649070000,0.68612044,0.68612044,0.68612044
1691649071000,0.68612044,0.68612044,0.68612044
1691649072000,0.68611955,0.68611955,0.68611955
1691649073000,0.68611951,0.68611951,0.68611951
1691649074000,0.6861155,0.6861155,0.6861155
1691649075000,0.68611643,0.68611643,0.68611643
1691649076000,0.6861155,0.6861155,0.6861155
1691649077000,0.68611554,0.68611554,0.68611554
1691649078000,0.6861155,0.6861155,0.6861155
1691649079000,0.68611147,0.68611147,0.68611147
1691649080000,0.6861124,0.6861124,0.6861124
1691649081000,0.6861124,0.6861124,0.6861124
1691649082000,0.6861124,0.6861124,0.6861124
1691649083000,0.68611147,0.68611147,0.68611147
1691649084000,0.68611079,0.68611079,0.68611079
1691649085000,0.68611079,0.68611079,0.68611079
1691649086000,0.68611079,0.68611079,0.68611079
1691649087000,0.68611079,0.68611079,0.68611079
1691649088000,0.68611079,0.68611079,0.68611079
1691649089000,0.68611083,0.68611083,0.68611083
1691649090000,0.68610945,0.68610945,0.68610945
1691649091000,0.68610942,0.68610942,0.68610942
1691649092000,0.68610942,0.68610942,0.68610942
1691649093000,0.68610945,0.68610945,0.68610945
1691649094000,0.68610942,0.68610942,0.68610942
1691649095000,0.68610619,0.68610619,0.68610619
1691649096000,0.68610619,0.68610619,0.68610619
1691649097000,0.68610623,0.68610623,0.68610623
1691649098000,0.68610619,0.68610619,0.68610619
1691649099000,0.6861,0.6861,0.6861
1691649100000,0.6861,0.6861,0.6861
1691649101000,0.6861,0.6861,0.6861
1691649102000,0.6861,0.6861,0.6861
1691649103000,0.6861,0.6861,0.6861
1691649104000,0.6861,0.6861,0.6861
1691649105000,0.6861,0.6861,0.6861
1691649106000,0.6861,0.6861,0.6861
1691649107000,0.6862,0.6862,0.6862
1691649108000,0.6862,0.6862,0.6862
1691649109000,0.6862,0.6862,0.6862
1691649110000,0.6861,0.6861,0.6861
1691649111000,0.6861,0.6861,0.6861
1691649112000,0.68608337,0.68608337,0.68608337
1691649113000,0.68606711,0.68606711,0.68606711
1691649114000,0.6861,0.6861,0.6861
1691649115000,0.6861,0.6861,0.6861
1691649116000,0.6861,0.6861,0.6861
1691649117000,0.6861,0.6861,0.6861
1691649118000,0.6861,0.6861,0.6861
1691649119000,0.6861,0.6861,0.6861
1691649120000,0.68606478,0.68606478,0.68606478
1691649121000,0.68606507,0.68606507,0.68606507
1691649122000,0.68599667,0.68599667,0.68599667
1691649123000,0.68599667,0.68599667,0.68599667
1691649124000,0.68599667,0.68599667,0.68599667
1691649125000,0.68599667,0.68599667,0.68599667
1691649126000,0.6859938,0.6859938,0.6859938
1691649127000,0.68596133,0.68596133,0.68596133
1691649128000,0.6858,0.6858,0.6858
1691649129000,0.68573982,0.68573982,0.68573982
1691649130000,0.68573851,0.68573851,0.68573851
1691649131000,0.68573749,0.68573749,0.68573749
1691649132000,0.68574454,0.68574454,0.68574454
1691649133000,0.6857,0.6857,0.6857
1691649134000,0.68569048,0.68569048,0.68569048
1691649135000,0.68573242,0.68573242,0.68573242
1691649136000,0.6858,0.6858,0.6858
1691649137000,0.6858,0.6858,0.6858
1691649138000,0.6858,0.6858,0.6858
1691649139000,0.6857,0.6857,0.6857
1691649140000,0.6858,0.6858,0.6858
1691649141000,0.6858,0.6858,0.6858
1691649142000,0.6858,0.6858,0.6858
1691649143000,0.6858,0.6858,0.6858
1691649144000,0.6858,0.6858,0.6858
1691649145000,0.6858,0.6858,0.6858
1691649146000,0.6858,0.6858,0.6858
1691649147000,0.6859,0.6859,0.6859
1691649148000,0.6858,0.6858,0.6858
1691649149000,0.6858,0.6858,0.6858
1691649150000,0.6858,0.6858,0.6858
1691649151000,0.6859,0.6859,0.6859
1691649152000,0.6859,0.6859,0.6859
1691649153000,0.6859,0.6859,0.6859
1691649154000,0.6859,0.6859,0.6859
1691649155000,0.6859,0.6859,0.6859
1691649156000,0.6859,0.6859,0.6859
1691649157000,0.6859,0.6859,0.6859
1691649158000,0.6859,0.6859,0.6859
1691649159000,0.6858,0.6858,0.6858
1691649160000,0.6858,0.6858,0.6858
1691649161000,0.6858,0.6858,0.6858
1691649162000,0.6858,0.6858,0.6858
1691649163000,0.6858,0.6858,0.6858
1691649164000,0.6858,0.6858,0.6858
1691649165000,0.6858,0.6858,0.6858
1691649166000,0.6858,0.6858,0.6858
1691649167000,0.6858,0.6858,0.6858
1691649168000,0.6858,0.6858,0.6858
1691649169000,0.6858,0.6858,0.6858
1691649170000,0.6858,0.6858,0.6858
1691649171000,0.6858,0.6858,0.6858
1691649172000,0.6858,0.6858,0.6858
1691649173000,0.685747,0.685747,0.685747
1691649174000,0.6857,0.6857,0.6857
1691649175000,0.685747,0.685747,0.685747
1691649176000,0.68574271,0.68574271,0.68574271
1691649177000,0.68574271,0.68574271,0.68574271
1691649178000,0.68573894,0.68573894,0.68573894
1691649179000,0.68573801,0.68573801,0.68573801
1691649180000,0.68568396,0.68568396,0.68568396
1691649181000,0.68568023,0.68568023,0.68568023
1691649182000,0.68568023,0.68568023,0.68568023
1691649183000,0.68567797,0.68567797,0.68567797
1691649184000,0.68567797,0.68567797,0.68567797
1691649185000,0.6856789,0.6856789,0.6856789
1691649186000,0.68567788,0.68567788,0.68567788
1691649187000,0.68567696,0.68567696,0.68567696
1691649188000,0.68567452,0.68567452,0.68567452
1691649189000,0.68567452,0.68567452,0.68567452
1691649190000,0.68567541,0.68567541,0.68567541
1691649191000,0.68567496,0.68567496,0.68567496
1691649192000,0.685675,0.685675,0.685675
1691649193000,0.68567496,0.68567496,0.68567496
1691649194000,0.68572571,0.68572571,0.68572571
1691649195000,0.68572571,0.68572571,0.68572571
1691649196000,0.68572361,0.68572361,0.68572361
1691649197000,0.68572361,0.68572361,0.68572361
1691649198000,0.68572361,0.68572361,0.68572361
1691649199000,0.6856,0.6856,0.6856
1691649200000,0.68556252,0.68556252,0.68556252
1691649201000,0.68540054,0.68540054,0.68540054
1691649202000,0.68540054,0.68540054,0.68540054
1691649203000,0.68539923,0.68539923,0.68539923
1691649204000,0.68539664,0.68539664,0.68539664
1691649205000,0.6854,0.6854,0.6854
1691649206000,0.68539567,0.68539567,0.68539567
1691649207000,0.6853919,0.6853919,0.6853919
1691649208000,0.68544075,0.68544075,0.68544075
1691649209000,0.68543797,0.68543797,0.68543797
1691649210000,0.68543797,0.68543797,0.68543797
1691649211000,0.68538488,0.68538488,0.68538488
1691649212000,0.68538436,0.68538436,0.68538436
1691649213000,0.68538436,0.68538436,0.68538436
1691649214000,0.68538795,0.68538795,0.68538795
1691649215000,0.68533293,0.68533293,0.68533293
1691649216000,0.68533293,0.68533293,0.68533293
1691649217000,0.68538698,0.68538698,0.68538698
1691649218000,0.68538698,0.68538698,0.68538698
1691649219000,0.68538413,0.68538413,0.68538413
1691649220000,0.68538413,0.68538413,0.68538413
1691649221000,0.68538413,0.68538413,0.68538413
1691649222000,0.68538299,0.68538299,0.68538299
1691649223000,0.68538299,0.68538299,0.68538299
1691649224000,0.68538206,0.68538206,0.68538206
1691649225000,0.68537688,0.68537688,0.68537688
1691649226000,0.6854,0.6854,0.6854
1691649227000,0.6854,0.6854,0.6854
1691649228000,0.6854,0.6854,0.6854
1691649229000,0.6854,0.6854,0.6854
1691649230000,0.68532065,0.68532065,0.68532065
1691649231000,0.68531972,0.68531972,0.68531972
1691649232000,0.68531972,0.68531972,0.68531972
1691649233000,0.68531911,0.68531911,0.68531911
1691649234000,0.68531911,0.68531911,0.68531911
1691649235000,0.68531885,0.68531885,0.68531885
1691649236000,0.68531648,0.68531648,0.68531648
1691649237000,0.68531461,0.68531461,0.68531461
1691649238000,0.68531461,0.68531461,0.68531461
1691649239000,0.68531554,0.68531554,0.68531554
1691649240000,0.68531275,0.68531275,0.68531275
1691649241000,0.68531275,0.68531275,0.68531275
1691649242000,0.68531271,0.68531271,0.68531271
1691649243000,0.68531271,0.68531271,0.68531271
1691649244000,0.68531218,0.68531218,0.68531218
1691649245000,0.68531036,0.68531036,0.68531036
1691649246000,0.6853104,0.6853104,0.6853104
1691649247000,0.6853104,0.6853104,0.6853104
1691649248000,0.6853104,0.6853104,0.6853104
1691649249000,0.68530789,0.68530789,0.68530789
1691649250000,0.68530793,0.68530793,0.68530793
1691649251000,0.68530587,0.68530587,0.68530587
1691649252000,0.68530587,0.68530587,0.68530587
1691649253000,0.68530563,0.68530563,0.68530563
1691649254000,0.68530563,0.68530563,0.68530563
1691649255000,0.68530563,0.68530563,0.68530563
1691649256000,0.68525577,0.68525577,0.68525577
1691649257000,0.68525577,0.68525577,0.68525577
1691649258000,0.68526116,0.68526116,0.68526116
1691649259000,0.68531428,0.68531428,0.68531428
1691649260000,0.68531428,0.68531428,0.68531428
1691649261000,0.68531458,0.68531458,0.68531458
1691649262000,0.68531458,0.68531458,0.68531458
1691649263000,0.68531458,0.68531458,0.68531458
1691649264000,0.68531454,0.68531454,0.68531454
1691649265000,0.68531454,0.68531454,0.68531454
1691649266000,0.6853111,0.6853111,0.6853111
1691649267000,0.6853111,0.6853111,0.6853111
1691649268000,0.6853111,0.6853111,0.6853111
1691649269000,0.68525704,0.68525704,0.68525704
1691649270000,0.68525797,0.68525797,0.68525797
1691649271000,0.68525661,0.68525661,0.68525661
1691649272000,0.68525569,0.68525569,0.68525569
1691649273000,0.68525569,0.68525569,0.68525569
1691649274000,0.6853,0.6853,0.6853
1691649275000,0.6853,0.6853,0.6853
1691649276000,0.6853,0.6853,0.6853
1691649277000,0.6854,0.6854,0.6854
1691649278000,0.6854,0.6854,0.6854
1691649279000,0.6854,0.6854,0.6854
1691649280000,0.6854,0.6854,0.6854
1691649281000,0.6854,0.6854,0.6854
1691649282000,0.6854,0.6854,0.6854
1691649283000,0.6853,0.6853,0.6853
1691649284000,0.68530281,0.68530281,0.68530281
1691649285000,0.68530277,0.68530277,0.68530277
1691649286000,0.68530277,0.68530277,0.68530277
1691649287000,0.68530235,0.68530235,0.68530235
1691649288000,0.68530235,0.68530235,0.68530235
1691649289000,0.68530243,0.68530243,0.68530243
1691649290000,0.68530239,0.68530239,0.68530239
1691649291000,0.68530239,0.68530239,0.68530239
1691649292000,0.68530201,0.68530201,0.68530201
1691649293000,0.68530198,0.68530198,0.68530198
1691649294000,0.68530275,0.68530275,0.68530275
1691649295000,0.68530182,0.68530182,0.68530182
1691649296000,0.6854,0.6854,0.6854
1691649297000,0.6854,0.6854,0.6854
1691649298000,0.6854,0.6854,0.6854
1691649299000,0.6854,0.6854,0.6854
1691649300000,0.6854,0.6854,0.6854
1691649301000,0.6854,0.6854,0.6854
1691649302000,0.6854,0.6854,0.6854
1691649303000,0.6854,0.6854,0.6854
1691649304000,0.6854,0.6854,0.6854
1691649305000,0.6854,0.6854,0.6854
1691649306000,0.6854,0.6854,0.6854
1691649307000,0.6854,0.6854,0.6854
1691649308000,0.6854,0.6854,0.6854
1691649309000,0.6854,0.6854,0.6854
1691649310000,0.6853,0.6853,0.6853
1691649311000,0.6853,0.6853,0.6853
1691649312000,0.6853,0.6853,0.6853
1691649313000,0.68532919,0.68532919,0.68532919
1691649314000,0.6853283,0.6853283,0.6853283
1691649315000,0.6853283,0.6853283,0.6853283
1691649316000,0.68532737,0.68532737,0.68532737
1691649317000,0.6853283,0.6853283,0.6853283
1691649318000,0.68532662,0.68532662,0.68532662
1691649319000,0.68532695,0.68532695,0.68532695
1691649320000,0.68532695,0.68532695,0.68532695
1691649321000,0.68532602,0.68532602,0.68532602
1691649322000,0.68532602,0.68532602,0.68532602
1691649323000,0.68532791,0.68532791,0.68532791
1691649324000,0.6854,0.6854,0.6854
1691649325000,0.6856,0.6856,0.6856
1691649326000,0.6856,0.6856,0.6856
1691649327000,0.6856,0.6856,0.6856
1691649328000,0.6856,0.6856,0.6856
1691649329000,0.6856,0.6856,0.6856
1691649330000,0.6855,0.6855,0.6855
1691649331000,0.6855,0.6855,0.6855
1691649332000,0.6855,0.6855,0.6855
1691649333000,0.6855,0.6855,0.6855
1691649334000,0.6855,0.6855,0.6855
1691649335000,0.6855,0.6855,0.6855
1691649336000,0.6855,0.6855,0.6855
1691649337000,0.6855,0.6855,0.6855
1691649338000,0.6855,0.6855,0.6855
1691649339000,0.6855,0.6855,0.6855
1691649340000,0.6855,0.6855,0.6855
1691649341000,0.6855,0.6855,0.6855
1691649342000,0.6855,0.6855,0.6855
1691649343000,0.68542774,0.68542774,0.68542774
1691649344000,0.68542653,0.68542653,0.68542653
1691649345000,0.68542653,0.68542653,0.68542653
1691649346000,0.68542515,0.68542515,0.68542515
1691649347000,0.68545851,0.68545851,0.68545851
1691649348000,0.68545851,0.68545851,0.68545851
1691649349000,0.68545737,0.68545737,0.68545737
1691649350000,0.68545758,0.68545758,0.68545758
1691649351000,0.68545758,0.68545758,0.68545758
1691649352000,0.6855,0.6855,0.6855
1691649353000,0.6855,0.6855,0.6855
1691649354000,0.6855,0.6855,0.6855
1691649355000,0.6855,0.6855,0.6855
1691649356000,0.6855,0.6855,0.6855
1691649357000,0.6856,0.6856,0.6856
1691649358000,0.6856,0.6856,0.6856
1691649359000,0.6856,0.6856,0.6856
1691649360000,0.6855,0.6855,0.6855
1691649361000,0.6855,0.6855,0.6855
1691649362000,0.6856,0.6856,0.6856
1691649363000,0.6856,0.6856,0.6856
1691649364000,0.6857,0.6857,0.6857
1691649365000,0.6856,0.6856,0.6856
1691649366000,0.6856,0.6856,0.6856
1691649367000,0.6856,0.6856,0.6856
1691649368000,0.6857,0.6857,0.6857
1691649369000,0.6857,0.6857,0.6857
1691649370000,0.6857,0.6857,0.6857
1691649371000,0.6857,0.6857,0.6857
1691649372000,0.6857,0.6857,0.6857
1691649373000,0.6857,0.6857,0.6857
1691649374000,0.6857,0.6857,0.6857
1691649375000,0.6857,0.6857,0.6857
1691649376000,0.6857,0.6857,0.6857
1691649377000,0.6856,0.6856,0.6856
1691649378000,0.6856,0.6856,0.6856
1691649379000,0.6857,0.6857,0.6857
1691649380000,0.6857,0.6857,0.6857
1691649381000,0.6856,0.6856,0.6856
1691649382000,0.6856,0.6856,0.6856
1691649383000,0.6856,0.6856,0.6856
1691649384000,0.6857,0.6857,0.6857
1691649385000,0.6856,0.6856,0.6856
1691649386000,0.6856,0.6856,0.6856
1691649387000,0.6856,0.6856,0.6856
1691649388000,0.6856,0.6856,0.6856
1691649389000,0.6856,0.6856,0.6856
1691649390000,0.6856,0.6856,0.6856
1691649391000,0.6856,0.6856,0.6856
1691649392000,0.6857,0.6857,0.6857
1691649393000,0.68559226,0.68559226,0.68559226
1691649394000,0.68553824,0.68553824,0.68553824
1691649395000,0.68553732,0.68553732,0.68553732
1691649396000,0.68553935,0.68553935,0.68553935
1691649397000,0.68553753,0.68553753,0.68553753
1691649398000,0.68553664,0.68553664,0.68553664
1691649399000,0.6855366,0.6855366,0.6855366
1691649400000,0.6855366,0.6855366,0.6855366
1691649401000,0.6855,0.6855,0.6855
1691649402000,0.68543043,0.68543043,0.68543043
1691649403000,0.68542907,0.68542907,0.68542907
1691649404000,0.68542907,0.68542907,0.68542907
1691649405000,0.68542907,0.68542907,0.68542907
1691649406000,0.68542741,0.68542741,0.68542741
1691649407000,0.68542513,0.68542513,0.68542513
1691649408000,0.68542513,0.68542513,0.68542513
1691649409000,0.68542513,0.68542513,0.68542513
1691649410000,0.68542421,0.68542421,0.68542421
1691649411000,0.68541842,0.68541842,0.68541842
1691649412000,0.68541639,0.68541639,0.68541639
1691649413000,0.68541635,0.68541635,0.68541635
1691649414000,0.68541635,0.68541635,0.68541635
1691649415000,0.68541635,0.68541635,0.68541635
1691649416000,0.68541639,0.68541639,0.68541639
1691649417000,0.68541087,0.68541087,0.68541087
1691649418000,0.68541087,0.68541087,0.68541087
1691649419000,0.68541087,0.68541087,0.68541087
1691649420000,0.68541087,0.68541087,0.68541087
1691649421000,0.68537844,0.68537844,0.68537844
1691649422000,0.68537816,0.68537816,0.68537816
1691649423000,0.6853,0.6853,0.6853
1691649424000,0.6853,0.6853,0.6853
1691649425000,0.6853,0.6853,0.6853
1691649426000,0.6853,0.6853,0.6853
1691649427000,0.6853,0.6853,0.6853
1691649428000,0.68522419,0.68522419,0.68522419
1691649429000,0.68522419,0.68522419,0.68522419
1691649430000,0.68522423,0.68522423,0.68522423
1691649431000,0.68522326,0.68522326,0.68522326
1691649432000,0.68520676,0.68520676,0.68520676
1691649433000,0.68526304,0.68526304,0.68526304
1691649434000,0.68526304,0.68526304,0.68526304
1691649435000,0.68520898,0.68520898,0.68520898
1691649436000,0.68520898,0.68520898,0.68520898
1691649437000,0.6853,0.6853,0.6853
1691649438000,0.68520855,0.68520855,0.68520855
1691649439000,0.68520855,0.68520855,0.68520855
1691649440000,0.6852,0.6852,0.6852
1691649441000,0.68520859,0.68520859,0.68520859
1691649442000,0.68520555,0.68520555,0.68520555
1691649443000,0.6852028,0.6852028,0.6852028
1691649444000,0.6852,0.6852,0.6852
1691649445000,0.6852,0.6852,0.6852
1691649446000,0.6852,0.6852,0.6852
1691649447000,0.6852,0.6852,0.6852
1691649448000,0.6852,0.6852,0.6852
1691649449000,0.6852,0.6852,0.6852
1691649450000,0.6852,0.6852,0.6852
1691649451000,0.6852,0.6852,0.6852
1691649452000,0.6852,0.6852,0.6852
1691649453000,0.6852,0.6852,0.6852
1691649454000,0.6852,0.6852,0.6852
1691649455000,0.6852,0.6852,0.6852
1691649456000,0.6852,0.6852,0.6852
1691649457000,0.6852,0.6852,0.6852
1691649458000,0.68513251,0.68513251,0.68513251
1691649459000,0.6852,0.6852,0.6852
1691649460000,0.6852,0.6852,0.6852
1691649461000,0.6852,0.6852,0.6852
1691649462000,0.6852,0.6852,0.6852
1691649463000,0.6852,0.6852,0.6852
1691649464000,0.6853,0.6853,0.6853
1691649465000,0.6853,0.6853,0.6853
1691649466000,0.6853,0.6853,0.6853
1691649467000,0.6853,0.6853,0.6853
1691649468000,0.6852,0.6852,0.6852
1691649469000,0.6852,0.6852,0.6852
1691649470000,0.6852,0.6852,0.6852
1691649471000,0.6852,0.6852,0.6852
1691649472000,0.6852,0.6852,0.6852
1691649473000,0.6852,0.6852,0.6852
1691649474000,0.6852,0.6852,0.6852
1691649475000,0.6852,0.6852,0.6852
1691649476000,0.6852,0.6852,0.6852
1691649477000,0.6852,0.6852,0.6852
1691649478000,0.6852,0.6852,0.6852
1691649479000,0.6852,0.6852,0.6852
1691649480000,0.6853,0.6853,0.6853
1691649481000,0.6853,0.6853,0.6853
1691649482000,0.6852,0.6852,0.6852
1691649483000,0.6852,0.6852,0.6852
1691649484000,0.6852,0.6852,0.6852
1691649485000,0.6853,0.6853,0.6853
1691649486000,0.6853,0.6853,0.6853
1691649487000,0.6853,0.6853,0.6853
1691649488000,0.6852,0.6852,0.6852
1691649489000,0.6852,0.6852,0.6852
1691649490000,0.6852,0.6852,0.6852
1691649491000,0.6852,0.6852,0.6852
1691649492000,0.6853,0.6853,0.6853
1691649493000,0.6853,0.6853,0.6853
1691649494000,0.6853,0.6853,0.6853
1691649495000,0.6852,0.6852,0.6852
1691649496000,0.6852,0.6852,0.6852
1691649497000,0.6852,0.6852,0.6852
1691649498000,0.6852,0.6852,0.6852
1691649499000,0.6852,0.6852,0.6852
1691649500000,0.6852,0.6852,0.6852
1691649501000,0.6852,0.6852,0.6852
1691649502000,0.6852,0.6852,0.6852
1691649503000,0.6852,0.6852,0.6852
1691649504000,0.6851,0.6851,0.6851
1691649505000,0.68506997,0.68506997,0.68506997
1691649506000,0.685,0.685,0.685
1691649507000,0.685,0.685,0.685
1691649508000,0.68497076,0.68497076,0.68497076
1691649509000,0.68496451,0.68496451,0.68496451
1691649510000,0.6849643,0.6849643,0.6849643
1691649511000,0.6849643,0.6849643,0.6849643
1691649512000,0.6849643,0.6849643,0.6849643
1691649513000,0.6849643,0.6849643,0.6849643
1691649514000,0.6849643,0.6849643,0.6849643
1691649515000,0.68490858,0.68490858,0.68490858
1691649516000,0.685,0.685,0.685
1691649517000,0.685,0.685,0.685
1691649518000,0.685,0.685,0.685
1691649519000,0.68496619,0.68496619,0.68496619
1691649520000,0.685,0.685,0.685
1691649521000,0.685,0.685,0.685
1691649522000,0.685,0.685,0.685
1691649523000,0.685,0.685,0.685
1691649524000,0.68496694,0.68496694,0.68496694
1691649525000,0.68496694,0.68496694,0.68496694
1691649526000,0.68501486,0.68501486,0.68501486
1691649527000,0.68501486,0.68501486,0.68501486
1691649528000,0.68501482,0.68501482,0.68501482
1691649529000,0.68501482,0.68501482,0.68501482
1691649530000,0.68501499,0.68501499,0.68501499
1691649531000,0.68501557,0.68501557,0.68501557
1691649532000,0.68501557,0.68501557,0.68501557
1691649533000,0.68501557,0.68501557,0.68501557
1691649534000,0.68496002,0.68496002,0.68496002
1691649535000,0.68496002,0.68496002,0.68496002
1691649536000,0.68495979,0.68495979,0.68495979
1691649537000,0.68495975,0.68495975,0.68495975
1691649538000,0.68493639,0.68493639,0.68493639
1691649539000,0.68493453,0.68493453,0.68493453
1691649540000,0.68493453,0.68493453,0.68493453
1691649541000,0.68493659,0.68493659,0.68493659
1691649542000,0.68493659,0.68493659,0.68493659
1691649543000,0.68493659,0.68493659,0.68493659
1691649544000,0.68493659,0.68493659,0.68493659
1691649545000,0.68493551,0.68493551,0.68493551
1691649546000,0.68493647,0.68493647,0.68493647
1691649547000,0.68493765,0.68493765,0.68493765
1691649548000,0.68493673,0.68493673,0.68493673
1691649549000,0.68493673,0.68493673,0.68493673
1691649550000,0.68492019,0.68492019,0.68492019
1691649551000,0.68492019,0.68492019,0.68492019
1691649552000,0.68492161,0.68492161,0.68492161
1691649553000,0.68492161,0.68492161,0.68492161
1691649554000,0.68492161,0.68492161,0.68492161
1691649555000,0.68491735,0.68491735,0.68491735
1691649556000,0.68487116,0.68487116,0.68487116
1691649557000,0.68487018,0.68487018,0.68487018
1691649558000,0.68487018,0.68487018,0.68487018
1691649559000,0.68486939,0.68486939,0.68486939
1691649560000,0.6848219,0.6848219,0.6848219
1691649561000,0.68486841,0.68486841,0.68486841
1691649562000,0.68486998,0.68486998,0.68486998
1691649563000,0.68486995,0.68486995,0.68486995
1691649564000,0.68487074,0.68487074,0.68487074
1691649565000,0.685,0.685,0.685
1691649566000,0.6851,0.6851,0.6851
1691649567000,0.6851,0.6851,0.6851
1691649568000,0.6851,0.6851,0.6851
1691649569000,0.6851,0.6851,0.6851
1691649570000,0.6851,0.6851,0.6851
1691649571000,0.685,0.685,0.685
1691649572000,0.685,0.685,0.685
1691649573000,0.685,0.685,0.685
1691649574000,0.685,0.685,0.685
1691649575000,0.685,0.685,0.685
1691649576000,0.685,0.685,0.685
1691649577000,0.6852,0.6852,0.6852
1691649578000,0.6852,0.6852,0.6852
1691649579000,0.6852,0.6852,0.6852
1691649580000,0.6852,0.6852,0.6852
1691649581000,0.6851,0.6851,0.6851
1691649582000,0.6851,0.6851,0.6851
1691649583000,0.6852,0.6852,0.6852
1691649584000,0.6852,0.6852,0.6852
1691649585000,0.6852,0.6852,0.6852
1691649586000,0.6851,0.6851,0.6851
1691649587000,0.6851,0.6851,0.6851
1691649588000,0.6851,0.6851,0.6851
1691649589000,0.6851,0.6851,0.6851
1691649590000,0.6851,0.6851,0.6851
1691649591000,0.6851,0.6851,0.6851
1691649592000,0.6851,0.6851,0.6851
1691649593000,0.6851,0.6851,0.6851
1691649594000,0.6851,0.6851,0.6851
1691649595000,0.6851,0.6851,0.6851
1691649596000,0.6851,0.6851,0.6851
1691649597000,0.6851,0.6851,0.6851
1691649598000,0.6851,0.6851,0.6851
1691649599000,0.68496402,0.68496402,0.68496402
1691649600000,0.6849,0.6849,0.6849
1691649601000,0.6849,0.6849,0.6849
1691649602000,0.6849,0.6849,0.6849
1691649603000,0.685,0.685,0.685
1691649604000,0.685,0.685,0.685
1691649605000,0.6851,0.6851,0.6851
1691649606000,0.685,0.685,0.685
1691649607000,0.685,0.685,0.685
1691649608000,0.685,0.685,0.685
1691649609000,0.685,0.685,0.685
1691649610000,0.685,0.685,0.685
1691649611000,0.685,0.685,0.685
1691649612000,0.685,0.685,0.685
1691649613000,0.685,0.685,0.685
1691649614000,0.685,0.685,0.685
1691649615000,0.685,0.685,0.685
1691649616000,0.685,0.685,0.685
1691649617000,0.6851,0.6851,0.6851
1691649618000,0.6851,0.6851,0.6851
1691649619000,0.6851,0.6851,0.6851
1691649620000,0.6851,0.6851,0.6851
1691649621000,0.6851,0.6851,0.6851
1691649622000,0.685,0.685,0.685
1691649623000,0.685,0.685,0.685
1691649624000,0.685,0.685,0.685
1691649625000,0.685,0.685,0.685
1691649626000,0.685,0.685,0.685
1691649627000,0.685,0.685,0.685
1691649628000,0.685,0.685,0.685
1691649629000,0.685,0.685,0.685
1691649630000,0.685,0.685,0.685
1691649631000,0.685,0.685,0.685
1691649632000,0.685,0.685,0.685
1691649633000,0.685,0.685,0.685
1691649634000,0.685,0.685,0.685
1691649635000,0.685,0.685,0.685
1691649636000,0.6849,0.6849,0.6849
1691649637000,0.6849,0.6849,0.6849
1691649638000,0.6849,0.6849,0.6849
1691649639000,0.6849,0.6849,0.6849
1691649640000,0.6849,0.6849,0.6849
1691649641000,0.6849,0.6849,0.6849
1691649642000,0.6849,0.6849,0.6849
1691649643000,0.6849,0.6849,0.6849
1691649644000,0.685,0.685,0.685
1691649645000,0.685,0.685,0.685
1691649646000,0.685,0.685,0.685
1691649647000,0.685,0.685,0.685
1691649648000,0.685,0.685,0.685
1691649649000,0.685,0.685,0.685
1691649650000,0.685,0.685,0.685
1691649651000,0.685,0.685,0.685
1691649652000,0.6849,0.6849,0.6849
1691649653000,0.6849,0.6849,0.6849
1691649654000,0.685,0.685,0.685
1691649655000,0.685,0.685,0.685
1691649656000,0.685,0.685,0.685
1691649657000,0.685,0.685,0.685
1691649658000,0.6849,0.6849,0.6849
1691649659000,0.6849,0.6849,0.6849
1691649660000,0.6849,0.6849,0.6849
1691649661000,0.685,0.685,0.685
1691649662000,0.685,0.685,0.685
1691649663000,0.685,0.685,0.685
1691649664000,0.685,0.685,0.685
1691649665000,0.685,0.685,0.685
1691649666000,0.68492591,0.68492591,0.68492591
1691649667000,0.68492682,0.68492682,0.68492682
1691649668000,0.68492682,0.68492682,0.68492682
1691649669000,0.68492682,0.68492682,0.68492682
1691649670000,0.68492682,0.68492682,0.68492682
1691649671000,0.68492628,0.68492628,0.68492628
1691649672000,0.68492628,0.68492628,0.68492628
1691649673000,0.68492628,0.68492628,0.68492628
1691649674000,0.68492628,0.68492628,0.68492628
1691649675000,0.68492628,0.68492628,0.68492628
1691649676000,0.68492529,0.68492529,0.68492529
1691649677000,0.685,0.685,0.685
1691649678000,0.68491863,0.68491863,0.68491863
1691649679000,0.68491863,0.68491863,0.68491863
1691649680000,0.68491863,0.68491863,0.68491863
1691649681000,0.68491863,0.68491863,0.68491863
1691649682000,0.68491707,0.68491707,0.68491707
1691649683000,0.68491565,0.68491565,0.68491565
1691649684000,0.68491565,0.68491565,0.68491565
1691649685000,0.68491565,0.68491565,0.68491565
1691649686000,0.68491526,0.68491526,0.68491526
1691649687000,0.6849,0.6849,0.6849
1691649688000,0.6849,0.6849,0.6849
1691649689000,0.6849,0.6849,0.6849
1691649690000,0.6849,0.6849,0.6849
1691649691000,0.6849,0.6849,0.6849
1691649692000,0.6849,0.6849,0.6849
1691649693000,0.6849,0.6849,0.6849
1691649694000,0.6849,0.6849,0.6849
1691649695000,0.6849,0.6849,0.6849
1691649696000,0.68492831,0.68492831,0.68492831
1691649697000,0.68493148,0.68493148,0.68493148
1691649698000,0.68493134,0.68493134,0.68493134
1691649699000,0.68493137,0.68493137,0.68493137
1691649700000,0.68493137,0.68493137,0.68493137
1691649701000,0.68492716,0.68492716,0.68492716
1691649702000,0.685,0.685,0.685
1691649703000,0.685,0.685,0.685
1691649704000,0.68492082,0.68492082,0.68492082
1691649705000,0.68492082,0.68492082,0.68492082
1691649706000,0.68492082,0.68492082,0.68492082
1691649707000,0.68492082,0.68492082,0.68492082
1691649708000,0.68492198,0.68492198,0.68492198
1691649709000,0.685,0.685,0.685
1691649710000,0.685,0.685,0.685
1691649711000,0.685,0.685,0.685
1691649712000,0.685,0.685,0.685
1691649713000,0.685,0.685,0.685
1691649714000,0.685,0.685,0.685
1691649715000,0.685,0.685,0.685
1691649716000,0.685,0.685,0.685
1691649717000,0.685,0.685,0.685
1691649718000,0.685,0.685,0.685
1691649719000,0.685,0.685,0.685
1691649720000,0.685,0.685,0.685
1691649721000,0.685,0.685,0.685
1691649722000,0.685,0.685,0.685
1691649723000,0.685,0.685,0.685
1691649724000,0.685,0.685,0.685
1691649725000,0.685,0.685,0.685
1691649726000,0.6852,0.6852,0.6852
1691649727000,0.6851,0.6851,0.6851
1691649728000,0.6851,0.6851,0.6851
1691649729000,0.6851,0.6851,0.6851
1691649730000,0.6851,0.6851,0.6851
1691649731000,0.6851,0.6851,0.6851
1691649732000,0.6851,0.6851,0.6851
1691649733000,0.6851,0.6851,0.6851
1691649734000,0.6851,0.6851,0.6851
1691649735000,0.6852,0.6852,0.6852
1691649736000,0.6852,0.6852,0.6852
1691649737000,0.6852,0.6852,0.6852
1691649738000,0.6851,0.6851,0.6851
1691649739000,0.6852,0.6852,0.6852
1691649740000,0.6852,0.6852,0.6852
1691649741000,0.6852,0.6852,0.6852
1691649742000,0.6853,0.6853,0.6853
1691649743000,0.6854,0.6854,0.6854
1691649744000,0.6854,0.6854,0.6854
1691649745000,0.6854,0.6854,0.6854
1691649746000,0.6854,0.6854,0.6854
1691649747000,0.6854,0.6854,0.6854
1691649748000,0.6854,0.6854,0.6854
1691649749000,0.6854,0.6854,0.6854
1691649750000,0.6854,0.6854,0.6854
1691649751000,0.6854,0.6854,0.6854
1691649752000,0.6854,0.6854,0.6854
1691649753000,0.6854,0.6854,0.6854
1691649754000,0.6854,0.6854,0.6854
1691649755000,0.6854,0.6854,0.6854
1691649756000,0.6854,0.6854,0.6854
1691649757000,0.6854,0.6854,0.6854
1691649758000,0.6854,0.6854,0.6854
1691649759000,0.6854,0.6854,0.6854
1691649760000,0.6853,0.6853,0.6853
1691649761000,0.6854,0.6854,0.6854
1691649762000,0.6854,0.6854,0.6854
1691649763000,0.6854,0.6854,0.6854
1691649764000,0.6854,0.6854,0.6854
1691649765000,0.6854,0.6854,0.6854
1691649766000,0.6854,0.6854,0.6854
1691649767000,0.6854,0.6854,0.6854
1691649768000,0.6854,0.6854,0.6854
1691649769000,0.6854,0.6854,0.6854
1691649770000,0.6854,0.6854,0.6854
1691649771000,0.6854,0.6854,0.6854
1691649772000,0.6854,0.6854,0.6854
1691649773000,0.6854,0.6854,0.6854
1691649774000,0.6856,0.6856,0.6856
1691649775000,0.6856,0.6856,0.6856
1691649776000,0.6856,0.6856,0.6856
1691649777000,0.6856,0.6856,0.6856
1691649778000,0.6856,0.6856,0.6856
1691649779000,0.6856,0.6856,0.6856
1691649780000,0.6856,0.6856,0.6856
1691649781000,0.68556457,0.68556457,0.68556457
1691649782000,0.6856,0.6856,0.6856
1691649783000,0.6856,0.6856,0.6856
1691649784000,0.6858,0.6858,0.6858
1691649785000,0.68570999,0.68570999,0.68570999
1691649786000,0.6858,0.6858,0.6858
1691649787000,0.6859,0.6859,0.6859
1691649788000,0.6859,0.6859,0.6859
1691649789000,0.6859,0.6859,0.6859
1691649790000,0.6858,0.6858,0.6858
1691649791000,0.6856204,0.6856204,0.6856204
1691649792000,0.68562043,0.68562043,0.68562043
1691649793000,0.68562043,0.68562043,0.68562043
1691649794000,0.68562043,0.68562043,0.68562043
1691649795000,0.68562043,0.68562043,0.68562043
1691649796000,0.68561364,0.68561364,0.68561364
1691649797000,0.68561444,0.68561444,0.68561444
1691649798000,0.68561444,0.68561444,0.68561444
1691649799000,0.68561364,0.68561364,0.68561364
1691649800000,0.68561368,0.68561368,0.68561368
1691649801000,0.68561352,0.68561352,0.68561352
1691649802000,0.68561541,0.68561541,0.68561541
1691649803000,0.68561541,0.68561541,0.68561541
1691649804000,0.68561624,0.68561624,0.68561624
1691649805000,0.6856162,0.6856162,0.6856162
1691649806000,0.68561751,0.68561751,0.68561751
1691649807000,0.68561549,0.68561549,0.68561549
1691649808000,0.68554492,0.68554492,0.68554492
1691649809000,0.68554492,0.68554492,0.68554492
1691649810000,0.6856,0.6856,0.6856
1691649811000,0.68549843,0.68549843,0.68549843
1691649812000,0.68549843,0.68549843,0.68549843
1691649813000,0.68549923,0.68549923,0.68549923
1691649814000,0.68549923,0.68549923,0.68549923
1691649815000,0.68549923,0.68549923,0.68549923
1691649816000,0.68549843,0.68549843,0.68549843
1691649817000,0.68549721,0.68549721,0.68549721
1691649818000,0.68536233,0.68536233,0.68536233
1691649819000,0.68536233,0.68536233,0.68536233
1691649820000,0.68536233,0.68536233,0.68536233
1691649821000,0.68531363,0.68531363,0.68531363
1691649822000,0.68531391,0.68531391,0.68531391
1691649823000,0.68531391,0.68531391,0.68531391
1691649824000,0.68531474,0.68531474,0.68531474
1691649825000,0.68531474,0.68531474,0.68531474
1691649826000,0.685175,0.685175,0.685175
1691649827000,0.6852,0.6852,0.6852
1691649828000,0.6852,0.6852,0.6852
1691649829000,0.6852,0.6852,0.6852
1691649830000,0.6852,0.6852,0.6852
1691649831000,0.68517375,0.68517375,0.68517375
1691649832000,0.68511904,0.68511904,0.68511904
1691649833000,0.68511904,0.68511904,0.68511904
1691649834000,0.68513303,0.68513303,0.68513303
1691649835000,0.685133,0.685133,0.685133
1691649836000,0.68517954,0.68517954,0.68517954
1691649837000,0.68518073,0.68518073,0.68518073
1691649838000,0.6853,0.6853,0.6853
1691649839000,0.6853,0.6853,0.6853
1691649840000,0.6853,0.6853,0.6853
1691649841000,0.6853,0.6853,0.6853
1691649842000,0.6853,0.6853,0.6853
1691649843000,0.6853,0.6853,0.6853
1691649844000,0.68522133,0.68522133,0.68522133
1691649845000,0.6853,0.6853,0.6853
1691649846000,0.6853,0.6853,0.6853
1691649847000,0.6853,0.6853,0.6853
1691649848000,0.6853,0.6853,0.6853
1691649849000,0.6854,0.6854,0.6854
1691649850000,0.6854,0.6854,0.6854
1691649851000,0.6854,0.6854,0.6854
1691649852000,0.6854,0.6854,0.6854
1691649853000,0.6854,0.6854,0.6854
1691649854000,0.6854,0.6854,0.6854
1691649855000,0.6854,0.6854,0.6854
1691649856000,0.6854,0.6854,0.6854
1691649857000,0.6854,0.6854,0.6854
1691649858000,0.6854,0.6854,0.6854
1691649859000,0.6854,0.6854,0.6854
1691649860000,0.68534704,0.68534704,0.68534704
1691649861000,0.6854,0.6854,0.6854
1691649862000,0.6854,0.6854,0.6854
1691649863000,0.6854,0.6854,0.6854
1691649864000,0.68532081,0.68532081,0.68532081
1691649865000,0.68532085,0.68532085,0.68532085
1691649866000,0.68532085,0.68532085,0.68532085
1691649867000,0.68532304,0.68532304,0.68532304
1691649868000,0.6853211,0.6853211,0.6853211
1691649869000,0.6853211,0.6853211,0.6853211
1691649870000,0.68532114,0.68532114,0.68532114
1691649871000,0.6853211,0.6853211,0.6853211
1691649872000,0.6853211,0.6853211,0.6853211
1691649873000,0.6853211,0.6853211,0.6853211
1691649874000,0.68531918,0.68531918,0.68531918
1691649875000,0.68531922,0.68531922,0.68531922
1691649876000,0.68531922,0.68531922,0.68531922
1691649877000,0.68531877,0.68531877,0.68531877
1691649878000,0.68531498,0.68531498,0.68531498
1691649879000,0.68531314,0.68531314,0.68531314
1691649880000,0.68531407,0.68531407,0.68531407
1691649881000,0.68531411,0.68531411,0.68531411
1691649882000,0.68531407,0.68531407,0.68531407
1691649883000,0.68531407,0.68531407,0.68531407
1691649884000,0.68531146,0.68531146,0.68531146
1691649885000,0.68531146,0.68531146,0.68531146
1691649886000,0.68531146,0.68531146,0.68531146
1691649887000,0.68531149,0.68531149,0.68531149
1691649888000,0.68531149,0.68531149,0.68531149
1691649889000,0.68530888,0.68530888,0.68530888
1691649890000,0.68530888,0.68530888,0.68530888
1691649891000,0.68530888,0.68530888,0.68530888
1691649892000,0.68530884,0.68530884,0.68530884
1691649893000,0.68530015,0.68530015,0.68530015
1691649894000,0.68529761,0.68529761,0.68529761
1691649895000,0.6852436,0.6852436,0.6852436
1691649896000,0.6852436,0.6852436,0.6852436
1691649897000,0.68524356,0.68524356,0.68524356
1691649898000,0.68524356,0.68524356,0.68524356
1691649899000,0.68524356,0.68524356,0.68524356
1691649900000,0.68524212,0.68524212,0.68524212
1691649901000,0.68522591,0.68522591,0.68522591
1691649902000,0.68522587,0.68522587,0.68522587
1691649903000,0.68522494,0.68522494,0.68522494
1691649904000,0.68522494,0.68522494,0.68522494
1691649905000,0.68522627,0.68522627,0.68522627
1691649906000,0.68522627,0.68522627,0.68522627
1691649907000,0.68522627,0.68522627,0.68522627
1691649908000,0.6851596,0.6851596,0.6851596
1691649909000,0.68515964,0.68515964,0.68515964
1691649910000,0.68515698,0.68515698,0.68515698
1691649911000,0.68510292,0.68510292,0.68510292
1691649912000,0.68510292,0.68510292,0.68510292
1691649913000,0.68510232,0.68510232,0.68510232
1691649914000,0.68510143,0.68510143,0.68510143
1691649915000,0.6851,0.6851,0.6851
1691649916000,0.6851,0.6851,0.6851
1691649917000,0.6851,0.6851,0.6851
1691649918000,0.6851,0.6851,0.6851
1691649919000,0.68509825,0.68509825,0.68509825
1691649920000,0.68509596,0.68509596,0.68509596
1691649921000,0.68509599,0.68509599,0.68509599
1691649922000,0.68509599,0.68509599,0.68509599
1691649923000,0.68509688,0.68509688,0.68509688
1691649924000,0.68507864,0.68507864,0.68507864
1691649925000,0.6850748,0.6850748,0.6850748
1691649926000,0.68504236,0.68504236,0.68504236
1691649927000,0.68486147,0.68486147,0.68486147
1691649928000,0.68486147,0.68486147,0.68486147
1691649929000,0.68484984,0.68484984,0.68484984
1691649930000,0.68479671,0.68479671,0.68479671
1691649931000,0.6847938,0.6847938,0.6847938
1691649932000,0.68477973,0.68477973,0.68477973
1691649933000,0.68477976,0.68477976,0.68477976
1691649934000,0.68477503,0.68477503,0.68477503
1691649935000,0.68477503,0.68477503,0.68477503
1691649936000,0.68476977,0.68476977,0.68476977
1691649937000,0.68476977,0.68476977,0.68476977
1691649938000,0.6848,0.6848,0.6848
1691649939000,0.6848,0.6848,0.6848
1691649940000,0.6849,0.6849,0.6849
1691649941000,0.685,0.685,0.685
1691649942000,0.685,0.685,0.685
1691649943000,0.685,0.685,0.685
1691649944000,0.685,0.685,0.685
1691649945000,0.685,0.685,0.685
1691649946000,0.685,0.685,0.685
1691649947000,0.685,0.685,0.685
1691649948000,0.684916,0.684916,0.684916
1691649949000,0.685,0.685,0.685
1691649950000,0.685,0.685,0.685
1691649951000,0.685,0.685,0.685
1691649952000,0.685,0.685,0.685
1691649953000,0.685,0.685,0.685
1691649954000,0.685,0.685,0.685
1691649955000,0.6851,0.6851,0.6851
1691649956000,0.6851,0.6851,0.6851
1691649957000,0.6851,0.6851,0.6851
1691649958000,0.68502329,0.68502329,0.68502329
1691649959000,0.6851,0.6851,0.6851
1691649960000,0.68540895,0.68540895,0.68540895
1691649961000,0.6854,0.6854,0.6854
1691649962000,0.6854,0.6854,0.6854
1691649963000,0.6855,0.6855,0.6855
1691649964000,0.6855,0.6855,0.6855
1691649965000,0.6855,0.6855,0.6855
1691649966000,0.6855,0.6855,0.6855
1691649967000,0.6856,0.6856,0.6856
1691649968000,0.6856,0.6856,0.6856
1691649969000,0.6856,0.6856,0.6856
1691649970000,0.6855,0.6855,0.6855
1691649971000,0.6855,0.6855,0.6855
1691649972000,0.6856,0.6856,0.6856
1691649973000,0.6856,0.6856,0.6856
1691649974000,0.6856,0.6856,0.6856
1691649975000,0.6856,0.6856,0.6856
1691649976000,0.6855,0.6855,0.6855
1691649977000,0.6855,0.6855,0.6855
1691649978000,0.6855,0.6855,0.6855
1691649979000,0.6855,0.6855,0.6855
1691649980000,0.6855,0.6855,0.6855
1691649981000,0.6855,0.6855,0.6855
1691649982000,0.6855,0.6855,0.6855
1691649983000,0.6855,0.6855,0.6855
1691649984000,0.6855,0.6855,0.6855
1691649985000,0.6855,0.6855,0.6855
1691649986000,0.6855,0.6855,0.6855
1691649987000,0.6855,0.6855,0.6855
1691649988000,0.68532725,0.68532725,0.68532725
1691649989000,0.6854,0.6854,0.6854
1691649990000,0.6854,0.6854,0.6854
1691649991000,0.68532868,0.68532868,0.68532868
1691649992000,0.68532619,0.68532619,0.68532619
1691649993000,0.68532625,0.68532625,0.68532625
1691649994000,0.68532704,0.68532704,0.68532704
1691649995000,0.68532704,0.68532704,0.68532704
1691649996000,0.68532572,0.68532572,0.68532572
1691649997000,0.68532572,0.68532572,0.68532572
1691649998000,0.68532496,0.68532496,0.68532496
1691649999000,0.6852128,0.6852128,0.6852128
1691650000000,0.68521357,0.68521357,0.68521357
1691650001000,0.68521357,0.68521357,0.68521357
1691650002000,0.68521214,0.68521214,0.68521214
1691650003000,0.68521233,0.68521233,0.68521233
1691650004000,0.68521237,0.68521237,0.68521237
1691650005000,0.68521237,0.68521237,0.68521237
1691650006000,0.68516988,0.68516988,0.68516988
1691650007000,0.68516991,0.68516991,0.68516991
1691650008000,0.68513732,0.68513732,0.68513732
1691650009000,0.6853,0.6853,0.6853
1691650010000,0.6853,0.6853,0.6853
1691650011000,0.6853,0.6853,0.6853
1691650012000,0.6853,0.6853,0.6853
1691650013000,0.6853,0.6853,0.6853
1691650014000,0.6853,0.6853,0.6853
1691650015000,0.6853,0.6853,0.6853
1691650016000,0.6853,0.6853,0.6853
1691650017000,0.6853,0.6853,0.6853
1691650018000,0.6853,0.6853,0.6853
1691650019000,0.6853,0.6853,0.6853
1691650020000,0.6853,0.6853,0.6853
1691650021000,0.6852,0.6852,0.6852
1691650022000,0.6852,0.6852,0.6852
1691650023000,0.6852,0.6852,0.6852
1691650024000,0.6852,0.6852,0.6852
1691650025000,0.6852,0.6852,0.6852
1691650026000,0.6852,0.6852,0.6852
1691650027000,0.68513543,0.68513543,0.68513543
1691650028000,0.68513543,0.68513543,0.68513543
1691650029000,0.6852,0.6852,0.6852
1691650030000,0.6852,0.6852,0.6852
1691650031000,0.6852,0.6852,0.6852
1691650032000,0.6852,0.6852,0.6852
1691650033000,0.6853,0.6853,0.6853
1691650034000,0.6852,0.6852,0.6852
1691650035000,0.6852,0.6852,0.6852
1691650036000,0.6852,0.6852,0.6852
1691650037000,0.6852,0.6852,0.6852
1691650038000,0.6852,0.6852,0.6852
1691650039000,0.6852,0.6852,0.6852
1691650040000,0.6852,0.6852,0.6852
1691650041000,0.6851,0.6851,0.6851
1691650042000,0.6851,0.6851,0.6851
1691650043000,0.6851,0.6851,0.6851
1691650044000,0.6851,0.6851,0.6851
1691650045000,0.6851,0.6851,0.6851
1691650046000,0.6851,0.6851,0.6851
1691650047000,0.6851,0.6851,0.6851
1691650048000,0.6851,0.6851,0.6851
1691650049000,0.6851,0.6851,0.6851
1691650050000,0.6851,0.6851,0.6851
1691650051000,0.6851,0.6851,0.6851
1691650052000,0.6851,0.6851,0.6851
1691650053000,0.6851,0.6851,0.6851
1691650054000,0.6851,0.6851,0.6851
1691650055000,0.6851,0.6851,0.6851
1691650056000,0.6851,0.6851,0.6851
1691650057000,0.6851,0.6851,0.6851
1691650058000,0.6851,0.6851,0.6851
1691650059000,0.6851,0.6851,0.6851
1691650060000,0.6851,0.6851,0.6851
1691650061000,0.6851,0.6851,0.6851
1691650062000,0.6851,0.6851,0.6851
1691650063000,0.68508877,0.68508877,0.68508877
1691650064000,0.6850888,0.6850888,0.6850888
1691650065000,0.6850888,0.6850888,0.6850888
1691650066000,0.68508479,0.68508479,0.68508479
1691650067000,0.68508475,0.68508475,0.68508475
1691650068000,0.68508475,0.68508475,0.68508475
1691650069000,0.68508475,0.68508475,0.68508475
1691650070000,0.68508478,0.68508478,0.68508478
1691650071000,0.68508076,0.68508076,0.68508076
1691650072000,0.68508073,0.68508073,0.68508073
1691650073000,0.68506362,0.68506362,0.68506362
1691650074000,0.6851,0.6851,0.6851
1691650075000,0.6851,0.6851,0.6851
1691650076000,0.6851,0.6851,0.6851
1691650077000,0.6851,0.6851,0.6851
1691650078000,0.6851,0.6851,0.6851
1691650079000,0.6851,0.6851,0.6851
1691650080000,0.6851,0.6851,0.6851
1691650081000,0.6851,0.6851,0.6851
1691650082000,0.6851,0.6851,0.6851
1691650083000,0.6851,0.6851,0.6851
1691650084000,0.68506995,0.68506995,0.68506995
1691650085000,0.68506995,0.68506995,0.68506995
1691650086000,0.6851,0.6851,0.6851
1691650087000,0.6851,0.6851,0.6851
1691650088000,0.6852,0.6852,0.6852
1691650089000,0.6852,0.6852,0.6852
1691650090000,0.6854,0.6854,0.6854
1691650091000,0.6854,0.6854,0.6854
1691650092000,0.6854,0.6854,0.6854
1691650093000,0.6853,0.6853,0.6853
1691650094000,0.6853,0.6853,0.6853
1691650095000,0.68529,0.68529,0.68529
1691650096000,0.68529,0.68529,0.68529
1691650097000,0.68529097,0.68529097,0.68529097
1691650098000,0.6853,0.6853,0.6853
1691650099000,0.6853,0.6853,0.6853
1691650100000,0.6853,0.6853,0.6853
1691650101000,0.6854,0.6854,0.6854
1691650102000,0.6854,0.6854,0.6854
1691650103000,0.6855,0.6855,0.6855
1691650104000,0.6854,0.6854,0.6854
1691650105000,0.6854,0.6854,0.6854
1691650106000,0.6854,0.6854,0.6854
1691650107000,0.6854,0.6854,0.6854
1691650108000,0.68538316,0.68538316,0.68538316
1691650109000,0.68538316,0.68538316,0.68538316
1691650110000,0.68525586,0.68525586,0.68525586
1691650111000,0.68525577,0.68525577,0.68525577
1691650112000,0.68500565,0.68500565,0.68500565
1691650113000,0.68490281,0.68490281,0.68490281
1691650114000,0.68490281,0.68490281,0.68490281
1691650115000,0.68489873,0.68489873,0.68489873
1691650116000,0.68489793,0.68489793,0.68489793
1691650117000,0.68489764,0.68489764,0.68489764
1691650118000,0.68489764,0.68489764,0.68489764
1691650119000,0.68488531,0.68488531,0.68488531
1691650120000,0.68488419,0.68488419,0.68488419
1691650121000,0.68482838,0.68482838,0.68482838
1691650122000,0.68482841,0.68482841,0.68482841
1691650123000,0.68482879,0.68482879,0.68482879
1691650124000,0.68482879,0.68482879,0.68482879
1691650125000,0.68482879,0.68482879,0.68482879
1691650126000,0.68482879,0.68482879,0.68482879
1691650127000,0.68482876,0.68482876,0.68482876
1691650128000,0.68482909,0.68482909,0.68482909
1691650129000,0.68482939,0.68482939,0.68482939
1691650130000,0.68482936,0.68482936,0.68482936
1691650131000,0.68482939,0.68482939,0.68482939
1691650132000,0.68482936,0.68482936,0.68482936
1691650133000,0.68482899,0.68482899,0.68482899
1691650134000,0.68482899,0.68482899,0.68482899
1691650135000,0.68482568,0.68482568,0.68482568
1691650136000,0.68482568,0.68482568,0.68482568
1691650137000,0.68482568,0.68482568,0.68482568
1691650138000,0.68482707,0.68482707,0.68482707
1691650139000,0.68482669,0.68482669,0.68482669
1691650140000,0.68482669,0.68482669,0.68482669
1691650141000,0.68482669,0.68482669,0.68482669
1691650142000,0.68482981,0.68482981,0.68482981
1691650143000,0.6849,0.6849,0.6849
1691650144000,0.685,0.685,0.685
1691650145000,0.685,0.685,0.685
1691650146000,0.685,0.685,0.685
1691650147000,0.6851,0.6851,0.6851
1691650148000,0.685,0.685,0.685
1691650149000,0.685,0.685,0.685
1691650150000,0.6851,0.6851,0.6851
1691650151000,0.6851,0.6851,0.6851
1691650152000,0.6851,0.6851,0.6851
1691650153000,0.6851,0.6851,0.6851
1691650154000,0.6852,0.6852,0.6852
1691650155000,0.6852,0.6852,0.6852
1691650156000,0.6852,0.6852,0.6852
1691650157000,0.6852,0.6852,0.6852
1691650158000,0.6852,0.6852,0.6852
1691650159000,0.6852,0.6852,0.6852
1691650160000,0.6852,0.6852,0.6852
1691650161000,0.6852,0.6852,0.6852
1691650162000,0.6852,0.6852,0.6852
1691650163000,0.6852,0.6852,0.6852
1691650164000,0.6852,0.6852,0.6852
1691650165000,0.6852,0.6852,0.6852
1691650166000,0.6852,0.6852,0.6852
1691650167000,0.6852,0.6852,0.6852
1691650168000,0.6852,0.6852,0.6852
1691650169000,0.6852,0.6852,0.6852
1691650170000,0.6852,0.6852,0.6852
1691650171000,0.6852,0.6852,0.6852
1691650172000,0.6851,0.6851,0.6851
1691650173000,0.6851,0.6851,0.6851
1691650174000,0.6851,0.6851,0.6851
1691650175000,0.6851,0.6851,0.6851
1691650176000,0.6851,0.6851,0.6851
1691650177000,0.6851,0.6851,0.6851
1691650178000,0.6851,0.6851,0.6851
1691650179000,0.6851,0.6851,0.6851
1691650180000,0.6851,0.6851,0.6851
1691650181000,0.6851,0.6851,0.6851
1691650182000,0.6851,0.6851,0.6851
1691650183000,0.6852,0.6852,0.6852
1691650184000,0.6851,0.6851,0.6851
1691650185000,0.6852,0.6852,0.6852
1691650186000,0.6852,0.6852,0.6852
1691650187000,0.6852,0.6852,0.6852
1691650188000,0.6852,0.6852,0.6852
1691650189000,0.6852,0.6852,0.6852
1691650190000,0.6852,0.6852,0.6852
1691650191000,0.6852,0.6852,0.6852
1691650192000,0.6852,0.6852,0.6852
1691650193000,0.6852,0.6852,0.6852
1691650194000,0.6852,0.6852,0.6852
1691650195000,0.6852,0.6852,0.6852
1691650196000,0.6852,0.6852,0.6852
1691650197000,0.6852,0.6852,0.6852
1691650198000,0.6852,0.6852,0.6852
1691650199000,0.6852,0.6852,0.6852
1691650200000,0.6852,0.6852,0.6852
1691650201000,0.6852,0.6852,0.6852
1691650202000,0.6852,0.6852,0.6852
1691650203000,0.6852,0.6852,0.6852
1691650204000,0.6852,0.6852,0.6852
1691650205000,0.68511465,0.68511465,0.68511465
1691650206000,0.68511465,0.68511465,0.68511465
1691650207000,0.68511579,0.68511579,0.68511579
1691650208000,0.68511579,0.68511579,0.68511579
1691650209000,0.68511576,0.68511576,0.68511576
1691650210000,0.68504137,0.68504137,0.68504137
1691650211000,0.68504476,0.68504476,0.68504476
1691650212000,0.68504428,0.68504428,0.68504428
1691650213000,0.68504351,0.68504351,0.68504351
1691650214000,0.68504351,0.68504351,0.68504351
1691650215000,0.68504431,0.68504431,0.68504431
1691650216000,0.68504428,0.68504428,0.68504428
1691650217000,0.68504428,0.68504428,0.68504428
1691650218000,0.685,0.685,0.685
1691650219000,0.685,0.685,0.685
1691650220000,0.685,0.685,0.685
1691650221000,0.68495072,0.68495072,0.68495072
1691650222000,0.68495127,0.68495127,0.68495127
1691650223000,0.68495131,0.68495131,0.68495131
1691650224000,0.68487609,0.68487609,0.68487609
1691650225000,0.68487606,0.68487606,0.68487606
1691650226000,0.68487642,0.68487642,0.68487642
1691650227000,0.6848307,0.6848307,0.6848307
1691650228000,0.68483067,0.68483067,0.68483067
1691650229000,0.68482988,0.68482988,0.68482988
1691650230000,0.68482988,0.68482988,0.68482988
1691650231000,0.68483898,0.68483898,0.68483898
1691650232000,0.68483898,0.68483898,0.68483898
1691650233000,0.68483898,0.68483898,0.68483898
1691650234000,0.68483898,0.68483898,0.68483898
1691650235000,0.68483898,0.68483898,0.68483898
1691650236000,0.68483727,0.68483727,0.68483727
1691650237000,0.68483911,0.68483911,0.68483911
1691650238000,0.68483911,0.68483911,0.68483911
1691650239000,0.68484003,0.68484003,0.68484003
1691650240000,0.68484003,0.68484003,0.68484003
1691650241000,0.68484056,0.68484056,0.68484056
1691650242000,0.68483744,0.68483744,0.68483744
1691650243000,0.68483651,0.68483651,0.68483651
1691650244000,0.68483744,0.68483744,0.68483744
1691650245000,0.68483744,0.68483744,0.68483744
1691650246000,0.68483744,0.68483744,0.68483744
1691650247000,0.68483602,0.68483602,0.68483602
1691650248000,0.68483602,0.68483602,0.68483602
1691650249000,0.68483602,0.68483602,0.68483602
1691650250000,0.68483602,0.68483602,0.68483602
1691650251000,0.68483602,0.68483602,0.68483602
1691650252000,0.68483275,0.68483275,0.68483275
1691650253000,0.68483275,0.68483275,0.68483275
1691650254000,0.68483275,0.68483275,0.68483275
1691650255000,0.68483275,0.68483275,0.68483275
1691650256000,0.68483275,0.68483275,0.68483275
1691650257000,0.6848283,0.6848283,0.6848283
1691650258000,0.6848283,0.6848283,0.6848283
1691650259000,0.6848283,0.6848283,0.6848283
1691650260000,0.68482741,0.68482741,0.68482741
1691650261000,0.68482737,0.68482737,0.68482737
1691650262000,0.68482818,0.68482818,0.68482818
1691650263000,0.68482208,0.68482208,0.68482208
1691650264000,0.68482204,0.68482204,0.68482204
1691650265000,0.68482204,0.68482204,0.68482204
1691650266000,0.68482099,0.68482099,0.68482099
1691650267000,0.68482195,0.68482195,0.68482195
1691650268000,0.68481619,0.68481619,0.68481619
1691650269000,0.68481619,0.68481619,0.68481619
1691650270000,0.68481619,0.68481619,0.68481619
1691650271000,0.68481476,0.68481476,0.68481476
1691650272000,0.68481476,0.68481476,0.68481476
1691650273000,0.68481265,0.68481265,0.68481265
1691650274000,0.68476259,0.68476259,0.68476259
1691650275000,0.68476255,0.68476255,0.68476255
1691650276000,0.68475887,0.68475887,0.68475887
1691650277000,0.68475712,0.68475712,0.68475712
1691650278000,0.68475278,0.68475278,0.68475278
1691650279000,0.68475282,0.68475282,0.68475282
1691650280000,0.68475282,0.68475282,0.68475282
1691650281000,0.68475278,0.68475278,0.68475278
1691650282000,0.6847368,0.6847368,0.6847368
1691650283000,0.68473352,0.68473352,0.68473352
1691650284000,0.68473256,0.68473256,0.68473256
1691650285000,0.68473349,0.68473349,0.68473349
1691650286000,0.68473158,0.68473158,0.68473158
1691650287000,0.68473146,0.68473146,0.68473146
1691650288000,0.68472839,0.68472839,0.68472839
1691650289000,0.68467434,0.68467434,0.68467434
1691650290000,0.68467434,0.68467434,0.68467434
1691650291000,0.68467148,0.68467148,0.68467148
1691650292000,0.68467148,0.68467148,0.68467148
1691650293000,0.68467055,0.68467055,0.68467055
1691650294000,0.68466748,0.68466748,0.68466748
1691650295000,0.68466748,0.68466748,0.68466748
1691650296000,0.68466748,0.68466748,0.68466748
1691650297000,0.68466752,0.68466752,0.68466752
1691650298000,0.68466752,0.68466752,0.68466752
1691650299000,0.68466835,0.68466835,0.68466835
1691650300000,0.68466831,0.68466831,0.68466831
1691650301000,0.68466831,0.68466831,0.68466831
1691650302000,0.68472144,0.68472144,0.68472144
1691650303000,0.68472039,0.68472039,0.68472039
1691650304000,0.68472064,0.68472064,0.68472064
1691650305000,0.68472064,0.68472064,0.68472064
1691650306000,0.68471742,0.68471742,0.68471742
1691650307000,0.68471742,0.68471742,0.68471742
1691650308000,0.68471742,0.68471742,0.68471742
1691650309000,0.68471562,0.68471562,0.68471562
1691650310000,0.6846426,0.6846426,0.6846426
1691650311000,0.68461021,0.68461021,0.68461021
1691650312000,0.68461021,0.68461021,0.68461021
1691650313000,0.68460997,0.68460997,0.68460997
1691650314000,0.6847,0.6847,0.6847
1691650315000,0.6847,0.6847,0.6847
1691650316000,0.6846,0.6846,0.6846
1691650317000,0.6846,0.6846,0.6846
1691650318000,0.68454984,0.68454984,0.68454984
1691650319000,0.68454174,0.68454174,0.68454174
1691650320000,0.68453737,0.68453737,0.68453737
1691650321000,0.68453644,0.68453644,0.68453644
1691650322000,0.68453737,0.68453737,0.68453737
1691650323000,0.6846,0.6846,0.6846
1691650324000,0.6846,0.6846,0.6846
1691650325000,0.6846,0.6846,0.6846
1691650326000,0.6846,0.6846,0.6846
1691650327000,0.6846,0.6846,0.6846
1691650328000,0.6846,0.6846,0.6846
1691650329000,0.6846,0.6846,0.6846
1691650330000,0.6846,0.6846,0.6846
1691650331000,0.6847,0.6847,0.6847
1691650332000,0.6847,0.6847,0.6847
1691650333000,0.6846,0.6846,0.6846
1691650334000,0.6846,0.6846,0.6846
1691650335000,0.6847,0.6847,0.6847
1691650336000,0.6847,0.6847,0.6847
1691650337000,0.6847,0.6847,0.6847
1691650338000,0.6847,0.6847,0.6847
1691650339000,0.68453647,0.68453647,0.68453647
1691650340000,0.68453634,0.68453634,0.68453634
1691650341000,0.68456874,0.68456874,0.68456874
1691650342000,0.68456966,0.68456966,0.68456966
1691650343000,0.68456966,0.68456966,0.68456966
1691650344000,0.6845686,0.6845686,0.6845686
1691650345000,0.6845686,0.6845686,0.6845686
1691650346000,0.68456442,0.68456442,0.68456442
1691650347000,0.68456442,0.68456442,0.68456442
1691650348000,0.68456442,0.68456442,0.68456442
1691650349000,0.68456316,0.68456316,0.68456316
1691650350000,0.6846,0.6846,0.6846
1691650351000,0.6846014,0.6846014,0.6846014
1691650352000,0.6846014,0.6846014,0.6846014
1691650353000,0.6846014,0.6846014,0.6846014
1691650354000,0.68460096,0.68460096,0.68460096
1691650355000,0.68460096,0.68460096,0.68460096
1691650356000,0.68460266,0.68460266,0.68460266
1691650357000,0.68460266,0.68460266,0.68460266
1691650358000,0.68460173,0.68460173,0.68460173
1691650359000,0.68460108,0.68460108,0.68460108
1691650360000,0.68460108,0.68460108,0.68460108
1691650361000,0.6846001,0.6846001,0.6846001
1691650362000,0.68454608,0.68454608,0.68454608
1691650363000,0.6846,0.6846,0.6846
1691650364000,0.6846,0.6846,0.6846
1691650365000,0.6846,0.6846,0.6846
1691650366000,0.6846,0.6846,0.6846
1691650367000,0.6846,0.6846,0.6846
1691650368000,0.6846,0.6846,0.6846
1691650369000,0.6846,0.6846,0.6846
1691650370000,0.6846,0.6846,0.6846
1691650371000,0.6846,0.6846,0.6846
1691650372000,0.6846,0.6846,0.6846
1691650373000,0.6846,0.6846,0.6846
1691650374000,0.6846,0.6846,0.6846
1691650375000,0.6846,0.6846,0.6846
1691650376000,0.6846,0.6846,0.6846
1691650377000,0.6846,0.6846,0.6846
1691650378000,0.6846,0.6846,0.6846
1691650379000,0.6846,0.6846,0.6846
1691650380000,0.6846,0.6846,0.6846
1691650381000,0.6846,0.6846,0.6846
1691650382000,0.6846,0.6846,0.6846
1691650383000,0.68458019,0.68458019,0.68458019
1691650384000,0.6846,0.6846,0.6846
1691650385000,0.6846,0.6846,0.6846
1691650386000,0.6846,0.6846,0.6846
1691650387000,0.6846,0.6846,0.6846
1691650388000,0.6846,0.6846,0.6846
1691650389000,0.6846,0.6846,0.6846
1691650390000,0.6846,0.6846,0.6846
1691650391000,0.68457721,0.68457721,0.68457721
1691650392000,0.684574,0.684574,0.684574
1691650393000,0.684574,0.684574,0.684574
1691650394000,0.684574,0.684574,0.684574
1691650395000,0.6845721,0.6845721,0.6845721
1691650396000,0.68462708,0.68462708,0.68462708
1691650397000,0.68462712,0.68462712,0.68462712
1691650398000,0.68462561,0.68462561,0.68462561
1691650399000,0.68462561,0.68462561,0.68462561
1691650400000,0.68462561,0.68462561,0.68462561
1691650401000,0.68462598,0.68462598,0.68462598
1691650402000,0.68462598,0.68462598,0.68462598
1691650403000,0.68462314,0.68462314,0.68462314
1691650404000,0.68462104,0.68462104,0.68462104
1691650405000,0.6847,0.6847,0.6847
1691650406000,0.6848,0.6848,0.6848
1691650407000,0.6848,0.6848,0.6848
1691650408000,0.6847,0.6847,0.6847
1691650409000,0.6847,0.6847,0.6847
1691650410000,0.6848,0.6848,0.6848
1691650411000,0.6847,0.6847,0.6847
1691650412000,0.6847,0.6847,0.6847
1691650413000,0.6848,0.6848,0.6848
1691650414000,0.6848,0.6848,0.6848
1691650415000,0.6848,0.6848,0.6848
1691650416000,0.6848,0.6848,0.6848
1691650417000,0.6848,0.6848,0.6848
1691650418000,0.6848,0.6848,0.6848
1691650419000,0.6848,0.6848,0.6848
1691650420000,0.6848,0.6848,0.6848
1691650421000,0.6848,0.6848,0.6848
1691650422000,0.6848,0.6848,0.6848
1691650423000,0.6848,0.6848,0.6848
1691650424000,0.6848,0.6848,0.6848
1691650425000,0.6848,0.6848,0.6848
1691650426000,0.6848,0.6848,0.6848
1691650427000,0.6848,0.6848,0.6848
1691650428000,0.6848,0.6848,0.6848
1691650429000,0.6848,0.6848,0.6848
1691650430000,0.6848,0.6848,0.6848
1691650431000,0.6848,0.6848,0.6848
1691650432000,0.6848,0.6848,0.6848
1691650433000,0.6848,0.6848,0.6848
1691650434000,0.6848,0.6848,0.6848
1691650435000,0.6848,0.6848,0.6848
1691650436000,0.6847459,0.6847459,0.6847459
1691650437000,0.68474498,0.68474498,0.68474498
1691650438000,0.68474498,0.68474498,0.68474498
1691650439000,0.68474632,0.68474632,0.68474632
1691650440000,0.68474632,0.68474632,0.68474632
1691650441000,0.68474806,0.68474806,0.68474806
1691650442000,0.68474806,0.68474806,0.68474806
1691650443000,0.68474845,0.68474845,0.68474845
1691650444000,0.6847,0.6847,0.6847
1691650445000,0.6847,0.6847,0.6847
1691650446000,0.6847,0.6847,0.6847
1691650447000,0.6847,0.6847,0.6847
1691650448000,0.6847,0.6847,0.6847
1691650449000,0.6847,0.6847,0.6847
1691650450000,0.6847,0.6847,0.6847
1691650451000,0.68474599,0.68474599,0.68474599
1691650452000,0.68474599,0.68474599,0.68474599
1691650453000,0.68474688,0.68474688,0.68474688
1691650454000,0.68469283,0.68469283,0.68469283
1691650455000,0.68468841,0.68468841,0.68468841
1691650456000,0.68468898,0.68468898,0.68468898
1691650457000,0.68468806,0.68468806,0.68468806
1691650458000,0.68468806,0.68468806,0.68468806
1691650459000,0.68474215,0.68474215,0.68474215
1691650460000,0.68473886,0.68473886,0.68473886
1691650461000,0.68473886,0.68473886,0.68473886
1691650462000,0.68473886,0.68473886,0.68473886
1691650463000,0.68473845,0.68473845,0.68473845
1691650464000,0.68473845,0.68473845,0.68473845
1691650465000,0.68473337,0.68473337,0.68473337
1691650466000,0.68473337,0.68473337,0.68473337
1691650467000,0.68473341,0.68473341,0.68473341
1691650468000,0.68473024,0.68473024,0.68473024
1691650469000,0.68473024,0.68473024,0.68473024
1691650470000,0.68472609,0.68472609,0.68472609
1691650471000,0.68472609,0.68472609,0.68472609
1691650472000,0.6847252,0.6847252,0.6847252
1691650473000,0.684725,0.684725,0.684725
1691650474000,0.684725,0.684725,0.684725
1691650475000,0.68472164,0.68472164,0.68472164
1691650476000,0.68472164,0.68472164,0.68472164
1691650477000,0.68472564,0.68472564,0.68472564
1691650478000,0.68472564,0.68472564,0.68472564
1691650479000,0.68472564,0.68472564,0.68472564
1691650480000,0.68472564,0.68472564,0.68472564
1691650481000,0.68472067,0.68472067,0.68472067
1691650482000,0.68471994,0.68471994,0.68471994
1691650483000,0.68471994,0.68471994,0.68471994
1691650484000,0.68471994,0.68471994,0.68471994
1691650485000,0.68471901,0.68471901,0.68471901
1691650486000,0.68471804,0.68471804,0.68471804
1691650487000,0.68471643,0.68471643,0.68471643
1691650488000,0.68471732,0.68471732,0.68471732
1691650489000,0.68471732,0.68471732,0.68471732
1691650490000,0.68471732,0.68471732,0.68471732
1691650491000,0.6847128,0.6847128,0.6847128
1691650492000,0.684713,0.684713,0.684713
1691650493000,0.68471304,0.68471304,0.68471304
1691650494000,0.68471304,0.68471304,0.68471304
1691650495000,0.684713,0.684713,0.684713
1691650496000,0.6847094,0.6847094,0.6847094
1691650497000,0.6847,0.6847,0.6847
1691650498000,0.68470996,0.68470996,0.68470996
1691650499000,0.68470996,0.68470996,0.68470996
1691650500000,0.68470903,0.68470903,0.68470903
1691650501000,0.6847086,0.6847086,0.6847086
1691650502000,0.68470771,0.68470771,0.68470771
1691650503000,0.68470771,0.68470771,0.68470771
1691650504000,0.68472506,0.68472506,0.68472506
1691650505000,0.68472506,0.68472506,0.68472506
1691650506000,0.68472506,0.68472506,0.68472506
1691650507000,0.68470973,0.68470973,0.68470973
1691650508000,0.68470524,0.68470524,0.68470524
1691650509000,0.68470502,0.68470502,0.68470502
1691650510000,0.68470502,0.68470502,0.68470502
1691650511000,0.68470338,0.68470338,0.68470338
1691650512000,0.68470271,0.68470271,0.68470271
1691650513000,0.68470271,0.68470271,0.68470271
1691650514000,0.6847032,0.6847032,0.6847032
1691650515000,0.68470412,0.68470412,0.68470412
1691650516000,0.68470408,0.68470408,0.68470408
1691650517000,0.68470338,0.68470338,0.68470338
1691650518000,0.6847,0.6847,0.6847
1691650519000,0.68469702,0.68469702,0.68469702
1691650520000,0.68469609,0.68469609,0.68469609
1691650521000,0.68469609,0.68469609,0.68469609
1691650522000,0.68469398,0.68469398,0.68469398
1691650523000,0.68469406,0.68469406,0.68469406
1691650524000,0.68469499,0.68469499,0.68469499
1691650525000,0.68469499,0.68469499,0.68469499
1691650526000,0.68469499,0.68469499,0.68469499
1691650527000,0.68469232,0.68469232,0.68469232
1691650528000,0.68469163,0.68469163,0.68469163
1691650529000,0.68469256,0.68469256,0.68469256
1691650530000,0.68469256,0.68469256,0.68469256
1691650531000,0.6847,0.6847,0.6847
1691650532000,0.6847,0.6847,0.6847
1691650533000,0.6847,0.6847,0.6847
1691650534000,0.6847,0.6847,0.6847
1691650535000,0.6847,0.6847,0.6847
1691650536000,0.68462139,0.68462139,0.68462139
1691650537000,0.6847,0.6847,0.6847
1691650538000,0.6847,0.6847,0.6847
1691650539000,0.6847,0.6847,0.6847
1691650540000,0.6847,0.6847,0.6847
1691650541000,0.6847,0.6847,0.6847
1691650542000,0.6847,0.6847,0.6847
1691650543000,0.6847,0.6847,0.6847
1691650544000,0.68462226,0.68462226,0.68462226
1691650545000,0.68467632,0.68467632,0.68467632
1691650546000,0.68467632,0.68467632,0.68467632
1691650547000,0.68467632,0.68467632,0.68467632
1691650548000,0.68467096,0.68467096,0.68467096
1691650549000,0.6847,0.6847,0.6847
1691650550000,0.6847,0.6847,0.6847
1691650551000,0.6847,0.6847,0.6847
1691650552000,0.68467032,0.68467032,0.68467032
1691650553000,0.68467086,0.68467086,0.68467086
1691650554000,0.68466993,0.68466993,0.68466993
1691650555000,0.68466993,0.68466993,0.68466993
1691650556000,0.68466993,0.68466993,0.68466993
1691650557000,0.6846688,0.6846688,0.6846688
1691650558000,0.6846684,0.6846684,0.6846684
1691650559000,0.68461434,0.68461434,0.68461434
1691650560000,0.68461434,0.68461434,0.68461434
1691650561000,0.68466629,0.68466629,0.68466629
1691650562000,0.68466721,0.68466721,0.68466721
1691650563000,0.6847,0.6847,0.6847
1691650564000,0.6847,0.6847,0.6847
1691650565000,0.6847,0.6847,0.6847
1691650566000,0.68466754,0.68466754,0.68466754
1691650567000,0.68466846,0.68466846,0.68466846
1691650568000,0.68466846,0.68466846,0.68466846
1691650569000,0.68466802,0.68466802,0.68466802
1691650570000,0.6847,0.6847,0.6847
1691650571000,0.6847,0.6847,0.6847
1691650572000,0.6848,0.6848,0.6848
1691650573000,0.6848,0.6848,0.6848
1691650574000,0.6848,0.6848,0.6848
1691650575000,0.6848,0.6848,0.6848
1691650576000,0.6848,0.6848,0.6848
1691650577000,0.6847,0.6847,0.6847
1691650578000,0.6847,0.6847,0.6847
1691650579000,0.6847,0.6847,0.6847
1691650580000,0.6847,0.6847,0.6847
1691650581000,0.6847,0.6847,0.6847
1691650582000,0.6847,0.6847,0.6847
1691650583000,0.6847,0.6847,0.6847
1691650584000,0.6847,0.6847,0.6847
1691650585000,0.6847,0.6847,0.6847
1691650586000,0.6847,0.6847,0.6847
1691650587000,0.68501406,0.68501406,0.68501406
1691650588000,0.68506366,0.68506366,0.68506366
1691650589000,0.6851,0.6851,0.6851
1691650590000,0.6852,0.6852,0.6852
1691650591000,0.6852,0.6852,0.6852
1691650592000,0.6852,0.6852,0.6852
1691650593000,0.6852,0.6852,0.6852
1691650594000,0.6851,0.6851,0.6851
1691650595000,0.6851,0.6851,0.6851
1691650596000,0.6852,0.6852,0.6852
1691650597000,0.6852,0.6852,0.6852
1691650598000,0.6852,0.6852,0.6852
1691650599000,0.6852,0.6852,0.6852
1691650600000,0.6852,0.6852,0.6852
1691650601000,0.6851,0.6851,0.6851
1691650602000,0.6851,0.6851,0.6851
1691650603000,0.6851,0.6851,0.6851
1691650604000,0.6852,0.6852,0.6852
1691650605000,0.6852,0.6852,0.6852
1691650606000,0.6851,0.6851,0.6851
1691650607000,0.6852,0.6852,0.6852
1691650608000,0.6852,0.6852,0.6852
1691650609000,0.6852,0.6852,0.6852
1691650610000,0.6852,0.6852,0.6852
1691650611000,0.6852,0.6852,0.6852
1691650612000,0.6852,0.6852,0.6852
1691650613000,0.6852,0.6852,0.6852
1691650614000,0.6852,0.6852,0.6852
1691650615000,0.68512016,0.68512016,0.68512016
1691650616000,0.68512013,0.68512013,0.68512013
1691650617000,0.68512016,0.68512016,0.68512016
1691650618000,0.6852,0.6852,0.6852
1691650619000,0.6852,0.6852,0.6852
1691650620000,0.6852,0.6852,0.6852
1691650621000,0.6852,0.6852,0.6852
1691650622000,0.6852,0.6852,0.6852
1691650623000,0.6852,0.6852,0.6852
1691650624000,0.68512028,0.68512028,0.68512028
1691650625000,0.6852,0.6852,0.6852
1691650626000,0.6852,0.6852,0.6852
1691650627000,0.6852,0.6852,0.6852
1691650628000,0.6852,0.6852,0.6852
1691650629000,0.6852,0.6852,0.6852
1691650630000,0.6852,0.6852,0.6852
1691650631000,0.6852,0.6852,0.6852
1691650632000,0.6852,0.6852,0.6852
1691650633000,0.6852,0.6852,0.6852
1691650634000,0.6851,0.6851,0.6851
1691650635000,0.6851,0.6851,0.6851
1691650636000,0.6851,0.6851,0.6851
1691650637000,0.6851,0.6851,0.6851
1691650638000,0.6851,0.6851,0.6851
1691650639000,0.6851,0.6851,0.6851
1691650640000,0.6851,0.6851,0.6851
1691650641000,0.6851,0.6851,0.6851
1691650642000,0.6851,0.6851,0.6851
1691650643000,0.6851,0.6851,0.6851
1691650644000,0.6851,0.6851,0.6851
1691650645000,0.6851,0.6851,0.6851
1691650646000,0.6851,0.6851,0.6851
1691650647000,0.68501019,0.68501019,0.68501019
1691650648000,0.68501019,0.68501019,0.68501019
1691650649000,0.68500922,0.68500922,0.68500922
1691650650000,0.68500922,0.68500922,0.68500922
1691650651000,0.68500922,0.68500922,0.68500922
1691650652000,0.68500502,0.68500502,0.68500502
1691650653000,0.68500502,0.68500502,0.68500502
1691650654000,0.68500502,0.68500502,0.68500502
1691650655000,0.68500502,0.68500502,0.68500502
1691650656000,0.68500535,0.68500535,0.68500535
1691650657000,0.68500665,0.68500665,0.68500665
1691650658000,0.68500758,0.68500758,0.68500758
1691650659000,0.68500754,0.68500754,0.68500754
1691650660000,0.68500754,0.68500754,0.68500754
1691650661000,0.68500661,0.68500661,0.68500661
1691650662000,0.68500616,0.68500616,0.68500616
1691650663000,0.68500523,0.68500523,0.68500523
1691650664000,0.68500523,0.68500523,0.68500523
1691650665000,0.68500523,0.68500523,0.68500523
1691650666000,0.68500491,0.68500491,0.68500491
1691650667000,0.68500426,0.68500426,0.68500426
1691650668000,0.68500426,0.68500426,0.68500426
1691650669000,0.68495654,0.68495654,0.68495654
1691650670000,0.68495558,0.68495558,0.68495558
1691650671000,0.68495558,0.68495558,0.68495558
1691650672000,0.68495497,0.68495497,0.68495497
1691650673000,0.68495345,0.68495345,0.68495345
1691650674000,0.68495348,0.68495348,0.68495348
1691650675000,0.68495348,0.68495348,0.68495348
1691650676000,0.68495348,0.68495348,0.68495348
1691650677000,0.68495106,0.68495106,0.68495106
1691650678000,0.68494952,0.68494952,0.68494952
1691650679000,0.68494728,0.68494728,0.68494728
1691650680000,0.68494728,0.68494728,0.68494728
1691650681000,0.68494728,0.68494728,0.68494728
1691650682000,0.68497927,0.68497927,0.68497927
1691650683000,0.6849777,0.6849777,0.6849777
1691650684000,0.6849777,0.6849777,0.6849777
1691650685000,0.68497774,0.68497774,0.68497774
1691650686000,0.68497774,0.68497774,0.68497774
1691650687000,0.68497762,0.68497762,0.68497762
1691650688000,0.68497555,0.68497555,0.68497555
1691650689000,0.68497559,0.68497559,0.68497559
1691650690000,0.68497648,0.68497648,0.68497648
1691650691000,0.68497648,0.68497648,0.68497648
1691650692000,0.6851,0.6851,0.6851
1691650693000,0.6851,0.6851,0.6851
1691650694000,0.685,0.685,0.685
1691650695000,0.6851,0.6851,0.6851
1691650696000,0.6851,0.6851,0.6851
1691650697000,0.6851,0.6851,0.6851
1691650698000,0.685,0.685,0.685
1691650699000,0.685,0.685,0.685
1691650700000,0.685,0.685,0.685
1691650701000,0.685,0.685,0.685
1691650702000,0.6851,0.6851,0.6851
1691650703000,0.6851,0.6851,0.6851
1691650704000,0.6851,0.6851,0.6851
1691650705000,0.6851,0.6851,0.6851
1691650706000,0.6852,0.6852,0.6852
1691650707000,0.6851,0.6851,0.6851
1691650708000,0.6851,0.6851,0.6851
1691650709000,0.6851,0.6851,0.6851
1691650710000,0.6851,0.6851,0.6851
1691650711000,0.68509211,0.68509211,0.68509211
1691650712000,0.68503809,0.68503809,0.68503809
1691650713000,0.68503805,0.68503805,0.68503805
1691650714000,0.68503729,0.68503729,0.68503729
1691650715000,0.68503729,0.68503729,0.68503729
1691650716000,0.68503821,0.68503821,0.68503821
1691650717000,0.68503821,0.68503821,0.68503821
1691650718000,0.68503837,0.68503837,0.68503837
1691650719000,0.68503587,0.68503587,0.68503587
1691650720000,0.6850368,0.6850368,0.6850368
1691650721000,0.68503587,0.68503587,0.68503587
1691650722000,0.68503587,0.68503587,0.68503587
1691650723000,0.685,0.685,0.685
1691650724000,0.685,0.685,0.685
1691650725000,0.68487193,0.68487193,0.68487193
1691650726000,0.68487193,0.68487193,0.68487193
1691650727000,0.68487189,0.68487189,0.68487189
1691650728000,0.68486966,0.68486966,0.68486966
1691650729000,0.68486966,0.68486966,0.68486966
1691650730000,0.68486705,0.68486705,0.68486705
1691650731000,0.68486797,0.68486797,0.68486797
1691650732000,0.68486705,0.68486705,0.68486705
1691650733000,0.68486705,0.68486705,0.68486705
1691650734000,0.68486567,0.68486567,0.68486567
1691650735000,0.68486476,0.68486476,0.68486476
1691650736000,0.68486476,0.68486476,0.68486476
1691650737000,0.6849,0.6849,0.6849
1691650738000,0.68486476,0.68486476,0.68486476
1691650739000,0.68486492,0.68486492,0.68486492
1691650740000,0.68486404,0.68486404,0.68486404
1691650741000,0.68486497,0.68486497,0.68486497
1691650742000,0.68486497,0.68486497,0.68486497
1691650743000,0.68486497,0.68486497,0.68486497
1691650744000,0.6849,0.6849,0.6849
1691650745000,0.68486385,0.68486385,0.68486385
1691650746000,0.68486385,0.68486385,0.68486385
1691650747000,0.6848098,0.6848098,0.6848098
1691650748000,0.68480855,0.68480855,0.68480855
1691650749000,0.68480686,0.68480686,0.68480686
1691650750000,0.68480511,0.68480511,0.68480511
1691650751000,0.68480507,0.68480507,0.68480507
1691650752000,0.68480507,0.68480507,0.68480507
1691650753000,0.68485896,0.68485896,0.68485896
1691650754000,0.68485896,0.68485896,0.68485896
1691650755000,0.68485803,0.68485803,0.68485803
1691650756000,0.68485733,0.68485733,0.68485733
1691650757000,0.68485733,0.68485733,0.68485733
1691650758000,0.68485733,0.68485733,0.68485733
1691650759000,0.68485774,0.68485774,0.68485774
1691650760000,0.68482531,0.68482531,0.68482531
1691650761000,0.6848245,0.6848245,0.6848245
1691650762000,0.68482453,0.68482453,0.68482453
1691650763000,0.6848245,0.6848245,0.6848245
1691650764000,0.68482336,0.68482336,0.68482336
1691650765000,0.68482336,0.68482336,0.68482336
1691650766000,0.68476902,0.68476902,0.68476902
1691650767000,0.68476994,0.68476994,0.68476994
1691650768000,0.68476994,0.68476994,0.68476994
1691650769000,0.68476929,0.68476929,0.68476929
1691650770000,0.68473686,0.68473686,0.68473686
1691650771000,0.6847356,0.6847356,0.6847356
1691650772000,0.6847,0.6847,0.6847
1691650773000,0.6847,0.6847,0.6847
1691650774000,0.6847,0.6847,0.6847
1691650775000,0.6847,0.6847,0.6847
1691650776000,0.6847,0.6847,0.6847
1691650777000,0.6847,0.6847,0.6847
1691650778000,0.68468602,0.68468602,0.68468602
1691650779000,0.68468602,0.68468602,0.68468602
1691650780000,0.68468435,0.68468435,0.68468435
1691650781000,0.68468435,0.68468435,0.68468435
1691650782000,0.6847,0.6847,0.6847
1691650783000,0.6847,0.6847,0.6847
1691650784000,0.6847,0.6847,0.6847
1691650785000,0.6847,0.6847,0.6847
1691650786000,0.6847,0.6847,0.6847
1691650787000,0.6847,0.6847,0.6847
1691650788000,0.6847,0.6847,0.6847
1691650789000,0.6848,0.6848,0.6848
1691650790000,0.6847,0.6847,0.6847
1691650791000,0.6847,0.6847,0.6847
1691650792000,0.6847,0.6847,0.6847
1691650793000,0.6847,0.6847,0.6847
1691650794000,0.6847,0.6847,0.6847
1691650795000,0.6847,0.6847,0.6847
1691650796000,0.6847,0.6847,0.6847
1691650797000,0.6847,0.6847,0.6847
1691650798000,0.6847,0.6847,0.6847
1691650799000,0.6848,0.6848,0.6848
1691650800000,0.6848,0.6848,0.6848
1691650801000,0.6847,0.6847,0.6847
1691650802000,0.6847,0.6847,0.6847
1691650803000,0.6847,0.6847,0.6847
1691650804000,0.6847,0.6847,0.6847
1691650805000,0.6847,0.6847,0.6847
1691650806000,0.6847,0.6847,0.6847
1691650807000,0.6847,0.6847,0.6847
1691650808000,0.68471464,0.68471464,0.68471464
1691650809000,0.68471464,0.68471464,0.68471464
1691650810000,0.68471492,0.68471492,0.68471492
1691650811000,0.68471396,0.68471396,0.68471396
1691650812000,0.68471396,0.68471396,0.68471396
1691650813000,0.68471392,0.68471392,0.68471392
1691650814000,0.6847,0.6847,0.6847
1691650815000,0.685,0.685,0.685
1691650816000,0.685,0.685,0.685
1691650817000,0.6849,0.6849,0.6849
1691650818000,0.6849,0.6849,0.6849
1691650819000,0.685,0.685,0.685
1691650820000,0.6849,0.6849,0.6849
1691650821000,0.6849,0.6849,0.6849
1691650822000,0.6849,0.6849,0.6849
1691650823000,0.6849,0.6849,0.6849
1691650824000,0.68481837,0.68481837,0.68481837
1691650825000,0.68481671,0.68481671,0.68481671
1691650826000,0.6849,0.6849,0.6849
1691650827000,0.68481667,0.68481667,0.68481667
1691650828000,0.68487411,0.68487411,0.68487411
1691650829000,0.68487411,0.68487411,0.68487411
1691650830000,0.68487407,0.68487407,0.68487407
1691650831000,0.68487581,0.68487581,0.68487581
1691650832000,0.68487581,0.68487581,0.68487581
1691650833000,0.68487585,0.68487585,0.68487585
1691650834000,0.6849,0.6849,0.6849
1691650835000,0.6849,0.6849,0.6849
1691650836000,0.68482096,0.68482096,0.68482096
1691650837000,0.68482096,0.68482096,0.68482096
1691650838000,0.68482007,0.68482007,0.68482007
1691650839000,0.68482053,0.68482053,0.68482053
1691650840000,0.6848205,0.6848205,0.6848205
1691650841000,0.68482183,0.68482183,0.68482183
1691650842000,0.68482183,0.68482183,0.68482183
1691650843000,0.68483185,0.68483185,0.68483185
1691650844000,0.68477831,0.68477831,0.68477831
1691650845000,0.68477827,0.68477827,0.68477827
1691650846000,0.68477531,0.68477531,0.68477531
1691650847000,0.68477531,0.68477531,0.68477531
1691650848000,0.68472744,0.68472744,0.68472744
1691650849000,0.68472623,0.68472623,0.68472623
1691650850000,0.68472619,0.68472619,0.68472619
1691650851000,0.68472619,0.68472619,0.68472619
1691650852000,0.68472794,0.68472794,0.68472794
1691650853000,0.68467388,0.68467388,0.68467388
1691650854000,0.68467507,0.68467507,0.68467507
1691650855000,0.68467507,0.68467507,0.68467507
1691650856000,0.68467118,0.68467118,0.68467118
1691650857000,0.68467118,0.68467118,0.68467118
1691650858000,0.68463878,0.68463878,0.68463878
1691650859000,0.68463746,0.68463746,0.68463746
1691650860000,0.68463746,0.68463746,0.68463746
1691650861000,0.6845828,0.6845828,0.6845828
1691650862000,0.6845828,0.6845828,0.6845828
1691650863000,0.68458284,0.68458284,0.68458284
1691650864000,0.68458284,0.68458284,0.68458284
1691650865000,0.68458214,0.68458214,0.68458214
1691650866000,0.6846,0.6846,0.6846
1691650867000,0.6846,0.6846,0.6846
1691650868000,0.6846,0.6846,0.6846
1691650869000,0.6846,0.6846,0.6846
1691650870000,0.6846,0.6846,0.6846
1691650871000,0.68457648,0.68457648,0.68457648
1691650872000,0.68457648,0.68457648,0.68457648
1691650873000,0.68457648,0.68457648,0.68457648
1691650874000,0.68457648,0.68457648,0.68457648
1691650875000,0.6846,0.6846,0.6846
1691650876000,0.68457506,0.68457506,0.68457506
1691650877000,0.6845284,0.6845284,0.6845284
1691650878000,0.6845284,0.6845284,0.6845284
1691650879000,0.68458245,0.68458245,0.68458245
1691650880000,0.6845811,0.6845811,0.6845811
1691650881000,0.68458114,0.68458114,0.68458114
1691650882000,0.68456299,0.68456299,0.68456299
1691650883000,0.68456299,0.68456299,0.68456299
1691650884000,0.6847,0.6847,0.6847
1691650885000,0.6846,0.6846,0.6846
1691650886000,0.6847,0.6847,0.6847
1691650887000,0.6847,0.6847,0.6847
1691650888000,0.6847,0.6847,0.6847
1691650889000,0.6847,0.6847,0.6847
1691650890000,0.6846,0.6846,0.6846
1691650891000,0.6846,0.6846,0.6846
1691650892000,0.6846,0.6846,0.6846
1691650893000,0.6846,0.6846,0.6846
1691650894000,0.6846,0.6846,0.6846
1691650895000,0.6846,0.6846,0.6846
1691650896000,0.6846,0.6846,0.6846
1691650897000,0.6846,0.6846,0.6846
1691650898000,0.6846,0.6846,0.6846
1691650899000,0.6846,0.6846,0.6846
1691650900000,0.6846,0.6846,0.6846
1691650901000,0.6847,0.6847,0.6847
1691650902000,0.6847,0.6847,0.6847
1691650903000,0.6846,0.6846,0.6846
1691650904000,0.6846,0.6846,0.6846
1691650905000,0.6847,0.6847,0.6847
1691650906000,0.6847,0.6847,0.6847
1691650907000,0.6847,0.6847,0.6847
1691650908000,0.6846,0.6846,0.6846
1691650909000,0.6847,0.6847,0.6847
1691650910000,0.6847,0.6847,0.6847
1691650911000,0.6847,0.6847,0.6847
1691650912000,0.6847,0.6847,0.6847
1691650913000,0.6847,0.6847,0.6847
1691650914000,0.6847,0.6847,0.6847
1691650915000,0.6847,0.6847,0.6847
1691650916000,0.6847,0.6847,0.6847
1691650917000,0.6847,0.6847,0.6847
1691650918000,0.6847,0.6847,0.6847
1691650919000,0.6847,0.6847,0.6847
1691650920000,0.6847,0.6847,0.6847
1691650921000,0.6847,0.6847,0.6847
1691650922000,0.6847,0.6847,0.6847
1691650923000,0.6847,0.6847,0.6847
1691650924000,0.6847,0.6847,0.6847
1691650925000,0.6847,0.6847,0.6847
1691650926000,0.6847,0.6847,0.6847
1691650927000,0.6847,0.6847,0.6847
1691650928000,0.6847,0.6847,0.6847
1691650929000,0.6847,0.6847,0.6847
1691650930000,0.6847,0.6847,0.6847
1691650931000,0.6847,0.6847,0.6847
1691650932000,0.6847,0.6847,0.6847
1691650933000,0.6847,0.6847,0.6847
1691650934000,0.6847,0.6847,0.6847
1691650935000,0.6846,0.6846,0.6846
1691650936000,0.6846,0.6846,0.6846
1691650937000,0.6846,0.6846,0.6846
1691650938000,0.6846,0.6846,0.6846
1691650939000,0.6846,0.6846,0.6846
1691650940000,0.6847,0.6847,0.6847
1691650941000,0.6847,0.6847,0.6847
1691650942000,0.6846,0.6846,0.6846
1691650943000,0.6846,0.6846,0.6846
1691650944000,0.6846,0.6846,0.6846
1691650945000,0.6846,0.6846,0.6846
1691650946000,0.6846,0.6846,0.6846
1691650947000,0.6846,0.6846,0.6846
1691650948000,0.6846,0.6846,0.6846
1691650949000,0.6846,0.6846,0.6846
1691650950000,0.6847,0.6847,0.6847
1691650951000,0.6847,0.6847,0.6847
1691650952000,0.6846,0.6846,0.6846
1691650953000,0.6846,0.6846,0.6846
1691650954000,0.6846,0.6846,0.6846
1691650955000,0.6846,0.6846,0.6846
1691650956000,0.6846,0.6846,0.6846
1691650957000,0.6846,0.6846,0.6846
1691650958000,0.6846,0.6846,0.6846
1691650959000,0.6846,0.6846,0.6846
1691650960000,0.6846,0.6846,0.6846
1691650961000,0.6846,0.6846,0.6846
1691650962000,0.6846,0.6846,0.6846
1691650963000,0.6846,0.6846,0.6846
1691650964000,0.6846,0.6846,0.6846
1691650965000,0.6847,0.6847,0.6847
1691650966000,0.6846,0.6846,0.6846
1691650967000,0.6846,0.6846,0.6846
1691650968000,0.6846,0.6846,0.6846
1691650969000,0.6847,0.6847,0.6847
1691650970000,0.6847,0.6847,0.6847
1691650971000,0.6847,0.6847,0.6847
1691650972000,0.6847,0.6847,0.6847
1691650973000,0.6846,0.6846,0.6846
1691650974000,0.6846,0.6846,0.6846
1691650975000,0.6846,0.6846,0.6846
1691650976000,0.6847,0.6847,0.6847
1691650977000,0.6847,0.6847,0.6847
1691650978000,0.6847,0.6847,0.6847
1691650979000,0.6847,0.6847,0.6847
1691650980000,0.6847,0.6847,0.6847
1691650981000,0.6846,0.6846,0.6846
1691650982000,0.6846,0.6846,0.6846
1691650983000,0.6846,0.6846,0.6846
1691650984000,0.6846,0.6846,0.6846
1691650985000,0.6847,0.6847,0.6847
1691650986000,0.6847,0.6847,0.6847
1691650987000,0.6847,0.6847,0.6847
1691650988000,0.6847,0.6847,0.6847
1691650989000,0.6847,0.6847,0.6847
1691650990000,0.6847,0.6847,0.6847
1691650991000,0.6847,0.6847,0.6847
1691650992000,0.6847,0.6847,0.6847
1691650993000,0.6847,0.6847,0.6847
1691650994000,0.6846,0.6846,0.6846
1691650995000,0.6847,0.6847,0.6847
1691650996000,0.6847,0.6847,0.6847
1691650997000,0.6849,0.6849,0.6849
1691650998000,0.6849,0.6849,0.6849
1691650999000,0.6849,0.6849,0.6849
1691651000000,0.6849,0.6849,0.6849
1691651001000,0.6849,0.6849,0.6849
1691651002000,0.6849,0.6849,0.6849
1691651003000,0.6849,0.6849,0.6849
1691651004000,0.6849,0.6849,0.6849
1691651005000,0.6849,0.6849,0.6849
1691651006000,0.685,0.685,0.685
1691651007000,0.685,0.685,0.685
1691651008000,0.685,0.685,0.685
1691651009000,0.6851,0.6851,0.6851
1691651010000,0.6851,0.6851,0.6851
1691651011000,0.6851,0.6851,0.6851
1691651012000,0.6851,0.6851,0.6851
1691651013000,0.6851,0.6851,0.6851
1691651014000,0.6851,0.6851,0.6851
1691651015000,0.6851,0.6851,0.6851
1691651016000,0.6851,0.6851,0.6851
1691651017000,0.6851,0.6851,0.6851
1691651018000,0.6851,0.6851,0.6851
1691651019000,0.6851,0.6851,0.6851
1691651020000,0.685,0.685,0.685
1691651021000,0.685,0.685,0.685
1691651022000,0.685,0.685,0.685
1691651023000,0.6851,0.6851,0.6851
1691651024000,0.6851,0.6851,0.6851
1691651025000,0.6851,0.6851,0.6851
1691651026000,0.6851,0.6851,0.6851
1691651027000,0.6851,0.6851,0.6851
1691651028000,0.685,0.685,0.685
1691651029000,0.6851,0.6851,0.6851
1691651030000,0.6851,0.6851,0.6851
1691651031000,0.6851,0.6851,0.6851
1691651032000,0.6851,0.6851,0.6851
1691651033000,0.6851,0.6851,0.6851
1691651034000,0.685,0.685,0.685
1691651035000,0.68498421,0.68498421,0.68498421
1691651036000,0.68498706,0.68498706,0.68498706
1691651037000,0.684933,0.684933,0.684933
1691651038000,0.68493208,0.68493208,0.68493208
1691651039000,0.68493304,0.68493304,0.68493304
1691651040000,0.68493219,0.68493219,0.68493219
1691651041000,0.68493118,0.68493118,0.68493118
1691651042000,0.68493026,0.68493026,0.68493026
1691651043000,0.68493114,0.68493114,0.68493114
1691651044000,0.68493022,0.68493022,0.68493022
1691651045000,0.68493022,0.68493022,0.68493022
1691651046000,0.68492937,0.68492937,0.68492937
1691651047000,0.68492937,0.68492937,0.68492937
1691651048000,0.68492844,0.68492844,0.68492844
1691651049000,0.68492848,0.68492848,0.68492848
1691651050000,0.68492848,0.68492848,0.68492848
1691651051000,0.68492602,0.68492602,0.68492602
1691651052000,0.68492599,0.68492599,0.68492599
1691651053000,0.68492602,0.68492602,0.68492602
1691651054000,0.68492599,0.68492599,0.68492599
1691651055000,0.68492599,0.68492599,0.68492599
1691651056000,0.68492802,0.68492802,0.68492802
1691651057000,0.6849313,0.6849313,0.6849313
1691651058000,0.68493226,0.68493226,0.68493226
1691651059000,0.68493222,0.68493222,0.68493222
1691651060000,0.68493222,0.68493222,0.68493222
1691651061000,0.68493072,0.68493072,0.68493072
1691651062000,0.68493341,0.68493341,0.68493341
1691651063000,0.68493345,0.68493345,0.68493345
1691651064000,0.68493345,0.68493345,0.68493345
1691651065000,0.68493249,0.68493249,0.68493249
1691651066000,0.6849341,0.6849341,0.6849341
1691651067000,0.68493683,0.68493683,0.68493683
1691651068000,0.68493683,0.68493683,0.68493683
1691651069000,0.685,0.685,0.685
1691651070000,0.685,0.685,0.685
1691651071000,0.685,0.685,0.685
1691651072000,0.685,0.685,0.685
1691651073000,0.685,0.685,0.685
1691651074000,0.68494908,0.68494908,0.68494908
1691651075000,0.68494904,0.68494904,0.68494904
1691651076000,0.68494937,0.68494937,0.68494937
1691651077000,0.68495038,0.68495038,0.68495038
1691651078000,0.68495038,0.68495038,0.68495038
1691651079000,0.68495038,0.68495038,0.68495038
1691651080000,0.68495131,0.68495131,0.68495131
1691651081000,0.68510591,0.68510591,0.68510591
1691651082000,0.68511402,0.68511402,0.68511402
1691651083000,0.68511756,0.68511756,0.68511756
1691651084000,0.68511756,0.68511756,0.68511756
1691651085000,0.68511756,0.68511756,0.68511756
1691651086000,0.68511893,0.68511893,0.68511893
1691651087000,0.68511893,0.68511893,0.68511893
1691651088000,0.6851198,0.6851198,0.6851198
1691651089000,0.68511891,0.68511891,0.68511891
1691651090000,0.68511983,0.68511983,0.68511983
1691651091000,0.68511891,0.68511891,0.68511891
1691651092000,0.68512077,0.68512077,0.68512077
1691651093000,0.68511995,0.68511995,0.68511995
1691651094000,0.68511998,0.68511998,0.68511998
1691651095000,0.68511998,0.68511998,0.68511998
1691651096000,0.6851686,0.6851686,0.6851686
1691651097000,0.68517397,0.68517397,0.68517397
1691651098000,0.68517217,0.68517217,0.68517217
1691651099000,0.68517217,0.68517217,0.68517217
1691651100000,0.68511815,0.68511815,0.68511815
1691651101000,0.68511819,0.68511819,0.68511819
1691651102000,0.68511865,0.68511865,0.68511865
1691651103000,0.6851173,0.6851173,0.6851173
1691651104000,0.68511823,0.68511823,0.68511823
1691651105000,0.68510201,0.68510201,0.68510201
1691651106000,0.68510201,0.68510201,0.68510201
1691651107000,0.68510084,0.68510084,0.68510084
1691651108000,0.68510084,0.68510084,0.68510084
1691651109000,0.68515632,0.68515632,0.68515632
1691651110000,0.68515632,0.68515632,0.68515632
1691651111000,0.68515632,0.68515632,0.68515632
1691651112000,0.68515733,0.68515733,0.68515733
1691651113000,0.68515737,0.68515737,0.68515737
1691651114000,0.68516604,0.68516604,0.68516604
1691651115000,0.68516604,0.68516604,0.68516604
1691651116000,0.68516507,0.68516507,0.68516507
1691651117000,0.68516503,0.68516503,0.68516503
1691651118000,0.6852,0.6852,0.6852
1691651119000,0.6852,0.6852,0.6852
1691651120000,0.6852,0.6852,0.6852
1691651121000,0.6852,0.6852,0.6852
1691651122000,0.68522575,0.68522575,0.68522575
1691651123000,0.68522572,0.68522572,0.68522572
1691651124000,0.68522594,0.68522594,0.68522594
1691651125000,0.68522597,0.68522597,0.68522597
1691651126000,0.68522594,0.68522594,0.68522594
1691651127000,0.68522594,0.68522594,0.68522594
1691651128000,0.68522698,0.68522698,0.68522698
1691651129000,0.68522787,0.68522787,0.68522787
1691651130000,0.68522791,0.68522791,0.68522791
1691651131000,0.68522905,0.68522905,0.68522905
1691651132000,0.6854,0.6854,0.6854
1691651133000,0.6854,0.6854,0.6854
1691651134000,0.6854,0.6854,0.6854
1691651135000,0.6854,0.6854,0.6854
1691651136000,0.6854,0.6854,0.6854
1691651137000,0.6854,0.6854,0.6854
1691651138000,0.6854,0.6854,0.6854
1691651139000,0.6854,0.6854,0.6854
1691651140000,0.6854,0.6854,0.6854
1691651141000,0.6854,0.6854,0.6854
1691651142000,0.6854,0.6854,0.6854
1691651143000,0.6854,0.6854,0.6854
1691651144000,0.6854,0.6854,0.6854
1691651145000,0.68542122,0.68542122,0.68542122
1691651146000,0.68542219,0.68542219,0.68542219
1691651147000,0.68542215,0.68542215,0.68542215
1691651148000,0.68542207,0.68542207,0.68542207
1691651149000,0.6855,0.6855,0.6855
1691651150000,0.6855,0.6855,0.6855
1691651151000,0.6855,0.6855,0.6855
1691651152000,0.6855,0.6855,0.6855
1691651153000,0.68542604,0.68542604,0.68542604
1691651154000,0.68542604,0.68542604,0.68542604
1691651155000,0.6854272,0.6854272,0.6854272
1691651156000,0.6854272,0.6854272,0.6854272
1691651157000,0.6854272,0.6854272,0.6854272
1691651158000,0.6854272,0.6854272,0.6854272
1691651159000,0.6855,0.6855,0.6855
1691651160000,0.6855,0.6855,0.6855
1691651161000,0.6855,0.6855,0.6855
1691651162000,0.6855,0.6855,0.6855
1691651163000,0.6855,0.6855,0.6855
1691651164000,0.6855,0.6855,0.6855
1691651165000,0.6855,0.6855,0.6855
1691651166000,0.6855,0.6855,0.6855
1691651167000,0.6855,0.6855,0.6855
1691651168000,0.6854325,0.6854325,0.6854325
1691651169000,0.68549716,0.68549716,0.68549716
1691651170000,0.68549716,0.68549716,0.68549716
1691651171000,0.68549922,0.68549922,0.68549922
1691651172000,0.68549922,0.68549922,0.68549922
1691651173000,0.68549926,0.68549926,0.68549926
1691651174000,0.68549926,0.68549926,0.68549926
1691651175000,0.68549926,0.68549926,0.68549926
1691651176000,0.68550018,0.68550018,0.68550018
1691651177000,0.68550018,0.68550018,0.68550018
1691651178000,0.68550111,0.68550111,0.68550111
1691651179000,0.68550027,0.68550027,0.68550027
1691651180000,0.68550027,0.68550027,0.68550027
1691651181000,0.68553384,0.68553384,0.68553384
1691651182000,0.6855338,0.6855338,0.6855338
1691651183000,0.68553288,0.68553288,0.68553288
1691651184000,0.68553288,0.68553288,0.68553288
1691651185000,0.68553372,0.68553372,0.68553372
1691651186000,0.68553223,0.68553223,0.68553223
1691651187000,0.68553226,0.68553226,0.68553226
1691651188000,0.68553223,0.68553223,0.68553223
1691651189000,0.68553234,0.68553234,0.68553234
1691651190000,0.68553138,0.68553138,0.68553138
1691651191000,0.68553138,0.68553138,0.68553138
1691651192000,0.68552993,0.68552993,0.68552993
1691651193000,0.68552996,0.68552996,0.68552996
1691651194000,0.68553105,0.68553105,0.68553105
1691651195000,0.68553101,0.68553101,0.68553101
1691651196000,0.68553101,0.68553101,0.68553101
1691651197000,0.68552955,0.68552955,0.68552955
1691651198000,0.68552959,0.68552959,0.68552959
1691651199000,0.68552947,0.68552947,0.68552947
1691651200000,0.68552947,0.68552947,0.68552947
1691651201000,0.68552943,0.68552943,0.68552943
1691651202000,0.68532051,0.68532051,0.68532051
1691651203000,0.68532051,0.68532051,0.68532051
1691651204000,0.68531658,0.68531658,0.68531658
1691651205000,0.68531751,0.68531751,0.68531751
1691651206000,0.68504255,0.68504255,0.68504255
1691651207000,0.68503797,0.68503797,0.68503797
1691651208000,0.68503794,0.68503794,0.68503794
1691651209000,0.6850244,0.6850244,0.6850244
1691651210000,0.6850244,0.6850244,0.6850244
1691651211000,0.6850244,0.6850244,0.6850244
1691651212000,0.68489245,0.68489245,0.68489245
1691651213000,0.68489169,0.68489169,0.68489169
1691651214000,0.68489169,0.68489169,0.68489169
1691651215000,0.68488987,0.68488987,0.68488987
1691651216000,0.68488987,0.68488987,0.68488987
1691651217000,0.68488987,0.68488987,0.68488987
1691651218000,0.68488723,0.68488723,0.68488723
1691651219000,0.68487328,0.68487328,0.68487328
1691651220000,0.68487279,0.68487279,0.68487279
1691651221000,0.68487279,0.68487279,0.68487279
1691651222000,0.68487279,0.68487279,0.68487279
1691651223000,0.68487029,0.68487029,0.68487029
1691651224000,0.68487029,0.68487029,0.68487029
1691651225000,0.68486761,0.68486761,0.68486761
1691651226000,0.68486764,0.68486764,0.68486764
1691651227000,0.68486764,0.68486764,0.68486764
1691651228000,0.6849,0.6849,0.6849
1691651229000,0.68490486,0.68490486,0.68490486
1691651230000,0.68490667,0.68490667,0.68490667
1691651231000,0.68490667,0.68490667,0.68490667
1691651232000,0.6851,0.6851,0.6851
1691651233000,0.6851,0.6851,0.6851
1691651234000,0.685,0.685,0.685
1691651235000,0.68500178,0.68500178,0.68500178
1691651236000,0.685,0.685,0.685
1691651237000,0.6852,0.6852,0.6852
1691651238000,0.6852,0.6852,0.6852
1691651239000,0.6852,0.6852,0.6852
1691651240000,0.6852,0.6852,0.6852
1691651241000,0.6852,0.6852,0.6852
1691651242000,0.6853,0.6853,0.6853
1691651243000,0.6853,0.6853,0.6853
1691651244000,0.6853,0.6853,0.6853
1691651245000,0.68529688,0.68529688,0.68529688
1691651246000,0.68529687,0.68529687,0.68529687
1691651247000,0.68529687,0.68529687,0.68529687
1691651248000,0.68529687,0.68529687,0.68529687
1691651249000,0.68529766,0.68529766,0.68529766
1691651250000,0.68529794,0.68529794,0.68529794
1691651251000,0.68529711,0.68529711,0.68529711
1691651252000,0.6852979,0.6852979,0.6852979
1691651253000,0.6852,0.6852,0.6852
1691651254000,0.6852,0.6852,0.6852
1691651255000,0.6853,0.6853,0.6853
1691651256000,0.6853,0.6853,0.6853
1691651257000,0.6853,0.6853,0.6853
1691651258000,0.6853,0.6853,0.6853
1691651259000,0.6853,0.6853,0.6853
1691651260000,0.6853,0.6853,0.6853
1691651261000,0.6853,0.6853,0.6853
1691651262000,0.6853,0.6853,0.6853
1691651263000,0.6853,0.6853,0.6853
1691651264000,0.6853,0.6853,0.6853
1691651265000,0.6853,0.6853,0.6853
1691651266000,0.6853,0.6853,0.6853
1691651267000,0.6853,0.6853,0.6853
1691651268000,0.6853,0.6853,0.6853
1691651269000,0.6853,0.6853,0.6853
1691651270000,0.6853,0.6853,0.6853
1691651271000,0.6853,0.6853,0.6853
1691651272000,0.68536861,0.68536861,0.68536861
1691651273000,0.6853,0.6853,0.6853
1691651274000,0.6853,0.6853,0.6853
1691651275000,0.6853,0.6853,0.6853
1691651276000,0.6853,0.6853,0.6853
1691651277000,0.6853,0.6853,0.6853
1691651278000,0.6854,0.6854,0.6854
1691651279000,0.6854,0.6854,0.6854
1691651280000,0.6854,0.6854,0.6854
1691651281000,0.6854,0.6854,0.6854
1691651282000,0.6854,0.6854,0.6854
1691651283000,0.6854,0.6854,0.6854
1691651284000,0.6854,0.6854,0.6854
1691651285000,0.6854,0.6854,0.6854
1691651286000,0.6854,0.6854,0.6854
1691651287000,0.68523633,0.68523633,0.68523633
1691651288000,0.68514873,0.68514873,0.68514873
1691651289000,0.68514873,0.68514873,0.68514873
1691651290000,0.68514993,0.68514993,0.68514993
1691651291000,0.6852,0.6852,0.6852
1691651292000,0.6852,0.6852,0.6852
1691651293000,0.6852,0.6852,0.6852
1691651294000,0.6852,0.6852,0.6852
1691651295000,0.68514734,0.68514734,0.68514734
1691651296000,0.6852,0.6852,0.6852
1691651297000,0.6852,0.6852,0.6852
1691651298000,0.6852,0.6852,0.6852
1691651299000,0.6852,0.6852,0.6852
1691651300000,0.6852,0.6852,0.6852
1691651301000,0.6852,0.6852,0.6852
1691651302000,0.6852,0.6852,0.6852
1691651303000,0.6852,0.6852,0.6852
1691651304000,0.6852,0.6852,0.6852
1691651305000,0.6852,0.6852,0.6852
1691651306000,0.6852,0.6852,0.6852
1691651307000,0.6852,0.6852,0.6852
1691651308000,0.6852,0.6852,0.6852
1691651309000,0.6852,0.6852,0.6852
1691651310000,0.6852,0.6852,0.6852
1691651311000,0.6852,0.6852,0.6852
1691651312000,0.6852,0.6852,0.6852
1691651313000,0.6852,0.6852,0.6852
1691651314000,0.6852,0.6852,0.6852
1691651315000,0.6852,0.6852,0.6852
1691651316000,0.6852,0.6852,0.6852
1691651317000,0.6852,0.6852,0.6852
1691651318000,0.6852,0.6852,0.6852
1691651319000,0.6852,0.6852,0.6852
1691651320000,0.6852,0.6852,0.6852
1691651321000,0.6852,0.6852,0.6852
1691651322000,0.6852,0.6852,0.6852
1691651323000,0.6852,0.6852,0.6852
1691651324000,0.6852,0.6852,0.6852
1691651325000,0.6852,0.6852,0.6852
1691651326000,0.6852,0.6852,0.6852
1691651327000,0.6852,0.6852,0.6852
1691651328000,0.6852,0.6852,0.6852
1691651329000,0.6852,0.6852,0.6852
1691651330000,0.6853,0.6853,0.6853
1691651331000,0.6853,0.6853,0.6853
1691651332000,0.6853,0.6853,0.6853
1691651333000,0.6853,0.6853,0.6853
1691651334000,0.6853,0.6853,0.6853
1691651335000,0.6853,0.6853,0.6853
1691651336000,0.6853,0.6853,0.6853
1691651337000,0.6853,0.6853,0.6853
1691651338000,0.6853,0.6853,0.6853
1691651339000,0.6853,0.6853,0.6853
1691651340000,0.6853,0.6853,0.6853
1691651341000,0.6853,0.6853,0.6853
1691651342000,0.6853,0.6853,0.6853
1691651343000,0.6853,0.6853,0.6853
1691651344000,0.6853,0.6853,0.6853
1691651345000,0.6853,0.6853,0.6853
1691651346000,0.6854,0.6854,0.6854
1691651347000,0.6854,0.6854,0.6854
1691651348000,0.6854,0.6854,0.6854
1691651349000,0.6854,0.6854,0.6854
1691651350000,0.6854,0.6854,0.6854
1691651351000,0.6854,0.6854,0.6854
1691651352000,0.6854,0.6854,0.6854
1691651353000,0.6854,0.6854,0.6854
1691651354000,0.6853,0.6853,0.6853
1691651355000,0.6853,0.6853,0.6853
1691651356000,0.6853,0.6853,0.6853
1691651357000,0.6853,0.6853,0.6853
1691651358000,0.6853,0.6853,0.6853
1691651359000,0.6853,0.6853,0.6853
1691651360000,0.6853,0.6853,0.6853
1691651361000,0.6854,0.6854,0.6854
1691651362000,0.6854,0.6854,0.6854
1691651363000,0.6854,0.6854,0.6854
1691651364000,0.6854,0.6854,0.6854
1691651365000,0.6854,0.6854,0.6854
1691651366000,0.6854,0.6854,0.6854
1691651367000,0.6854,0.6854,0.6854
1691651368000,0.6854,0.6854,0.6854
1691651369000,0.68546468,0.68546468,0.68546468
1691651370000,0.68546464,0.68546464,0.68546464
1691651371000,0.68546464,0.68546464,0.68546464
1691651372000,0.68546467,0.68546467,0.68546467
1691651373000,0.68546467,0.68546467,0.68546467
1691651374000,0.6854,0.6854,0.6854
1691651375000,0.6854,0.6854,0.6854
1691651376000,0.6855,0.6855,0.6855
1691651377000,0.6854,0.6854,0.6854
1691651378000,0.6854,0.6854,0.6854
1691651379000,0.6854,0.6854,0.6854
1691651380000,0.6854,0.6854,0.6854
1691651381000,0.6855,0.6855,0.6855
1691651382000,0.6856,0.6856,0.6856
1691651383000,0.6856,0.6856,0.6856
1691651384000,0.6856,0.6856,0.6856
1691651385000,0.6856,0.6856,0.6856
1691651386000,0.6856,0.6856,0.6856
1691651387000,0.6856,0.6856,0.6856
1691651388000,0.6856,0.6856,0.6856
1691651389000,0.6855,0.6855,0.6855
1691651390000,0.6855,0.6855,0.6855
1691651391000,0.6855,0.6855,0.6855
1691651392000,0.6855,0.6855,0.6855
1691651393000,0.6855,0.6855,0.6855
1691651394000,0.6855,0.6855,0.6855
1691651395000,0.6855,0.6855,0.6855
1691651396000,0.6855,0.6855,0.6855
1691651397000,0.6855,0.6855,0.6855
1691651398000,0.6856,0.6856,0.6856
1691651399000,0.6856,0.6856,0.6856
1691651400000,0.6856,0.6856,0.6856
1691651401000,0.6855,0.6855,0.6855
1691651402000,0.6855,0.6855,0.6855
1691651403000,0.6855,0.6855,0.6855
1691651404000,0.6855,0.6855,0.6855
1691651405000,0.6856,0.6856,0.6856
1691651406000,0.6856,0.6856,0.6856
1691651407000,0.6856,0.6856,0.6856
1691651408000,0.6856,0.6856,0.6856
1691651409000,0.6856,0.6856,0.6856
1691651410000,0.68564612,0.68564612,0.68564612
1691651411000,0.68564532,0.68564532,0.68564532
1691651412000,0.68564529,0.68564529,0.68564529
1691651413000,0.68564528,0.68564528,0.68564528
1691651414000,0.6856,0.6856,0.6856
1691651415000,0.6856,0.6856,0.6856
1691651416000,0.6856,0.6856,0.6856
1691651417000,0.68564541,0.68564541,0.68564541
1691651418000,0.6856,0.6856,0.6856
1691651419000,0.6856,0.6856,0.6856
1691651420000,0.6856,0.6856,0.6856
1691651421000,0.68564624,0.68564624,0.68564624
1691651422000,0.6856,0.6856,0.6856
1691651423000,0.6856,0.6856,0.6856
1691651424000,0.6856,0.6856,0.6856
1691651425000,0.6856,0.6856,0.6856
1691651426000,0.6856,0.6856,0.6856
1691651427000,0.6856,0.6856,0.6856
1691651428000,0.68564577,0.68564577,0.68564577
1691651429000,0.68564577,0.68564577,0.68564577
1691651430000,0.68564573,0.68564573,0.68564573
1691651431000,0.68564708,0.68564708,0.68564708
1691651432000,0.68564708,0.68564708,0.68564708
1691651433000,0.68564711,0.68564711,0.68564711
1691651434000,0.68564711,0.68564711,0.68564711
1691651435000,0.68559959,0.68559959,0.68559959
1691651436000,0.68559959,0.68559959,0.68559959
1691651437000,0.68560041,0.68560041,0.68560041
1691651438000,0.6856039,0.6856039,0.6856039
1691651439000,0.6856039,0.6856039,0.6856039
1691651440000,0.68560439,0.68560439,0.68560439
1691651441000,0.68560439,0.68560439,0.68560439
1691651442000,0.68560439,0.68560439,0.68560439
1691651443000,0.68560442,0.68560442,0.68560442
1691651444000,0.68560358,0.68560358,0.68560358
1691651445000,0.68564992,0.68564992,0.68564992
1691651446000,0.68564991,0.68564991,0.68564991
1691651447000,0.68564988,0.68564988,0.68564988
1691651448000,0.68565062,0.68565062,0.68565062
1691651449000,0.68565062,0.68565062,0.68565062
1691651450000,0.68565447,0.68565447,0.68565447
1691651451000,0.68565447,0.68565447,0.68565447
1691651452000,0.6856,0.6856,0.6856
1691651453000,0.6856,0.6856,0.6856
1691651454000,0.68560795,0.68560795,0.68560795
1691651455000,0.68565639,0.68565639,0.68565639
1691651456000,0.6857,0.6857,0.6857
1691651457000,0.6857,0.6857,0.6857
1691651458000,0.6857,0.6857,0.6857
1691651459000,0.6857,0.6857,0.6857
1691651460000,0.6857,0.6857,0.6857
1691651461000,0.6857,0.6857,0.6857
1691651462000,0.6857,0.6857,0.6857
1691651463000,0.6857,0.6857,0.6857
1691651464000,0.6857,0.6857,0.6857
1691651465000,0.6857,0.6857,0.6857
1691651466000,0.6857,0.6857,0.6857
1691651467000,0.6857,0.6857,0.6857
1691651468000,0.6857,0.6857,0.6857
1691651469000,0.6856,0.6856,0.6856
1691651470000,0.6856,0.6856,0.6856
1691651471000,0.6856,0.6856,0.6856
1691651472000,0.6857,0.6857,0.6857
1691651473000,0.6856,0.6856,0.6856
1691651474000,0.6856,0.6856,0.6856
1691651475000,0.6856,0.6856,0.6856
1691651476000,0.68561285,0.68561285,0.68561285
1691651477000,0.6856163,0.6856163,0.6856163
1691651478000,0.6856171,0.6856171,0.6856171
1691651479000,0.6856171,0.6856171,0.6856171
1691651480000,0.6856171,0.6856171,0.6856171
1691651481000,0.68561661,0.68561661,0.68561661
1691651482000,0.68557847,0.68557847,0.68557847
1691651483000,0.6855,0.6855,0.6855
1691651484000,0.6855,0.6855,0.6855
1691651485000,0.6855,0.6855,0.6855
1691651486000,0.68552467,0.68552467,0.68552467
1691651487000,0.68552653,0.68552653,0.68552653
1691651488000,0.68552653,0.68552653,0.68552653
1691651489000,0.68552653,0.68552653,0.68552653
1691651490000,0.68552653,0.68552653,0.68552653
1691651491000,0.6855,0.6855,0.6855
1691651492000,0.6855,0.6855,0.6855
1691651493000,0.6855,0.6855,0.6855
1691651494000,0.6855,0.6855,0.6855
1691651495000,0.6855,0.6855,0.6855
1691651496000,0.6855,0.6855,0.6855
1691651497000,0.6855,0.6855,0.6855
1691651498000,0.6855,0.6855,0.6855
1691651499000,0.6855,0.6855,0.6855
1691651500000,0.6855,0.6855,0.6855
1691651501000,0.68548324,0.68548324,0.68548324
1691651502000,0.6855,0.6855,0.6855
1691651503000,0.68548592,0.68548592,0.68548592
1691651504000,0.68548595,0.68548595,0.68548595
1691651505000,0.68548512,0.68548512,0.68548512
1691651506000,0.68548512,0.68548512,0.68548512
1691651507000,0.6854839,0.6854839,0.6854839
1691651508000,0.68548464,0.68548464,0.68548464
1691651509000,0.68548464,0.68548464,0.68548464
1691651510000,0.68548544,0.68548544,0.68548544
1691651511000,0.6854854,0.6854854,0.6854854
1691651512000,0.6854854,0.6854854,0.6854854
1691651513000,0.6855817,0.6855817,0.6855817
1691651514000,0.68558174,0.68558174,0.68558174
1691651515000,0.68558174,0.68558174,0.68558174
1691651516000,0.6855817,0.6855817,0.6855817
1691651517000,0.68552732,0.68552732,0.68552732
1691651518000,0.68552804,0.68552804,0.68552804
1691651519000,0.68552804,0.68552804,0.68552804
1691651520000,0.68552804,0.68552804,0.68552804
1691651521000,0.68558209,0.68558209,0.68558209
1691651522000,0.68558209,0.68558209,0.68558209
1691651523000,0.68558157,0.68558157,0.68558157
1691651524000,0.68558292,0.68558292,0.68558292
1691651525000,0.68558292,0.68558292,0.68558292
1691651526000,0.68558292,0.68558292,0.68558292
1691651527000,0.68552805,0.68552805,0.68552805
1691651528000,0.68552805,0.68552805,0.68552805
1691651529000,0.68552852,0.68552852,0.68552852
1691651530000,0.68552852,0.68552852,0.68552852
1691651531000,0.68547991,0.68547991,0.68547991
1691651532000,0.68547995,0.68547995,0.68547995
1691651533000,0.68547999,0.68547999,0.68547999
1691651534000,0.68547955,0.68547955,0.68547955
1691651535000,0.68547952,0.68547952,0.68547952
1691651536000,0.68553357,0.68553357,0.68553357
1691651537000,0.68553328,0.68553328,0.68553328
1691651538000,0.68553325,0.68553325,0.68553325
1691651539000,0.68553274,0.68553274,0.68553274
1691651540000,0.68547776,0.68547776,0.68547776
1691651541000,0.68547776,0.68547776,0.68547776
1691651542000,0.68547779,0.68547779,0.68547779
1691651543000,0.68547687,0.68547687,0.68547687
1691651544000,0.68547409,0.68547409,0.68547409
1691651545000,0.68547409,0.68547409,0.68547409
1691651546000,0.68547409,0.68547409,0.68547409
1691651547000,0.68547603,0.68547603,0.68547603
1691651548000,0.68547603,0.68547603,0.68547603
1691651549000,0.68547603,0.68547603,0.68547603
1691651550000,0.68547302,0.68547302,0.68547302
1691651551000,0.68547302,0.68547302,0.68547302
1691651552000,0.68547298,0.68547298,0.68547298
1691651553000,0.68547213,0.68547213,0.68547213
1691651554000,0.68547209,0.68547209,0.68547209
1691651555000,0.68546907,0.68546907,0.68546907
1691651556000,0.68546911,0.68546911,0.68546911
1691651557000,0.68546911,0.68546911,0.68546911
1691651558000,0.68541401,0.68541401,0.68541401
1691651559000,0.68541401,0.68541401,0.68541401
1691651560000,0.68541135,0.68541135,0.68541135
1691651561000,0.68541043,0.68541043,0.68541043
1691651562000,0.68541043,0.68541043,0.68541043
1691651563000,0.68541135,0.68541135,0.68541135
1691651564000,0.6854086,0.6854086,0.6854086
1691651565000,0.6854052,0.6854052,0.6854052
1691651566000,0.6854052,0.6854052,0.6854052
1691651567000,0.68540524,0.68540524,0.68540524
1691651568000,0.68540333,0.68540333,0.68540333
1691651569000,0.68540422,0.68540422,0.68540422
1691651570000,0.68540164,0.68540164,0.68540164
1691651571000,0.68540164,0.68540164,0.68540164
1691651572000,0.68540164,0.68540164,0.68540164
1691651573000,0.68540071,0.68540071,0.68540071
1691651574000,0.68540074,0.68540074,0.68540074
1691651575000,0.68540074,0.68540074,0.68540074
1691651576000,0.68539636,0.68539636,0.68539636
1691651577000,0.68539633,0.68539633,0.68539633
1691651578000,0.68538108,0.68538108,0.68538108
1691651579000,0.68538108,0.68538108,0.68538108
1691651580000,0.68538108,0.68538108,0.68538108
1691651581000,0.68537837,0.68537837,0.68537837
1691651582000,0.68537841,0.68537841,0.68537841
1691651583000,0.68537744,0.68537744,0.68537744
1691651584000,0.68537744,0.68537744,0.68537744
1691651585000,0.68537744,0.68537744,0.68537744
1691651586000,0.68537517,0.68537517,0.68537517
1691651587000,0.68537425,0.68537425,0.68537425
1691651588000,0.68537392,0.68537392,0.68537392
1691651589000,0.68537392,0.68537392,0.68537392
1691651590000,0.68537392,0.68537392,0.68537392
1691651591000,0.68535014,0.68535014,0.68535014
1691651592000,0.6853501,0.6853501,0.6853501
1691651593000,0.68535014,0.68535014,0.68535014
1691651594000,0.68535014,0.68535014,0.68535014
1691651595000,0.68530162,0.68530162,0.68530162
1691651596000,0.68529871,0.68529871,0.68529871
1691651597000,0.68529774,0.68529774,0.68529774
1691651598000,0.68524369,0.68524369,0.68524369
1691651599000,0.68524369,0.68524369,0.68524369
1691651600000,0.68529746,0.68529746,0.68529746
1691651601000,0.68529754,0.68529754,0.68529754
1691651602000,0.68529754,0.68529754,0.68529754
1691651603000,0.68529662,0.68529662,0.68529662
1691651604000,0.68527935,0.68527935,0.68527935
1691651605000,0.68527935,0.68527935,0.68527935
1691651606000,0.68527935,0.68527935,0.68527935
1691651607000,0.68527854,0.68527854,0.68527854
1691651608000,0.68522453,0.68522453,0.68522453
1691651609000,0.68522453,0.68522453,0.68522453
1691651610000,0.6852249,0.6852249,0.6852249
1691651611000,0.6852249,0.6852249,0.6852249
1691651612000,0.68522348,0.68522348,0.68522348
1691651613000,0.68522344,0.68522344,0.68522344
1691651614000,0.68522344,0.68522344,0.68522344
1691651615000,0.6852223,0.6852223,0.6852223
1691651616000,0.6852223,0.6852223,0.6852223
1691651617000,0.68522064,0.68522064,0.68522064
1691651618000,0.68522064,0.68522064,0.68522064
1691651619000,0.68522202,0.68522202,0.68522202
1691651620000,0.68522205,0.68522205,0.68522205
1691651621000,0.68522202,0.68522202,0.68522202
1691651622000,0.68522009,0.68522009,0.68522009
1691651623000,0.68522009,0.68522009,0.68522009
1691651624000,0.68517177,0.68517177,0.68517177
1691651625000,0.68522582,0.68522582,0.68522582
1691651626000,0.68517177,0.68517177,0.68517177
1691651627000,0.68516973,0.68516973,0.68516973
1691651628000,0.68516977,0.68516977,0.68516977
1691651629000,0.68516977,0.68516977,0.68516977
1691651630000,0.68517018,0.68517018,0.68517018
1691651631000,0.68522327,0.68522327,0.68522327
1691651632000,0.68522419,0.68522419,0.68522419
1691651633000,0.6852,0.6852,0.6852
1691651634000,0.6852,0.6852,0.6852
1691651635000,0.6852,0.6852,0.6852
1691651636000,0.6852,0.6852,0.6852
1691651637000,0.6852,0.6852,0.6852
1691651638000,0.6852215,0.6852215,0.6852215
1691651639000,0.6852215,0.6852215,0.6852215
1691651640000,0.6852215,0.6852215,0.6852215
1691651641000,0.68522122,0.68522122,0.68522122
1691651642000,0.68522122,0.68522122,0.68522122
1691651643000,0.68521906,0.68521906,0.68521906
1691651644000,0.68521906,0.68521906,0.68521906
1691651645000,0.68521966,0.68521966,0.68521966
1691651646000,0.68521966,0.68521966,0.68521966
1691651647000,0.68521966,0.68521966,0.68521966
1691651648000,0.68521774,0.68521774,0.68521774
1691651649000,0.68521774,0.68521774,0.68521774
1691651650000,0.68521754,0.68521754,0.68521754
1691651651000,0.68521754,0.68521754,0.68521754
1691651652000,0.68521846,0.68521846,0.68521846
1691651653000,0.68521693,0.68521693,0.68521693
1691651654000,0.68521597,0.68521597,0.68521597
1691651655000,0.68521666,0.68521666,0.68521666
1691651656000,0.68521666,0.68521666,0.68521666
1691651657000,0.68521666,0.68521666,0.68521666
1691651658000,0.68521666,0.68521666,0.68521666
1691651659000,0.68521527,0.68521527,0.68521527
1691651660000,0.68521454,0.68521454,0.68521454
1691651661000,0.6852145,0.6852145,0.6852145
1691651662000,0.6852145,0.6852145,0.6852145
1691651663000,0.6852145,0.6852145,0.6852145
1691651664000,0.68521223,0.68521223,0.68521223
1691651665000,0.68521203,0.68521203,0.68521203
1691651666000,0.68521296,0.68521296,0.68521296
1691651667000,0.68521296,0.68521296,0.68521296
1691651668000,0.68521203,0.68521203,0.68521203
1691651669000,0.68521123,0.68521123,0.68521123
1691651670000,0.68521054,0.68521054,0.68521054
1691651671000,0.68521054,0.68521054,0.68521054
1691651672000,0.68521054,0.68521054,0.68521054
1691651673000,0.68521054,0.68521054,0.68521054
1691651674000,0.68520723,0.68520723,0.68520723
1691651675000,0.68520723,0.68520723,0.68520723
1691651676000,0.68520723,0.68520723,0.68520723
1691651677000,0.68520736,0.68520736,0.68520736
1691651678000,0.68520736,0.68520736,0.68520736
1691651679000,0.68520418,0.68520418,0.68520418
1691651680000,0.68520515,0.68520515,0.68520515
1691651681000,0.68520515,0.68520515,0.68520515
1691651682000,0.68520515,0.68520515,0.68520515
1691651683000,0.68520515,0.68520515,0.68520515
1691651684000,0.68520154,0.68520154,0.68520154
1691651685000,0.68520158,0.68520158,0.68520158
1691651686000,0.68520158,0.68520158,0.68520158
1691651687000,0.68520158,0.68520158,0.68520158
1691651688000,0.68520154,0.68520154,0.68520154
1691651689000,0.68520154,0.68520154,0.68520154
1691651690000,0.6852,0.6852,0.6852
1691651691000,0.68520015,0.68520015,0.68520015
1691651692000,0.68520015,0.68520015,0.68520015
1691651693000,0.68520019,0.68520019,0.68520019
1691651694000,0.68520019,0.68520019,0.68520019
1691651695000,0.68519821,0.68519821,0.68519821
1691651696000,0.6852,0.6852,0.6852
1691651697000,0.6852,0.6852,0.6852
1691651698000,0.6852,0.6852,0.6852
1691651699000,0.68523808,0.68523808,0.68523808
1691651700000,0.68523611,0.68523611,0.68523611
1691651701000,0.68523611,0.68523611,0.68523611
1691651702000,0.68523616,0.68523616,0.68523616
1691651703000,0.68523962,0.68523962,0.68523962
1691651704000,0.68545924,0.68545924,0.68545924
1691651705000,0.6855,0.6855,0.6855
1691651706000,0.6855,0.6855,0.6855
1691651707000,0.6855,0.6855,0.6855
1691651708000,0.6855,0.6855,0.6855
1691651709000,0.6856,0.6856,0.6856
1691651710000,0.6856,0.6856,0.6856
1691651711000,0.6856,0.6856,0.6856
1691651712000,0.6856,0.6856,0.6856
1691651713000,0.6856,0.6856,0.6856
1691651714000,0.6856,0.6856,0.6856
1691651715000,0.6856,0.6856,0.6856
1691651716000,0.6856,0.6856,0.6856
1691651717000,0.68564677,0.68564677,0.68564677
1691651718000,0.6856716,0.6856716,0.6856716
1691651719000,0.68567257,0.68567257,0.68567257
1691651720000,0.6857,0.6857,0.6857
1691651721000,0.6857,0.6857,0.6857
1691651722000,0.6857,0.6857,0.6857
1691651723000,0.6857,0.6857,0.6857
1691651724000,0.6857,0.6857,0.6857
1691651725000,0.6857,0.6857,0.6857
1691651726000,0.6857,0.6857,0.6857
1691651727000,0.6857,0.6857,0.6857
1691651728000,0.6857,0.6857,0.6857
1691651729000,0.6857,0.6857,0.6857
1691651730000,0.68579155,0.68579155,0.68579155
1691651731000,0.68579243,0.68579243,0.68579243
1691651732000,0.68579372,0.68579372,0.68579372
1691651733000,0.68579368,0.68579368,0.68579368
1691651734000,0.68579368,0.68579368,0.68579368
1691651735000,0.68579372,0.68579372,0.68579372
1691651736000,0.68579371,0.68579371,0.68579371
1691651737000,0.68579222,0.68579222,0.68579222
1691651738000,0.68579222,0.68579222,0.68579222
1691651739000,0.68579218,0.68579218,0.68579218
1691651740000,0.68579314,0.68579314,0.68579314
1691651741000,0.6857931,0.6857931,0.6857931
1691651742000,0.68579309,0.68579309,0.68579309
1691651743000,0.68579253,0.68579253,0.68579253
1691651744000,0.68579345,0.68579345,0.68579345
1691651745000,0.68579256,0.68579256,0.68579256
1691651746000,0.68579252,0.68579252,0.68579252
1691651747000,0.6857,0.6857,0.6857
1691651748000,0.6857,0.6857,0.6857
1691651749000,0.6857,0.6857,0.6857
1691651750000,0.6857,0.6857,0.6857
1691651751000,0.6857,0.6857,0.6857
1691651752000,0.6857,0.6857,0.6857
1691651753000,0.6857,0.6857,0.6857
1691651754000,0.68579307,0.68579307,0.68579307
1691651755000,0.68579311,0.68579311,0.68579311
1691651756000,0.68579307,0.68579307,0.68579307
1691651757000,0.6857,0.6857,0.6857
1691651758000,0.68561684,0.68561684,0.68561684
1691651759000,0.68561684,0.68561684,0.68561684
1691651760000,0.6856,0.6856,0.6856
1691651761000,0.6856,0.6856,0.6856
1691651762000,0.6856,0.6856,0.6856
1691651763000,0.6856,0.6856,0.6856
1691651764000,0.6856,0.6856,0.6856
1691651765000,0.68553924,0.68553924,0.68553924
1691651766000,0.68553924,0.68553924,0.68553924
1691651767000,0.68553652,0.68553652,0.68553652
1691651768000,0.68553487,0.68553487,0.68553487
1691651769000,0.68553487,0.68553487,0.68553487
1691651770000,0.68553487,0.68553487,0.68553487
1691651771000,0.68548178,0.68548178,0.68548178
1691651772000,0.68548178,0.68548178,0.68548178
1691651773000,0.68547761,0.68547761,0.68547761
1691651774000,0.68547765,0.68547765,0.68547765
1691651775000,0.68547765,0.68547765,0.68547765
1691651776000,0.68547857,0.68547857,0.68547857
1691651777000,0.68547857,0.68547857,0.68547857
1691651778000,0.68547422,0.68547422,0.68547422
1691651779000,0.68547418,0.68547418,0.68547418
1691651780000,0.68547418,0.68547418,0.68547418
1691651781000,0.68547326,0.68547326,0.68547326
1691651782000,0.68547326,0.68547326,0.68547326
1691651783000,0.6855,0.6855,0.6855
1691651784000,0.6855,0.6855,0.6855
1691651785000,0.6855,0.6855,0.6855
1691651786000,0.6855,0.6855,0.6855
1691651787000,0.6855,0.6855,0.6855
1691651788000,0.68550928,0.68550928,0.68550928
1691651789000,0.68550928,0.68550928,0.68550928
1691651790000,0.6856,0.6856,0.6856
1691651791000,0.6856,0.6856,0.6856
1691651792000,0.6857,0.6857,0.6857
1691651793000,0.6857,0.6857,0.6857
1691651794000,0.6857,0.6857,0.6857
1691651795000,0.6857,0.6857,0.6857
1691651796000,0.6857,0.6857,0.6857
1691651797000,0.6857,0.6857,0.6857
1691651798000,0.6856,0.6856,0.6856
1691651799000,0.6856,0.6856,0.6856
1691651800000,0.6856,0.6856,0.6856
1691651801000,0.6857,0.6857,0.6857
1691651802000,0.68577806,0.68577806,0.68577806
1691651803000,0.68577805,0.68577805,0.68577805
1691651804000,0.6857,0.6857,0.6857
1691651805000,0.6857,0.6857,0.6857
1691651806000,0.6857,0.6857,0.6857
1691651807000,0.6857,0.6857,0.6857
1691651808000,0.6858,0.6858,0.6858
1691651809000,0.6858,0.6858,0.6858
1691651810000,0.6858,0.6858,0.6858
1691651811000,0.6858,0.6858,0.6858
1691651812000,0.6858,0.6858,0.6858
1691651813000,0.6858,0.6858,0.6858
1691651814000,0.6858,0.6858,0.6858
1691651815000,0.6858,0.6858,0.6858
1691651816000,0.6858,0.6858,0.6858
1691651817000,0.6858,0.6858,0.6858
1691651818000,0.6858,0.6858,0.6858
1691651819000,0.6858,0.6858,0.6858
1691651820000,0.6858,0.6858,0.6858
1691651821000,0.6858,0.6858,0.6858
1691651822000,0.6858,0.6858,0.6858
1691651823000,0.6858,0.6858,0.6858
1691651824000,0.6858,0.6858,0.6858
1691651825000,0.68575326,0.68575326,0.68575326
1691651826000,0.68577822,0.68577822,0.68577822
1691651827000,0.68577826,0.68577826,0.68577826
1691651828000,0.68577826,0.68577826,0.68577826
1691651829000,0.6858,0.6858,0.6858
1691651830000,0.6858,0.6858,0.6858
1691651831000,0.6858,0.6858,0.6858
1691651832000,0.6858,0.6858,0.6858
1691651833000,0.6857801,0.6857801,0.6857801
1691651834000,0.68577997,0.68577997,0.68577997
1691651835000,0.68578034,0.68578034,0.68578034
1691651836000,0.68579659,0.68579659,0.68579659
1691651837000,0.68579659,0.68579659,0.68579659
1691651838000,0.6858,0.6858,0.6858
1691651839000,0.6858,0.6858,0.6858
1691651840000,0.6858,0.6858,0.6858
1691651841000,0.6858,0.6858,0.6858
1691651842000,0.6858,0.6858,0.6858
1691651843000,0.6858,0.6858,0.6858
1691651844000,0.6858,0.6858,0.6858
1691651845000,0.6858,0.6858,0.6858
1691651846000,0.6858,0.6858,0.6858
1691651847000,0.6858,0.6858,0.6858
1691651848000,0.6858,0.6858,0.6858
1691651849000,0.6858,0.6858,0.6858
1691651850000,0.6858,0.6858,0.6858
1691651851000,0.68581646,0.68581646,0.68581646
1691651852000,0.68581553,0.68581553,0.68581553
1691651853000,0.68581553,0.68581553,0.68581553
1691651854000,0.68581553,0.68581553,0.68581553
1691651855000,0.68581553,0.68581553,0.68581553
1691651856000,0.6858,0.6858,0.6858
1691651857000,0.6858,0.6858,0.6858
1691651858000,0.6858,0.6858,0.6858
1691651859000,0.68581946,0.68581946,0.68581946
1691651860000,0.68581946,0.68581946,0.68581946
1691651861000,0.68582296,0.68582296,0.68582296
1691651862000,0.68582296,0.68582296,0.68582296
1691651863000,0.685823,0.685823,0.685823
1691651864000,0.685823,0.685823,0.685823
1691651865000,0.6858222,0.6858222,0.6858222
1691651866000,0.68582385,0.68582385,0.68582385
1691651867000,0.6859,0.6859,0.6859
1691651868000,0.68599365,0.68599365,0.68599365
1691651869000,0.68609676,0.68609676,0.68609676
1691651870000,0.68609676,0.68609676,0.68609676
1691651871000,0.68617931,0.68617931,0.68617931
1691651872000,0.68617732,0.68617732,0.68617732
1691651873000,0.68617812,0.68617812,0.68617812
1691651874000,0.68617812,0.68617812,0.68617812
1691651875000,0.6862,0.6862,0.6862
1691651876000,0.6862,0.6862,0.6862
1691651877000,0.6862,0.6862,0.6862
1691651878000,0.6862,0.6862,0.6862
1691651879000,0.6862,0.6862,0.6862
1691651880000,0.6862,0.6862,0.6862
1691651881000,0.6862,0.6862,0.6862
1691651882000,0.6862,0.6862,0.6862
1691651883000,0.6862,0.6862,0.6862
1691651884000,0.6862,0.6862,0.6862
1691651885000,0.6862,0.6862,0.6862
1691651886000,0.68617344,0.68617344,0.68617344
1691651887000,0.68617886,0.68617886,0.68617886
1691651888000,0.68613431,0.68613431,0.68613431
1691651889000,0.68613431,0.68613431,0.68613431
1691651890000,0.68613354,0.68613354,0.68613354
1691651891000,0.68613351,0.68613351,0.68613351
1691651892000,0.6861,0.6861,0.6861
1691651893000,0.68613091,0.68613091,0.68613091
1691651894000,0.68613091,0.68613091,0.68613091
1691651895000,0.68613091,0.68613091,0.68613091
1691651896000,0.68613262,0.68613262,0.68613262
1691651897000,0.68613481,0.68613481,0.68613481
1691651898000,0.68613481,0.68613481,0.68613481
1691651899000,0.68613481,0.68613481,0.68613481
1691651900000,0.6861,0.6861,0.6861
1691651901000,0.6862,0.6862,0.6862
1691651902000,0.6862,0.6862,0.6862
1691651903000,0.6862,0.6862,0.6862
1691651904000,0.6862,0.6862,0.6862
1691651905000,0.6862,0.6862,0.6862
1691651906000,0.6862,0.6862,0.6862
1691651907000,0.6862,0.6862,0.6862
1691651908000,0.6862,0.6862,0.6862
1691651909000,0.6862,0.6862,0.6862
1691651910000,0.6862,0.6862,0.6862
1691651911000,0.6862,0.6862,0.6862
1691651912000,0.6862,0.6862,0.6862
1691651913000,0.6862,0.6862,0.6862
1691651914000,0.6861,0.6861,0.6861
1691651915000,0.6861,0.6861,0.6861
1691651916000,0.6861,0.6861,0.6861
1691651917000,0.6861,0.6861,0.6861
1691651918000,0.6861,0.6861,0.6861
1691651919000,0.6861,0.6861,0.6861
1691651920000,0.6861,0.6861,0.6861
1691651921000,0.68609394,0.68609394,0.68609394
1691651922000,0.68609391,0.68609391,0.68609391
1691651923000,0.68609402,0.68609402,0.68609402
1691651924000,0.68604754,0.68604754,0.68604754
1691651925000,0.6860475,0.6860475,0.6860475
1691651926000,0.6860475,0.6860475,0.6860475
1691651927000,0.68604656,0.68604656,0.68604656
1691651928000,0.6861,0.6861,0.6861
1691651929000,0.6861,0.6861,0.6861
1691651930000,0.6861,0.6861,0.6861
1691651931000,0.6861,0.6861,0.6861
1691651932000,0.6861,0.6861,0.6861
1691651933000,0.6861,0.6861,0.6861
1691651934000,0.6861,0.6861,0.6861
1691651935000,0.6861,0.6861,0.6861
1691651936000,0.6861,0.6861,0.6861
1691651937000,0.6861,0.6861,0.6861
1691651938000,0.6861,0.6861,0.6861
1691651939000,0.6861,0.6861,0.6861
1691651940000,0.6861,0.6861,0.6861
1691651941000,0.68606877,0.68606877,0.68606877
1691651942000,0.68605183,0.68605183,0.68605183
1691651943000,0.686051,0.686051,0.686051
1691651944000,0.68604998,0.68604998,0.68604998
1691651945000,0.68604998,0.68604998,0.68604998
1691651946000,0.68605081,0.68605081,0.68605081
1691651947000,0.68605022,0.68605022,0.68605022
1691651948000,0.68605019,0.68605019,0.68605019
1691651949000,0.68604946,0.68604946,0.68604946
1691651950000,0.6860487,0.6860487,0.6860487
1691651951000,0.6861,0.6861,0.6861
1691651952000,0.6861,0.6861,0.6861
1691651953000,0.6861,0.6861,0.6861
1691651954000,0.6861,0.6861,0.6861
1691651955000,0.68605028,0.68605028,0.68605028
1691651956000,0.68605028,0.68605028,0.68605028
1691651957000,0.68605028,0.68605028,0.68605028
1691651958000,0.68605094,0.68605094,0.68605094
1691651959000,0.68605187,0.68605187,0.68605187
1691651960000,0.6861,0.6861,0.6861
1691651961000,0.6861,0.6861,0.6861
1691651962000,0.6861,0.6861,0.6861
1691651963000,0.6861,0.6861,0.6861
1691651964000,0.6861,0.6861,0.6861
1691651965000,0.6861,0.6861,0.6861
1691651966000,0.6861,0.6861,0.6861
1691651967000,0.68605346,0.68605346,0.68605346
1691651968000,0.68605346,0.68605346,0.68605346
1691651969000,0.68605349,0.68605349,0.68605349
1691651970000,0.6860536,0.6860536,0.6860536
1691651971000,0.68610011,0.68610011,0.68610011
1691651972000,0.68610011,0.68610011,0.68610011
1691651973000,0.68610011,0.68610011,0.68610011
1691651974000,0.6861,0.6861,0.6861
1691651975000,0.68610127,0.68610127,0.68610127
1691651976000,0.68610127,0.68610127,0.68610127
1691651977000,0.6862,0.6862,0.6862
1691651978000,0.6862,0.6862,0.6862
1691651979000,0.6862,0.6862,0.6862
1691651980000,0.6862,0.6862,0.6862
1691651981000,0.6862,0.6862,0.6862
1691651982000,0.6862,0.6862,0.6862
1691651983000,0.6862,0.6862,0.6862
1691651984000,0.6862,0.6862,0.6862
1691651985000,0.6862,0.6862,0.6862
1691651986000,0.6862,0.6862,0.6862
1691651987000,0.6862,0.6862,0.6862
1691651988000,0.6862,0.6862,0.6862
1691651989000,0.6862,0.6862,0.6862
1691651990000,0.6862,0.6862,0.6862
1691651991000,0.6862,0.6862,0.6862
1691651992000,0.6862,0.6862,0.6862
1691651993000,0.6862,0.6862,0.6862
1691651994000,0.6862,0.6862,0.6862
1691651995000,0.6862,0.6862,0.6862
1691651996000,0.6862,0.6862,0.6862
1691651997000,0.6862,0.6862,0.6862
1691651998000,0.6862,0.6862,0.6862
1691651999000,0.6862,0.6862,0.6862
1691652000000,0.6862,0.6862,0.6862
1691652001000,0.6862,0.6862,0.6862
1691652002000,0.6862,0.6862,0.6862
1691652003000,0.6862,0.6862,0.6862
1691652004000,0.6862,0.6862,0.6862
1691652005000,0.6862,0.6862,0.6862
1691652006000,0.6862,0.6862,0.6862
1691652007000,0.6862,0.6862,0.6862
1691652008000,0.68611169,0.68611169,0.68611169
1691652009000,0.68611169,0.68611169,0.68611169
1691652010000,0.6862,0.6862,0.6862
1691652011000,0.6862,0.6862,0.6862
1691652012000,0.6862,0.6862,0.6862
1691652013000,0.6862,0.6862,0.6862
1691652014000,0.68611169,0.68611169,0.68611169
1691652015000,0.6862,0.6862,0.6862
1691652016000,0.6862,0.6862,0.6862
1691652017000,0.6861122,0.6861122,0.6861122
1691652018000,0.6862,0.6862,0.6862
1691652019000,0.68620478,0.68620478,0.68620478
1691652020000,0.6862,0.6862,0.6862
1691652021000,0.6862,0.6862,0.6862
1691652022000,0.6862,0.6862,0.6862
1691652023000,0.6862,0.6862,0.6862
1691652024000,0.6862,0.6862,0.6862
1691652025000,0.6862,0.6862,0.6862
1691652026000,0.6862,0.6862,0.6862
1691652027000,0.6862,0.6862,0.6862
1691652028000,0.6862,0.6862,0.6862
1691652029000,0.6862,0.6862,0.6862
1691652030000,0.6862,0.6862,0.6862
1691652031000,0.6863,0.6863,0.6863
1691652032000,0.6863,0.6863,0.6863
1691652033000,0.6863,0.6863,0.6863
1691652034000,0.6863,0.6863,0.6863
1691652035000,0.6862,0.6862,0.6862
1691652036000,0.6862,0.6862,0.6862
1691652037000,0.6862,0.6862,0.6862
1691652038000,0.6862,0.6862,0.6862
1691652039000,0.6862,0.6862,0.6862
1691652040000,0.6862,0.6862,0.6862
1691652041000,0.6862,0.6862,0.6862
1691652042000,0.6862,0.6862,0.6862
1691652043000,0.6862,0.6862,0.6862
1691652044000,0.6862,0.6862,0.6862
1691652045000,0.6862,0.6862,0.6862
1691652046000,0.6862,0.6862,0.6862
1691652047000,0.6862,0.6862,0.6862
1691652048000,0.6862,0.6862,0.6862
1691652049000,0.6862,0.6862,0.6862
1691652050000,0.6862,0.6862,0.6862
1691652051000,0.6862,0.6862,0.6862
1691652052000,0.6862,0.6862,0.6862
1691652053000,0.6862,0.6862,0.6862
1691652054000,0.6862,0.6862,0.6862
1691652055000,0.6862,0.6862,0.6862
1691652056000,0.6862,0.6862,0.6862
1691652057000,0.6862,0.6862,0.6862
1691652058000,0.6862,0.6862,0.6862
1691652059000,0.68615082,0.68615082,0.68615082
1691652060000,0.6861435,0.6861435,0.6861435
1691652061000,0.6861435,0.6861435,0.6861435
1691652062000,0.6861435,0.6861435,0.6861435
1691652063000,0.68614343,0.68614343,0.68614343
1691652064000,0.68614347,0.68614347,0.68614347
1691652065000,0.68614412,0.68614412,0.68614412
1691652066000,0.68614412,0.68614412,0.68614412
1691652067000,0.68614412,0.68614412,0.68614412
1691652068000,0.68614618,0.68614618,0.68614618
1691652069000,0.68614618,0.68614618,0.68614618
1691652070000,0.68614573,0.68614573,0.68614573
1691652071000,0.68614573,0.68614573,0.68614573
1691652072000,0.68614573,0.68614573,0.68614573
1691652073000,0.6861469,0.6861469,0.6861469
1691652074000,0.6861469,0.6861469,0.6861469
1691652075000,0.68614732,0.68614732,0.68614732
1691652076000,0.68614732,0.68614732,0.68614732
1691652077000,0.68614732,0.68614732,0.68614732
1691652078000,0.6862,0.6862,0.6862
1691652079000,0.68629595,0.68629595,0.68629595
1691652080000,0.6862963,0.6862963,0.6862963
1691652081000,0.68629633,0.68629633,0.68629633
1691652082000,0.68629632,0.68629632,0.68629632
1691652083000,0.6863,0.6863,0.6863
1691652084000,0.68629629,0.68629629,0.68629629
1691652085000,0.68629629,0.68629629,0.68629629
1691652086000,0.68629628,0.68629628,0.68629628
1691652087000,0.68629628,0.68629628,0.68629628
1691652088000,0.68629628,0.68629628,0.68629628
1691652089000,0.68629628,0.68629628,0.68629628
1691652090000,0.68629672,0.68629672,0.68629672
1691652091000,0.68629672,0.68629672,0.68629672
1691652092000,0.68629669,0.68629669,0.68629669
1691652093000,0.6862,0.6862,0.6862
1691652094000,0.6862,0.6862,0.6862
1691652095000,0.6862,0.6862,0.6862
1691652096000,0.6862,0.6862,0.6862
1691652097000,0.6862,0.6862,0.6862
1691652098000,0.68629612,0.68629612,0.68629612
1691652099000,0.6862,0.6862,0.6862
1691652100000,0.68620183,0.68620183,0.68620183
1691652101000,0.68620183,0.68620183,0.68620183
1691652102000,0.68620065,0.68620065,0.68620065
1691652103000,0.68620068,0.68620068,0.68620068
1691652104000,0.6861979,0.6861979,0.6861979
1691652105000,0.6861979,0.6861979,0.6861979
1691652106000,0.68619661,0.68619661,0.68619661
1691652107000,0.68619661,0.68619661,0.68619661
1691652108000,0.68619661,0.68619661,0.68619661
1691652109000,0.68619664,0.68619664,0.68619664
1691652110000,0.68619308,0.68619308,0.68619308
1691652111000,0.68619287,0.68619287,0.68619287
1691652112000,0.68619284,0.68619284,0.68619284
1691652113000,0.68619287,0.68619287,0.68619287
1691652114000,0.68619204,0.68619204,0.68619204
1691652115000,0.6861902,0.6861902,0.6861902
1691652116000,0.68618971,0.68618971,0.68618971
1691652117000,0.68618971,0.68618971,0.68618971
1691652118000,0.68618895,0.68618895,0.68618895
1691652119000,0.68614244,0.68614244,0.68614244
1691652120000,0.68613994,0.68613994,0.68613994
1691652121000,0.68614005,0.68614005,0.68614005
1691652122000,0.68614005,0.68614005,0.68614005
1691652123000,0.68614005,0.68614005,0.68614005
1691652124000,0.6860955,0.6860955,0.6860955
1691652125000,0.68608079,0.68608079,0.68608079
1691652126000,0.68607625,0.68607625,0.68607625
1691652127000,0.68607625,0.68607625,0.68607625
1691652128000,0.68607625,0.68607625,0.68607625
1691652129000,0.68602894,0.68602894,0.68602894
1691652130000,0.68602574,0.68602574,0.68602574
1691652131000,0.68602536,0.68602536,0.68602536
1691652132000,0.68602199,0.68602199,0.68602199
1691652133000,0.6859693,0.6859693,0.6859693
1691652134000,0.6859693,0.6859693,0.6859693
1691652135000,0.6859693,0.6859693,0.6859693
1691652136000,0.68596822,0.68596822,0.68596822
1691652137000,0.68596679,0.68596679,0.68596679
1691652138000,0.68596679,0.68596679,0.68596679
1691652139000,0.68596679,0.68596679,0.68596679
1691652140000,0.68596599,0.68596599,0.68596599
1691652141000,0.68596506,0.68596506,0.68596506
1691652142000,0.68596579,0.68596579,0.68596579
1691652143000,0.685965,0.685965,0.685965
1691652144000,0.68596579,0.68596579,0.68596579
1691652145000,0.68596579,0.68596579,0.68596579
1691652146000,0.68596492,0.68596492,0.68596492
1691652147000,0.6859645,0.6859645,0.6859645
1691652148000,0.6859645,0.6859645,0.6859645
1691652149000,0.6859645,0.6859645,0.6859645
1691652150000,0.6859645,0.6859645,0.6859645
1691652151000,0.68596364,0.68596364,0.68596364
1691652152000,0.68596367,0.68596367,0.68596367
1691652153000,0.68596134,0.68596134,0.68596134
1691652154000,0.68595904,0.68595904,0.68595904
1691652155000,0.68595981,0.68595981,0.68595981
1691652156000,0.68595651,0.68595651,0.68595651
1691652157000,0.68595651,0.68595651,0.68595651
1691652158000,0.68597431,0.68597431,0.68597431
1691652159000,0.68597431,0.68597431,0.68597431
1691652160000,0.6859752,0.6859752,0.6859752
1691652161000,0.6859752,0.6859752,0.6859752
1691652162000,0.68597214,0.68597214,0.68597214
1691652163000,0.68597121,0.68597121,0.68597121
1691652164000,0.68597121,0.68597121,0.68597121
1691652165000,0.68597214,0.68597214,0.68597214
1691652166000,0.68597214,0.68597214,0.68597214
1691652167000,0.68596967,0.68596967,0.68596967
1691652168000,0.68596967,0.68596967,0.68596967
1691652169000,0.68596967,0.68596967,0.68596967
1691652170000,0.68596967,0.68596967,0.68596967
1691652171000,0.68596967,0.68596967,0.68596967
1691652172000,0.68596774,0.68596774,0.68596774
1691652173000,0.68596778,0.68596778,0.68596778
1691652174000,0.68596778,0.68596778,0.68596778
1691652175000,0.68596778,0.68596778,0.68596778
1691652176000,0.68596778,0.68596778,0.68596778
1691652177000,0.68596525,0.68596525,0.68596525
1691652178000,0.68596525,0.68596525,0.68596525
1691652179000,0.68596529,0.68596529,0.68596529
1691652180000,0.68601323,0.68601323,0.68601323
1691652181000,0.6859601,0.6859601,0.6859601
1691652182000,0.68595768,0.68595768,0.68595768
1691652183000,0.68601149,0.68601149,0.68601149
1691652184000,0.68601057,0.68601057,0.68601057
1691652185000,0.68601057,0.68601057,0.68601057
1691652186000,0.68601057,0.68601057,0.68601057
1691652187000,0.68600813,0.68600813,0.68600813
1691652188000,0.6859521,0.6859521,0.6859521
1691652189000,0.6859521,0.6859521,0.6859521
1691652190000,0.68593894,0.68593894,0.68593894
1691652191000,0.6858035,0.6858035,0.6858035
1691652192000,0.68575616,0.68575616,0.68575616
1691652193000,0.68575086,0.68575086,0.68575086
1691652194000,0.68574852,0.68574852,0.68574852
1691652195000,0.68574856,0.68574856,0.68574856
1691652196000,0.68574856,0.68574856,0.68574856
1691652197000,0.68574856,0.68574856,0.68574856
1691652198000,0.68574463,0.68574463,0.68574463
1691652199000,0.68570871,0.68570871,0.68570871
1691652200000,0.6857095,0.6857095,0.6857095
1691652201000,0.68570947,0.68570947,0.68570947
1691652202000,0.6857095,0.6857095,0.6857095
1691652203000,0.68570727,0.68570727,0.68570727
1691652204000,0.68570727,0.68570727,0.68570727
1691652205000,0.6857073,0.6857073,0.6857073
1691652206000,0.68570727,0.68570727,0.68570727
1691652207000,0.68570727,0.68570727,0.68570727
1691652208000,0.68570319,0.68570319,0.68570319
1691652209000,0.68570319,0.68570319,0.68570319
1691652210000,0.68570399,0.68570399,0.68570399
1691652211000,0.68570316,0.68570316,0.68570316
1691652212000,0.68569927,0.68569927,0.68569927
1691652213000,0.68569528,0.68569528,0.68569528
1691652214000,0.68569452,0.68569452,0.68569452
1691652215000,0.68569532,0.68569532,0.68569532
1691652216000,0.68569452,0.68569452,0.68569452
1691652217000,0.68569452,0.68569452,0.68569452
1691652218000,0.68569452,0.68569452,0.68569452
1691652219000,0.68569312,0.68569312,0.68569312
1691652220000,0.68569312,0.68569312,0.68569312
1691652221000,0.68569309,0.68569309,0.68569309
1691652222000,0.68569309,0.68569309,0.68569309
1691652223000,0.68569309,0.68569309,0.68569309
1691652224000,0.68573664,0.68573664,0.68573664
1691652225000,0.68573661,0.68573661,0.68573661
1691652226000,0.68573581,0.68573581,0.68573581
1691652227000,0.68573581,0.68573581,0.68573581
1691652228000,0.68568933,0.68568933,0.68568933
1691652229000,0.68568094,0.68568094,0.68568094
1691652230000,0.68568174,0.68568174,0.68568174
1691652231000,0.68568174,0.68568174,0.68568174
1691652232000,0.68568177,0.68568177,0.68568177
1691652233000,0.68568177,0.68568177,0.68568177
1691652234000,0.68567739,0.68567739,0.68567739
1691652235000,0.68567739,0.68567739,0.68567739
1691652236000,0.68567742,0.68567742,0.68567742
1691652237000,0.68567742,0.68567742,0.68567742
1691652238000,0.68567336,0.68567336,0.68567336
1691652239000,0.68567065,0.68567065,0.68567065
1691652240000,0.68567065,0.68567065,0.68567065
1691652241000,0.68567069,0.68567069,0.68567069
1691652242000,0.68555806,0.68555806,0.68555806
1691652243000,0.68555741,0.68555741,0.68555741
1691652244000,0.68549522,0.68549522,0.68549522
1691652245000,0.68544129,0.68544129,0.68544129
1691652246000,0.68544205,0.68544205,0.68544205
1691652247000,0.68544205,0.68544205,0.68544205
1691652248000,0.68544129,0.68544129,0.68544129
1691652249000,0.68543808,0.68543808,0.68543808
1691652250000,0.68538666,0.68538666,0.68538666
1691652251000,0.68538666,0.68538666,0.68538666
1691652252000,0.68538666,0.68538666,0.68538666
1691652253000,0.68538663,0.68538663,0.68538663
1691652254000,0.6853876,0.6853876,0.6853876
1691652255000,0.68538268,0.68538268,0.68538268
1691652256000,0.68533617,0.68533617,0.68533617
1691652257000,0.68532225,0.68532225,0.68532225
1691652258000,0.68532225,0.68532225,0.68532225
1691652259000,0.68536848,0.68536848,0.68536848
1691652260000,0.68536357,0.68536357,0.68536357
1691652261000,0.68536278,0.68536278,0.68536278
1691652262000,0.68536357,0.68536357,0.68536357
1691652263000,0.68536357,0.68536357,0.68536357
1691652264000,0.68536354,0.68536354,0.68536354
1691652265000,0.68535885,0.68535885,0.68535885
1691652266000,0.68535769,0.68535769,0.68535769
1691652267000,0.68535769,0.68535769,0.68535769
1691652268000,0.68535769,0.68535769,0.68535769
1691652269000,0.6853569,0.6853569,0.6853569
1691652270000,0.6853569,0.6853569,0.6853569
1691652271000,0.68535183,0.68535183,0.68535183
1691652272000,0.68535183,0.68535183,0.68535183
1691652273000,0.68535103,0.68535103,0.68535103
1691652274000,0.68535103,0.68535103,0.68535103
1691652275000,0.68535103,0.68535103,0.68535103
1691652276000,0.68534862,0.68534862,0.68534862
1691652277000,0.68539516,0.68539516,0.68539516
1691652278000,0.6857,0.6857,0.6857
1691652279000,0.6857,0.6857,0.6857
1691652280000,0.6857,0.6857,0.6857
1691652281000,0.6858,0.6858,0.6858
1691652282000,0.6859,0.6859,0.6859
1691652283000,0.6859,0.6859,0.6859
1691652284000,0.68597758,0.68597758,0.68597758
1691652285000,0.68598653,0.68598653,0.68598653
1691652286000,0.68598653,0.68598653,0.68598653
1691652287000,0.6859,0.6859,0.6859
1691652288000,0.6859,0.6859,0.6859
1691652289000,0.6856,0.6856,0.6856
1691652290000,0.6856,0.6856,0.6856
1691652291000,0.6856,0.6856,0.6856
1691652292000,0.6857,0.6857,0.6857
1691652293000,0.6857,0.6857,0.6857
1691652294000,0.6857,0.6857,0.6857
1691652295000,0.6857,0.6857,0.6857
1691652296000,0.6857,0.6857,0.6857
1691652297000,0.6857,0.6857,0.6857
1691652298000,0.6857,0.6857,0.6857
1691652299000,0.6856,0.6856,0.6856
1691652300000,0.6856,0.6856,0.6856
1691652301000,0.6856,0.6856,0.6856
1691652302000,0.6856,0.6856,0.6856
1691652303000,0.6856,0.6856,0.6856
1691652304000,0.6856,0.6856,0.6856
1691652305000,0.6856,0.6856,0.6856
1691652306000,0.6856,0.6856,0.6856
1691652307000,0.6856,0.6856,0.6856
1691652308000,0.6856,0.6856,0.6856
1691652309000,0.6856,0.6856,0.6856
1691652310000,0.6856,0.6856,0.6856
1691652311000,0.6856,0.6856,0.6856
1691652312000,0.6856,0.6856,0.6856
1691652313000,0.6856,0.6856,0.6856
1691652314000,0.6856,0.6856,0.6856
1691652315000,0.6856,0.6856,0.6856
1691652316000,0.68583163,0.68583163,0.68583163
1691652317000,0.6858,0.6858,0.6858
1691652318000,0.6858,0.6858,0.6858
1691652319000,0.6858,0.6858,0.6858
1691652320000,0.6858,0.6858,0.6858
1691652321000,0.6858,0.6858,0.6858
1691652322000,0.6858,0.6858,0.6858
1691652323000,0.6858,0.6858,0.6858
1691652324000,0.6858,0.6858,0.6858
1691652325000,0.6858,0.6858,0.6858
1691652326000,0.6858,0.6858,0.6858
1691652327000,0.6858,0.6858,0.6858
1691652328000,0.6857,0.6857,0.6857
1691652329000,0.6857,0.6857,0.6857
1691652330000,0.6857,0.6857,0.6857
1691652331000,0.68560608,0.68560608,0.68560608
1691652332000,0.68560528,0.68560528,0.68560528
1691652333000,0.68560273,0.68560273,0.68560273
1691652334000,0.68560353,0.68560353,0.68560353
1691652335000,0.6856035,0.6856035,0.6856035
1691652336000,0.6856035,0.6856035,0.6856035
1691652337000,0.68560224,0.68560224,0.68560224
1691652338000,0.68559833,0.68559833,0.68559833
1691652339000,0.68559052,0.68559052,0.68559052
1691652340000,0.68559052,0.68559052,0.68559052
1691652341000,0.68559017,0.68559017,0.68559017
1691652342000,0.68559017,0.68559017,0.68559017
1691652343000,0.68554041,0.68554041,0.68554041
1691652344000,0.68554041,0.68554041,0.68554041
1691652345000,0.68554041,0.68554041,0.68554041
1691652346000,0.68554041,0.68554041,0.68554041
1691652347000,0.68558679,0.68558679,0.68558679
1691652348000,0.68558521,0.68558521,0.68558521
1691652349000,0.6855387,0.6855387,0.6855387
1691652350000,0.6855,0.6855,0.6855
1691652351000,0.6855,0.6855,0.6855
1691652352000,0.6855,0.6855,0.6855
1691652353000,0.6855,0.6855,0.6855
1691652354000,0.6855,0.6855,0.6855
1691652355000,0.6855,0.6855,0.6855
1691652356000,0.6855,0.6855,0.6855
1691652357000,0.6855,0.6855,0.6855
1691652358000,0.6855,0.6855,0.6855
1691652359000,0.6855,0.6855,0.6855
1691652360000,0.68543513,0.68543513,0.68543513
1691652361000,0.68543516,0.68543516,0.68543516
1691652362000,0.6854,0.6854,0.6854
1691652363000,0.6854,0.6854,0.6854
1691652364000,0.6854,0.6854,0.6854
1691652365000,0.6854,0.6854,0.6854
1691652366000,0.6854,0.6854,0.6854
1691652367000,0.6854,0.6854,0.6854
1691652368000,0.6854,0.6854,0.6854
1691652369000,0.6854,0.6854,0.6854
1691652370000,0.6854,0.6854,0.6854
1691652371000,0.6854,0.6854,0.6854
1691652372000,0.6854,0.6854,0.6854
1691652373000,0.6854,0.6854,0.6854
1691652374000,0.6854,0.6854,0.6854
1691652375000,0.6854,0.6854,0.6854
1691652376000,0.6854,0.6854,0.6854
1691652377000,0.6854,0.6854,0.6854
1691652378000,0.6854,0.6854,0.6854
1691652379000,0.6854,0.6854,0.6854
1691652380000,0.6854,0.6854,0.6854
1691652381000,0.68541572,0.68541572,0.68541572
1691652382000,0.68541443,0.68541443,0.68541443
1691652383000,0.68541443,0.68541443,0.68541443
1691652384000,0.68541443,0.68541443,0.68541443
1691652385000,0.68540955,0.68540955,0.68540955
1691652386000,0.68540955,0.68540955,0.68540955
1691652387000,0.68540955,0.68540955,0.68540955
1691652388000,0.68540951,0.68540951,0.68540951
1691652389000,0.68540951,0.68540951,0.68540951
1691652390000,0.68540466,0.68540466,0.68540466
1691652391000,0.6854043,0.6854043,0.6854043
1691652392000,0.68540353,0.68540353,0.68540353
1691652393000,0.68540353,0.68540353,0.68540353
1691652394000,0.68540277,0.68540277,0.68540277
1691652395000,0.68539869,0.68539869,0.68539869
1691652396000,0.6854,0.6854,0.6854
1691652397000,0.6854,0.6854,0.6854
1691652398000,0.6854,0.6854,0.6854
1691652399000,0.6854,0.6854,0.6854
1691652400000,0.6854,0.6854,0.6854
1691652401000,0.6854,0.6854,0.6854
1691652402000,0.6854,0.6854,0.6854
1691652403000,0.6854,0.6854,0.6854
1691652404000,0.6854,0.6854,0.6854
1691652405000,0.6854,0.6854,0.6854
1691652406000,0.6854,0.6854,0.6854
1691652407000,0.6854,0.6854,0.6854
1691652408000,0.6854,0.6854,0.6854
1691652409000,0.6854,0.6854,0.6854
1691652410000,0.6854,0.6854,0.6854
1691652411000,0.6854,0.6854,0.6854
1691652412000,0.6854,0.6854,0.6854
1691652413000,0.6854,0.6854,0.6854
1691652414000,0.6854,0.6854,0.6854
1691652415000,0.6854,0.6854,0.6854
1691652416000,0.6854,0.6854,0.6854
1691652417000,0.6854,0.6854,0.6854
1691652418000,0.68543796,0.68543796,0.68543796
1691652419000,0.68543796,0.68543796,0.68543796
1691652420000,0.68543793,0.68543793,0.68543793
1691652421000,0.68543884,0.68543884,0.68543884
1691652422000,0.68543881,0.68543881,0.68543881
1691652423000,0.68543971,0.68543971,0.68543971
1691652424000,0.68543971,0.68543971,0.68543971
1691652425000,0.68543971,0.68543971,0.68543971
1691652426000,0.68544171,0.68544171,0.68544171
1691652427000,0.6855,0.6855,0.6855
1691652428000,0.6855,0.6855,0.6855
1691652429000,0.6855,0.6855,0.6855
1691652430000,0.6855,0.6855,0.6855
1691652431000,0.6855,0.6855,0.6855
1691652432000,0.6855,0.6855,0.6855
1691652433000,0.6855,0.6855,0.6855
1691652434000,0.6855,0.6855,0.6855
1691652435000,0.68544083,0.68544083,0.68544083
1691652436000,0.68544163,0.68544163,0.68544163
1691652437000,0.68544162,0.68544162,0.68544162
1691652438000,0.68544162,0.68544162,0.68544162
1691652439000,0.68544151,0.68544151,0.68544151
1691652440000,0.68544151,0.68544151,0.68544151
1691652441000,0.68544071,0.68544071,0.68544071
1691652442000,0.68544065,0.68544065,0.68544065
1691652443000,0.6855,0.6855,0.6855
1691652444000,0.6855,0.6855,0.6855
1691652445000,0.6855,0.6855,0.6855
1691652446000,0.6855,0.6855,0.6855
1691652447000,0.6855,0.6855,0.6855
1691652448000,0.6855,0.6855,0.6855
1691652449000,0.6855,0.6855,0.6855
1691652450000,0.6855,0.6855,0.6855
1691652451000,0.6855,0.6855,0.6855
1691652452000,0.6855,0.6855,0.6855
1691652453000,0.6855,0.6855,0.6855
1691652454000,0.6855,0.6855,0.6855
1691652455000,0.6855,0.6855,0.6855
1691652456000,0.6855,0.6855,0.6855
1691652457000,0.6855,0.6855,0.6855
1691652458000,0.6855,0.6855,0.6855
1691652459000,0.6855,0.6855,0.6855
1691652460000,0.6855,0.6855,0.6855
1691652461000,0.6855,0.6855,0.6855
1691652462000,0.6855,0.6855,0.6855
1691652463000,0.6855,0.6855,0.6855
1691652464000,0.6855,0.6855,0.6855
1691652465000,0.6855,0.6855,0.6855
1691652466000,0.6855,0.6855,0.6855
1691652467000,0.6855,0.6855,0.6855
1691652468000,0.6855,0.6855,0.6855
1691652469000,0.6855,0.6855,0.6855
1691652470000,0.6855,0.6855,0.6855
1691652471000,0.6855,0.6855,0.6855
1691652472000,0.6855,0.6855,0.6855
1691652473000,0.6855,0.6855,0.6855
1691652474000,0.6855,0.6855,0.6855
1691652475000,0.6855,0.6855,0.6855
1691652476000,0.6855,0.6855,0.6855
1691652477000,0.6855,0.6855,0.6855
1691652478000,0.6855,0.6855,0.6855
1691652479000,0.6855,0.6855,0.6855
1691652480000,0.6856,0.6856,0.6856
1691652481000,0.6856537,0.6856537,0.6856537
1691652482000,0.6856537,0.6856537,0.6856537
1691652483000,0.68565838,0.68565838,0.68565838
1691652484000,0.68565838,0.68565838,0.68565838
1691652485000,0.68565922,0.68565922,0.68565922
1691652486000,0.6857,0.6857,0.6857
1691652487000,0.68565922,0.68565922,0.68565922
1691652488000,0.6857,0.6857,0.6857
1691652489000,0.6857,0.6857,0.6857
1691652490000,0.68570655,0.68570655,0.68570655
1691652491000,0.68570628,0.68570628,0.68570628
1691652492000,0.6858,0.6858,0.6858
1691652493000,0.6858,0.6858,0.6858
1691652494000,0.6858,0.6858,0.6858
1691652495000,0.6858,0.6858,0.6858
1691652496000,0.6858,0.6858,0.6858
1691652497000,0.6858,0.6858,0.6858
1691652498000,0.6858,0.6858,0.6858
1691652499000,0.6858,0.6858,0.6858
1691652500000,0.6858,0.6858,0.6858
1691652501000,0.6858,0.6858,0.6858
1691652502000,0.6858,0.6858,0.6858
1691652503000,0.6859,0.6859,0.6859
1691652504000,0.6859,0.6859,0.6859
1691652505000,0.6859,0.6859,0.6859
1691652506000,0.6859,0.6859,0.6859
1691652507000,0.6859,0.6859,0.6859
1691652508000,0.6859,0.6859,0.6859
1691652509000,0.6859,0.6859,0.6859
1691652510000,0.6858,0.6858,0.6858
1691652511000,0.6858,0.6858,0.6858
1691652512000,0.6858,0.6858,0.6858
1691652513000,0.6859,0.6859,0.6859
1691652514000,0.68585436,0.68585436,0.68585436
1691652515000,0.68585324,0.68585324,0.68585324
1691652516000,0.68585324,0.68585324,0.68585324
1691652517000,0.68585324,0.68585324,0.68585324
1691652518000,0.68585324,0.68585324,0.68585324
1691652519000,0.68585321,0.68585321,0.68585321
1691652520000,0.68585435,0.68585435,0.68585435
1691652521000,0.68585435,0.68585435,0.68585435
1691652522000,0.6859,0.6859,0.6859
1691652523000,0.68585574,0.68585574,0.68585574
1691652524000,0.68585574,0.68585574,0.68585574
1691652525000,0.68586347,0.68586347,0.68586347
1691652526000,0.68586469,0.68586469,0.68586469
1691652527000,0.6859,0.6859,0.6859
1691652528000,0.68586472,0.68586472,0.68586472
1691652529000,0.6859,0.6859,0.6859
1691652530000,0.6859,0.6859,0.6859
1691652531000,0.6859,0.6859,0.6859
1691652532000,0.6859,0.6859,0.6859
1691652533000,0.6859,0.6859,0.6859
1691652534000,0.6859,0.6859,0.6859
1691652535000,0.6859,0.6859,0.6859
1691652536000,0.6859,0.6859,0.6859
1691652537000,0.6859,0.6859,0.6859
1691652538000,0.68591743,0.68591743,0.68591743
1691652539000,0.68591743,0.68591743,0.68591743
1691652540000,0.68591743,0.68591743,0.68591743
1691652541000,0.68592121,0.68592121,0.68592121
1691652542000,0.68592118,0.68592118,0.68592118
1691652543000,0.68592118,0.68592118,0.68592118
1691652544000,0.68592118,0.68592118,0.68592118
1691652545000,0.68592201,0.68592201,0.68592201
1691652546000,0.68592489,0.68592489,0.68592489
1691652547000,0.68592514,0.68592514,0.68592514
1691652548000,0.68592517,0.68592517,0.68592517
1691652549000,0.68592434,0.68592434,0.68592434
1691652550000,0.68592434,0.68592434,0.68592434
1691652551000,0.68592684,0.68592684,0.68592684
1691652552000,0.68592688,0.68592688,0.68592688
1691652553000,0.68592688,0.68592688,0.68592688
1691652554000,0.68592688,0.68592688,0.68592688
1691652555000,0.68592688,0.68592688,0.68592688
1691652556000,0.68592919,0.68592919,0.68592919
1691652557000,0.68592919,0.68592919,0.68592919
1691652558000,0.68592996,0.68592996,0.68592996
1691652559000,0.68592996,0.68592996,0.68592996
1691652560000,0.68592996,0.68592996,0.68592996
1691652561000,0.6859296,0.6859296,0.6859296
1691652562000,0.68592918,0.68592918,0.68592918
1691652563000,0.68592918,0.68592918,0.68592918
1691652564000,0.68592915,0.68592915,0.68592915
1691652565000,0.68592915,0.68592915,0.68592915
1691652566000,0.6859,0.6859,0.6859
1691652567000,0.6859,0.6859,0.6859
1691652568000,0.6859,0.6859,0.6859
1691652569000,0.68591185,0.68591185,0.68591185
1691652570000,0.68591185,0.68591185,0.68591185
1691652571000,0.68591182,0.68591182,0.68591182
1691652572000,0.68591249,0.68591249,0.68591249
1691652573000,0.68591246,0.68591246,0.68591246
1691652574000,0.68595897,0.68595897,0.68595897
1691652575000,0.68593339,0.68593339,0.68593339
1691652576000,0.68593339,0.68593339,0.68593339
1691652577000,0.68592959,0.68592959,0.68592959
1691652578000,0.68592962,0.68592962,0.68592962
1691652579000,0.68592962,0.68592962,0.68592962
1691652580000,0.68592959,0.68592959,0.68592959
1691652581000,0.68592959,0.68592959,0.68592959
1691652582000,0.68592508,0.68592508,0.68592508
1691652583000,0.68592508,0.68592508,0.68592508
1691652584000,0.68592588,0.68592588,0.68592588
1691652585000,0.68592588,0.68592588,0.68592588
1691652586000,0.68592588,0.68592588,0.68592588
1691652587000,0.6859198,0.6859198,0.6859198
1691652588000,0.6859198,0.6859198,0.6859198
1691652589000,0.6859198,0.6859198,0.6859198
1691652590000,0.6858198,0.6858198,0.6858198
1691652591000,0.685819,0.685819,0.685819
1691652592000,0.68580116,0.68580116,0.68580116
1691652593000,0.68580116,0.68580116,0.68580116
1691652594000,0.68580116,0.68580116,0.68580116
1691652595000,0.68584847,0.68584847,0.68584847
1691652596000,0.68584767,0.68584767,0.68584767
1691652597000,0.68584767,0.68584767,0.68584767
1691652598000,0.68584415,0.68584415,0.68584415
1691652599000,0.68584415,0.68584415,0.68584415
1691652600000,0.68584335,0.68584335,0.68584335
1691652601000,0.68583712,0.68583712,0.68583712
1691652602000,0.68583712,0.68583712,0.68583712
1691652603000,0.68583468,0.68583468,0.68583468
1691652604000,0.68583468,0.68583468,0.68583468
1691652605000,0.68583544,0.68583544,0.68583544
1691652606000,0.68589,0.68589,0.68589
1691652607000,0.68589003,0.68589003,0.68589003
1691652608000,0.6859,0.6859,0.6859
1691652609000,0.686,0.686,0.686
1691652610000,0.686,0.686,0.686
1691652611000,0.686,0.686,0.686
1691652612000,0.686,0.686,0.686
1691652613000,0.686,0.686,0.686
1691652614000,0.6859,0.6859,0.6859
1691652615000,0.6859,0.6859,0.6859
1691652616000,0.6859,0.6859,0.6859
1691652617000,0.6859,0.6859,0.6859
1691652618000,0.6859,0.6859,0.6859
1691652619000,0.6859,0.6859,0.6859
1691652620000,0.6859,0.6859,0.6859
1691652621000,0.6859395,0.6859395,0.6859395
1691652622000,0.6859,0.6859,0.6859
1691652623000,0.6859,0.6859,0.6859
1691652624000,0.6859,0.6859,0.6859
1691652625000,0.6859,0.6859,0.6859
1691652626000,0.68593816,0.68593816,0.68593816
1691652627000,0.68593816,0.68593816,0.68593816
1691652628000,0.68593937,0.68593937,0.68593937
1691652629000,0.68593666,0.68593666,0.68593666
1691652630000,0.68593663,0.68593663,0.68593663
1691652631000,0.68593663,0.68593663,0.68593663
1691652632000,0.68589541,0.68589541,0.68589541
1691652633000,0.68589558,0.68589558,0.68589558
1691652634000,0.68589409,0.68589409,0.68589409
1691652635000,0.68589412,0.68589412,0.68589412
1691652636000,0.6859,0.6859,0.6859
1691652637000,0.68589409,0.68589409,0.68589409
1691652638000,0.68589412,0.68589412,0.68589412
1691652639000,0.68589182,0.68589182,0.68589182
1691652640000,0.68589182,0.68589182,0.68589182
1691652641000,0.68589182,0.68589182,0.68589182
1691652642000,0.68589182,0.68589182,0.68589182
1691652643000,0.68589234,0.68589234,0.68589234
1691652644000,0.68589191,0.68589191,0.68589191
1691652645000,0.68589271,0.68589271,0.68589271
1691652646000,0.68589271,0.68589271,0.68589271
1691652647000,0.6858462,0.6858462,0.6858462
1691652648000,0.68584543,0.68584543,0.68584543
1691652649000,0.68584466,0.68584466,0.68584466
1691652650000,0.68584466,0.68584466,0.68584466
1691652651000,0.68584386,0.68584386,0.68584386
1691652652000,0.68584386,0.68584386,0.68584386
1691652653000,0.68584386,0.68584386,0.68584386
1691652654000,0.68584368,0.68584368,0.68584368
1691652655000,0.68584244,0.68584244,0.68584244
1691652656000,0.68584244,0.68584244,0.68584244
1691652657000,0.68584244,0.68584244,0.68584244
1691652658000,0.6858564,0.6858564,0.6858564
1691652659000,0.68585472,0.68585472,0.68585472
1691652660000,0.68585339,0.68585339,0.68585339
1691652661000,0.68585419,0.68585419,0.68585419
1691652662000,0.68585419,0.68585419,0.68585419
1691652663000,0.6859,0.6859,0.6859
1691652664000,0.6859,0.6859,0.6859
1691652665000,0.6859,0.6859,0.6859
1691652666000,0.6859,0.6859,0.6859
1691652667000,0.6859,0.6859,0.6859
1691652668000,0.6859,0.6859,0.6859
1691652669000,0.6859,0.6859,0.6859
1691652670000,0.6859,0.6859,0.6859
1691652671000,0.6859,0.6859,0.6859
1691652672000,0.68585471,0.68585471,0.68585471
1691652673000,0.68585471,0.68585471,0.68585471
1691652674000,0.68585481,0.68585481,0.68585481
1691652675000,0.68585417,0.68585417,0.68585417
1691652676000,0.68585413,0.68585413,0.68585413
1691652677000,0.68585334,0.68585334,0.68585334
1691652678000,0.68585337,0.68585337,0.68585337
1691652679000,0.6859,0.6859,0.6859
1691652680000,0.6859,0.6859,0.6859
1691652681000,0.6859,0.6859,0.6859
1691652682000,0.6859,0.6859,0.6859
1691652683000,0.6859,0.6859,0.6859
1691652684000,0.6859,0.6859,0.6859
1691652685000,0.6859,0.6859,0.6859
1691652686000,0.6859,0.6859,0.6859
1691652687000,0.6859,0.6859,0.6859
1691652688000,0.6859,0.6859,0.6859
1691652689000,0.6859,0.6859,0.6859
1691652690000,0.6859,0.6859,0.6859
1691652691000,0.6859,0.6859,0.6859
1691652692000,0.6859,0.6859,0.6859
1691652693000,0.686,0.686,0.686
1691652694000,0.686,0.686,0.686
1691652695000,0.686,0.686,0.686
1691652696000,0.686,0.686,0.686
1691652697000,0.686,0.686,0.686
1691652698000,0.686,0.686,0.686
1691652699000,0.686,0.686,0.686
1691652700000,0.686,0.686,0.686
1691652701000,0.686,0.686,0.686
1691652702000,0.686,0.686,0.686
1691652703000,0.686,0.686,0.686
1691652704000,0.686,0.686,0.686
1691652705000,0.686,0.686,0.686
1691652706000,0.686,0.686,0.686
1691652707000,0.686,0.686,0.686
1691652708000,0.686,0.686,0.686
1691652709000,0.686,0.686,0.686
1691652710000,0.686,0.686,0.686
1691652711000,0.6862,0.6862,0.6862
1691652712000,0.6863,0.6863,0.6863
1691652713000,0.6863,0.6863,0.6863
1691652714000,0.6863,0.6863,0.6863
1691652715000,0.6863,0.6863,0.6863
1691652716000,0.6863,0.6863,0.6863
1691652717000,0.6863,0.6863,0.6863
1691652718000,0.6862,0.6862,0.6862
1691652719000,0.6862,0.6862,0.6862
1691652720000,0.6862,0.6862,0.6862
1691652721000,0.6862,0.6862,0.6862
1691652722000,0.68621588,0.68621588,0.68621588
1691652723000,0.68621588,0.68621588,0.68621588
1691652724000,0.68621588,0.68621588,0.68621588
1691652725000,0.68621584,0.68621584,0.68621584
1691652726000,0.68627114,0.68627114,0.68627114
1691652727000,0.68627085,0.68627085,0.68627085
1691652728000,0.6863,0.6863,0.6863
1691652729000,0.6863,0.6863,0.6863
1691652730000,0.6863,0.6863,0.6863
1691652731000,0.6863,0.6863,0.6863
1691652732000,0.6863,0.6863,0.6863
1691652733000,0.68621664,0.68621664,0.68621664
1691652734000,0.6862166,0.6862166,0.6862166
1691652735000,0.6862166,0.6862166,0.6862166
1691652736000,0.6862166,0.6862166,0.6862166
1691652737000,0.68626277,0.68626277,0.68626277
1691652738000,0.68621519,0.68621519,0.68621519
1691652739000,0.6862,0.6862,0.6862
1691652740000,0.6862,0.6862,0.6862
1691652741000,0.6862,0.6862,0.6862
1691652742000,0.6862,0.6862,0.6862
1691652743000,0.68623525,0.68623525,0.68623525
1691652744000,0.68623528,0.68623528,0.68623528
1691652745000,0.68623528,0.68623528,0.68623528
1691652746000,0.68623522,0.68623522,0.68623522
1691652747000,0.68623525,0.68623525,0.68623525
1691652748000,0.68623385,0.68623385,0.68623385
1691652749000,0.68623385,0.68623385,0.68623385
1691652750000,0.68623306,0.68623306,0.68623306
1691652751000,0.68623361,0.68623361,0.68623361
1691652752000,0.68623361,0.68623361,0.68623361
1691652753000,0.68623146,0.68623146,0.68623146
1691652754000,0.68623146,0.68623146,0.68623146
1691652755000,0.68623143,0.68623143,0.68623143
1691652756000,0.68623178,0.68623178,0.68623178
1691652757000,0.68623178,0.68623178,0.68623178
1691652758000,0.68623121,0.68623121,0.68623121
1691652759000,0.68623121,0.68623121,0.68623121
1691652760000,0.68623121,0.68623121,0.68623121
1691652761000,0.68623076,0.68623076,0.68623076
1691652762000,0.68623079,0.68623079,0.68623079
1691652763000,0.68623079,0.68623079,0.68623079
1691652764000,0.68622864,0.68622864,0.68622864
1691652765000,0.68622864,0.68622864,0.68622864
1691652766000,0.6862007,0.6862007,0.6862007
1691652767000,0.68620077,0.68620077,0.68620077
1691652768000,0.68620077,0.68620077,0.68620077
1691652769000,0.6862,0.6862,0.6862
1691652770000,0.6862,0.6862,0.6862
1691652771000,0.6862,0.6862,0.6862
1691652772000,0.6862,0.6862,0.6862
1691652773000,0.6862,0.6862,0.6862
1691652774000,0.6862,0.6862,0.6862
1691652775000,0.6863,0.6863,0.6863
1691652776000,0.6863,0.6863,0.6863
1691652777000,0.6863,0.6863,0.6863
1691652778000,0.6863,0.6863,0.6863
1691652779000,0.6863,0.6863,0.6863
1691652780000,0.6863,0.6863,0.6863
1691652781000,0.68630851,0.68630851,0.68630851
1691652782000,0.68630863,0.68630863,0.68630863
1691652783000,0.68636268,0.68636268,0.68636268
1691652784000,0.68635921,0.68635921,0.68635921
1691652785000,0.68636018,0.68636018,0.68636018
1691652786000,0.68636014,0.68636014,0.68636014
1691652787000,0.686362,0.686362,0.686362
1691652788000,0.686362,0.686362,0.686362
1691652789000,0.686362,0.686362,0.686362
1691652790000,0.6863618,0.6863618,0.6863618
1691652791000,0.68636091,0.68636091,0.68636091
1691652792000,0.68636034,0.68636034,0.68636034
1691652793000,0.68636034,0.68636034,0.68636034
1691652794000,0.6863603,0.6863603,0.6863603
1691652795000,0.68636085,0.68636085,0.68636085
1691652796000,0.6864,0.6864,0.6864
1691652797000,0.6864,0.6864,0.6864
1691652798000,0.6864,0.6864,0.6864
1691652799000,0.6864,0.6864,0.6864
1691652800000,0.68636053,0.68636053,0.68636053
1691652801000,0.6863596,0.6863596,0.6863596
1691652802000,0.6863596,0.6863596,0.6863596
1691652803000,0.68636077,0.68636077,0.68636077
1691652804000,0.68636073,0.68636073,0.68636073
1691652805000,0.68635785,0.68635785,0.68635785
1691652806000,0.68635785,0.68635785,0.68635785
1691652807000,0.68635643,0.68635643,0.68635643
1691652808000,0.68635736,0.68635736,0.68635736
1691652809000,0.6864,0.6864,0.6864
1691652810000,0.6864,0.6864,0.6864
1691652811000,0.6864,0.6864,0.6864
1691652812000,0.6864,0.6864,0.6864
1691652813000,0.6864,0.6864,0.6864
1691652814000,0.6864,0.6864,0.6864
1691652815000,0.6864,0.6864,0.6864
1691652816000,0.6864,0.6864,0.6864
1691652817000,0.6864,0.6864,0.6864
1691652818000,0.6864,0.6864,0.6864
1691652819000,0.6864,0.6864,0.6864
1691652820000,0.6864,0.6864,0.6864
1691652821000,0.6864,0.6864,0.6864
1691652822000,0.6864,0.6864,0.6864
1691652823000,0.6864,0.6864,0.6864
1691652824000,0.6864,0.6864,0.6864
1691652825000,0.6864,0.6864,0.6864
1691652826000,0.6864,0.6864,0.6864
1691652827000,0.6864,0.6864,0.6864
1691652828000,0.6864,0.6864,0.6864
1691652829000,0.6864,0.6864,0.6864
1691652830000,0.6864,0.6864,0.6864
1691652831000,0.6864,0.6864,0.6864
1691652832000,0.68632174,0.68632174,0.68632174
1691652833000,0.68632174,0.68632174,0.68632174
1691652834000,0.68632263,0.68632263,0.68632263
1691652835000,0.68637761,0.68637761,0.68637761
1691652836000,0.68637471,0.68637471,0.68637471
1691652837000,0.68637471,0.68637471,0.68637471
1691652838000,0.68637398,0.68637398,0.68637398
1691652839000,0.68637398,0.68637398,0.68637398
1691652840000,0.68637395,0.68637395,0.68637395
1691652841000,0.68638025,0.68638025,0.68638025
1691652842000,0.68638025,0.68638025,0.68638025
1691652843000,0.68638236,0.68638236,0.68638236
1691652844000,0.68638236,0.68638236,0.68638236
1691652845000,0.68638232,0.68638232,0.68638232
1691652846000,0.6863283,0.6863283,0.6863283
1691652847000,0.68632823,0.68632823,0.68632823
1691652848000,0.68632389,0.68632389,0.68632389
1691652849000,0.6864,0.6864,0.6864
1691652850000,0.6864,0.6864,0.6864
1691652851000,0.68632393,0.68632393,0.68632393
1691652852000,0.68637795,0.68637795,0.68637795
1691652853000,0.6864,0.6864,0.6864
1691652854000,0.6864,0.6864,0.6864
1691652855000,0.6864,0.6864,0.6864
1691652856000,0.6864,0.6864,0.6864
1691652857000,0.6864,0.6864,0.6864
1691652858000,0.6864,0.6864,0.6864
1691652859000,0.6864,0.6864,0.6864
1691652860000,0.6865,0.6865,0.6865
1691652861000,0.6864,0.6864,0.6864
1691652862000,0.6864,0.6864,0.6864
1691652863000,0.6864,0.6864,0.6864
1691652864000,0.6865,0.6865,0.6865
1691652865000,0.6865,0.6865,0.6865
1691652866000,0.6865,0.6865,0.6865
1691652867000,0.6865,0.6865,0.6865
1691652868000,0.6865,0.6865,0.6865
1691652869000,0.6865,0.6865,0.6865
1691652870000,0.6864,0.6864,0.6864
1691652871000,0.6866,0.6866,0.6866
1691652872000,0.6865,0.6865,0.6865
1691652873000,0.6865,0.6865,0.6865
1691652874000,0.6865,0.6865,0.6865
1691652875000,0.6865,0.6865,0.6865
1691652876000,0.6865,0.6865,0.6865
1691652877000,0.6865,0.6865,0.6865
1691652878000,0.6865,0.6865,0.6865
1691652879000,0.6865,0.6865,0.6865
1691652880000,0.6865,0.6865,0.6865
1691652881000,0.6865,0.6865,0.6865
1691652882000,0.6865,0.6865,0.6865
1691652883000,0.6865,0.6865,0.6865
1691652884000,0.6865,0.6865,0.6865
1691652885000,0.6864,0.6864,0.6864
1691652886000,0.68644237,0.68644237,0.68644237
1691652887000,0.68644144,0.68644144,0.68644144
1691652888000,0.68644487,0.68644487,0.68644487
1691652889000,0.68644499,0.68644499,0.68644499
1691652890000,0.68644499,0.68644499,0.68644499
1691652891000,0.6865,0.6865,0.6865
1691652892000,0.68650918,0.68650918,0.68650918
1691652893000,0.68651099,0.68651099,0.68651099
1691652894000,0.6865105,0.6865105,0.6865105
1691652895000,0.6865105,0.6865105,0.6865105
1691652896000,0.6865,0.6865,0.6865
1691652897000,0.6865,0.6865,0.6865
1691652898000,0.6865,0.6865,0.6865
1691652899000,0.6865,0.6865,0.6865
1691652900000,0.6865,0.6865,0.6865
1691652901000,0.6865,0.6865,0.6865
1691652902000,0.68651082,0.68651082,0.68651082
1691652903000,0.68651082,0.68651082,0.68651082
1691652904000,0.68651204,0.68651204,0.68651204
1691652905000,0.6865,0.6865,0.6865
1691652906000,0.6865,0.6865,0.6865
1691652907000,0.6865,0.6865,0.6865
1691652908000,0.68651208,0.68651208,0.68651208
1691652909000,0.68651153,0.68651153,0.68651153
1691652910000,0.68645711,0.68645711,0.68645711
1691652911000,0.68645711,0.68645711,0.68645711
1691652912000,0.68645803,0.68645803,0.68645803
1691652913000,0.68645803,0.68645803,0.68645803
1691652914000,0.68651086,0.68651086,0.68651086
1691652915000,0.68650961,0.68650961,0.68650961
1691652916000,0.68650961,0.68650961,0.68650961
1691652917000,0.68650957,0.68650957,0.68650957
1691652918000,0.68650957,0.68650957,0.68650957
1691652919000,0.68650746,0.68650746,0.68650746
1691652920000,0.68650871,0.68650871,0.68650871
1691652921000,0.68650871,0.68650871,0.68650871
1691652922000,0.68650871,0.68650871,0.68650871
1691652923000,0.68650871,0.68650871,0.68650871
1691652924000,0.68652493,0.68652493,0.68652493
1691652925000,0.68652362,0.68652362,0.68652362
1691652926000,0.68652306,0.68652306,0.68652306
1691652927000,0.68652215,0.68652215,0.68652215
1691652928000,0.68652126,0.68652126,0.68652126
1691652929000,0.68652126,0.68652126,0.68652126
1691652930000,0.68652063,0.68652063,0.68652063
1691652931000,0.68652059,0.68652059,0.68652059
1691652932000,0.68652059,0.68652059,0.68652059
1691652933000,0.68652063,0.68652063,0.68652063
1691652934000,0.68652063,0.68652063,0.68652063
1691652935000,0.68652078,0.68652078,0.68652078
1691652936000,0.68652082,0.68652082,0.68652082
1691652937000,0.68652171,0.68652171,0.68652171
1691652938000,0.68652171,0.68652171,0.68652171
1691652939000,0.68652171,0.68652171,0.68652171
1691652940000,0.68652119,0.68652119,0.68652119
1691652941000,0.68652111,0.68652111,0.68652111
1691652942000,0.68652111,0.68652111,0.68652111
1691652943000,0.68652111,0.68652111,0.68652111
1691652944000,0.68647321,0.68647321,0.68647321
1691652945000,0.6864726,0.6864726,0.6864726
1691652946000,0.68647272,0.68647272,0.68647272
1691652947000,0.68647272,0.68647272,0.68647272
1691652948000,0.68652682,0.68652682,0.68652682
1691652949000,0.68652682,0.68652682,0.68652682
1691652950000,0.68652682,0.68652682,0.68652682
1691652951000,0.68652643,0.68652643,0.68652643
1691652952000,0.68652643,0.68652643,0.68652643
1691652953000,0.6866,0.6866,0.6866
1691652954000,0.6866,0.6866,0.6866
1691652955000,0.6866,0.6866,0.6866
1691652956000,0.6866,0.6866,0.6866
1691652957000,0.6866,0.6866,0.6866
1691652958000,0.6866,0.6866,0.6866
1691652959000,0.6866,0.6866,0.6866
1691652960000,0.6866,0.6866,0.6866
1691652961000,0.6866012,0.6866012,0.6866012
1691652962000,0.6866012,0.6866012,0.6866012
1691652963000,0.68661024,0.68661024,0.68661024
1691652964000,0.68666425,0.68666425,0.68666425
1691652965000,0.68666425,0.68666425,0.68666425
1691652966000,0.68666623,0.68666623,0.68666623
1691652967000,0.68666623,0.68666623,0.68666623
1691652968000,0.68666623,0.68666623,0.68666623
1691652969000,0.68666623,0.68666623,0.68666623
1691652970000,0.68666627,0.68666627,0.68666627
1691652971000,0.68666325,0.68666325,0.68666325
1691652972000,0.68666322,0.68666322,0.68666322
1691652973000,0.68666322,0.68666322,0.68666322
1691652974000,0.68666322,0.68666322,0.68666322
1691652975000,0.68666325,0.68666325,0.68666325
1691652976000,0.68663251,0.68663251,0.68663251
1691652977000,0.68657666,0.68657666,0.68657666
1691652978000,0.68657666,0.68657666,0.68657666
1691652979000,0.68663072,0.68663072,0.68663072
1691652980000,0.68663072,0.68663072,0.68663072
1691652981000,0.68657666,0.68657666,0.68657666
1691652982000,0.68640921,0.68640921,0.68640921
1691652983000,0.68641014,0.68641014,0.68641014
1691652984000,0.68641017,0.68641017,0.68641017
1691652985000,0.68641017,0.68641017,0.68641017
1691652986000,0.68640925,0.68640925,0.68640925
1691652987000,0.68639807,0.68639807,0.68639807
1691652988000,0.68639807,0.68639807,0.68639807
1691652989000,0.68639803,0.68639803,0.68639803
1691652990000,0.68639803,0.68639803,0.68639803
1691652991000,0.68639142,0.68639142,0.68639142
1691652992000,0.68638878,0.68638878,0.68638878
1691652993000,0.68631196,0.68631196,0.68631196
1691652994000,0.68631196,0.68631196,0.68631196
1691652995000,0.68625791,0.68625791,0.68625791
1691652996000,0.6863,0.6863,0.6863
1691652997000,0.6862537,0.6862537,0.6862537
1691652998000,0.6863,0.6863,0.6863
1691652999000,0.6863,0.6863,0.6863
1691653000000,0.68624398,0.68624398,0.68624398
1691653001000,0.68623391,0.68623391,0.68623391
1691653002000,0.68628327,0.68628327,0.68628327
1691653003000,0.68628327,0.68628327,0.68628327
1691653004000,0.68628419,0.68628419,0.68628419
1691653005000,0.68628423,0.68628423,0.68628423
1691653006000,0.68628327,0.68628327,0.68628327
1691653007000,0.68628679,0.68628679,0.68628679
1691653008000,0.68628281,0.68628281,0.68628281
1691653009000,0.68628277,0.68628277,0.68628277
1691653010000,0.68594051,0.68594051,0.68594051
1691653011000,0.68594051,0.68594051,0.68594051
1691653012000,0.68592555,0.68592555,0.68592555
1691653013000,0.68591567,0.68591567,0.68591567
1691653014000,0.68591475,0.68591475,0.68591475
1691653015000,0.68596977,0.68596977,0.68596977
1691653016000,0.68596973,0.68596973,0.68596973
1691653017000,0.68597329,0.68597329,0.68597329
1691653018000,0.68596762,0.68596762,0.68596762
1691653019000,0.68596762,0.68596762,0.68596762
1691653020000,0.68596762,0.68596762,0.68596762
1691653021000,0.68589765,0.68589765,0.68589765
1691653022000,0.68588349,0.68588349,0.68588349
1691653023000,0.6858226,0.6858226,0.6858226
1691653024000,0.68577395,0.68577395,0.68577395
1691653025000,0.6857577,0.6857577,0.6857577
1691653026000,0.68575681,0.68575681,0.68575681
1691653027000,0.68575681,0.68575681,0.68575681
1691653028000,0.68575716,0.68575716,0.68575716
1691653029000,0.68575716,0.68575716,0.68575716
1691653030000,0.68575713,0.68575713,0.68575713
1691653031000,0.68575713,0.68575713,0.68575713
1691653032000,0.68575624,0.68575624,0.68575624
1691653033000,0.68575624,0.68575624,0.68575624
1691653034000,0.68575566,0.68575566,0.68575566
1691653035000,0.6858,0.6858,0.6858
1691653036000,0.68573944,0.68573944,0.68573944
1691653037000,0.6858,0.6858,0.6858
1691653038000,0.6858,0.6858,0.6858
1691653039000,0.6858,0.6858,0.6858
1691653040000,0.68579396,0.68579396,0.68579396
1691653041000,0.68579396,0.68579396,0.68579396
1691653042000,0.68579393,0.68579393,0.68579393
1691653043000,0.68573987,0.68573987,0.68573987
1691653044000,0.68573901,0.68573901,0.68573901
1691653045000,0.68573997,0.68573997,0.68573997
1691653046000,0.68573994,0.68573994,0.68573994
1691653047000,0.68573994,0.68573994,0.68573994
1691653048000,0.68574042,0.68574042,0.68574042
1691653049000,0.68580245,0.68580245,0.68580245
1691653050000,0.68580342,0.68580342,0.68580342
1691653051000,0.68580338,0.68580338,0.68580338
1691653052000,0.68580338,0.68580338,0.68580338
1691653053000,0.68580338,0.68580338,0.68580338
1691653054000,0.68580307,0.68580307,0.68580307
1691653055000,0.68580215,0.68580215,0.68580215
1691653056000,0.68580219,0.68580219,0.68580219
1691653057000,0.68580219,0.68580219,0.68580219
1691653058000,0.68580219,0.68580219,0.68580219
1691653059000,0.68580122,0.68580122,0.68580122
1691653060000,0.68580096,0.68580096,0.68580096
1691653061000,0.68574784,0.68574784,0.68574784
1691653062000,0.68574784,0.68574784,0.68574784
1691653063000,0.68574306,0.68574306,0.68574306
1691653064000,0.68574306,0.68574306,0.68574306
1691653065000,0.68573851,0.68573851,0.68573851
1691653066000,0.6857394,0.6857394,0.6857394
1691653067000,0.6857394,0.6857394,0.6857394
1691653068000,0.6857394,0.6857394,0.6857394
1691653069000,0.68573843,0.68573843,0.68573843
1691653070000,0.68573801,0.68573801,0.68573801
1691653071000,0.68573801,0.68573801,0.68573801
1691653072000,0.68575423,0.68575423,0.68575423
1691653073000,0.68575423,0.68575423,0.68575423
1691653074000,0.68575422,0.68575422,0.68575422
1691653075000,0.68569877,0.68569877,0.68569877
1691653076000,0.68569649,0.68569649,0.68569649
1691653077000,0.68569746,0.68569746,0.68569746
1691653078000,0.68569746,0.68569746,0.68569746
1691653079000,0.6858,0.6858,0.6858
1691653080000,0.6858,0.6858,0.6858
1691653081000,0.6858,0.6858,0.6858
1691653082000,0.6858,0.6858,0.6858
1691653083000,0.6858,0.6858,0.6858
1691653084000,0.68572361,0.68572361,0.68572361
1691653085000,0.68572454,0.68572454,0.68572454
1691653086000,0.68572345,0.68572345,0.68572345
1691653087000,0.6858,0.6858,0.6858
1691653088000,0.6858,0.6858,0.6858
1691653089000,0.6858,0.6858,0.6858
1691653090000,0.6858,0.6858,0.6858
1691653091000,0.6858,0.6858,0.6858
1691653092000,0.6858,0.6858,0.6858
1691653093000,0.6858,0.6858,0.6858
1691653094000,0.6858,0.6858,0.6858
1691653095000,0.6858,0.6858,0.6858
1691653096000,0.6858,0.6858,0.6858
1691653097000,0.6858,0.6858,0.6858
1691653098000,0.6858,0.6858,0.6858
1691653099000,0.6858,0.6858,0.6858
1691653100000,0.6858,0.6858,0.6858
1691653101000,0.6859,0.6859,0.6859
1691653102000,0.6859,0.6859,0.6859
1691653103000,0.6859,0.6859,0.6859
1691653104000,0.6859,0.6859,0.6859
1691653105000,0.6859,0.6859,0.6859
1691653106000,0.6859,0.6859,0.6859
1691653107000,0.6859,0.6859,0.6859
1691653108000,0.6859,0.6859,0.6859
1691653109000,0.6859,0.6859,0.6859
1691653110000,0.6859,0.6859,0.6859
1691653111000,0.6859,0.6859,0.6859
1691653112000,0.6859,0.6859,0.6859
1691653113000,0.6859,0.6859,0.6859
1691653114000,0.6859,0.6859,0.6859
1691653115000,0.6859,0.6859,0.6859
1691653116000,0.6859,0.6859,0.6859
1691653117000,0.6859,0.6859,0.6859
1691653118000,0.6859,0.6859,0.6859
1691653119000,0.6859,0.6859,0.6859
1691653120000,0.6859,0.6859,0.6859
1691653121000,0.6859,0.6859,0.6859
1691653122000,0.6859,0.6859,0.6859
1691653123000,0.6859,0.6859,0.6859
1691653124000,0.6858,0.6858,0.6858
1691653125000,0.6858,0.6858,0.6858
1691653126000,0.6858,0.6858,0.6858
1691653127000,0.6858,0.6858,0.6858
1691653128000,0.6858,0.6858,0.6858
1691653129000,0.6858,0.6858,0.6858
1691653130000,0.6858,0.6858,0.6858
1691653131000,0.6858,0.6858,0.6858
1691653132000,0.6858,0.6858,0.6858
1691653133000,0.6858,0.6858,0.6858
1691653134000,0.6858,0.6858,0.6858
1691653135000,0.68582977,0.68582977,0.68582977
1691653136000,0.6859,0.6859,0.6859
1691653137000,0.6859,0.6859,0.6859
1691653138000,0.6859,0.6859,0.6859
1691653139000,0.6859,0.6859,0.6859
1691653140000,0.6859,0.6859,0.6859
1691653141000,0.6859,0.6859,0.6859
1691653142000,0.6859,0.6859,0.6859
1691653143000,0.6859,0.6859,0.6859
1691653144000,0.6859,0.6859,0.6859
1691653145000,0.6859,0.6859,0.6859
1691653146000,0.6859,0.6859,0.6859
1691653147000,0.6859,0.6859,0.6859
1691653148000,0.6859,0.6859,0.6859
1691653149000,0.6859,0.6859,0.6859
1691653150000,0.6859,0.6859,0.6859
1691653151000,0.68582712,0.68582712,0.68582712
1691653152000,0.68570036,0.68570036,0.68570036
1691653153000,0.68569912,0.68569912,0.68569912
1691653154000,0.68569912,0.68569912,0.68569912
1691653155000,0.68570001,0.68570001,0.68570001
1691653156000,0.68569676,0.68569676,0.68569676
1691653157000,0.6856968,0.6856968,0.6856968
1691653158000,0.68569442,0.68569442,0.68569442
1691653159000,0.68569442,0.68569442,0.68569442
1691653160000,0.68564041,0.68564041,0.68564041
1691653161000,0.6856,0.6856,0.6856
1691653162000,0.6856,0.6856,0.6856
1691653163000,0.68557992,0.68557992,0.68557992
1691653164000,0.68557989,0.68557989,0.68557989
1691653165000,0.6856,0.6856,0.6856
1691653166000,0.68557896,0.68557896,0.68557896
1691653167000,0.68557188,0.68557188,0.68557188
1691653168000,0.68557277,0.68557277,0.68557277
1691653169000,0.68556968,0.68556968,0.68556968
1691653170000,0.68557064,0.68557064,0.68557064
1691653171000,0.68556952,0.68556952,0.68556952
1691653172000,0.68556909,0.68556909,0.68556909
1691653173000,0.68556909,0.68556909,0.68556909
1691653174000,0.68561941,0.68561941,0.68561941
1691653175000,0.68561941,0.68561941,0.68561941
1691653176000,0.6856,0.6856,0.6856
1691653177000,0.68556093,0.68556093,0.68556093
1691653178000,0.6855578,0.6855578,0.6855578
1691653179000,0.68555457,0.68555457,0.68555457
1691653180000,0.68555457,0.68555457,0.68555457
1691653181000,0.68548662,0.68548662,0.68548662
1691653182000,0.68548662,0.68548662,0.68548662
1691653183000,0.68541917,0.68541917,0.68541917
1691653184000,0.68541261,0.68541261,0.68541261
1691653185000,0.68541261,0.68541261,0.68541261
1691653186000,0.68541261,0.68541261,0.68541261
1691653187000,0.68541241,0.68541241,0.68541241
1691653188000,0.68541241,0.68541241,0.68541241
1691653189000,0.6854078,0.6854078,0.6854078
1691653190000,0.68540784,0.68540784,0.68540784
1691653191000,0.68540897,0.68540897,0.68540897
1691653192000,0.68540808,0.68540808,0.68540808
1691653193000,0.6853594,0.6853594,0.6853594
1691653194000,0.6853594,0.6853594,0.6853594
1691653195000,0.68535569,0.68535569,0.68535569
1691653196000,0.68535569,0.68535569,0.68535569
1691653197000,0.68535569,0.68535569,0.68535569
1691653198000,0.68528143,0.68528143,0.68528143
1691653199000,0.68528147,0.68528147,0.68528147
1691653200000,0.68527965,0.68527965,0.68527965
1691653201000,0.68527962,0.68527962,0.68527962
1691653202000,0.68527515,0.68527515,0.68527515
1691653203000,0.68527515,0.68527515,0.68527515
1691653204000,0.68527512,0.68527512,0.68527512
1691653205000,0.68527193,0.68527193,0.68527193
1691653206000,0.68527193,0.68527193,0.68527193
1691653207000,0.68527196,0.68527196,0.68527196
1691653208000,0.68527295,0.68527295,0.68527295
1691653209000,0.68527298,0.68527298,0.68527298
1691653210000,0.68532648,0.68532648,0.68532648
1691653211000,0.68532648,0.68532648,0.68532648
1691653212000,0.68532498,0.68532498,0.68532498
1691653213000,0.68532498,0.68532498,0.68532498
1691653214000,0.68532498,0.68532498,0.68532498
1691653215000,0.68527359,0.68527359,0.68527359
1691653216000,0.68527359,0.68527359,0.68527359
1691653217000,0.68527399,0.68527399,0.68527399
1691653218000,0.68527399,0.68527399,0.68527399
1691653219000,0.68527399,0.68527399,0.68527399
1691653220000,0.68527399,0.68527399,0.68527399
1691653221000,0.6852714,0.6852714,0.6852714
1691653222000,0.68526848,0.68526848,0.68526848
1691653223000,0.68526848,0.68526848,0.68526848
1691653224000,0.68526852,0.68526852,0.68526852
1691653225000,0.68526852,0.68526852,0.68526852
1691653226000,0.68526641,0.68526641,0.68526641
1691653227000,0.68526641,0.68526641,0.68526641
1691653228000,0.68526604,0.68526604,0.68526604
1691653229000,0.68526604,0.68526604,0.68526604
1691653230000,0.6853,0.6853,0.6853
1691653231000,0.68526404,0.68526404,0.68526404
1691653232000,0.68526438,0.68526438,0.68526438
1691653233000,0.68526438,0.68526438,0.68526438
1691653234000,0.68526438,0.68526438,0.68526438
1691653235000,0.68526441,0.68526441,0.68526441
1691653236000,0.6853,0.6853,0.6853
1691653237000,0.68526499,0.68526499,0.68526499
1691653238000,0.68526446,0.68526446,0.68526446
1691653239000,0.68526353,0.68526353,0.68526353
1691653240000,0.68526353,0.68526353,0.68526353
1691653241000,0.68526293,0.68526293,0.68526293
1691653242000,0.68526293,0.68526293,0.68526293
1691653243000,0.6852639,0.6852639,0.6852639
1691653244000,0.6852639,0.6852639,0.6852639
1691653245000,0.6852639,0.6852639,0.6852639
1691653246000,0.685207,0.685207,0.685207
1691653247000,0.685207,0.685207,0.685207
1691653248000,0.68520355,0.68520355,0.68520355
1691653249000,0.68520355,0.68520355,0.68520355
1691653250000,0.68520355,0.68520355,0.68520355
1691653251000,0.68520355,0.68520355,0.68520355
1691653252000,0.68520181,0.68520181,0.68520181
1691653253000,0.6852021,0.6852021,0.6852021
1691653254000,0.6852021,0.6852021,0.6852021
1691653255000,0.6852,0.6852,0.6852
1691653256000,0.6852,0.6852,0.6852
1691653257000,0.6852,0.6852,0.6852
1691653258000,0.68516716,0.68516716,0.68516716
1691653259000,0.68516581,0.68516581,0.68516581
1691653260000,0.68516581,0.68516581,0.68516581
1691653261000,0.68516488,0.68516488,0.68516488
1691653262000,0.68516297,0.68516297,0.68516297
1691653263000,0.68516237,0.68516237,0.68516237
1691653264000,0.6851624,0.6851624,0.6851624
1691653265000,0.6851624,0.6851624,0.6851624
1691653266000,0.6852,0.6852,0.6852
1691653267000,0.6852,0.6852,0.6852
1691653268000,0.6852,0.6852,0.6852
1691653269000,0.6852,0.6852,0.6852
1691653270000,0.6852,0.6852,0.6852
1691653271000,0.6852,0.6852,0.6852
1691653272000,0.6852,0.6852,0.6852
1691653273000,0.68515746,0.68515746,0.68515746
1691653274000,0.68515446,0.68515446,0.68515446
1691653275000,0.6850424,0.6850424,0.6850424
1691653276000,0.6850424,0.6850424,0.6850424
1691653277000,0.68504029,0.68504029,0.68504029
1691653278000,0.68503749,0.68503749,0.68503749
1691653279000,0.68503749,0.68503749,0.68503749
1691653280000,0.68503133,0.68503133,0.68503133
1691653281000,0.68499386,0.68499386,0.68499386
1691653282000,0.6848317,0.6848317,0.6848317
1691653283000,0.68482882,0.68482882,0.68482882
1691653284000,0.68482488,0.68482488,0.68482488
1691653285000,0.68482488,0.68482488,0.68482488
1691653286000,0.68482214,0.68482214,0.68482214
1691653287000,0.68482306,0.68482306,0.68482306
1691653288000,0.6849,0.6849,0.6849
1691653289000,0.6849,0.6849,0.6849
1691653290000,0.6849,0.6849,0.6849
1691653291000,0.6849,0.6849,0.6849
1691653292000,0.6849,0.6849,0.6849
1691653293000,0.6849,0.6849,0.6849
1691653294000,0.685,0.685,0.685
1691653295000,0.6851,0.6851,0.6851
1691653296000,0.6851,0.6851,0.6851
1691653297000,0.6851,0.6851,0.6851
1691653298000,0.6851,0.6851,0.6851
1691653299000,0.6852,0.6852,0.6852
1691653300000,0.6853,0.6853,0.6853
1691653301000,0.6853,0.6853,0.6853
1691653302000,0.6853,0.6853,0.6853
1691653303000,0.68520296,0.68520296,0.68520296
1691653304000,0.68522416,0.68522416,0.68522416
1691653305000,0.68522416,0.68522416,0.68522416
1691653306000,0.68522416,0.68522416,0.68522416
1691653307000,0.68522416,0.68522416,0.68522416
1691653308000,0.68522416,0.68522416,0.68522416
1691653309000,0.68522681,0.68522681,0.68522681
1691653310000,0.68522681,0.68522681,0.68522681
1691653311000,0.68522677,0.68522677,0.68522677
1691653312000,0.68522681,0.68522681,0.68522681
1691653313000,0.6852,0.6852,0.6852
1691653314000,0.6852,0.6852,0.6852
1691653315000,0.6852,0.6852,0.6852
1691653316000,0.6852,0.6852,0.6852
1691653317000,0.6852,0.6852,0.6852
1691653318000,0.6852,0.6852,0.6852
1691653319000,0.6853,0.6853,0.6853
1691653320000,0.6852,0.6852,0.6852
1691653321000,0.6852,0.6852,0.6852
1691653322000,0.6852,0.6852,0.6852
1691653323000,0.6853,0.6853,0.6853
1691653324000,0.6853,0.6853,0.6853
1691653325000,0.6853,0.6853,0.6853
1691653326000,0.6852,0.6852,0.6852
1691653327000,0.6852,0.6852,0.6852
1691653328000,0.6852,0.6852,0.6852
1691653329000,0.6852,0.6852,0.6852
1691653330000,0.68522829,0.68522829,0.68522829
1691653331000,0.68522921,0.68522921,0.68522921
1691653332000,0.68522921,0.68522921,0.68522921
1691653333000,0.68522921,0.68522921,0.68522921
1691653334000,0.68522925,0.68522925,0.68522925
1691653335000,0.68522889,0.68522889,0.68522889
1691653336000,0.6853,0.6853,0.6853
1691653337000,0.68522959,0.68522959,0.68522959
1691653338000,0.6852287,0.6852287,0.6852287
1691653339000,0.6852287,0.6852287,0.6852287
1691653340000,0.68522805,0.68522805,0.68522805
1691653341000,0.68522728,0.68522728,0.68522728
1691653342000,0.6853,0.6853,0.6853
1691653343000,0.6853,0.6853,0.6853
1691653344000,0.6853,0.6853,0.6853
1691653345000,0.6853,0.6853,0.6853
1691653346000,0.6853,0.6853,0.6853
1691653347000,0.6853,0.6853,0.6853
1691653348000,0.6853,0.6853,0.6853
1691653349000,0.6853,0.6853,0.6853
1691653350000,0.6853,0.6853,0.6853
1691653351000,0.6853,0.6853,0.6853
1691653352000,0.6853,0.6853,0.6853
1691653353000,0.6853,0.6853,0.6853
1691653354000,0.6853,0.6853,0.6853
1691653355000,0.6853,0.6853,0.6853
1691653356000,0.6853,0.6853,0.6853
1691653357000,0.6853,0.6853,0.6853
1691653358000,0.6853,0.6853,0.6853
1691653359000,0.6853,0.6853,0.6853
1691653360000,0.6853,0.6853,0.6853
1691653361000,0.6853,0.6853,0.6853
1691653362000,0.6853,0.6853,0.6853
1691653363000,0.6853,0.6853,0.6853
1691653364000,0.6853,0.6853,0.6853
1691653365000,0.6853,0.6853,0.6853
1691653366000,0.6853,0.6853,0.6853
1691653367000,0.68524275,0.68524275,0.68524275
1691653368000,0.68524275,0.68524275,0.68524275
1691653369000,0.68524275,0.68524275,0.68524275
1691653370000,0.68524275,0.68524275,0.68524275
1691653371000,0.68524468,0.68524468,0.68524468
1691653372000,0.68524468,0.68524468,0.68524468
1691653373000,0.68524471,0.68524471,0.68524471
1691653374000,0.68524468,0.68524468,0.68524468
1691653375000,0.68524471,0.68524471,0.68524471
1691653376000,0.68524471,0.68524471,0.68524471
1691653377000,0.68524471,0.68524471,0.68524471
1691653378000,0.68524471,0.68524471,0.68524471
1691653379000,0.68524471,0.68524471,0.68524471
1691653380000,0.68524471,0.68524471,0.68524471
1691653381000,0.68524131,0.68524131,0.68524131
1691653382000,0.68524131,0.68524131,0.68524131
1691653383000,0.68524131,0.68524131,0.68524131
1691653384000,0.68524043,0.68524043,0.68524043
1691653385000,0.68524039,0.68524039,0.68524039
1691653386000,0.68524083,0.68524083,0.68524083
1691653387000,0.68523819,0.68523819,0.68523819
1691653388000,0.68523819,0.68523819,0.68523819
1691653389000,0.68523819,0.68523819,0.68523819
1691653390000,0.68523819,0.68523819,0.68523819
1691653391000,0.68523811,0.68523811,0.68523811
1691653392000,0.68523467,0.68523467,0.68523467
1691653393000,0.68523467,0.68523467,0.68523467
1691653394000,0.68523467,0.68523467,0.68523467
1691653395000,0.68523467,0.68523467,0.68523467
1691653396000,0.68523463,0.68523463,0.68523463
1691653397000,0.68523137,0.68523137,0.68523137
1691653398000,0.68523133,0.68523133,0.68523133
1691653399000,0.6852304,0.6852304,0.6852304
1691653400000,0.68523137,0.68523137,0.68523137
1691653401000,0.68523137,0.68523137,0.68523137
1691653402000,0.68522739,0.68522739,0.68522739
1691653403000,0.68517334,0.68517334,0.68517334
1691653404000,0.68517334,0.68517334,0.68517334
1691653405000,0.6851733,0.6851733,0.6851733
1691653406000,0.68517334,0.68517334,0.68517334
1691653407000,0.68516578,0.68516578,0.68516578
1691653408000,0.68516574,0.68516574,0.68516574
1691653409000,0.6852,0.6852,0.6852
1691653410000,0.68521979,0.68521979,0.68521979
1691653411000,0.6853,0.6853,0.6853
1691653412000,0.6853,0.6853,0.6853
1691653413000,0.6853,0.6853,0.6853
1691653414000,0.6853,0.6853,0.6853
1691653415000,0.68521946,0.68521946,0.68521946
1691653416000,0.68521942,0.68521942,0.68521942
1691653417000,0.68521929,0.68521929,0.68521929
1691653418000,0.68521572,0.68521572,0.68521572
1691653419000,0.68521572,0.68521572,0.68521572
1691653420000,0.68521575,0.68521575,0.68521575
1691653421000,0.68521575,0.68521575,0.68521575
1691653422000,0.68521681,0.68521681,0.68521681
1691653423000,0.68521512,0.68521512,0.68521512
1691653424000,0.68521512,0.68521512,0.68521512
1691653425000,0.68521512,0.68521512,0.68521512
1691653426000,0.68521508,0.68521508,0.68521508
1691653427000,0.68521576,0.68521576,0.68521576
1691653428000,0.685213,0.685213,0.685213
1691653429000,0.68521304,0.68521304,0.68521304
1691653430000,0.6853,0.6853,0.6853
1691653431000,0.68521304,0.68521304,0.68521304
1691653432000,0.68521304,0.68521304,0.68521304
1691653433000,0.6853,0.6853,0.6853
1691653434000,0.6853,0.6853,0.6853
1691653435000,0.6853,0.6853,0.6853
1691653436000,0.6853,0.6853,0.6853
1691653437000,0.6853,0.6853,0.6853
1691653438000,0.6853,0.6853,0.6853
1691653439000,0.6853,0.6853,0.6853
1691653440000,0.6853,0.6853,0.6853
1691653441000,0.6853,0.6853,0.6853
1691653442000,0.6852,0.6852,0.6852
1691653443000,0.6852,0.6852,0.6852
1691653444000,0.6852,0.6852,0.6852
1691653445000,0.6852,0.6852,0.6852
1691653446000,0.6852,0.6852,0.6852
1691653447000,0.68518378,0.68518378,0.68518378
1691653448000,0.68518378,0.68518378,0.68518378
1691653449000,0.68512717,0.68512717,0.68512717
1691653450000,0.68512717,0.68512717,0.68512717
1691653451000,0.68512717,0.68512717,0.68512717
1691653452000,0.68511902,0.68511902,0.68511902
1691653453000,0.6852,0.6852,0.6852
1691653454000,0.6852,0.6852,0.6852
1691653455000,0.6851,0.6851,0.6851
1691653456000,0.6851,0.6851,0.6851
1691653457000,0.6851,0.6851,0.6851
1691653458000,0.6852,0.6852,0.6852
1691653459000,0.6852,0.6852,0.6852
1691653460000,0.6852,0.6852,0.6852
1691653461000,0.6852,0.6852,0.6852
1691653462000,0.6852,0.6852,0.6852
1691653463000,0.6852,0.6852,0.6852
1691653464000,0.68528521,0.68528521,0.68528521
1691653465000,0.68528629,0.68528629,0.68528629
1691653466000,0.68528629,0.68528629,0.68528629
1691653467000,0.6853,0.6853,0.6853
1691653468000,0.6853,0.6853,0.6853
1691653469000,0.6853,0.6853,0.6853
1691653470000,0.6853,0.6853,0.6853
1691653471000,0.6853,0.6853,0.6853
1691653472000,0.6853,0.6853,0.6853
1691653473000,0.6853,0.6853,0.6853
1691653474000,0.6853,0.6853,0.6853
1691653475000,0.6853,0.6853,0.6853
1691653476000,0.6853,0.6853,0.6853
1691653477000,0.68528269,0.68528269,0.68528269
1691653478000,0.68528269,0.68528269,0.68528269
1691653479000,0.68528252,0.68528252,0.68528252
1691653480000,0.6852818,0.6852818,0.6852818
1691653481000,0.6853,0.6853,0.6853
1691653482000,0.6853,0.6853,0.6853
1691653483000,0.6853,0.6853,0.6853
1691653484000,0.6853,0.6853,0.6853
1691653485000,0.6853,0.6853,0.6853
1691653486000,0.6853,0.6853,0.6853
1691653487000,0.6853,0.6853,0.6853
1691653488000,0.6853,0.6853,0.6853
1691653489000,0.6853,0.6853,0.6853
1691653490000,0.6853,0.6853,0.6853
1691653491000,0.6853,0.6853,0.6853
1691653492000,0.68523769,0.68523769,0.68523769
1691653493000,0.68523769,0.68523769,0.68523769
1691653494000,0.68523769,0.68523769,0.68523769
1691653495000,0.68523689,0.68523689,0.68523689
1691653496000,0.68523864,0.68523864,0.68523864
1691653497000,0.68523861,0.68523861,0.68523861
1691653498000,0.68523861,0.68523861,0.68523861
1691653499000,0.6852394,0.6852394,0.6852394
1691653500000,0.68523944,0.68523944,0.68523944
1691653501000,0.68523836,0.68523836,0.68523836
1691653502000,0.68523836,0.68523836,0.68523836
1691653503000,0.68523916,0.68523916,0.68523916
1691653504000,0.68523965,0.68523965,0.68523965
1691653505000,0.68523965,0.68523965,0.68523965
1691653506000,0.68528406,0.68528406,0.68528406
1691653507000,0.68528406,0.68528406,0.68528406
1691653508000,0.68528406,0.68528406,0.68528406
1691653509000,0.68528406,0.68528406,0.68528406
1691653510000,0.6853,0.6853,0.6853
1691653511000,0.6853,0.6853,0.6853
1691653512000,0.6853,0.6853,0.6853
1691653513000,0.6853,0.6853,0.6853
1691653514000,0.68528513,0.68528513,0.68528513
1691653515000,0.6853,0.6853,0.6853
1691653516000,0.6853,0.6853,0.6853
1691653517000,0.6853,0.6853,0.6853
1691653518000,0.6853,0.6853,0.6853
1691653519000,0.6853,0.6853,0.6853
1691653520000,0.6853,0.6853,0.6853
1691653521000,0.6853,0.6853,0.6853
1691653522000,0.68528498,0.68528498,0.68528498
1691653523000,0.68528415,0.68528415,0.68528415
1691653524000,0.68528429,0.68528429,0.68528429
1691653525000,0.68528425,0.68528425,0.68528425
1691653526000,0.68528425,0.68528425,0.68528425
1691653527000,0.68528563,0.68528563,0.68528563
1691653528000,0.68528563,0.68528563,0.68528563
1691653529000,0.68523835,0.68523835,0.68523835
1691653530000,0.68523769,0.68523769,0.68523769
1691653531000,0.68523769,0.68523769,0.68523769
1691653532000,0.68523573,0.68523573,0.68523573
1691653533000,0.68523573,0.68523573,0.68523573
1691653534000,0.68523573,0.68523573,0.68523573
1691653535000,0.6852367,0.6852367,0.6852367
1691653536000,0.6852367,0.6852367,0.6852367
1691653537000,0.68523472,0.68523472,0.68523472
1691653538000,0.68523396,0.68523396,0.68523396
1691653539000,0.68523396,0.68523396,0.68523396
1691653540000,0.68523305,0.68523305,0.68523305
1691653541000,0.68523305,0.68523305,0.68523305
1691653542000,0.68523107,0.68523107,0.68523107
1691653543000,0.68523107,0.68523107,0.68523107
1691653544000,0.6852311,0.6852311,0.6852311
1691653545000,0.6852311,0.6852311,0.6852311
1691653546000,0.68523121,0.68523121,0.68523121
1691653547000,0.68523121,0.68523121,0.68523121
1691653548000,0.68523096,0.68523096,0.68523096
1691653549000,0.68523093,0.68523093,0.68523093
1691653550000,0.68523093,0.68523093,0.68523093
1691653551000,0.6852303,0.6852303,0.6852303
1691653552000,0.68523034,0.68523034,0.68523034
1691653553000,0.68523078,0.68523078,0.68523078
1691653554000,0.68523075,0.68523075,0.68523075
1691653555000,0.68523068,0.68523068,0.68523068
1691653556000,0.68523064,0.68523064,0.68523064
1691653557000,0.68523181,0.68523181,0.68523181
1691653558000,0.68523007,0.68523007,0.68523007
1691653559000,0.68523007,0.68523007,0.68523007
1691653560000,0.68523069,0.68523069,0.68523069
1691653561000,0.6852,0.6852,0.6852
1691653562000,0.68518338,0.68518338,0.68518338
1691653563000,0.6852,0.6852,0.6852
1691653564000,0.6852,0.6852,0.6852
1691653565000,0.6852,0.6852,0.6852
1691653566000,0.6852,0.6852,0.6852
1691653567000,0.6852,0.6852,0.6852
1691653568000,0.6852,0.6852,0.6852
1691653569000,0.6852,0.6852,0.6852
1691653570000,0.6852,0.6852,0.6852
1691653571000,0.6852,0.6852,0.6852
1691653572000,0.6852,0.6852,0.6852
1691653573000,0.6852,0.6852,0.6852
1691653574000,0.6852,0.6852,0.6852
1691653575000,0.6852,0.6852,0.6852
1691653576000,0.6852,0.6852,0.6852
1691653577000,0.68518085,0.68518085,0.68518085
1691653578000,0.68518002,0.68518002,0.68518002
1691653579000,0.685182,0.685182,0.685182
1691653580000,0.68518203,0.68518203,0.68518203
1691653581000,0.68518203,0.68518203,0.68518203
1691653582000,0.68518182,0.68518182,0.68518182
1691653583000,0.68518262,0.68518262,0.68518262
1691653584000,0.68518417,0.68518417,0.68518417
1691653585000,0.6852,0.6852,0.6852
1691653586000,0.6853,0.6853,0.6853
1691653587000,0.6853,0.6853,0.6853
1691653588000,0.6853,0.6853,0.6853
1691653589000,0.6853,0.6853,0.6853
1691653590000,0.6853,0.6853,0.6853
1691653591000,0.6853,0.6853,0.6853
1691653592000,0.6853,0.6853,0.6853
1691653593000,0.6853,0.6853,0.6853
1691653594000,0.68523044,0.68523044,0.68523044
1691653595000,0.68523041,0.68523041,0.68523041
1691653596000,0.68523073,0.68523073,0.68523073
1691653597000,0.68522993,0.68522993,0.68522993
1691653598000,0.68522993,0.68522993,0.68522993
1691653599000,0.68527496,0.68527496,0.68527496
1691653600000,0.68522845,0.68522845,0.68522845
1691653601000,0.68521849,0.68521849,0.68521849
1691653602000,0.68521769,0.68521769,0.68521769
1691653603000,0.6853,0.6853,0.6853
1691653604000,0.6853,0.6853,0.6853
1691653605000,0.6853,0.6853,0.6853
1691653606000,0.6853,0.6853,0.6853
1691653607000,0.6853,0.6853,0.6853
1691653608000,0.6853,0.6853,0.6853
1691653609000,0.6853,0.6853,0.6853
1691653610000,0.6853,0.6853,0.6853
1691653611000,0.6853,0.6853,0.6853
1691653612000,0.6853,0.6853,0.6853
1691653613000,0.6853,0.6853,0.6853
1691653614000,0.68520919,0.68520919,0.68520919
1691653615000,0.68521085,0.68521085,0.68521085
1691653616000,0.68521085,0.68521085,0.68521085
1691653617000,0.6854,0.6854,0.6854
1691653618000,0.6854,0.6854,0.6854
1691653619000,0.6854,0.6854,0.6854
1691653620000,0.6854,0.6854,0.6854
1691653621000,0.6854,0.6854,0.6854
1691653622000,0.6854,0.6854,0.6854
1691653623000,0.6854,0.6854,0.6854
1691653624000,0.6854,0.6854,0.6854
1691653625000,0.6854,0.6854,0.6854
1691653626000,0.6854,0.6854,0.6854
1691653627000,0.6854,0.6854,0.6854
1691653628000,0.6854,0.6854,0.6854
1691653629000,0.6853,0.6853,0.6853
1691653630000,0.68529877,0.68529877,0.68529877
1691653631000,0.6852834,0.6852834,0.6852834
1691653632000,0.68528155,0.68528155,0.68528155
1691653633000,0.68528155,0.68528155,0.68528155
1691653634000,0.68523501,0.68523501,0.68523501
1691653635000,0.68523584,0.68523584,0.68523584
1691653636000,0.68523217,0.68523217,0.68523217
1691653637000,0.68523217,0.68523217,0.68523217
1691653638000,0.68522381,0.68522381,0.68522381
1691653639000,0.68522381,0.68522381,0.68522381
1691653640000,0.68522381,0.68522381,0.68522381
1691653641000,0.68517634,0.68517634,0.68517634
1691653642000,0.68517634,0.68517634,0.68517634
1691653643000,0.68512826,0.68512826,0.68512826
1691653644000,0.68512906,0.68512906,0.68512906
1691653645000,0.68512906,0.68512906,0.68512906
1691653646000,0.6851249,0.6851249,0.6851249
1691653647000,0.68512414,0.68512414,0.68512414
1691653648000,0.68515587,0.68515587,0.68515587
1691653649000,0.68515587,0.68515587,0.68515587
1691653650000,0.6851645,0.6851645,0.6851645
1691653651000,0.68516177,0.68516177,0.68516177
1691653652000,0.68516177,0.68516177,0.68516177
1691653653000,0.6851617,0.6851617,0.6851617
1691653654000,0.6851617,0.6851617,0.6851617
1691653655000,0.68516091,0.68516091,0.68516091
1691653656000,0.6851617,0.6851617,0.6851617
1691653657000,0.68515861,0.68515861,0.68515861
1691653658000,0.68515673,0.68515673,0.68515673
1691653659000,0.68515669,0.68515669,0.68515669
1691653660000,0.68515593,0.68515593,0.68515593
1691653661000,0.6851559,0.6851559,0.6851559
1691653662000,0.68515298,0.68515298,0.68515298
1691653663000,0.68515339,0.68515339,0.68515339
1691653664000,0.68515339,0.68515339,0.68515339
1691653665000,0.68515422,0.68515422,0.68515422
1691653666000,0.68515419,0.68515419,0.68515419
1691653667000,0.68515126,0.68515126,0.68515126
1691653668000,0.68515042,0.68515042,0.68515042
1691653669000,0.68506903,0.68506903,0.68506903
1691653670000,0.68501823,0.68501823,0.68501823
1691653671000,0.68501942,0.68501942,0.68501942
1691653672000,0.68501701,0.68501701,0.68501701
1691653673000,0.68501289,0.68501289,0.68501289
1691653674000,0.68501286,0.68501286,0.68501286
1691653675000,0.68501286,0.68501286,0.68501286
1691653676000,0.68501286,0.68501286,0.68501286
1691653677000,0.68500888,0.68500888,0.68500888
1691653678000,0.68500846,0.68500846,0.68500846
1691653679000,0.68496272,0.68496272,0.68496272
1691653680000,0.68496272,0.68496272,0.68496272
1691653681000,0.68496272,0.68496272,0.68496272
1691653682000,0.68500768,0.68500768,0.68500768
1691653683000,0.68500747,0.68500747,0.68500747
1691653684000,0.68500747,0.68500747,0.68500747
1691653685000,0.68500747,0.68500747,0.68500747
1691653686000,0.68497956,0.68497956,0.68497956
1691653687000,0.68497953,0.68497953,0.68497953
1691653688000,0.6849779,0.6849779,0.6849779
1691653689000,0.6849779,0.6849779,0.6849779
1691653690000,0.68497793,0.68497793,0.68497793
1691653691000,0.68497793,0.68497793,0.68497793
1691653692000,0.68497793,0.68497793,0.68497793
1691653693000,0.68497603,0.68497603,0.68497603
1691653694000,0.68497377,0.68497377,0.68497377
1691653695000,0.68492493,0.68492493,0.68492493
1691653696000,0.68492493,0.68492493,0.68492493
1691653697000,0.68492493,0.68492493,0.68492493
1691653698000,0.68492224,0.68492224,0.68492224
1691653699000,0.68492157,0.68492157,0.68492157
1691653700000,0.68492157,0.68492157,0.68492157
1691653701000,0.68492081,0.68492081,0.68492081
1691653702000,0.68492081,0.68492081,0.68492081
1691653703000,0.68491894,0.68491894,0.68491894
1691653704000,0.68487218,0.68487218,0.68487218
1691653705000,0.6849187,0.6849187,0.6849187
1691653706000,0.6849187,0.6849187,0.6849187
1691653707000,0.68492246,0.68492246,0.68492246
1691653708000,0.68492061,0.68492061,0.68492061
1691653709000,0.68492047,0.68492047,0.68492047
1691653710000,0.68491964,0.68491964,0.68491964
1691653711000,0.68491964,0.68491964,0.68491964
1691653712000,0.68491967,0.68491967,0.68491967
1691653713000,0.68491967,0.68491967,0.68491967
1691653714000,0.68486759,0.68486759,0.68486759
1691653715000,0.68486763,0.68486763,0.68486763
1691653716000,0.68491701,0.68491701,0.68491701
1691653717000,0.68491701,0.68491701,0.68491701
1691653718000,0.68491698,0.68491698,0.68491698
1691653719000,0.68489406,0.68489406,0.68489406
1691653720000,0.68489409,0.68489409,0.68489409
1691653721000,0.68489409,0.68489409,0.68489409
1691653722000,0.68489406,0.68489406,0.68489406
1691653723000,0.68489489,0.68489489,0.68489489
1691653724000,0.68489165,0.68489165,0.68489165
1691653725000,0.68489165,0.68489165,0.68489165
1691653726000,0.68489165,0.68489165,0.68489165
1691653727000,0.68489168,0.68489168,0.68489168
1691653728000,0.68493816,0.68493816,0.68493816
1691653729000,0.68493573,0.68493573,0.68493573
1691653730000,0.68493642,0.68493642,0.68493642
1691653731000,0.68493562,0.68493562,0.68493562
1691653732000,0.68493559,0.68493559,0.68493559
1691653733000,0.68493559,0.68493559,0.68493559
1691653734000,0.68493198,0.68493198,0.68493198
1691653735000,0.68493195,0.68493195,0.68493195
1691653736000,0.68493198,0.68493198,0.68493198
1691653737000,0.68493278,0.68493278,0.68493278
1691653738000,0.68493275,0.68493275,0.68493275
1691653739000,0.68493278,0.68493278,0.68493278
1691653740000,0.6848829,0.6848829,0.6848829
1691653741000,0.6848829,0.6848829,0.6848829
1691653742000,0.6848837,0.6848837,0.6848837
1691653743000,0.6848837,0.6848837,0.6848837
1691653744000,0.6848837,0.6848837,0.6848837
1691653745000,0.68487854,0.68487854,0.68487854
1691653746000,0.68492585,0.68492585,0.68492585
1691653747000,0.68492585,0.68492585,0.68492585
1691653748000,0.68492582,0.68492582,0.68492582
1691653749000,0.68492582,0.68492582,0.68492582
1691653750000,0.68492538,0.68492538,0.68492538
1691653751000,0.68492535,0.68492535,0.68492535
1691653752000,0.68492459,0.68492459,0.68492459
1691653753000,0.68492459,0.68492459,0.68492459
1691653754000,0.68492538,0.68492538,0.68492538
1691653755000,0.68492416,0.68492416,0.68492416
1691653756000,0.68492309,0.68492309,0.68492309
1691653757000,0.68492388,0.68492388,0.68492388
1691653758000,0.68492312,0.68492312,0.68492312
1691653759000,0.68492312,0.68492312,0.68492312
1691653760000,0.68482254,0.68482254,0.68482254
1691653761000,0.68482254,0.68482254,0.68482254
1691653762000,0.68482346,0.68482346,0.68482346
1691653763000,0.68482346,0.68482346,0.68482346
1691653764000,0.6848,0.6848,0.6848
1691653765000,0.6849,0.6849,0.6849
1691653766000,0.6849,0.6849,0.6849
1691653767000,0.6849,0.6849,0.6849
1691653768000,0.6849,0.6849,0.6849
1691653769000,0.6848,0.6848,0.6848
1691653770000,0.6848,0.6848,0.6848
1691653771000,0.68482063,0.68482063,0.68482063
1691653772000,0.68482066,0.68482066,0.68482066
1691653773000,0.68482066,0.68482066,0.68482066
1691653774000,0.68482063,0.68482063,0.68482063
1691653775000,0.68482014,0.68482014,0.68482014
1691653776000,0.6849,0.6849,0.6849
1691653777000,0.6849,0.6849,0.6849
1691653778000,0.6849,0.6849,0.6849
1691653779000,0.6849,0.6849,0.6849
1691653780000,0.6849,0.6849,0.6849
1691653781000,0.6849,0.6849,0.6849
1691653782000,0.68483635,0.68483635,0.68483635
1691653783000,0.68483635,0.68483635,0.68483635
1691653784000,0.6848,0.6848,0.6848
1691653785000,0.6848,0.6848,0.6848
1691653786000,0.68478241,0.68478241,0.68478241
1691653787000,0.68478243,0.68478243,0.68478243
1691653788000,0.68478243,0.68478243,0.68478243
1691653789000,0.68478247,0.68478247,0.68478247
1691653790000,0.68478336,0.68478336,0.68478336
1691653791000,0.68478205,0.68478205,0.68478205
1691653792000,0.6848,0.6848,0.6848
1691653793000,0.6848,0.6848,0.6848
1691653794000,0.6848,0.6848,0.6848
1691653795000,0.68478116,0.68478116,0.68478116
1691653796000,0.68478116,0.68478116,0.68478116
1691653797000,0.68478025,0.68478025,0.68478025
1691653798000,0.68478121,0.68478121,0.68478121
1691653799000,0.68478121,0.68478121,0.68478121
1691653800000,0.68478121,0.68478121,0.68478121
1691653801000,0.6847798,0.6847798,0.6847798
1691653802000,0.68477933,0.68477933,0.68477933
1691653803000,0.68477937,0.68477937,0.68477937
1691653804000,0.6847803,0.6847803,0.6847803
1691653805000,0.68478026,0.68478026,0.68478026
1691653806000,0.68478066,0.68478066,0.68478066
1691653807000,0.68477863,0.68477863,0.68477863
1691653808000,0.6848,0.6848,0.6848
1691653809000,0.6848,0.6848,0.6848
1691653810000,0.6848,0.6848,0.6848
1691653811000,0.6848,0.6848,0.6848
1691653812000,0.6848,0.6848,0.6848
1691653813000,0.6848,0.6848,0.6848
1691653814000,0.6848,0.6848,0.6848
1691653815000,0.6848,0.6848,0.6848
1691653816000,0.6848,0.6848,0.6848
1691653817000,0.6848,0.6848,0.6848
1691653818000,0.6848,0.6848,0.6848
1691653819000,0.6848,0.6848,0.6848
1691653820000,0.6848,0.6848,0.6848
1691653821000,0.6848,0.6848,0.6848
1691653822000,0.6848,0.6848,0.6848
1691653823000,0.6848,0.6848,0.6848
1691653824000,0.6848,0.6848,0.6848
1691653825000,0.68477303,0.68477303,0.68477303
1691653826000,0.6848,0.6848,0.6848
1691653827000,0.6848,0.6848,0.6848
1691653828000,0.68475523,0.68475523,0.68475523
1691653829000,0.68475431,0.68475431,0.68475431
1691653830000,0.68475431,0.68475431,0.68475431
1691653831000,0.68475523,0.68475523,0.68475523
1691653832000,0.68475431,0.68475431,0.68475431
1691653833000,0.6849,0.6849,0.6849
1691653834000,0.6848,0.6848,0.6848
1691653835000,0.6848,0.6848,0.6848
1691653836000,0.685,0.685,0.685
1691653837000,0.685,0.685,0.685
1691653838000,0.6851,0.6851,0.6851
1691653839000,0.6851,0.6851,0.6851
1691653840000,0.6851,0.6851,0.6851
1691653841000,0.6851,0.6851,0.6851
1691653842000,0.6851,0.6851,0.6851
1691653843000,0.6851,0.6851,0.6851
1691653844000,0.6852,0.6852,0.6852
1691653845000,0.6852,0.6852,0.6852
1691653846000,0.6852,0.6852,0.6852
1691653847000,0.6851,0.6851,0.6851
1691653848000,0.6851,0.6851,0.6851
1691653849000,0.6851,0.6851,0.6851
1691653850000,0.6852,0.6852,0.6852
1691653851000,0.6852,0.6852,0.6852
1691653852000,0.6852,0.6852,0.6852
1691653853000,0.6851,0.6851,0.6851
1691653854000,0.6851,0.6851,0.6851
1691653855000,0.6851,0.6851,0.6851
1691653856000,0.685,0.685,0.685
1691653857000,0.685,0.685,0.685
1691653858000,0.685,0.685,0.685
1691653859000,0.685,0.685,0.685
1691653860000,0.685,0.685,0.685
1691653861000,0.685,0.685,0.685
1691653862000,0.685,0.685,0.685
1691653863000,0.685,0.685,0.685
1691653864000,0.6852,0.6852,0.6852
1691653865000,0.6852,0.6852,0.6852
1691653866000,0.6852,0.6852,0.6852
1691653867000,0.6852,0.6852,0.6852
1691653868000,0.6852,0.6852,0.6852
1691653869000,0.6852,0.6852,0.6852
1691653870000,0.6852,0.6852,0.6852
1691653871000,0.6852,0.6852,0.6852
1691653872000,0.6852,0.6852,0.6852
1691653873000,0.6852,0.6852,0.6852
1691653874000,0.6852,0.6852,0.6852
1691653875000,0.6852,0.6852,0.6852
1691653876000,0.6851,0.6851,0.6851
1691653877000,0.6851,0.6851,0.6851
1691653878000,0.6851,0.6851,0.6851
1691653879000,0.6851,0.6851,0.6851
1691653880000,0.6851,0.6851,0.6851
1691653881000,0.6851,0.6851,0.6851
1691653882000,0.6851,0.6851,0.6851
1691653883000,0.6851,0.6851,0.6851
1691653884000,0.6851,0.6851,0.6851
1691653885000,0.6851,0.6851,0.6851
1691653886000,0.6851,0.6851,0.6851
1691653887000,0.685,0.685,0.685
1691653888000,0.685,0.685,0.685
1691653889000,0.685,0.685,0.685
1691653890000,0.685,0.685,0.685
1691653891000,0.685,0.685,0.685
1691653892000,0.685,0.685,0.685
1691653893000,0.685,0.685,0.685
1691653894000,0.685,0.685,0.685
1691653895000,0.685,0.685,0.685
1691653896000,0.685,0.685,0.685
1691653897000,0.685,0.685,0.685
1691653898000,0.685,0.685,0.685
1691653899000,0.68501163,0.68501163,0.68501163
1691653900000,0.68501124,0.68501124,0.68501124
1691653901000,0.68501124,0.68501124,0.68501124
1691653902000,0.68501217,0.68501217,0.68501217
1691653903000,0.68501217,0.68501217,0.68501217
1691653904000,0.68501113,0.68501113,0.68501113
1691653905000,0.68501116,0.68501116,0.68501116
1691653906000,0.6852,0.6852,0.6852
1691653907000,0.6851,0.6851,0.6851
1691653908000,0.6851,0.6851,0.6851
1691653909000,0.6851,0.6851,0.6851
1691653910000,0.6851,0.6851,0.6851
1691653911000,0.6851,0.6851,0.6851
1691653912000,0.6851,0.6851,0.6851
1691653913000,0.6851,0.6851,0.6851
1691653914000,0.6852,0.6852,0.6852
1691653915000,0.6852,0.6852,0.6852
1691653916000,0.6853,0.6853,0.6853
1691653917000,0.6853,0.6853,0.6853
1691653918000,0.6853,0.6853,0.6853
1691653919000,0.6853,0.6853,0.6853
1691653920000,0.6853,0.6853,0.6853
1691653921000,0.6853,0.6853,0.6853
1691653922000,0.6853,0.6853,0.6853
1691653923000,0.6853,0.6853,0.6853
1691653924000,0.6852,0.6852,0.6852
1691653925000,0.6852,0.6852,0.6852
1691653926000,0.6853,0.6853,0.6853
1691653927000,0.6853,0.6853,0.6853
1691653928000,0.6853,0.6853,0.6853
1691653929000,0.6853,0.6853,0.6853
1691653930000,0.6853,0.6853,0.6853
1691653931000,0.6853,0.6853,0.6853
1691653932000,0.6853,0.6853,0.6853
1691653933000,0.6852,0.6852,0.6852
1691653934000,0.6853,0.6853,0.6853
1691653935000,0.6853,0.6853,0.6853
1691653936000,0.6853,0.6853,0.6853
1691653937000,0.6852,0.6852,0.6852
1691653938000,0.6852,0.6852,0.6852
1691653939000,0.6852,0.6852,0.6852
1691653940000,0.6853,0.6853,0.6853
1691653941000,0.6853,0.6853,0.6853
1691653942000,0.6853,0.6853,0.6853
1691653943000,0.6853,0.6853,0.6853
1691653944000,0.6853,0.6853,0.6853
1691653945000,0.6853,0.6853,0.6853
1691653946000,0.6853,0.6853,0.6853
1691653947000,0.6853,0.6853,0.6853
1691653948000,0.6853,0.6853,0.6853
1691653949000,0.6853,0.6853,0.6853
1691653950000,0.6853,0.6853,0.6853
1691653951000,0.6853,0.6853,0.6853
1691653952000,0.6853,0.6853,0.6853
1691653953000,0.6853,0.6853,0.6853
1691653954000,0.6853,0.6853,0.6853
1691653955000,0.6853,0.6853,0.6853
1691653956000,0.6853,0.6853,0.6853
1691653957000,0.6853,0.6853,0.6853
1691653958000,0.6853,0.6853,0.6853
1691653959000,0.6853,0.6853,0.6853
1691653960000,0.6853,0.6853,0.6853
1691653961000,0.6853,0.6853,0.6853
1691653962000,0.6853,0.6853,0.6853
1691653963000,0.6852,0.6852,0.6852
1691653964000,0.6852,0.6852,0.6852
1691653965000,0.6852,0.6852,0.6852
1691653966000,0.6852,0.6852,0.6852
1691653967000,0.6852,0.6852,0.6852
1691653968000,0.6852,0.6852,0.6852
1691653969000,0.6852,0.6852,0.6852
1691653970000,0.6852,0.6852,0.6852
1691653971000,0.68519703,0.68519703,0.68519703
1691653972000,0.68514297,0.68514297,0.68514297
1691653973000,0.68514321,0.68514321,0.68514321
1691653974000,0.68508915,0.68508915,0.68508915
1691653975000,0.68502926,0.68502926,0.68502926
1691653976000,0.68503019,0.68503019,0.68503019
1691653977000,0.68502926,0.68502926,0.68502926
1691653978000,0.68499908,0.68499908,0.68499908
1691653979000,0.68499908,0.68499908,0.68499908
1691653980000,0.6849981,0.6849981,0.6849981
1691653981000,0.6849981,0.6849981,0.6849981
1691653982000,0.6849981,0.6849981,0.6849981
1691653983000,0.68499827,0.68499827,0.68499827
1691653984000,0.6849992,0.6849992,0.6849992
1691653985000,0.6849992,0.6849992,0.6849992
1691653986000,0.68499766,0.68499766,0.68499766
1691653987000,0.68499766,0.68499766,0.68499766
1691653988000,0.68499908,0.68499908,0.68499908
1691653989000,0.68499905,0.68499905,0.68499905
1691653990000,0.68499905,0.68499905,0.68499905
1691653991000,0.68494467,0.68494467,0.68494467
1691653992000,0.68494467,0.68494467,0.68494467
1691653993000,0.68499876,0.68499876,0.68499876
1691653994000,0.68500019,0.68500019,0.68500019
1691653995000,0.68500015,0.68500015,0.68500015
1691653996000,0.68499966,0.68499966,0.68499966
1691653997000,0.68499966,0.68499966,0.68499966
1691653998000,0.68499966,0.68499966,0.68499966
1691653999000,0.68500195,0.68500195,0.68500195
1691654000000,0.68500288,0.68500288,0.68500288
1691654001000,0.68500288,0.68500288,0.68500288
1691654002000,0.68500162,0.68500162,0.68500162
1691654003000,0.68500162,0.68500162,0.68500162
1691654004000,0.68500291,0.68500291,0.68500291
1691654005000,0.68500295,0.68500295,0.68500295
1691654006000,0.68500295,0.68500295,0.68500295
1691654007000,0.68500295,0.68500295,0.68500295
1691654008000,0.68500295,0.68500295,0.68500295
1691654009000,0.685,0.685,0.685
1691654010000,0.685,0.685,0.685
1691654011000,0.685,0.685,0.685
1691654012000,0.685,0.685,0.685
1691654013000,0.685,0.685,0.685
1691654014000,0.68495393,0.68495393,0.68495393
1691654015000,0.68493501,0.68493501,0.68493501
1691654016000,0.68481221,0.68481221,0.68481221
1691654017000,0.6848131,0.6848131,0.6848131
1691654018000,0.6848131,0.6848131,0.6848131
1691654019000,0.6848131,0.6848131,0.6848131
1691654020000,0.68480992,0.68480992,0.68480992
1691654021000,0.68480978,0.68480978,0.68480978
1691654022000,0.68480978,0.68480978,0.68480978
1691654023000,0.6847026,0.6847026,0.6847026
1691654024000,0.68463681,0.68463681,0.68463681
1691654025000,0.68463531,0.68463531,0.68463531
1691654026000,0.684628,0.684628,0.684628
1691654027000,0.684628,0.684628,0.684628
1691654028000,0.68462431,0.68462431,0.68462431
1691654029000,0.68462431,0.68462431,0.68462431
1691654030000,0.68462413,0.68462413,0.68462413
1691654031000,0.68461424,0.68461424,0.68461424
1691654032000,0.6847,0.6847,0.6847
1691654033000,0.68461226,0.68461226,0.68461226
1691654034000,0.68461226,0.68461226,0.68461226
1691654035000,0.68461407,0.68461407,0.68461407
1691654036000,0.68461411,0.68461411,0.68461411
1691654037000,0.6847,0.6847,0.6847
1691654038000,0.6847,0.6847,0.6847
1691654039000,0.6847,0.6847,0.6847
1691654040000,0.6847,0.6847,0.6847
1691654041000,0.6847,0.6847,0.6847
1691654042000,0.6847,0.6847,0.6847
1691654043000,0.6847,0.6847,0.6847
1691654044000,0.6847,0.6847,0.6847
1691654045000,0.6847,0.6847,0.6847
1691654046000,0.6847,0.6847,0.6847
1691654047000,0.6847,0.6847,0.6847
1691654048000,0.6847,0.6847,0.6847
1691654049000,0.6848,0.6848,0.6848
1691654050000,0.6848,0.6848,0.6848
1691654051000,0.6848,0.6848,0.6848
1691654052000,0.6848,0.6848,0.6848
1691654053000,0.6847,0.6847,0.6847
1691654054000,0.6847,0.6847,0.6847
1691654055000,0.6847,0.6847,0.6847
1691654056000,0.6848,0.6848,0.6848
1691654057000,0.6849,0.6849,0.6849
1691654058000,0.6849,0.6849,0.6849
1691654059000,0.6849,0.6849,0.6849
1691654060000,0.6849,0.6849,0.6849
1691654061000,0.6849,0.6849,0.6849
1691654062000,0.6849,0.6849,0.6849
1691654063000,0.6849,0.6849,0.6849
1691654064000,0.6849,0.6849,0.6849
1691654065000,0.6849,0.6849,0.6849
1691654066000,0.6849,0.6849,0.6849
1691654067000,0.6849,0.6849,0.6849
1691654068000,0.6849,0.6849,0.6849
1691654069000,0.6849,0.6849,0.6849
1691654070000,0.6849,0.6849,0.6849
1691654071000,0.6849,0.6849,0.6849
1691654072000,0.6849,0.6849,0.6849
1691654073000,0.6849,0.6849,0.6849
1691654074000,0.6849,0.6849,0.6849
1691654075000,0.6849,0.6849,0.6849
1691654076000,0.6849,0.6849,0.6849
1691654077000,0.6849,0.6849,0.6849
1691654078000,0.6849,0.6849,0.6849
1691654079000,0.6849,0.6849,0.6849
1691654080000,0.6849,0.6849,0.6849
1691654081000,0.6849,0.6849,0.6849
1691654082000,0.6849,0.6849,0.6849
1691654083000,0.6849,0.6849,0.6849
1691654084000,0.6849,0.6849,0.6849
1691654085000,0.6848,0.6848,0.6848
1691654086000,0.6848,0.6848,0.6848
1691654087000,0.6848,0.6848,0.6848
1691654088000,0.6848,0.6848,0.6848
1691654089000,0.6848,0.6848,0.6848
1691654090000,0.6848,0.6848,0.6848
1691654091000,0.6848,0.6848,0.6848
1691654092000,0.6848,0.6848,0.6848
1691654093000,0.6848,0.6848,0.6848
1691654094000,0.6848,0.6848,0.6848
1691654095000,0.6848,0.6848,0.6848
1691654096000,0.6848,0.6848,0.6848
1691654097000,0.6848,0.6848,0.6848
1691654098000,0.6848,0.6848,0.6848
1691654099000,0.6848,0.6848,0.6848
1691654100000,0.6848,0.6848,0.6848
1691654101000,0.6848,0.6848,0.6848
1691654102000,0.6848,0.6848,0.6848
1691654103000,0.6848,0.6848,0.6848
1691654104000,0.6848,0.6848,0.6848
1691654105000,0.6848,0.6848,0.6848
1691654106000,0.6848,0.6848,0.6848
1691654107000,0.6848,0.6848,0.6848
1691654108000,0.6848,0.6848,0.6848
1691654109000,0.6848,0.6848,0.6848
1691654110000,0.6848,0.6848,0.6848
1691654111000,0.6848,0.6848,0.6848
1691654112000,0.6848,0.6848,0.6848
1691654113000,0.6848,0.6848,0.6848
1691654114000,0.68471834,0.68471834,0.68471834
1691654115000,0.68471742,0.68471742,0.68471742
1691654116000,0.6847183,0.6847183,0.6847183
1691654117000,0.6847183,0.6847183,0.6847183
1691654118000,0.68472109,0.68472109,0.68472109
1691654119000,0.68472133,0.68472133,0.68472133
1691654120000,0.68472129,0.68472129,0.68472129
1691654121000,0.6847,0.6847,0.6847
1691654122000,0.6847,0.6847,0.6847
1691654123000,0.6847,0.6847,0.6847
1691654124000,0.6847,0.6847,0.6847
1691654125000,0.68472432,0.68472432,0.68472432
1691654126000,0.68472428,0.68472428,0.68472428
1691654127000,0.68472428,0.68472428,0.68472428
1691654128000,0.68472707,0.68472707,0.68472707
1691654129000,0.68472634,0.68472634,0.68472634
1691654130000,0.68472634,0.68472634,0.68472634
1691654131000,0.68472631,0.68472631,0.68472631
1691654132000,0.6847,0.6847,0.6847
1691654133000,0.6847,0.6847,0.6847
1691654134000,0.6847,0.6847,0.6847
1691654135000,0.6847,0.6847,0.6847
1691654136000,0.6847,0.6847,0.6847
1691654137000,0.68459863,0.68459863,0.68459863
1691654138000,0.68458829,0.68458829,0.68458829
1691654139000,0.68458728,0.68458728,0.68458728
1691654140000,0.6845882,0.6845882,0.6845882
1691654141000,0.6845882,0.6845882,0.6845882
1691654142000,0.68458724,0.68458724,0.68458724
1691654143000,0.68458061,0.68458061,0.68458061
1691654144000,0.68457246,0.68457246,0.68457246
1691654145000,0.6845725,0.6845725,0.6845725
1691654146000,0.68457246,0.68457246,0.68457246
1691654147000,0.68457339,0.68457339,0.68457339
1691654148000,0.68457339,0.68457339,0.68457339
1691654149000,0.68456955,0.68456955,0.68456955
1691654150000,0.6845691,0.6845691,0.6845691
1691654151000,0.6845691,0.6845691,0.6845691
1691654152000,0.6845691,0.6845691,0.6845691
1691654153000,0.6845691,0.6845691,0.6845691
1691654154000,0.68451211,0.68451211,0.68451211
1691654155000,0.68456709,0.68456709,0.68456709
1691654156000,0.68456709,0.68456709,0.68456709
1691654157000,0.68456709,0.68456709,0.68456709
1691654158000,0.68456709,0.68456709,0.68456709
1691654159000,0.68456494,0.68456494,0.68456494
1691654160000,0.68456449,0.68456449,0.68456449
1691654161000,0.68456449,0.68456449,0.68456449
1691654162000,0.68456449,0.68456449,0.68456449
1691654163000,0.68456449,0.68456449,0.68456449
1691654164000,0.68461855,0.68461855,0.68461855
1691654165000,0.6846164,0.6846164,0.6846164
1691654166000,0.68456166,0.68456166,0.68456166
1691654167000,0.68456162,0.68456162,0.68456162
1691654168000,0.68456166,0.68456166,0.68456166
1691654169000,0.68456166,0.68456166,0.68456166
1691654170000,0.68456095,0.68456095,0.68456095
1691654171000,0.68456095,0.68456095,0.68456095
1691654172000,0.68461408,0.68461408,0.68461408
1691654173000,0.68461408,0.68461408,0.68461408
1691654174000,0.68461411,0.68461411,0.68461411
1691654175000,0.68461211,0.68461211,0.68461211
1691654176000,0.68461271,0.68461271,0.68461271
1691654177000,0.68461271,0.68461271,0.68461271
1691654178000,0.68461179,0.68461179,0.68461179
1691654179000,0.68461179,0.68461179,0.68461179
1691654180000,0.6847,0.6847,0.6847
1691654181000,0.68461114,0.68461114,0.68461114
1691654182000,0.68461114,0.68461114,0.68461114
1691654183000,0.68461111,0.68461111,0.68461111
1691654184000,0.68461111,0.68461111,0.68461111
1691654185000,0.68460866,0.68460866,0.68460866
1691654186000,0.68460866,0.68460866,0.68460866
1691654187000,0.6846,0.6846,0.6846
1691654188000,0.6846,0.6846,0.6846
1691654189000,0.6846,0.6846,0.6846
1691654190000,0.6846,0.6846,0.6846
1691654191000,0.6846,0.6846,0.6846
1691654192000,0.6846,0.6846,0.6846
1691654193000,0.6846,0.6846,0.6846
1691654194000,0.6846,0.6846,0.6846
1691654195000,0.6846,0.6846,0.6846
1691654196000,0.6846,0.6846,0.6846
1691654197000,0.6846,0.6846,0.6846
1691654198000,0.6846,0.6846,0.6846
1691654199000,0.6846,0.6846,0.6846
1691654200000,0.6846,0.6846,0.6846
1691654201000,0.6846,0.6846,0.6846
1691654202000,0.6846,0.6846,0.6846
1691654203000,0.6846,0.6846,0.6846
1691654204000,0.6846,0.6846,0.6846
1691654205000,0.6847,0.6847,0.6847
1691654206000,0.6847,0.6847,0.6847
1691654207000,0.6847,0.6847,0.6847
1691654208000,0.6848,0.6848,0.6848
1691654209000,0.6848,0.6848,0.6848
1691654210000,0.6848,0.6848,0.6848
1691654211000,0.68470394,0.68470394,0.68470394
1691654212000,0.6847039,0.6847039,0.6847039
1691654213000,0.6847039,0.6847039,0.6847039
1691654214000,0.6847039,0.6847039,0.6847039
1691654215000,0.6848,0.6848,0.6848
1691654216000,0.6848,0.6848,0.6848
1691654217000,0.6848,0.6848,0.6848
1691654218000,0.685,0.685,0.685
1691654219000,0.685,0.685,0.685
1691654220000,0.685,0.685,0.685
1691654221000,0.6849,0.6849,0.6849
1691654222000,0.68484008,0.68484008,0.68484008
1691654223000,0.6849,0.6849,0.6849
1691654224000,0.6849,0.6849,0.6849
1691654225000,0.6849,0.6849,0.6849
1691654226000,0.6849,0.6849,0.6849
1691654227000,0.6849,0.6849,0.6849
1691654228000,0.6849,0.6849,0.6849
1691654229000,0.6849,0.6849,0.6849
1691654230000,0.6849,0.6849,0.6849
1691654231000,0.6849,0.6849,0.6849
1691654232000,0.6849,0.6849,0.6849
1691654233000,0.6848,0.6848,0.6848
1691654234000,0.6848,0.6848,0.6848
1691654235000,0.6848,0.6848,0.6848
1691654236000,0.6847,0.6847,0.6847
1691654237000,0.6847,0.6847,0.6847
1691654238000,0.6847,0.6847,0.6847
1691654239000,0.6847,0.6847,0.6847
1691654240000,0.6847,0.6847,0.6847
1691654241000,0.6847,0.6847,0.6847
1691654242000,0.6847,0.6847,0.6847
1691654243000,0.6847,0.6847,0.6847
1691654244000,0.6847,0.6847,0.6847
1691654245000,0.6847,0.6847,0.6847
1691654246000,0.6847,0.6847,0.6847
1691654247000,0.6847,0.6847,0.6847
1691654248000,0.6848,0.6848,0.6848
1691654249000,0.6848,0.6848,0.6848
1691654250000,0.6848,0.6848,0.6848
1691654251000,0.6848,0.6848,0.6848
1691654252000,0.6848,0.6848,0.6848
1691654253000,0.6848,0.6848,0.6848
1691654254000,0.6848,0.6848,0.6848
1691654255000,0.6848,0.6848,0.6848
1691654256000,0.6848,0.6848,0.6848
1691654257000,0.6848,0.6848,0.6848
1691654258000,0.6848,0.6848,0.6848
1691654259000,0.6848,0.6848,0.6848
1691654260000,0.6848,0.6848,0.6848
1691654261000,0.6848,0.6848,0.6848
1691654262000,0.6848,0.6848,0.6848
1691654263000,0.6848,0.6848,0.6848
1691654264000,0.6848,0.6848,0.6848
1691654265000,0.6848,0.6848,0.6848
1691654266000,0.68471737,0.68471737,0.68471737
1691654267000,0.68471984,0.68471984,0.68471984
1691654268000,0.68472207,0.68472207,0.68472207
1691654269000,0.68472207,0.68472207,0.68472207
1691654270000,0.68472207,0.68472207,0.68472207
1691654271000,0.68472207,0.68472207,0.68472207
1691654272000,0.68472097,0.68472097,0.68472097
1691654273000,0.6847223,0.6847223,0.6847223
1691654274000,0.6847223,0.6847223,0.6847223
1691654275000,0.6847223,0.6847223,0.6847223
1691654276000,0.6847223,0.6847223,0.6847223
1691654277000,0.6847223,0.6847223,0.6847223
1691654278000,0.68472266,0.68472266,0.68472266
1691654279000,0.68469112,0.68469112,0.68469112
1691654280000,0.68464378,0.68464378,0.68464378
1691654281000,0.68464382,0.68464382,0.68464382
1691654282000,0.68464458,0.68464458,0.68464458
1691654283000,0.68464019,0.68464019,0.68464019
1691654284000,0.68464048,0.68464048,0.68464048
1691654285000,0.68463969,0.68463969,0.68463969
1691654286000,0.68463969,0.68463969,0.68463969
1691654287000,0.68463969,0.68463969,0.68463969
1691654288000,0.68463857,0.68463857,0.68463857
1691654289000,0.68463895,0.68463895,0.68463895
1691654290000,0.68463895,0.68463895,0.68463895
1691654291000,0.68463892,0.68463892,0.68463892
1691654292000,0.6848,0.6848,0.6848
1691654293000,0.6848,0.6848,0.6848
1691654294000,0.6848,0.6848,0.6848
1691654295000,0.6848,0.6848,0.6848
1691654296000,0.6848,0.6848,0.6848
1691654297000,0.6848,0.6848,0.6848
1691654298000,0.6848,0.6848,0.6848
1691654299000,0.6848,0.6848,0.6848
1691654300000,0.6848,0.6848,0.6848
1691654301000,0.6848,0.6848,0.6848
1691654302000,0.6848,0.6848,0.6848
1691654303000,0.6849,0.6849,0.6849
1691654304000,0.6849,0.6849,0.6849
1691654305000,0.6849,0.6849,0.6849
1691654306000,0.6849,0.6849,0.6849
1691654307000,0.6849,0.6849,0.6849
1691654308000,0.6849,0.6849,0.6849
1691654309000,0.6849,0.6849,0.6849
1691654310000,0.6849,0.6849,0.6849
1691654311000,0.6849,0.6849,0.6849
1691654312000,0.6849,0.6849,0.6849
1691654313000,0.685,0.685,0.685
1691654314000,0.685,0.685,0.685
1691654315000,0.685,0.685,0.685
1691654316000,0.685,0.685,0.685
1691654317000,0.685,0.685,0.685
1691654318000,0.6851,0.6851,0.6851
1691654319000,0.6851,0.6851,0.6851
1691654320000,0.685,0.685,0.685
1691654321000,0.685,0.685,0.685
1691654322000,0.685,0.685,0.685
1691654323000,0.685,0.685,0.685
1691654324000,0.685,0.685,0.685
1691654325000,0.6851,0.6851,0.6851
1691654326000,0.6851,0.6851,0.6851
1691654327000,0.685,0.685,0.685
1691654328000,0.685,0.685,0.685
1691654329000,0.685,0.685,0.685
1691654330000,0.685,0.685,0.685
1691654331000,0.6852,0.6852,0.6852
1691654332000,0.6852,0.6852,0.6852
1691654333000,0.6852,0.6852,0.6852
1691654334000,0.6853,0.6853,0.6853
1691654335000,0.6853,0.6853,0.6853
1691654336000,0.68533536,0.68533536,0.68533536
1691654337000,0.6853,0.6853,0.6853
1691654338000,0.6853,0.6853,0.6853
1691654339000,0.6853,0.6853,0.6853
1691654340000,0.6853,0.6853,0.6853
1691654341000,0.6853,0.6853,0.6853
1691654342000,0.6853,0.6853,0.6853
1691654343000,0.6853,0.6853,0.6853
1691654344000,0.6853,0.6853,0.6853
1691654345000,0.6853,0.6853,0.6853
1691654346000,0.6853,0.6853,0.6853
1691654347000,0.6853,0.6853,0.6853
1691654348000,0.6853,0.6853,0.6853
1691654349000,0.6853,0.6853,0.6853
1691654350000,0.6854,0.6854,0.6854
1691654351000,0.6854,0.6854,0.6854
1691654352000,0.6855,0.6855,0.6855
1691654353000,0.6855,0.6855,0.6855
1691654354000,0.6855,0.6855,0.6855
1691654355000,0.6854,0.6854,0.6854
1691654356000,0.6854,0.6854,0.6854
1691654357000,0.6854,0.6854,0.6854
1691654358000,0.6855,0.6855,0.6855
1691654359000,0.6855,0.6855,0.6855
1691654360000,0.6855,0.6855,0.6855
1691654361000,0.6855,0.6855,0.6855
1691654362000,0.6855,0.6855,0.6855
1691654363000,0.6855,0.6855,0.6855
1691654364000,0.6856,0.6856,0.6856
1691654365000,0.6856,0.6856,0.6856
1691654366000,0.6856,0.6856,0.6856
1691654367000,0.6856,0.6856,0.6856
1691654368000,0.6855,0.6855,0.6855
1691654369000,0.6856,0.6856,0.6856
1691654370000,0.6856,0.6856,0.6856
1691654371000,0.6856,0.6856,0.6856
1691654372000,0.6856,0.6856,0.6856
1691654373000,0.6856,0.6856,0.6856
1691654374000,0.6856,0.6856,0.6856
1691654375000,0.6856,0.6856,0.6856
1691654376000,0.6856,0.6856,0.6856
1691654377000,0.6856,0.6856,0.6856
1691654378000,0.6856,0.6856,0.6856
1691654379000,0.6856,0.6856,0.6856
1691654380000,0.6856,0.6856,0.6856
1691654381000,0.6856,0.6856,0.6856
1691654382000,0.6856,0.6856,0.6856
1691654383000,0.6856,0.6856,0.6856
1691654384000,0.6856,0.6856,0.6856
1691654385000,0.6855,0.6855,0.6855
1691654386000,0.6855,0.6855,0.6855
1691654387000,0.68551282,0.68551282,0.68551282
1691654388000,0.68551282,0.68551282,0.68551282
1691654389000,0.68551282,0.68551282,0.68551282
1691654390000,0.68551348,0.68551348,0.68551348
1691654391000,0.68551348,0.68551348,0.68551348
1691654392000,0.68551272,0.68551272,0.68551272
1691654393000,0.6855,0.6855,0.6855
1691654394000,0.6855,0.6855,0.6855
1691654395000,0.6855,0.6855,0.6855
1691654396000,0.6855,0.6855,0.6855
1691654397000,0.6855,0.6855,0.6855
1691654398000,0.6855,0.6855,0.6855
1691654399000,0.6856,0.6856,0.6856
1691654400000,0.6855,0.6855,0.6855
1691654401000,0.6855,0.6855,0.6855
1691654402000,0.6855,0.6855,0.6855
1691654403000,0.6855,0.6855,0.6855
1691654404000,0.6855,0.6855,0.6855
1691654405000,0.6855,0.6855,0.6855
1691654406000,0.68544858,0.68544858,0.68544858
1691654407000,0.68544938,0.68544938,0.68544938
1691654408000,0.6855,0.6855,0.6855
1691654409000,0.6856,0.6856,0.6856
1691654410000,0.6856,0.6856,0.6856
1691654411000,0.6856,0.6856,0.6856
1691654412000,0.6855,0.6855,0.6855
1691654413000,0.6855,0.6855,0.6855
1691654414000,0.6857,0.6857,0.6857
1691654415000,0.6858,0.6858,0.6858
1691654416000,0.6858,0.6858,0.6858
1691654417000,0.68574244,0.68574244,0.68574244
1691654418000,0.6858,0.6858,0.6858
1691654419000,0.6858,0.6858,0.6858
1691654420000,0.6858,0.6858,0.6858
1691654421000,0.6858,0.6858,0.6858
1691654422000,0.6858,0.6858,0.6858
1691654423000,0.6858,0.6858,0.6858
1691654424000,0.6858,0.6858,0.6858
1691654425000,0.6858,0.6858,0.6858
1691654426000,0.6859,0.6859,0.6859
1691654427000,0.686,0.686,0.686
1691654428000,0.6859,0.6859,0.6859
1691654429000,0.6859,0.6859,0.6859
1691654430000,0.686,0.686,0.686
1691654431000,0.686,0.686,0.686
1691654432000,0.6859,0.6859,0.6859
1691654433000,0.686,0.686,0.686
1691654434000,0.6859,0.6859,0.6859
1691654435000,0.6859,0.6859,0.6859
1691654436000,0.686,0.686,0.686
1691654437000,0.686,0.686,0.686
1691654438000,0.686,0.686,0.686
1691654439000,0.686,0.686,0.686
1691654440000,0.686,0.686,0.686
1691654441000,0.6861,0.6861,0.6861
1691654442000,0.6861,0.6861,0.6861
1691654443000,0.6861,0.6861,0.6861
1691654444000,0.686,0.686,0.686
1691654445000,0.686,0.686,0.686
1691654446000,0.686,0.686,0.686
1691654447000,0.686,0.686,0.686
1691654448000,0.686,0.686,0.686
1691654449000,0.686,0.686,0.686
1691654450000,0.68592477,0.68592477,0.68592477
1691654451000,0.686,0.686,0.686
1691654452000,0.686,0.686,0.686
1691654453000,0.6859,0.6859,0.6859
1691654454000,0.6859,0.6859,0.6859
1691654455000,0.68592903,0.68592903,0.68592903
1691654456000,0.68592903,0.68592903,0.68592903
1691654457000,0.6859,0.6859,0.6859
1691654458000,0.6859,0.6859,0.6859
1691654459000,0.6859,0.6859,0.6859
1691654460000,0.68584043,0.68584043,0.68584043
1691654461000,0.6859,0.6859,0.6859
1691654462000,0.6859,0.6859,0.6859
1691654463000,0.68583841,0.68583841,0.68583841
1691654464000,0.68583924,0.68583924,0.68583924
1691654465000,0.68574966,0.68574966,0.68574966
1691654466000,0.68575881,0.68575881,0.68575881
1691654467000,0.68580281,0.68580281,0.68580281
1691654468000,0.68580357,0.68580357,0.68580357
1691654469000,0.68580357,0.68580357,0.68580357
1691654470000,0.6858093,0.6858093,0.6858093
1691654471000,0.68580854,0.68580854,0.68580854
1691654472000,0.68580986,0.68580986,0.68580986
1691654473000,0.6859,0.6859,0.6859
1691654474000,0.6859,0.6859,0.6859
1691654475000,0.6859,0.6859,0.6859
1691654476000,0.6859,0.6859,0.6859
1691654477000,0.6859,0.6859,0.6859
1691654478000,0.6859,0.6859,0.6859
1691654479000,0.6859,0.6859,0.6859
1691654480000,0.686,0.686,0.686
1691654481000,0.686,0.686,0.686
1691654482000,0.686,0.686,0.686
1691654483000,0.686,0.686,0.686
1691654484000,0.6859149,0.6859149,0.6859149
1691654485000,0.68591486,0.68591486,0.68591486
1691654486000,0.686,0.686,0.686
1691654487000,0.68591723,0.68591723,0.68591723
1691654488000,0.68591803,0.68591803,0.68591803
1691654489000,0.68591803,0.68591803,0.68591803
1691654490000,0.6859173,0.6859173,0.6859173
1691654491000,0.68591955,0.68591955,0.68591955
1691654492000,0.68591979,0.68591979,0.68591979
1691654493000,0.68592111,0.68592111,0.68592111
1691654494000,0.68592111,0.68592111,0.68592111
1691654495000,0.68592111,0.68592111,0.68592111
1691654496000,0.68592139,0.68592139,0.68592139
1691654497000,0.68592139,0.68592139,0.68592139
1691654498000,0.686,0.686,0.686
1691654499000,0.686,0.686,0.686
1691654500000,0.68592267,0.68592267,0.68592267
1691654501000,0.686,0.686,0.686
1691654502000,0.686,0.686,0.686
1691654503000,0.686,0.686,0.686
1691654504000,0.686,0.686,0.686
1691654505000,0.686,0.686,0.686
1691654506000,0.68592958,0.68592958,0.68592958
1691654507000,0.68593175,0.68593175,0.68593175
1691654508000,0.686,0.686,0.686
1691654509000,0.686,0.686,0.686
1691654510000,0.686,0.686,0.686
1691654511000,0.686,0.686,0.686
1691654512000,0.686,0.686,0.686
1691654513000,0.686,0.686,0.686
1691654514000,0.686,0.686,0.686
1691654515000,0.686,0.686,0.686
1691654516000,0.686,0.686,0.686
1691654517000,0.686,0.686,0.686
1691654518000,0.6859,0.6859,0.6859
1691654519000,0.6859,0.6859,0.6859
1691654520000,0.6859,0.6859,0.6859
1691654521000,0.6859,0.6859,0.6859
1691654522000,0.68588966,0.68588966,0.68588966
1691654523000,0.68593495,0.68593495,0.68593495
1691654524000,0.68593495,0.68593495,0.68593495
1691654525000,0.68593495,0.68593495,0.68593495
1691654526000,0.68593578,0.68593578,0.68593578
1691654527000,0.68593364,0.68593364,0.68593364
1691654528000,0.68593364,0.68593364,0.68593364
1691654529000,0.6859764,0.6859764,0.6859764
1691654530000,0.6859764,0.6859764,0.6859764
1691654531000,0.68596242,0.68596242,0.68596242
1691654532000,0.68596165,0.68596165,0.68596165
1691654533000,0.68596052,0.68596052,0.68596052
1691654534000,0.68591397,0.68591397,0.68591397
1691654535000,0.68591397,0.68591397,0.68591397
1691654536000,0.68591477,0.68591477,0.68591477
1691654537000,0.6859148,0.6859148,0.6859148
1691654538000,0.68591528,0.68591528,0.68591528
1691654539000,0.68591528,0.68591528,0.68591528
1691654540000,0.68591336,0.68591336,0.68591336
1691654541000,0.68591336,0.68591336,0.68591336
1691654542000,0.68591336,0.68591336,0.68591336
1691654543000,0.68591301,0.68591301,0.68591301
1691654544000,0.6859134,0.6859134,0.6859134
1691654545000,0.6859134,0.6859134,0.6859134
1691654546000,0.68591423,0.68591423,0.68591423
1691654547000,0.68591423,0.68591423,0.68591423
1691654548000,0.68591439,0.68591439,0.68591439
1691654549000,0.68591419,0.68591419,0.68591419
1691654550000,0.68591422,0.68591422,0.68591422
1691654551000,0.68591422,0.68591422,0.68591422
1691654552000,0.68591422,0.68591422,0.68591422
1691654553000,0.68591441,0.68591441,0.68591441
1691654554000,0.68591409,0.68591409,0.68591409
1691654555000,0.68592074,0.68592074,0.68592074
1691654556000,0.68592071,0.68592071,0.68592071
1691654557000,0.68592071,0.68592071,0.68592071
1691654558000,0.686,0.686,0.686
1691654559000,0.686,0.686,0.686
1691654560000,0.686,0.686,0.686
1691654561000,0.686,0.686,0.686
1691654562000,0.686,0.686,0.686
1691654563000,0.686,0.686,0.686
1691654564000,0.686,0.686,0.686
1691654565000,0.68597659,0.68597659,0.68597659
1691654566000,0.68597659,0.68597659,0.68597659
1691654567000,0.68597739,0.68597739,0.68597739
1691654568000,0.68597659,0.68597659,0.68597659
1691654569000,0.68597441,0.68597441,0.68597441
1691654570000,0.68597441,0.68597441,0.68597441
1691654571000,0.68597232,0.68597232,0.68597232
1691654572000,0.68597232,0.68597232,0.68597232
1691654573000,0.68597229,0.68597229,0.68597229
1691654574000,0.6861,0.6861,0.6861
1691654575000,0.6861,0.6861,0.6861
1691654576000,0.686,0.686,0.686
1691654577000,0.686,0.686,0.686
1691654578000,0.686,0.686,0.686
1691654579000,0.686,0.686,0.686
1691654580000,0.6861,0.6861,0.6861
1691654581000,0.68596565,0.68596565,0.68596565
1691654582000,0.68596562,0.68596562,0.68596562
1691654583000,0.68596562,0.68596562,0.68596562
1691654584000,0.686,0.686,0.686
1691654585000,0.686,0.686,0.686
1691654586000,0.686,0.686,0.686
1691654587000,0.686,0.686,0.686
1691654588000,0.686,0.686,0.686
1691654589000,0.686,0.686,0.686
1691654590000,0.686,0.686,0.686
1691654591000,0.686,0.686,0.686
1691654592000,0.686,0.686,0.686
1691654593000,0.686,0.686,0.686
1691654594000,0.68601917,0.68601917,0.68601917
1691654595000,0.68602228,0.68602228,0.68602228
1691654596000,0.68602151,0.68602151,0.68602151
1691654597000,0.68602231,0.68602231,0.68602231
1691654598000,0.68602228,0.68602228,0.68602228
1691654599000,0.68602228,0.68602228,0.68602228
1691654600000,0.68602228,0.68602228,0.68602228
1691654601000,0.68603755,0.68603755,0.68603755
1691654602000,0.68603755,0.68603755,0.68603755
1691654603000,0.68603164,0.68603164,0.68603164
1691654604000,0.68603011,0.68603011,0.68603011
1691654605000,0.68603013,0.68603013,0.68603013
1691654606000,0.68603013,0.68603013,0.68603013
1691654607000,0.68602933,0.68602933,0.68602933
1691654608000,0.68602933,0.68602933,0.68602933
1691654609000,0.6860301,0.6860301,0.6860301
1691654610000,0.68602813,0.68602813,0.68602813
1691654611000,0.68602813,0.68602813,0.68602813
1691654612000,0.6861,0.6861,0.6861
1691654613000,0.6861,0.6861,0.6861
1691654614000,0.68614391,0.68614391,0.68614391
1691654615000,0.6862,0.6862,0.6862
1691654616000,0.6862,0.6862,0.6862
1691654617000,0.68623759,0.68623759,0.68623759
1691654618000,0.6863,0.6863,0.6863
1691654619000,0.6863,0.6863,0.6863
1691654620000,0.6863,0.6863,0.6863
1691654621000,0.6863,0.6863,0.6863
1691654622000,0.68624196,0.68624196,0.68624196
1691654623000,0.68624754,0.68624754,0.68624754
1691654624000,0.6863,0.6863,0.6863
1691654625000,0.6863,0.6863,0.6863
1691654626000,0.6863,0.6863,0.6863
1691654627000,0.6863,0.6863,0.6863
1691654628000,0.6863,0.6863,0.6863
1691654629000,0.6863,0.6863,0.6863
1691654630000,0.6863,0.6863,0.6863
1691654631000,0.6863,0.6863,0.6863
1691654632000,0.6863,0.6863,0.6863
1691654633000,0.6863,0.6863,0.6863
1691654634000,0.6863,0.6863,0.6863
1691654635000,0.6863,0.6863,0.6863
1691654636000,0.6863,0.6863,0.6863
1691654637000,0.6863,0.6863,0.6863
1691654638000,0.6863,0.6863,0.6863
1691654639000,0.6863,0.6863,0.6863
1691654640000,0.6863,0.6863,0.6863
1691654641000,0.68625207,0.68625207,0.68625207
1691654642000,0.6863,0.6863,0.6863
1691654643000,0.6863,0.6863,0.6863
1691654644000,0.6863,0.6863,0.6863
1691654645000,0.6862492,0.6862492,0.6862492
1691654646000,0.68628974,0.68628974,0.68628974
1691654647000,0.68628673,0.68628673,0.68628673
1691654648000,0.68628673,0.68628673,0.68628673
1691654649000,0.68628673,0.68628673,0.68628673
1691654650000,0.68624022,0.68624022,0.68624022
1691654651000,0.68624022,0.68624022,0.68624022
1691654652000,0.68623846,0.68623846,0.68623846
1691654653000,0.68624164,0.68624164,0.68624164
1691654654000,0.68624168,0.68624168,0.68624168
1691654655000,0.68624168,0.68624168,0.68624168
1691654656000,0.68624164,0.68624164,0.68624164
1691654657000,0.68623701,0.68623701,0.68623701
1691654658000,0.68623701,0.68623701,0.68623701
1691654659000,0.68623701,0.68623701,0.68623701
1691654660000,0.68611053,0.68611053,0.68611053
1691654661000,0.68610857,0.68610857,0.68610857
1691654662000,0.68609758,0.68609758,0.68609758
1691654663000,0.68609837,0.68609837,0.68609837
1691654664000,0.68609837,0.68609837,0.68609837
1691654665000,0.68609837,0.68609837,0.68609837
1691654666000,0.68609758,0.68609758,0.68609758
1691654667000,0.68604513,0.68604513,0.68604513
1691654668000,0.68604513,0.68604513,0.68604513
1691654669000,0.68604513,0.68604513,0.68604513
1691654670000,0.68604589,0.68604589,0.68604589
1691654671000,0.68604589,0.68604589,0.68604589
1691654672000,0.68604562,0.68604562,0.68604562
1691654673000,0.68604083,0.68604083,0.68604083
1691654674000,0.68604083,0.68604083,0.68604083
1691654675000,0.68604083,0.68604083,0.68604083
1691654676000,0.68604087,0.68604087,0.68604087
1691654677000,0.68603853,0.68603853,0.68603853
1691654678000,0.68603377,0.68603377,0.68603377
1691654679000,0.68603377,0.68603377,0.68603377
1691654680000,0.68598726,0.68598726,0.68598726
1691654681000,0.68598726,0.68598726,0.68598726
1691654682000,0.68598726,0.68598726,0.68598726
1691654683000,0.6859822,0.6859822,0.6859822
1691654684000,0.68598141,0.68598141,0.68598141
1691654685000,0.68598141,0.68598141,0.68598141
1691654686000,0.68598224,0.68598224,0.68598224
1691654687000,0.685926,0.685926,0.685926
1691654688000,0.68601538,0.68601538,0.68601538
1691654689000,0.68601535,0.68601535,0.68601535
1691654690000,0.68601535,0.68601535,0.68601535
1691654691000,0.68601535,0.68601535,0.68601535
1691654692000,0.68601504,0.68601504,0.68601504
1691654693000,0.68601314,0.68601314,0.68601314
1691654694000,0.6861,0.6861,0.6861
1691654695000,0.6861,0.6861,0.6861
1691654696000,0.6861,0.6861,0.6861
1691654697000,0.6861,0.6861,0.6861
1691654698000,0.6861,0.6861,0.6861
1691654699000,0.68601305,0.68601305,0.68601305
1691654700000,0.6861,0.6861,0.6861
1691654701000,0.6861,0.6861,0.6861
1691654702000,0.68600619,0.68600619,0.68600619
1691654703000,0.68600539,0.68600539,0.68600539
1691654704000,0.68600443,0.68600443,0.68600443
1691654705000,0.68600446,0.68600446,0.68600446
1691654706000,0.6862,0.6862,0.6862
1691654707000,0.6862,0.6862,0.6862
1691654708000,0.6862,0.6862,0.6862
1691654709000,0.6861,0.6861,0.6861
1691654710000,0.6862,0.6862,0.6862
1691654711000,0.6862,0.6862,0.6862
1691654712000,0.6861,0.6861,0.6861
1691654713000,0.6861,0.6861,0.6861
1691654714000,0.6861,0.6861,0.6861
1691654715000,0.68612508,0.68612508,0.68612508
1691654716000,0.68612508,0.68612508,0.68612508
1691654717000,0.68612508,0.68612508,0.68612508
1691654718000,0.6861,0.6861,0.6861
1691654719000,0.6862,0.6862,0.6862
1691654720000,0.6862,0.6862,0.6862
1691654721000,0.6862,0.6862,0.6862
1691654722000,0.6862,0.6862,0.6862
1691654723000,0.6862,0.6862,0.6862
1691654724000,0.68612827,0.68612827,0.68612827
1691654725000,0.6862,0.6862,0.6862
1691654726000,0.6862,0.6862,0.6862
1691654727000,0.6862,0.6862,0.6862
1691654728000,0.68614444,0.68614444,0.68614444
1691654729000,0.68614449,0.68614449,0.68614449
1691654730000,0.68614392,0.68614392,0.68614392
1691654731000,0.68614484,0.68614484,0.68614484
1691654732000,0.68614484,0.68614484,0.68614484
1691654733000,0.68614423,0.68614423,0.68614423
1691654734000,0.68619829,0.68619829,0.68619829
1691654735000,0.68619455,0.68619455,0.68619455
1691654736000,0.68619455,0.68619455,0.68619455
1691654737000,0.6862,0.6862,0.6862
1691654738000,0.68620525,0.68620525,0.68620525
1691654739000,0.68620525,0.68620525,0.68620525
1691654740000,0.68625639,0.68625639,0.68625639
1691654741000,0.6863,0.6863,0.6863
1691654742000,0.6863,0.6863,0.6863
1691654743000,0.6863,0.6863,0.6863
1691654744000,0.6863,0.6863,0.6863
1691654745000,0.6863,0.6863,0.6863
1691654746000,0.6863,0.6863,0.6863
1691654747000,0.6863,0.6863,0.6863
1691654748000,0.6863,0.6863,0.6863
1691654749000,0.6864,0.6864,0.6864
1691654750000,0.6864,0.6864,0.6864
1691654751000,0.6864,0.6864,0.6864
1691654752000,0.6864,0.6864,0.6864
1691654753000,0.6864,0.6864,0.6864
1691654754000,0.6863,0.6863,0.6863
1691654755000,0.6863,0.6863,0.6863
1691654756000,0.6863,0.6863,0.6863
1691654757000,0.6863,0.6863,0.6863
1691654758000,0.6863,0.6863,0.6863
1691654759000,0.6863,0.6863,0.6863
1691654760000,0.6863,0.6863,0.6863
1691654761000,0.6863,0.6863,0.6863
1691654762000,0.6863,0.6863,0.6863
1691654763000,0.6863,0.6863,0.6863
1691654764000,0.6863,0.6863,0.6863
1691654765000,0.6863,0.6863,0.6863
1691654766000,0.6863,0.6863,0.6863
1691654767000,0.6863,0.6863,0.6863
1691654768000,0.6863,0.6863,0.6863
1691654769000,0.6863,0.6863,0.6863
1691654770000,0.6864,0.6864,0.6864
1691654771000,0.6864,0.6864,0.6864
1691654772000,0.6864,0.6864,0.6864
1691654773000,0.6864,0.6864,0.6864
1691654774000,0.6863,0.6863,0.6863
1691654775000,0.68635032,0.68635032,0.68635032
1691654776000,0.6863,0.6863,0.6863
1691654777000,0.6864,0.6864,0.6864
1691654778000,0.6864,0.6864,0.6864
1691654779000,0.6864,0.6864,0.6864
1691654780000,0.6864,0.6864,0.6864
1691654781000,0.6864,0.6864,0.6864
1691654782000,0.6864,0.6864,0.6864
1691654783000,0.6864,0.6864,0.6864
1691654784000,0.6864,0.6864,0.6864
1691654785000,0.6864,0.6864,0.6864
1691654786000,0.6864,0.6864,0.6864
1691654787000,0.6864,0.6864,0.6864
1691654788000,0.6864,0.6864,0.6864
1691654789000,0.6864,0.6864,0.6864
1691654790000,0.6864,0.6864,0.6864
1691654791000,0.68630159,0.68630159,0.68630159
1691654792000,0.6864,0.6864,0.6864
1691654793000,0.6864,0.6864,0.6864
1691654794000,0.6864,0.6864,0.6864
1691654795000,0.6864,0.6864,0.6864
1691654796000,0.6864,0.6864,0.6864
1691654797000,0.6864,0.6864,0.6864
1691654798000,0.68630264,0.68630264,0.68630264
1691654799000,0.68630264,0.68630264,0.68630264
1691654800000,0.68634953,0.68634953,0.68634953
1691654801000,0.68634953,0.68634953,0.68634953
1691654802000,0.68634939,0.68634939,0.68634939
1691654803000,0.68634846,0.68634846,0.68634846
1691654804000,0.68634846,0.68634846,0.68634846
1691654805000,0.68634899,0.68634899,0.68634899
1691654806000,0.68634899,0.68634899,0.68634899
1691654807000,0.68634794,0.68634794,0.68634794
1691654808000,0.68634697,0.68634697,0.68634697
1691654809000,0.68634697,0.68634697,0.68634697
1691654810000,0.6863479,0.6863479,0.6863479
1691654811000,0.6863479,0.6863479,0.6863479
1691654812000,0.68634794,0.68634794,0.68634794
1691654813000,0.6864,0.6864,0.6864
1691654814000,0.68640018,0.68640018,0.68640018
1691654815000,0.68640018,0.68640018,0.68640018
1691654816000,0.68640119,0.68640119,0.68640119
1691654817000,0.68634714,0.68634714,0.68634714
1691654818000,0.68634351,0.68634351,0.68634351
1691654819000,0.68634351,0.68634351,0.68634351
1691654820000,0.68634286,0.68634286,0.68634286
1691654821000,0.68634286,0.68634286,0.68634286
1691654822000,0.68634286,0.68634286,0.68634286
1691654823000,0.68634364,0.68634364,0.68634364
1691654824000,0.68634368,0.68634368,0.68634368
1691654825000,0.68634117,0.68634117,0.68634117
1691654826000,0.68634117,0.68634117,0.68634117
1691654827000,0.68634117,0.68634117,0.68634117
1691654828000,0.68634348,0.68634348,0.68634348
1691654829000,0.68634348,0.68634348,0.68634348
1691654830000,0.68634348,0.68634348,0.68634348
1691654831000,0.68634672,0.68634672,0.68634672
1691654832000,0.68634672,0.68634672,0.68634672
1691654833000,0.6864021,0.6864021,0.6864021
1691654834000,0.68640117,0.68640117,0.68640117
1691654835000,0.68640117,0.68640117,0.68640117
1691654836000,0.68640213,0.68640213,0.68640213
1691654837000,0.68640221,0.68640221,0.68640221
1691654838000,0.68634723,0.68634723,0.68634723
1691654839000,0.68634663,0.68634663,0.68634663
1691654840000,0.6864,0.6864,0.6864
1691654841000,0.6864,0.6864,0.6864
1691654842000,0.6864,0.6864,0.6864
1691654843000,0.6864,0.6864,0.6864
1691654844000,0.68634598,0.68634598,0.68634598
1691654845000,0.68634598,0.68634598,0.68634598
1691654846000,0.6864,0.6864,0.6864
1691654847000,0.6864,0.6864,0.6864
1691654848000,0.6864,0.6864,0.6864
1691654849000,0.6864,0.6864,0.6864
1691654850000,0.6864,0.6864,0.6864
1691654851000,0.6864,0.6864,0.6864
1691654852000,0.6864,0.6864,0.6864
1691654853000,0.68636355,0.68636355,0.68636355
1691654854000,0.68636361,0.68636361,0.68636361
1691654855000,0.68636361,0.68636361,0.68636361
1691654856000,0.68636406,0.68636406,0.68636406
1691654857000,0.6863641,0.6863641,0.6863641
1691654858000,0.68641815,0.68641815,0.68641815
1691654859000,0.68641662,0.68641662,0.68641662
1691654860000,0.68641658,0.68641658,0.68641658
1691654861000,0.68641601,0.68641601,0.68641601
1691654862000,0.68641601,0.68641601,0.68641601
1691654863000,0.68641605,0.68641605,0.68641605
1691654864000,0.68641372,0.68641372,0.68641372
1691654865000,0.68641372,0.68641372,0.68641372
1691654866000,0.68641227,0.68641227,0.68641227
1691654867000,0.68641227,0.68641227,0.68641227
1691654868000,0.6864132,0.6864132,0.6864132
1691654869000,0.68641324,0.68641324,0.68641324
1691654870000,0.68641327,0.68641327,0.68641327
1691654871000,0.68641331,0.68641331,0.68641331
1691654872000,0.6864,0.6864,0.6864
1691654873000,0.6864,0.6864,0.6864
1691654874000,0.6864,0.6864,0.6864
1691654875000,0.6864,0.6864,0.6864
1691654876000,0.6864,0.6864,0.6864
1691654877000,0.6864,0.6864,0.6864
1691654878000,0.6864,0.6864,0.6864
1691654879000,0.6864,0.6864,0.6864
1691654880000,0.6864,0.6864,0.6864
1691654881000,0.6864,0.6864,0.6864
1691654882000,0.68640531,0.68640531,0.68640531
1691654883000,0.68640531,0.68640531,0.68640531
1691654884000,0.68640531,0.68640531,0.68640531
1691654885000,0.68635341,0.68635341,0.68635341
1691654886000,0.68635405,0.68635405,0.68635405
1691654887000,0.68635414,0.68635414,0.68635414
1691654888000,0.68635503,0.68635503,0.68635503
1691654889000,0.68635503,0.68635503,0.68635503
1691654890000,0.68635455,0.68635455,0.68635455
1691654891000,0.68635548,0.68635548,0.68635548
1691654892000,0.68640921,0.68640921,0.68640921
1691654893000,0.68640685,0.68640685,0.68640685
1691654894000,0.68624301,0.68624301,0.68624301
1691654895000,0.68624397,0.68624397,0.68624397
1691654896000,0.68624296,0.68624296,0.68624296
1691654897000,0.68624098,0.68624098,0.68624098
1691654898000,0.68624098,0.68624098,0.68624098
1691654899000,0.68623541,0.68623541,0.68623541
1691654900000,0.68623541,0.68623541,0.68623541
1691654901000,0.68623352,0.68623352,0.68623352
1691654902000,0.68623352,0.68623352,0.68623352
1691654903000,0.68619922,0.68619922,0.68619922
1691654904000,0.68619922,0.68619922,0.68619922
1691654905000,0.68619922,0.68619922,0.68619922
1691654906000,0.68619522,0.68619522,0.68619522
1691654907000,0.6862,0.6862,0.6862
1691654908000,0.6862,0.6862,0.6862
1691654909000,0.6862,0.6862,0.6862
1691654910000,0.6862,0.6862,0.6862
1691654911000,0.6862,0.6862,0.6862
1691654912000,0.6862,0.6862,0.6862
1691654913000,0.68624864,0.68624864,0.68624864
1691654914000,0.68624868,0.68624868,0.68624868
1691654915000,0.68624864,0.68624864,0.68624864
1691654916000,0.68627731,0.68627731,0.68627731
1691654917000,0.68627727,0.68627727,0.68627727
1691654918000,0.6863,0.6863,0.6863
1691654919000,0.6863,0.6863,0.6863
1691654920000,0.6863,0.6863,0.6863
1691654921000,0.6864,0.6864,0.6864
1691654922000,0.6864,0.6864,0.6864
1691654923000,0.6864,0.6864,0.6864
1691654924000,0.6864,0.6864,0.6864
1691654925000,0.6864,0.6864,0.6864
1691654926000,0.6864,0.6864,0.6864
1691654927000,0.68630289,0.68630289,0.68630289
1691654928000,0.68630289,0.68630289,0.68630289
1691654929000,0.68630302,0.68630302,0.68630302
1691654930000,0.68635614,0.68635614,0.68635614
1691654931000,0.68635707,0.68635707,0.68635707
1691654932000,0.68635557,0.68635557,0.68635557
1691654933000,0.68635597,0.68635597,0.68635597
1691654934000,0.68635597,0.68635597,0.68635597
1691654935000,0.68642703,0.68642703,0.68642703
1691654936000,0.68643284,0.68643284,0.68643284
1691654937000,0.68643019,0.68643019,0.68643019
1691654938000,0.68643031,0.68643031,0.68643031
1691654939000,0.68643027,0.68643027,0.68643027
1691654940000,0.68632216,0.68632216,0.68632216
1691654941000,0.6864,0.6864,0.6864
1691654942000,0.6864,0.6864,0.6864
1691654943000,0.6864,0.6864,0.6864
1691654944000,0.68632076,0.68632076,0.68632076
1691654945000,0.6863208,0.6863208,0.6863208
1691654946000,0.68632172,0.68632172,0.68632172
1691654947000,0.68632085,0.68632085,0.68632085
1691654948000,0.68631891,0.68631891,0.68631891
1691654949000,0.68631984,0.68631984,0.68631984
1691654950000,0.68631984,0.68631984,0.68631984
1691654951000,0.68631891,0.68631891,0.68631891
1691654952000,0.68631891,0.68631891,0.68631891
1691654953000,0.68631767,0.68631767,0.68631767
1691654954000,0.68631767,0.68631767,0.68631767
1691654955000,0.68626358,0.68626358,0.68626358
1691654956000,0.68620956,0.68620956,0.68620956
1691654957000,0.68620956,0.68620956,0.68620956
1691654958000,0.68618281,0.68618281,0.68618281
1691654959000,0.68617329,0.68617329,0.68617329
1691654960000,0.68617329,0.68617329,0.68617329
1691654961000,0.68611927,0.68611927,0.68611927
1691654962000,0.68611923,0.68611923,0.68611923
1691654963000,0.6861195,0.6861195,0.6861195
1691654964000,0.6861195,0.6861195,0.6861195
1691654965000,0.686065,0.686065,0.686065
1691654966000,0.686065,0.686065,0.686065
1691654967000,0.686065,0.686065,0.686065
1691654968000,0.68606606,0.68606606,0.68606606
1691654969000,0.68611987,0.68611987,0.68611987
1691654970000,0.68606582,0.68606582,0.68606582
1691654971000,0.68606582,0.68606582,0.68606582
1691654972000,0.68606582,0.68606582,0.68606582
1691654973000,0.68606615,0.68606615,0.68606615
1691654974000,0.68606421,0.68606421,0.68606421
1691654975000,0.68606421,0.68606421,0.68606421
1691654976000,0.68599199,0.68599199,0.68599199
1691654977000,0.68599203,0.68599203,0.68599203
1691654978000,0.68599236,0.68599236,0.68599236
1691654979000,0.6859924,0.6859924,0.6859924
1691654980000,0.6859924,0.6859924,0.6859924
1691654981000,0.6859924,0.6859924,0.6859924
1691654982000,0.6859924,0.6859924,0.6859924
1691654983000,0.68601672,0.68601672,0.68601672
1691654984000,0.68601715,0.68601715,0.68601715
1691654985000,0.68601715,0.68601715,0.68601715
1691654986000,0.68601669,0.68601669,0.68601669
1691654987000,0.68601576,0.68601576,0.68601576
1691654988000,0.68601576,0.68601576,0.68601576
1691654989000,0.68601567,0.68601567,0.68601567
1691654990000,0.68601567,0.68601567,0.68601567
1691654991000,0.68601567,0.68601567,0.68601567
1691654992000,0.68601567,0.68601567,0.68601567
1691654993000,0.68601663,0.68601663,0.68601663
1691654994000,0.68585761,0.68585761,0.68585761
1691654995000,0.68585854,0.68585854,0.68585854
1691654996000,0.68575043,0.68575043,0.68575043
1691654997000,0.68575043,0.68575043,0.68575043
1691654998000,0.68574954,0.68574954,0.68574954
1691654999000,0.68574341,0.68574341,0.68574341
1691655000000,0.685737,0.685737,0.685737
1691655001000,0.68573789,0.68573789,0.68573789
1691655002000,0.68573789,0.68573789,0.68573789
1691655003000,0.68573789,0.68573789,0.68573789
1691655004000,0.68573422,0.68573422,0.68573422
1691655005000,0.68573422,0.68573422,0.68573422
1691655006000,0.68573462,0.68573462,0.68573462
1691655007000,0.68573365,0.68573365,0.68573365
1691655008000,0.68573365,0.68573365,0.68573365
1691655009000,0.68573369,0.68573369,0.68573369
1691655010000,0.68574594,0.68574594,0.68574594
1691655011000,0.68574594,0.68574594,0.68574594
1691655012000,0.68574361,0.68574361,0.68574361
1691655013000,0.68574361,0.68574361,0.68574361
1691655014000,0.68574449,0.68574449,0.68574449
1691655015000,0.68573909,0.68573909,0.68573909
1691655016000,0.68573783,0.68573783,0.68573783
1691655017000,0.68573783,0.68573783,0.68573783
1691655018000,0.68573783,0.68573783,0.68573783
1691655019000,0.68573783,0.68573783,0.68573783
1691655020000,0.68573498,0.68573498,0.68573498
1691655021000,0.68573406,0.68573406,0.68573406
1691655022000,0.68573406,0.68573406,0.68573406
1691655023000,0.68573406,0.68573406,0.68573406
1691655024000,0.68573409,0.68573409,0.68573409
1691655025000,0.68572846,0.68572846,0.68572846
1691655026000,0.68572846,0.68572846,0.68572846
1691655027000,0.68572846,0.68572846,0.68572846
1691655028000,0.68572935,0.68572935,0.68572935
1691655029000,0.68567533,0.68567533,0.68567533
1691655030000,0.68561402,0.68561402,0.68561402
1691655031000,0.68561402,0.68561402,0.68561402
1691655032000,0.68561398,0.68561398,0.68561398
1691655033000,0.68561495,0.68561495,0.68561495
1691655034000,0.68561402,0.68561402,0.68561402
1691655035000,0.68561171,0.68561171,0.68561171
1691655036000,0.68561171,0.68561171,0.68561171
1691655037000,0.68561267,0.68561267,0.68561267
1691655038000,0.68555858,0.68555858,0.68555858
1691655039000,0.68555862,0.68555862,0.68555862
1691655040000,0.68555862,0.68555862,0.68555862
1691655041000,0.6855546,0.6855546,0.6855546
1691655042000,0.6855546,0.6855546,0.6855546
1691655043000,0.68555363,0.68555363,0.68555363
1691655044000,0.68550576,0.68550576,0.68550576
1691655045000,0.6854517,0.6854517,0.6854517
1691655046000,0.68544612,0.68544612,0.68544612
1691655047000,0.68544705,0.68544705,0.68544705
1691655048000,0.68544705,0.68544705,0.68544705
1691655049000,0.68544705,0.68544705,0.68544705
1691655050000,0.68550018,0.68550018,0.68550018
1691655051000,0.6854964,0.6854964,0.6854964
1691655052000,0.68544235,0.68544235,0.68544235
1691655053000,0.68544238,0.68544238,0.68544238
1691655054000,0.68544238,0.68544238,0.68544238
1691655055000,0.68549644,0.68549644,0.68549644
1691655056000,0.6854917,0.6854917,0.6854917
1691655057000,0.6854917,0.6854917,0.6854917
1691655058000,0.68549174,0.68549174,0.68549174
1691655059000,0.68549144,0.68549144,0.68549144
1691655060000,0.68549148,0.68549148,0.68549148
1691655061000,0.6854845,0.6854845,0.6854845
1691655062000,0.68548546,0.68548546,0.68548546
1691655063000,0.68548539,0.68548539,0.68548539
1691655064000,0.68548539,0.68548539,0.68548539
1691655065000,0.68548051,0.68548051,0.68548051
1691655066000,0.68548143,0.68548143,0.68548143
1691655067000,0.68547694,0.68547694,0.68547694
1691655068000,0.68547694,0.68547694,0.68547694
1691655069000,0.68545859,0.68545859,0.68545859
1691655070000,0.68545859,0.68545859,0.68545859
1691655071000,0.68545859,0.68545859,0.68545859
1691655072000,0.68545009,0.68545009,0.68545009
1691655073000,0.68545009,0.68545009,0.68545009
1691655074000,0.68545005,0.68545005,0.68545005
1691655075000,0.68545005,0.68545005,0.68545005
1691655076000,0.68545009,0.68545009,0.68545009
1691655077000,0.68544518,0.68544518,0.68544518
1691655078000,0.68539017,0.68539017,0.68539017
1691655079000,0.68538611,0.68538611,0.68538611
1691655080000,0.68544016,0.68544016,0.68544016
1691655081000,0.68544016,0.68544016,0.68544016
1691655082000,0.68543444,0.68543444,0.68543444
1691655083000,0.68543444,0.68543444,0.68543444
1691655084000,0.68543444,0.68543444,0.68543444
1691655085000,0.68543444,0.68543444,0.68543444
1691655086000,0.68543444,0.68543444,0.68543444
1691655087000,0.68542872,0.68542872,0.68542872
1691655088000,0.68547662,0.68547662,0.68547662
1691655089000,0.68547662,0.68547662,0.68547662
1691655090000,0.68547349,0.68547349,0.68547349
1691655091000,0.68547349,0.68547349,0.68547349
1691655092000,0.68546468,0.68546468,0.68546468
1691655093000,0.68546472,0.68546472,0.68546472
1691655094000,0.68546472,0.68546472,0.68546472
1691655095000,0.68546472,0.68546472,0.68546472
1691655096000,0.68546564,0.68546564,0.68546564
1691655097000,0.68546564,0.68546564,0.68546564
1691655098000,0.68545833,0.68545833,0.68545833
1691655099000,0.68545833,0.68545833,0.68545833
1691655100000,0.68541043,0.68541043,0.68541043
1691655101000,0.68538518,0.68538518,0.68538518
1691655102000,0.68543325,0.68543325,0.68543325
1691655103000,0.68543062,0.68543062,0.68543062
1691655104000,0.68543062,0.68543062,0.68543062
1691655105000,0.68543062,0.68543062,0.68543062
1691655106000,0.68543062,0.68543062,0.68543062
1691655107000,0.68543062,0.68543062,0.68543062
1691655108000,0.6854266,0.6854266,0.6854266
1691655109000,0.68542663,0.68542663,0.68542663
1691655110000,0.68542663,0.68542663,0.68542663
1691655111000,0.68542756,0.68542756,0.68542756
1691655112000,0.68542695,0.68542695,0.68542695
1691655113000,0.68542354,0.68542354,0.68542354
1691655114000,0.6854235,0.6854235,0.6854235
1691655115000,0.6854235,0.6854235,0.6854235
1691655116000,0.6854235,0.6854235,0.6854235
1691655117000,0.68536885,0.68536885,0.68536885
1691655118000,0.68536634,0.68536634,0.68536634
1691655119000,0.68536637,0.68536637,0.68536637
1691655120000,0.68536637,0.68536637,0.68536637
1691655121000,0.6854,0.6854,0.6854
1691655122000,0.6854,0.6854,0.6854
1691655123000,0.6854199,0.6854199,0.6854199
1691655124000,0.68541817,0.68541817,0.68541817
1691655125000,0.68541821,0.68541821,0.68541821
1691655126000,0.6854,0.6854,0.6854
1691655127000,0.6854,0.6854,0.6854
1691655128000,0.68541914,0.68541914,0.68541914
1691655129000,0.68541482,0.68541482,0.68541482
1691655130000,0.68536077,0.68536077,0.68536077
1691655131000,0.68536081,0.68536081,0.68536081
1691655132000,0.6853617,0.6853617,0.6853617
1691655133000,0.68535497,0.68535497,0.68535497
1691655134000,0.68534911,0.68534911,0.68534911
1691655135000,0.68523652,0.68523652,0.68523652
1691655136000,0.68523652,0.68523652,0.68523652
1691655137000,0.68523652,0.68523652,0.68523652
1691655138000,0.68523603,0.68523603,0.68523603
1691655139000,0.6852331,0.6852331,0.6852331
1691655140000,0.6852331,0.6852331,0.6852331
1691655141000,0.68517908,0.68517908,0.68517908
1691655142000,0.68517908,0.68517908,0.68517908
1691655143000,0.68517718,0.68517718,0.68517718
1691655144000,0.68517334,0.68517334,0.68517334
1691655145000,0.68522828,0.68522828,0.68522828
1691655146000,0.68522828,0.68522828,0.68522828
1691655147000,0.68522735,0.68522735,0.68522735
1691655148000,0.68522735,0.68522735,0.68522735
1691655149000,0.6852282,0.6852282,0.6852282
1691655150000,0.68522439,0.68522439,0.68522439
1691655151000,0.68522436,0.68522436,0.68522436
1691655152000,0.68522436,0.68522436,0.68522436
1691655153000,0.6852229,0.6852229,0.6852229
1691655154000,0.6852229,0.6852229,0.6852229
1691655155000,0.68522023,0.68522023,0.68522023
1691655156000,0.68522027,0.68522027,0.68522027
1691655157000,0.68521931,0.68521931,0.68521931
1691655158000,0.68521931,0.68521931,0.68521931
1691655159000,0.68521862,0.68521862,0.68521862
1691655160000,0.68521596,0.68521596,0.68521596
1691655161000,0.68521596,0.68521596,0.68521596
1691655162000,0.68521503,0.68521503,0.68521503
1691655163000,0.68521503,0.68521503,0.68521503
1691655164000,0.68521551,0.68521551,0.68521551
1691655165000,0.685212,0.685212,0.685212
1691655166000,0.68521196,0.68521196,0.68521196
1691655167000,0.685212,0.685212,0.685212
1691655168000,0.685212,0.685212,0.685212
1691655169000,0.68515871,0.68515871,0.68515871
1691655170000,0.6851561,0.6851561,0.6851561
1691655171000,0.6851561,0.6851561,0.6851561
1691655172000,0.68515518,0.68515518,0.68515518
1691655173000,0.6851561,0.6851561,0.6851561
1691655174000,0.68515623,0.68515623,0.68515623
1691655175000,0.6854,0.6854,0.6854
1691655176000,0.6853,0.6853,0.6853
1691655177000,0.6853,0.6853,0.6853
1691655178000,0.6854,0.6854,0.6854
1691655179000,0.6853,0.6853,0.6853
1691655180000,0.68527298,0.68527298,0.68527298
1691655181000,0.68521827,0.68521827,0.68521827
1691655182000,0.68521823,0.68521823,0.68521823
1691655183000,0.68521823,0.68521823,0.68521823
1691655184000,0.68521864,0.68521864,0.68521864
1691655185000,0.6852186,0.6852186,0.6852186
1691655186000,0.68521478,0.68521478,0.68521478
1691655187000,0.68521482,0.68521482,0.68521482
1691655188000,0.68521237,0.68521237,0.68521237
1691655189000,0.68520874,0.68520874,0.68520874
1691655190000,0.68520874,0.68520874,0.68520874
1691655191000,0.68520214,0.68520214,0.68520214
1691655192000,0.68520214,0.68520214,0.68520214
1691655193000,0.68520214,0.68520214,0.68520214
1691655194000,0.68520214,0.68520214,0.68520214
1691655195000,0.68520133,0.68520133,0.68520133
1691655196000,0.6853,0.6853,0.6853
1691655197000,0.6853,0.6853,0.6853
1691655198000,0.6854,0.6854,0.6854
1691655199000,0.6854,0.6854,0.6854
1691655200000,0.6854,0.6854,0.6854
1691655201000,0.6854,0.6854,0.6854
1691655202000,0.6854,0.6854,0.6854
1691655203000,0.6854,0.6854,0.6854
1691655204000,0.6855,0.6855,0.6855
1691655205000,0.6855,0.6855,0.6855
1691655206000,0.6854,0.6854,0.6854
1691655207000,0.6854,0.6854,0.6854
1691655208000,0.6854,0.6854,0.6854
1691655209000,0.6854,0.6854,0.6854
1691655210000,0.6854,0.6854,0.6854
1691655211000,0.6854,0.6854,0.6854
1691655212000,0.6854,0.6854,0.6854
1691655213000,0.6854,0.6854,0.6854
1691655214000,0.6853,0.6853,0.6853
1691655215000,0.6853,0.6853,0.6853
1691655216000,0.6853,0.6853,0.6853
1691655217000,0.6853,0.6853,0.6853
1691655218000,0.6853,0.6853,0.6853
1691655219000,0.6853,0.6853,0.6853
1691655220000,0.6853,0.6853,0.6853
1691655221000,0.6853,0.6853,0.6853
1691655222000,0.6853,0.6853,0.6853
1691655223000,0.6854,0.6854,0.6854
1691655224000,0.6853,0.6853,0.6853
1691655225000,0.6853,0.6853,0.6853
1691655226000,0.6853,0.6853,0.6853
1691655227000,0.6853,0.6853,0.6853
1691655228000,0.6853,0.6853,0.6853
1691655229000,0.6854,0.6854,0.6854
1691655230000,0.6854,0.6854,0.6854
1691655231000,0.6854,0.6854,0.6854
1691655232000,0.6854,0.6854,0.6854
1691655233000,0.6854,0.6854,0.6854
1691655234000,0.6854,0.6854,0.6854
1691655235000,0.6854,0.6854,0.6854
1691655236000,0.6853,0.6853,0.6853
1691655237000,0.6853,0.6853,0.6853
1691655238000,0.6853,0.6853,0.6853
1691655239000,0.6853,0.6853,0.6853
1691655240000,0.6853,0.6853,0.6853
1691655241000,0.6854,0.6854,0.6854
1691655242000,0.6853,0.6853,0.6853
1691655243000,0.6853,0.6853,0.6853
1691655244000,0.68521013,0.68521013,0.68521013
1691655245000,0.68521013,0.68521013,0.68521013
1691655246000,0.6852,0.6852,0.6852
1691655247000,0.6852,0.6852,0.6852
1691655248000,0.6852,0.6852,0.6852
1691655249000,0.6853,0.6853,0.6853
1691655250000,0.6853,0.6853,0.6853
1691655251000,0.6853,0.6853,0.6853
1691655252000,0.6852,0.6852,0.6852
1691655253000,0.6852,0.6852,0.6852
1691655254000,0.6852,0.6852,0.6852
1691655255000,0.6852,0.6852,0.6852
1691655256000,0.6852,0.6852,0.6852
1691655257000,0.6852,0.6852,0.6852
1691655258000,0.6852,0.6852,0.6852
1691655259000,0.6852,0.6852,0.6852
1691655260000,0.6851,0.6851,0.6851
1691655261000,0.6851,0.6851,0.6851
1691655262000,0.6851,0.6851,0.6851
1691655263000,0.6851,0.6851,0.6851
1691655264000,0.6851,0.6851,0.6851
1691655265000,0.6851,0.6851,0.6851
1691655266000,0.68508921,0.68508921,0.68508921
1691655267000,0.68508029,0.68508029,0.68508029
1691655268000,0.68508029,0.68508029,0.68508029
1691655269000,0.6851,0.6851,0.6851
1691655270000,0.6851,0.6851,0.6851
1691655271000,0.6851,0.6851,0.6851
1691655272000,0.6852,0.6852,0.6852
1691655273000,0.6852,0.6852,0.6852
1691655274000,0.6851,0.6851,0.6851
1691655275000,0.6852,0.6852,0.6852
1691655276000,0.6852,0.6852,0.6852
1691655277000,0.6852,0.6852,0.6852
1691655278000,0.6852,0.6852,0.6852
1691655279000,0.6852,0.6852,0.6852
1691655280000,0.6852,0.6852,0.6852
1691655281000,0.6852,0.6852,0.6852
1691655282000,0.6853,0.6853,0.6853
1691655283000,0.6853,0.6853,0.6853
1691655284000,0.6853,0.6853,0.6853
1691655285000,0.6853,0.6853,0.6853
1691655286000,0.6852,0.6852,0.6852
1691655287000,0.6852,0.6852,0.6852
1691655288000,0.6852,0.6852,0.6852
1691655289000,0.6852,0.6852,0.6852
1691655290000,0.6852,0.6852,0.6852
1691655291000,0.6852,0.6852,0.6852
1691655292000,0.6852,0.6852,0.6852
1691655293000,0.6852,0.6852,0.6852
1691655294000,0.6851,0.6851,0.6851
1691655295000,0.6851,0.6851,0.6851
1691655296000,0.6851,0.6851,0.6851
1691655297000,0.6851,0.6851,0.6851
1691655298000,0.6851,0.6851,0.6851
1691655299000,0.6851,0.6851,0.6851
1691655300000,0.6851,0.6851,0.6851
1691655301000,0.6852,0.6852,0.6852
1691655302000,0.6852,0.6852,0.6852
1691655303000,0.6852,0.6852,0.6852
1691655304000,0.6851,0.6851,0.6851
1691655305000,0.6851,0.6851,0.6851
1691655306000,0.6851,0.6851,0.6851
1691655307000,0.6851,0.6851,0.6851
1691655308000,0.6851,0.6851,0.6851
1691655309000,0.6851,0.6851,0.6851
1691655310000,0.6852,0.6852,0.6852
1691655311000,0.6851,0.6851,0.6851
1691655312000,0.6851,0.6851,0.6851
1691655313000,0.6852,0.6852,0.6852
1691655314000,0.6852,0.6852,0.6852
1691655315000,0.6852,0.6852,0.6852
1691655316000,0.6852,0.6852,0.6852
1691655317000,0.6852,0.6852,0.6852
1691655318000,0.6852,0.6852,0.6852
1691655319000,0.6852,0.6852,0.6852
1691655320000,0.6852,0.6852,0.6852
1691655321000,0.6852,0.6852,0.6852
1691655322000,0.6852,0.6852,0.6852
1691655323000,0.6852,0.6852,0.6852
1691655324000,0.6852,0.6852,0.6852
1691655325000,0.6852,0.6852,0.6852
1691655326000,0.6852,0.6852,0.6852
1691655327000,0.6852,0.6852,0.6852
1691655328000,0.6852,0.6852,0.6852
1691655329000,0.6853,0.6853,0.6853
1691655330000,0.6853,0.6853,0.6853
1691655331000,0.6853,0.6853,0.6853
1691655332000,0.6853,0.6853,0.6853
1691655333000,0.6853,0.6853,0.6853
1691655334000,0.6853,0.6853,0.6853
1691655335000,0.6853,0.6853,0.6853
1691655336000,0.6853,0.6853,0.6853
1691655337000,0.6853,0.6853,0.6853
1691655338000,0.6853,0.6853,0.6853
1691655339000,0.6853,0.6853,0.6853
1691655340000,0.6853,0.6853,0.6853
1691655341000,0.6854,0.6854,0.6854
1691655342000,0.6854,0.6854,0.6854
1691655343000,0.6854,0.6854,0.6854
1691655344000,0.6854,0.6854,0.6854
1691655345000,0.6854,0.6854,0.6854
1691655346000,0.6852,0.6852,0.6852
1691655347000,0.6852,0.6852,0.6852
1691655348000,0.6852,0.6852,0.6852
1691655349000,0.68510313,0.68510313,0.68510313
1691655350000,0.68510217,0.68510217,0.68510217
1691655351000,0.68510217,0.68510217,0.68510217
1691655352000,0.68510529,0.68510529,0.68510529
1691655353000,0.68510529,0.68510529,0.68510529
1691655354000,0.68510294,0.68510294,0.68510294
1691655355000,0.68510201,0.68510201,0.68510201
1691655356000,0.68510205,0.68510205,0.68510205
1691655357000,0.68510424,0.68510424,0.68510424
1691655358000,0.6852,0.6852,0.6852
1691655359000,0.6852,0.6852,0.6852
1691655360000,0.6852,0.6852,0.6852
1691655361000,0.6852,0.6852,0.6852
1691655362000,0.6852,0.6852,0.6852
1691655363000,0.6852,0.6852,0.6852
1691655364000,0.6852,0.6852,0.6852
1691655365000,0.6853,0.6853,0.6853
1691655366000,0.6853,0.6853,0.6853
1691655367000,0.6853,0.6853,0.6853
1691655368000,0.6853,0.6853,0.6853
1691655369000,0.6853,0.6853,0.6853
1691655370000,0.6853,0.6853,0.6853
1691655371000,0.6855,0.6855,0.6855
1691655372000,0.6853,0.6853,0.6853
1691655373000,0.6853,0.6853,0.6853
1691655374000,0.6853,0.6853,0.6853
1691655375000,0.6853,0.6853,0.6853
1691655376000,0.6853,0.6853,0.6853
1691655377000,0.6853,0.6853,0.6853
1691655378000,0.6853,0.6853,0.6853
1691655379000,0.6853,0.6853,0.6853
1691655380000,0.6853,0.6853,0.6853
1691655381000,0.6853,0.6853,0.6853
1691655382000,0.6853,0.6853,0.6853
1691655383000,0.6853,0.6853,0.6853
1691655384000,0.6852,0.6852,0.6852
1691655385000,0.6852,0.6852,0.6852
1691655386000,0.6853,0.6853,0.6853
1691655387000,0.6853,0.6853,0.6853
1691655388000,0.6852,0.6852,0.6852
1691655389000,0.6852,0.6852,0.6852
1691655390000,0.6852,0.6852,0.6852
1691655391000,0.6852,0.6852,0.6852
1691655392000,0.6852,0.6852,0.6852
1691655393000,0.6852,0.6852,0.6852
1691655394000,0.6852,0.6852,0.6852
1691655395000,0.6852,0.6852,0.6852
1691655396000,0.6852,0.6852,0.6852
1691655397000,0.6853,0.6853,0.6853
1691655398000,0.6853,0.6853,0.6853
1691655399000,0.6853,0.6853,0.6853
1691655400000,0.6853,0.6853,0.6853
1691655401000,0.6853,0.6853,0.6853
1691655402000,0.6853,0.6853,0.6853
1691655403000,0.6853,0.6853,0.6853
1691655404000,0.6853,0.6853,0.6853
1691655405000,0.68523907,0.68523907,0.68523907
1691655406000,0.6852,0.6852,0.6852
1691655407000,0.6852,0.6852,0.6852
1691655408000,0.6852,0.6852,0.6852
1691655409000,0.6852,0.6852,0.6852
1691655410000,0.6852,0.6852,0.6852
1691655411000,0.6852,0.6852,0.6852
1691655412000,0.6852,0.6852,0.6852
1691655413000,0.6852,0.6852,0.6852
1691655414000,0.6851857,0.6851857,0.6851857
1691655415000,0.68513253,0.68513253,0.68513253
1691655416000,0.68513164,0.68513164,0.68513164
1691655417000,0.68513164,0.68513164,0.68513164
1691655418000,0.6852,0.6852,0.6852
1691655419000,0.6852,0.6852,0.6852
1691655420000,0.6852,0.6852,0.6852
1691655421000,0.6852,0.6852,0.6852
1691655422000,0.6852,0.6852,0.6852
1691655423000,0.6853,0.6853,0.6853
1691655424000,0.6853,0.6853,0.6853
1691655425000,0.6853,0.6853,0.6853
1691655426000,0.6853,0.6853,0.6853
1691655427000,0.6853,0.6853,0.6853
1691655428000,0.6853,0.6853,0.6853
1691655429000,0.6853,0.6853,0.6853
1691655430000,0.6853,0.6853,0.6853
1691655431000,0.6853,0.6853,0.6853
1691655432000,0.6853,0.6853,0.6853
1691655433000,0.6853,0.6853,0.6853
1691655434000,0.6852,0.6852,0.6852
1691655435000,0.6852,0.6852,0.6852
1691655436000,0.68519844,0.68519844,0.68519844
1691655437000,0.6852,0.6852,0.6852
1691655438000,0.6852,0.6852,0.6852
1691655439000,0.6852,0.6852,0.6852
1691655440000,0.68520079,0.68520079,0.68520079
1691655441000,0.6852,0.6852,0.6852
1691655442000,0.68512436,0.68512436,0.68512436
1691655443000,0.68512436,0.68512436,0.68512436
1691655444000,0.68512528,0.68512528,0.68512528
1691655445000,0.68512298,0.68512298,0.68512298
1691655446000,0.68512298,0.68512298,0.68512298
1691655447000,0.68512301,0.68512301,0.68512301
1691655448000,0.68512072,0.68512072,0.68512072
1691655449000,0.68512038,0.68512038,0.68512038
1691655450000,0.68512031,0.68512031,0.68512031
1691655451000,0.68512031,0.68512031,0.68512031
1691655452000,0.68512027,0.68512027,0.68512027
1691655453000,0.68512027,0.68512027,0.68512027
1691655454000,0.68512031,0.68512031,0.68512031
1691655455000,0.68512078,0.68512078,0.68512078
1691655456000,0.68512078,0.68512078,0.68512078
1691655457000,0.68511986,0.68511986,0.68511986
1691655458000,0.68511986,0.68511986,0.68511986
1691655459000,0.68511986,0.68511986,0.68511986
1691655460000,0.6851,0.6851,0.6851
1691655461000,0.6851,0.6851,0.6851
1691655462000,0.6851,0.6851,0.6851
1691655463000,0.6851,0.6851,0.6851
1691655464000,0.6851,0.6851,0.6851
1691655465000,0.6851,0.6851,0.6851
1691655466000,0.6851,0.6851,0.6851
1691655467000,0.6851,0.6851,0.6851
1691655468000,0.6851,0.6851,0.6851
1691655469000,0.6851,0.6851,0.6851
1691655470000,0.6851,0.6851,0.6851
1691655471000,0.6851,0.6851,0.6851
1691655472000,0.685088,0.685088,0.685088
1691655473000,0.685088,0.685088,0.685088
1691655474000,0.685088,0.685088,0.685088
1691655475000,0.685088,0.685088,0.685088
1691655476000,0.68508686,0.68508686,0.68508686
1691655477000,0.68508686,0.68508686,0.68508686
1691655478000,0.68508686,0.68508686,0.68508686
1691655479000,0.68508779,0.68508779,0.68508779
1691655480000,0.68508779,0.68508779,0.68508779
1691655481000,0.6851,0.6851,0.6851
1691655482000,0.6851,0.6851,0.6851
1691655483000,0.6851,0.6851,0.6851
1691655484000,0.68513097,0.68513097,0.68513097
1691655485000,0.68513097,0.68513097,0.68513097
1691655486000,0.6851,0.6851,0.6851
1691655487000,0.6851,0.6851,0.6851
1691655488000,0.6851,0.6851,0.6851
1691655489000,0.6851,0.6851,0.6851
1691655490000,0.6851,0.6851,0.6851
1691655491000,0.6851,0.6851,0.6851
1691655492000,0.6851,0.6851,0.6851
1691655493000,0.6851,0.6851,0.6851
1691655494000,0.68501757,0.68501757,0.68501757
1691655495000,0.68501845,0.68501845,0.68501845
1691655496000,0.68501801,0.68501801,0.68501801
1691655497000,0.68501965,0.68501965,0.68501965
1691655498000,0.68501872,0.68501872,0.68501872
1691655499000,0.68506724,0.68506724,0.68506724
1691655500000,0.68506719,0.68506719,0.68506719
1691655501000,0.68506719,0.68506719,0.68506719
1691655502000,0.6851,0.6851,0.6851
1691655503000,0.6851,0.6851,0.6851
1691655504000,0.68506464,0.68506464,0.68506464
1691655505000,0.68501055,0.68501055,0.68501055
1691655506000,0.6849565,0.6849565,0.6849565
1691655507000,0.68495374,0.68495374,0.68495374
1691655508000,0.68495115,0.68495115,0.68495115
1691655509000,0.68495115,0.68495115,0.68495115
1691655510000,0.68495925,0.68495925,0.68495925
1691655511000,0.68495929,0.68495929,0.68495929
1691655512000,0.68495901,0.68495901,0.68495901
1691655513000,0.68490561,0.68490561,0.68490561
1691655514000,0.68490561,0.68490561,0.68490561
1691655515000,0.68490561,0.68490561,0.68490561
1691655516000,0.68490561,0.68490561,0.68490561
1691655517000,0.68490382,0.68490382,0.68490382
1691655518000,0.68490364,0.68490364,0.68490364
1691655519000,0.68490364,0.68490364,0.68490364
1691655520000,0.68490368,0.68490368,0.68490368
1691655521000,0.68490364,0.68490364,0.68490364
1691655522000,0.68490259,0.68490259,0.68490259
1691655523000,0.68490242,0.68490242,0.68490242
1691655524000,0.68490149,0.68490149,0.68490149
1691655525000,0.68490149,0.68490149,0.68490149
1691655526000,0.68490242,0.68490242,0.68490242
1691655527000,0.68475403,0.68475403,0.68475403
1691655528000,0.68475388,0.68475388,0.68475388
1691655529000,0.6847,0.6847,0.6847
1691655530000,0.68475388,0.68475388,0.68475388
1691655531000,0.6849,0.6849,0.6849
1691655532000,0.6849,0.6849,0.6849
1691655533000,0.6849,0.6849,0.6849
1691655534000,0.6849,0.6849,0.6849
1691655535000,0.6849,0.6849,0.6849
1691655536000,0.6849,0.6849,0.6849
1691655537000,0.6849,0.6849,0.6849
1691655538000,0.6849,0.6849,0.6849
1691655539000,0.6849,0.6849,0.6849
1691655540000,0.6849,0.6849,0.6849
1691655541000,0.6849,0.6849,0.6849
1691655542000,0.6849,0.6849,0.6849
1691655543000,0.6849,0.6849,0.6849
1691655544000,0.6849,0.6849,0.6849
1691655545000,0.6849,0.6849,0.6849
1691655546000,0.685,0.685,0.685
1691655547000,0.685,0.685,0.685
1691655548000,0.685,0.685,0.685
1691655549000,0.685,0.685,0.685
1691655550000,0.685,0.685,0.685
1691655551000,0.685,0.685,0.685
1691655552000,0.685,0.685,0.685
1691655553000,0.685,0.685,0.685
1691655554000,0.68492797,0.68492797,0.68492797
1691655555000,0.68492797,0.68492797,0.68492797
1691655556000,0.68492797,0.68492797,0.68492797
1691655557000,0.68492893,0.68492893,0.68492893
1691655558000,0.68492804,0.68492804,0.68492804
1691655559000,0.6849286,0.6849286,0.6849286
1691655560000,0.6849286,0.6849286,0.6849286
1691655561000,0.68492856,0.68492856,0.68492856
1691655562000,0.68492856,0.68492856,0.68492856
1691655563000,0.685,0.685,0.685
1691655564000,0.685,0.685,0.685
1691655565000,0.68492943,0.68492943,0.68492943
1691655566000,0.68492943,0.68492943,0.68492943
1691655567000,0.6849,0.6849,0.6849
1691655568000,0.6849,0.6849,0.6849
1691655569000,0.6849,0.6849,0.6849
1691655570000,0.6849,0.6849,0.6849
1691655571000,0.6849,0.6849,0.6849
1691655572000,0.6849,0.6849,0.6849
1691655573000,0.6849,0.6849,0.6849
1691655574000,0.6849,0.6849,0.6849
1691655575000,0.6849,0.6849,0.6849
1691655576000,0.6849,0.6849,0.6849
1691655577000,0.6849,0.6849,0.6849
1691655578000,0.6849,0.6849,0.6849
1691655579000,0.6849,0.6849,0.6849
1691655580000,0.6849,0.6849,0.6849
1691655581000,0.6849,0.6849,0.6849
1691655582000,0.6849,0.6849,0.6849
1691655583000,0.6849,0.6849,0.6849
1691655584000,0.6849,0.6849,0.6849
1691655585000,0.6849,0.6849,0.6849
1691655586000,0.6849,0.6849,0.6849
1691655587000,0.6849,0.6849,0.6849
1691655588000,0.6849,0.6849,0.6849
1691655589000,0.6849,0.6849,0.6849
1691655590000,0.6849,0.6849,0.6849
1691655591000,0.6849,0.6849,0.6849
1691655592000,0.6849,0.6849,0.6849
1691655593000,0.6849,0.6849,0.6849
1691655594000,0.6852,0.6852,0.6852
1691655595000,0.6851,0.6851,0.6851
1691655596000,0.6851,0.6851,0.6851
1691655597000,0.6851,0.6851,0.6851
1691655598000,0.6851,0.6851,0.6851
1691655599000,0.6851,0.6851,0.6851
1691655600000,0.6851,0.6851,0.6851
1691655601000,0.6851,0.6851,0.6851
1691655602000,0.68503389,0.68503389,0.68503389
1691655603000,0.6851,0.6851,0.6851
1691655604000,0.6851,0.6851,0.6851
1691655605000,0.6851,0.6851,0.6851
1691655606000,0.68503658,0.68503658,0.68503658
1691655607000,0.6852,0.6852,0.6852
1691655608000,0.6852,0.6852,0.6852
1691655609000,0.6852,0.6852,0.6852
1691655610000,0.6853,0.6853,0.6853
1691655611000,0.6853,0.6853,0.6853
1691655612000,0.6852,0.6852,0.6852
1691655613000,0.6852,0.6852,0.6852
1691655614000,0.6852,0.6852,0.6852
1691655615000,0.6852,0.6852,0.6852
1691655616000,0.6852,0.6852,0.6852
1691655617000,0.6852,0.6852,0.6852
1691655618000,0.6853,0.6853,0.6853
1691655619000,0.6853,0.6853,0.6853
1691655620000,0.6853,0.6853,0.6853
1691655621000,0.6853,0.6853,0.6853
1691655622000,0.6853,0.6853,0.6853
1691655623000,0.6853,0.6853,0.6853
1691655624000,0.6853,0.6853,0.6853
1691655625000,0.6853,0.6853,0.6853
1691655626000,0.6853,0.6853,0.6853
1691655627000,0.6853,0.6853,0.6853
1691655628000,0.6853,0.6853,0.6853
1691655629000,0.6853,0.6853,0.6853
1691655630000,0.6853,0.6853,0.6853
1691655631000,0.6853,0.6853,0.6853
1691655632000,0.6853,0.6853,0.6853
1691655633000,0.6853,0.6853,0.6853
1691655634000,0.6853,0.6853,0.6853
1691655635000,0.6853,0.6853,0.6853
1691655636000,0.6853,0.6853,0.6853
1691655637000,0.6853,0.6853,0.6853
1691655638000,0.6853,0.6853,0.6853
1691655639000,0.6853,0.6853,0.6853
1691655640000,0.6853,0.6853,0.6853
1691655641000,0.6853,0.6853,0.6853
1691655642000,0.6853,0.6853,0.6853
1691655643000,0.6854,0.6854,0.6854
1691655644000,0.6854,0.6854,0.6854
1691655645000,0.6854,0.6854,0.6854
1691655646000,0.6854,0.6854,0.6854
1691655647000,0.6854,0.6854,0.6854
1691655648000,0.6854,0.6854,0.6854
1691655649000,0.6854,0.6854,0.6854
1691655650000,0.6854,0.6854,0.6854
1691655651000,0.6854,0.6854,0.6854
1691655652000,0.68542672,0.68542672,0.68542672
1691655653000,0.68542672,0.68542672,0.68542672
1691655654000,0.68542676,0.68542676,0.68542676
1691655655000,0.6854,0.6854,0.6854
1691655656000,0.6854,0.6854,0.6854
1691655657000,0.6854,0.6854,0.6854
1691655658000,0.6854,0.6854,0.6854
1691655659000,0.6855,0.6855,0.6855
1691655660000,0.6854,0.6854,0.6854
1691655661000,0.6855,0.6855,0.6855
1691655662000,0.6855,0.6855,0.6855
1691655663000,0.6855,0.6855,0.6855
1691655664000,0.6855,0.6855,0.6855
1691655665000,0.6855,0.6855,0.6855
1691655666000,0.6855,0.6855,0.6855
1691655667000,0.6855,0.6855,0.6855
1691655668000,0.6855,0.6855,0.6855
1691655669000,0.6855,0.6855,0.6855
1691655670000,0.6854,0.6854,0.6854
1691655671000,0.6854,0.6854,0.6854
1691655672000,0.6854,0.6854,0.6854
1691655673000,0.6855,0.6855,0.6855
1691655674000,0.6855,0.6855,0.6855
1691655675000,0.6855,0.6855,0.6855
1691655676000,0.6855,0.6855,0.6855
1691655677000,0.6855,0.6855,0.6855
1691655678000,0.6855,0.6855,0.6855
1691655679000,0.6855,0.6855,0.6855
1691655680000,0.6855,0.6855,0.6855
1691655681000,0.6855,0.6855,0.6855
1691655682000,0.6855,0.6855,0.6855
1691655683000,0.6855,0.6855,0.6855
1691655684000,0.6855,0.6855,0.6855
1691655685000,0.6855,0.6855,0.6855
1691655686000,0.6855,0.6855,0.6855
1691655687000,0.6855,0.6855,0.6855
1691655688000,0.6855,0.6855,0.6855
1691655689000,0.6855,0.6855,0.6855
1691655690000,0.6855,0.6855,0.6855
1691655691000,0.6854,0.6854,0.6854
1691655692000,0.6855,0.6855,0.6855
1691655693000,0.6855,0.6855,0.6855
1691655694000,0.6855,0.6855,0.6855
1691655695000,0.6855,0.6855,0.6855
1691655696000,0.6856,0.6856,0.6856
1691655697000,0.6856,0.6856,0.6856
1691655698000,0.6856,0.6856,0.6856
1691655699000,0.6856,0.6856,0.6856
1691655700000,0.6856,0.6856,0.6856
1691655701000,0.6856,0.6856,0.6856
1691655702000,0.6856,0.6856,0.6856
1691655703000,0.6855,0.6855,0.6855
1691655704000,0.6855,0.6855,0.6855
1691655705000,0.6855,0.6855,0.6855
1691655706000,0.6855,0.6855,0.6855
1691655707000,0.6855,0.6855,0.6855
1691655708000,0.6855,0.6855,0.6855
1691655709000,0.6855,0.6855,0.6855
1691655710000,0.6855,0.6855,0.6855
1691655711000,0.6855,0.6855,0.6855
1691655712000,0.6855,0.6855,0.6855
1691655713000,0.6855,0.6855,0.6855
1691655714000,0.6855,0.6855,0.6855
1691655715000,0.6855,0.6855,0.6855
1691655716000,0.6855,0.6855,0.6855
1691655717000,0.6855,0.6855,0.6855
1691655718000,0.6855,0.6855,0.6855
1691655719000,0.6855,0.6855,0.6855
1691655720000,0.6855,0.6855,0.6855
1691655721000,0.6855,0.6855,0.6855
1691655722000,0.6855,0.6855,0.6855
1691655723000,0.6855,0.6855,0.6855
1691655724000,0.6855,0.6855,0.6855
1691655725000,0.6855,0.6855,0.6855
1691655726000,0.6854,0.6854,0.6854
1691655727000,0.6854,0.6854,0.6854
1691655728000,0.6854,0.6854,0.6854
1691655729000,0.68541124,0.68541124,0.68541124
1691655730000,0.68541297,0.68541297,0.68541297
1691655731000,0.6855,0.6855,0.6855
1691655732000,0.68541256,0.68541256,0.68541256
1691655733000,0.68541256,0.68541256,0.68541256
1691655734000,0.68541164,0.68541164,0.68541164
1691655735000,0.6855,0.6855,0.6855
1691655736000,0.6855,0.6855,0.6855
1691655737000,0.6855,0.6855,0.6855
1691655738000,0.6855,0.6855,0.6855
1691655739000,0.6855,0.6855,0.6855
1691655740000,0.6855,0.6855,0.6855
1691655741000,0.6855,0.6855,0.6855
1691655742000,0.6855,0.6855,0.6855
1691655743000,0.6855,0.6855,0.6855
1691655744000,0.6855,0.6855,0.6855
1691655745000,0.6855,0.6855,0.6855
1691655746000,0.6855,0.6855,0.6855
1691655747000,0.6855,0.6855,0.6855
1691655748000,0.6855,0.6855,0.6855
1691655749000,0.6855,0.6855,0.6855
1691655750000,0.6855,0.6855,0.6855
1691655751000,0.6855,0.6855,0.6855
1691655752000,0.6855,0.6855,0.6855
1691655753000,0.6855,0.6855,0.6855
1691655754000,0.6855,0.6855,0.6855
1691655755000,0.6855,0.6855,0.6855
1691655756000,0.6855,0.6855,0.6855
1691655757000,0.6855,0.6855,0.6855
1691655758000,0.6855,0.6855,0.6855
1691655759000,0.6855,0.6855,0.6855
1691655760000,0.68551154,0.68551154,0.68551154
1691655761000,0.68551387,0.68551387,0.68551387
1691655762000,0.68551479,0.68551479,0.68551479
1691655763000,0.6856,0.6856,0.6856
1691655764000,0.6856,0.6856,0.6856
1691655765000,0.6856,0.6856,0.6856
1691655766000,0.6856,0.6856,0.6856
1691655767000,0.6856,0.6856,0.6856
1691655768000,0.6856,0.6856,0.6856
1691655769000,0.68558054,0.68558054,0.68558054
1691655770000,0.6856,0.6856,0.6856
1691655771000,0.6856,0.6856,0.6856
1691655772000,0.6856,0.6856,0.6856
1691655773000,0.6856,0.6856,0.6856
1691655774000,0.6856,0.6856,0.6856
1691655775000,0.6856,0.6856,0.6856
1691655776000,0.6855825,0.6855825,0.6855825
1691655777000,0.68558451,0.68558451,0.68558451
1691655778000,0.68558468,0.68558468,0.68558468
1691655779000,0.6856,0.6856,0.6856
1691655780000,0.6856,0.6856,0.6856
1691655781000,0.6856,0.6856,0.6856
1691655782000,0.6856003,0.6856003,0.6856003
1691655783000,0.68560068,0.68560068,0.68560068
1691655784000,0.68560068,0.68560068,0.68560068
1691655785000,0.68560148,0.68560148,0.68560148
1691655786000,0.68560148,0.68560148,0.68560148
1691655787000,0.6856,0.6856,0.6856
1691655788000,0.6856,0.6856,0.6856
1691655789000,0.68560193,0.68560193,0.68560193
1691655790000,0.6856019,0.6856019,0.6856019
1691655791000,0.6856019,0.6856019,0.6856019
1691655792000,0.6856019,0.6856019,0.6856019
1691655793000,0.68560302,0.68560302,0.68560302
1691655794000,0.68560302,0.68560302,0.68560302
1691655795000,0.68560222,0.68560222,0.68560222
1691655796000,0.68560222,0.68560222,0.68560222
1691655797000,0.68560222,0.68560222,0.68560222
1691655798000,0.68560008,0.68560008,0.68560008
1691655799000,0.68560008,0.68560008,0.68560008
1691655800000,0.68560008,0.68560008,0.68560008
1691655801000,0.68560011,0.68560011,0.68560011
1691655802000,0.6857,0.6857,0.6857
1691655803000,0.6858,0.6858,0.6858
1691655804000,0.6858,0.6858,0.6858
1691655805000,0.6858,0.6858,0.6858
1691655806000,0.6858,0.6858,0.6858
1691655807000,0.6858,0.6858,0.6858
1691655808000,0.6858,0.6858,0.6858
1691655809000,0.6858,0.6858,0.6858
1691655810000,0.6858,0.6858,0.6858
1691655811000,0.6858,0.6858,0.6858
1691655812000,0.6858,0.6858,0.6858
1691655813000,0.6859,0.6859,0.6859
1691655814000,0.6859,0.6859,0.6859
1691655815000,0.68581277,0.68581277,0.68581277
1691655816000,0.68581277,0.68581277,0.68581277
1691655817000,0.68581277,0.68581277,0.68581277
1691655818000,0.6859,0.6859,0.6859
1691655819000,0.6859,0.6859,0.6859
1691655820000,0.686,0.686,0.686
1691655821000,0.686,0.686,0.686
1691655822000,0.686,0.686,0.686
1691655823000,0.6861,0.6861,0.6861
1691655824000,0.686,0.686,0.686
1691655825000,0.686,0.686,0.686
1691655826000,0.686,0.686,0.686
1691655827000,0.686,0.686,0.686
1691655828000,0.686,0.686,0.686
1691655829000,0.686,0.686,0.686
1691655830000,0.686,0.686,0.686
1691655831000,0.6859,0.6859,0.6859
1691655832000,0.686,0.686,0.686
1691655833000,0.686,0.686,0.686
1691655834000,0.686,0.686,0.686
1691655835000,0.686,0.686,0.686
1691655836000,0.686,0.686,0.686
1691655837000,0.686,0.686,0.686
1691655838000,0.686,0.686,0.686
1691655839000,0.686,0.686,0.686
1691655840000,0.686,0.686,0.686
1691655841000,0.686,0.686,0.686
1691655842000,0.686,0.686,0.686
1691655843000,0.686,0.686,0.686
1691655844000,0.686,0.686,0.686
1691655845000,0.686,0.686,0.686
1691655846000,0.686,0.686,0.686
1691655847000,0.686,0.686,0.686
1691655848000,0.686,0.686,0.686
1691655849000,0.686,0.686,0.686
1691655850000,0.686,0.686,0.686
1691655851000,0.6859,0.6859,0.6859
1691655852000,0.6859,0.6859,0.6859
1691655853000,0.686,0.686,0.686
1691655854000,0.686,0.686,0.686
1691655855000,0.686,0.686,0.686
1691655856000,0.686,0.686,0.686
1691655857000,0.686,0.686,0.686
1691655858000,0.686,0.686,0.686
1691655859000,0.686,0.686,0.686
1691655860000,0.686,0.686,0.686
1691655861000,0.686,0.686,0.686
1691655862000,0.686,0.686,0.686
1691655863000,0.686,0.686,0.686
1691655864000,0.686,0.686,0.686
1691655865000,0.686,0.686,0.686
1691655866000,0.686,0.686,0.686
1691655867000,0.686,0.686,0.686
1691655868000,0.686,0.686,0.686
1691655869000,0.686,0.686,0.686
1691655870000,0.686,0.686,0.686
1691655871000,0.686,0.686,0.686
1691655872000,0.686,0.686,0.686
1691655873000,0.686,0.686,0.686
1691655874000,0.686,0.686,0.686
1691655875000,0.686,0.686,0.686
1691655876000,0.686,0.686,0.686
1691655877000,0.686,0.686,0.686
1691655878000,0.686,0.686,0.686
1691655879000,0.686,0.686,0.686
1691655880000,0.686,0.686,0.686
1691655881000,0.686,0.686,0.686
1691655882000,0.686,0.686,0.686
1691655883000,0.686,0.686,0.686
1691655884000,0.686,0.686,0.686
1691655885000,0.686,0.686,0.686
1691655886000,0.686,0.686,0.686
1691655887000,0.686,0.686,0.686
1691655888000,0.686,0.686,0.686
1691655889000,0.686,0.686,0.686
1691655890000,0.686,0.686,0.686
1691655891000,0.686,0.686,0.686
1691655892000,0.686,0.686,0.686
1691655893000,0.686,0.686,0.686
1691655894000,0.686,0.686,0.686
1691655895000,0.686,0.686,0.686
1691655896000,0.686,0.686,0.686
1691655897000,0.686,0.686,0.686
1691655898000,0.686,0.686,0.686
1691655899000,0.686,0.686,0.686
1691655900000,0.686,0.686,0.686
1691655901000,0.686,0.686,0.686
1691655902000,0.686,0.686,0.686
1691655903000,0.686,0.686,0.686
1691655904000,0.686,0.686,0.686
1691655905000,0.686,0.686,0.686
1691655906000,0.686,0.686,0.686
1691655907000,0.686,0.686,0.686
1691655908000,0.68594487,0.68594487,0.68594487
1691655909000,0.68594487,0.68594487,0.68594487
1691655910000,0.686,0.686,0.686
1691655911000,0.686,0.686,0.686
1691655912000,0.686,0.686,0.686
1691655913000,0.686,0.686,0.686
1691655914000,0.686,0.686,0.686
1691655915000,0.686,0.686,0.686
1691655916000,0.686,0.686,0.686
1691655917000,0.686,0.686,0.686
1691655918000,0.68590687,0.68590687,0.68590687
1691655919000,0.68590687,0.68590687,0.68590687
1691655920000,0.68590653,0.68590653,0.68590653
1691655921000,0.68590287,0.68590287,0.68590287
1691655922000,0.68590011,0.68590011,0.68590011
1691655923000,0.68590011,0.68590011,0.68590011
1691655924000,0.68590011,0.68590011,0.68590011
1691655925000,0.6858854,0.6858854,0.6858854
1691655926000,0.68588591,0.68588591,0.68588591
1691655927000,0.68588374,0.68588374,0.68588374
1691655928000,0.68582248,0.68582248,0.68582248
1691655929000,0.68582328,0.68582328,0.68582328
1691655930000,0.68582245,0.68582245,0.68582245
1691655931000,0.68582245,0.68582245,0.68582245
1691655932000,0.68583511,0.68583511,0.68583511
1691655933000,0.68583569,0.68583569,0.68583569
1691655934000,0.68582333,0.68582333,0.68582333
1691655935000,0.68582333,0.68582333,0.68582333
1691655936000,0.68582333,0.68582333,0.68582333
1691655937000,0.68586827,0.68586827,0.68586827
1691655938000,0.68585319,0.68585319,0.68585319
1691655939000,0.68585319,0.68585319,0.68585319
1691655940000,0.68580648,0.68580648,0.68580648
1691655941000,0.68580648,0.68580648,0.68580648
1691655942000,0.68580648,0.68580648,0.68580648
1691655943000,0.68580368,0.68580368,0.68580368
1691655944000,0.68580448,0.68580448,0.68580448
1691655945000,0.68580444,0.68580444,0.68580444
1691655946000,0.68580368,0.68580368,0.68580368
1691655947000,0.68580399,0.68580399,0.68580399
1691655948000,0.68579435,0.68579435,0.68579435
1691655949000,0.68579355,0.68579355,0.68579355
1691655950000,0.68579355,0.68579355,0.68579355
1691655951000,0.68573309,0.68573309,0.68573309
1691655952000,0.68573309,0.68573309,0.68573309
1691655953000,0.68572986,0.68572986,0.68572986
1691655954000,0.68572983,0.68572983,0.68572983
1691655955000,0.68567471,0.68567471,0.68567471
1691655956000,0.68567471,0.68567471,0.68567471
1691655957000,0.68567384,0.68567384,0.68567384
1691655958000,0.68567384,0.68567384,0.68567384
1691655959000,0.68567334,0.68567334,0.68567334
1691655960000,0.6857,0.6857,0.6857
1691655961000,0.6857,0.6857,0.6857
1691655962000,0.6857,0.6857,0.6857
1691655963000,0.68571975,0.68571975,0.68571975
1691655964000,0.68571927,0.68571927,0.68571927
1691655965000,0.68572004,0.68572004,0.68572004
1691655966000,0.68571924,0.68571924,0.68571924
1691655967000,0.68571875,0.68571875,0.68571875
1691655968000,0.68571875,0.68571875,0.68571875
1691655969000,0.68571664,0.68571664,0.68571664
1691655970000,0.6857166,0.6857166,0.6857166
1691655971000,0.6857166,0.6857166,0.6857166
1691655972000,0.6857166,0.6857166,0.6857166
1691655973000,0.6857174,0.6857174,0.6857174
1691655974000,0.6857153,0.6857153,0.6857153
1691655975000,0.68572148,0.68572148,0.68572148
1691655976000,0.6858,0.6858,0.6858
1691655977000,0.6858,0.6858,0.6858
1691655978000,0.6858,0.6858,0.6858
1691655979000,0.6858,0.6858,0.6858
1691655980000,0.6859,0.6859,0.6859
1691655981000,0.6858,0.6858,0.6858
1691655982000,0.6858,0.6858,0.6858
1691655983000,0.6858,0.6858,0.6858
1691655984000,0.6858,0.6858,0.6858
1691655985000,0.6858,0.6858,0.6858
1691655986000,0.6858,0.6858,0.6858
1691655987000,0.6858,0.6858,0.6858
1691655988000,0.6858,0.6858,0.6858
1691655989000,0.6859,0.6859,0.6859
1691655990000,0.6859,0.6859,0.6859
1691655991000,0.6859,0.6859,0.6859
1691655992000,0.6859,0.6859,0.6859
1691655993000,0.6859,0.6859,0.6859
1691655994000,0.6859,0.6859,0.6859
1691655995000,0.6859,0.6859,0.6859
1691655996000,0.6859,0.6859,0.6859
1691655997000,0.6859,0.6859,0.6859
1691655998000,0.686,0.686,0.686
1691655999000,0.686,0.686,0.686
1691656000000,0.686,0.686,0.686
1691656001000,0.686,0.686,0.686
1691656002000,0.686,0.686,0.686
1691656003000,0.6861,0.6861,0.6861
1691656004000,0.6861,0.6861,0.6861
1691656005000,0.6862,0.6862,0.6862
1691656006000,0.6862,0.6862,0.6862
1691656007000,0.6861,0.6861,0.6861
1691656008000,0.686,0.686,0.686
1691656009000,0.686,0.686,0.686
1691656010000,0.686,0.686,0.686
1691656011000,0.686,0.686,0.686
1691656012000,0.686,0.686,0.686
1691656013000,0.686,0.686,0.686
1691656014000,0.686,0.686,0.686
1691656015000,0.686,0.686,0.686
1691656016000,0.686,0.686,0.686
1691656017000,0.686,0.686,0.686
1691656018000,0.686,0.686,0.686
1691656019000,0.686,0.686,0.686
1691656020000,0.686,0.686,0.686
1691656021000,0.686,0.686,0.686
1691656022000,0.686,0.686,0.686
1691656023000,0.68593928,0.68593928,0.68593928
1691656024000,0.686,0.686,0.686
1691656025000,0.686,0.686,0.686
1691656026000,0.686,0.686,0.686
1691656027000,0.686,0.686,0.686
1691656028000,0.686,0.686,0.686
1691656029000,0.686,0.686,0.686
1691656030000,0.686,0.686,0.686
1691656031000,0.686,0.686,0.686
1691656032000,0.6859,0.6859,0.6859
1691656033000,0.6859,0.6859,0.6859
1691656034000,0.6859,0.6859,0.6859
1691656035000,0.6859,0.6859,0.6859
1691656036000,0.6859,0.6859,0.6859
1691656037000,0.6859,0.6859,0.6859
1691656038000,0.6859,0.6859,0.6859
1691656039000,0.6859,0.6859,0.6859
1691656040000,0.6859,0.6859,0.6859
1691656041000,0.6859,0.6859,0.6859
1691656042000,0.686,0.686,0.686
1691656043000,0.686,0.686,0.686
1691656044000,0.686,0.686,0.686
1691656045000,0.686,0.686,0.686
1691656046000,0.686,0.686,0.686
1691656047000,0.686,0.686,0.686
1691656048000,0.686,0.686,0.686
1691656049000,0.686,0.686,0.686
1691656050000,0.686,0.686,0.686
1691656051000,0.686,0.686,0.686
1691656052000,0.686,0.686,0.686
1691656053000,0.686,0.686,0.686
1691656054000,0.686,0.686,0.686
1691656055000,0.686,0.686,0.686
1691656056000,0.686,0.686,0.686
1691656057000,0.686,0.686,0.686
1691656058000,0.686,0.686,0.686
1691656059000,0.686,0.686,0.686
1691656060000,0.686,0.686,0.686
1691656061000,0.686,0.686,0.686
1691656062000,0.686,0.686,0.686
1691656063000,0.686,0.686,0.686
1691656064000,0.686,0.686,0.686
1691656065000,0.686,0.686,0.686
1691656066000,0.68590637,0.68590637,0.68590637
1691656067000,0.6859,0.6859,0.6859
1691656068000,0.6859,0.6859,0.6859
1691656069000,0.6859,0.6859,0.6859
1691656070000,0.6859,0.6859,0.6859
1691656071000,0.6859,0.6859,0.6859
1691656072000,0.6859,0.6859,0.6859
1691656073000,0.6859,0.6859,0.6859
1691656074000,0.6859,0.6859,0.6859
1691656075000,0.6859,0.6859,0.6859
1691656076000,0.6859,0.6859,0.6859
1691656077000,0.6859,0.6859,0.6859
1691656078000,0.686,0.686,0.686
1691656079000,0.686,0.686,0.686
1691656080000,0.686,0.686,0.686
1691656081000,0.686,0.686,0.686
1691656082000,0.686,0.686,0.686
1691656083000,0.686,0.686,0.686
1691656084000,0.686,0.686,0.686
1691656085000,0.6861,0.6861,0.6861
1691656086000,0.6861,0.6861,0.6861
1691656087000,0.6861,0.6861,0.6861
1691656088000,0.68615458,0.68615458,0.68615458
1691656089000,0.68615366,0.68615366,0.68615366
1691656090000,0.68615277,0.68615277,0.68615277
1691656091000,0.68615277,0.68615277,0.68615277
1691656092000,0.6861,0.6861,0.6861
1691656093000,0.6861,0.6861,0.6861
1691656094000,0.6861,0.6861,0.6861
1691656095000,0.6861,0.6861,0.6861
1691656096000,0.6861,0.6861,0.6861
1691656097000,0.6861,0.6861,0.6861
1691656098000,0.6862,0.6862,0.6862
1691656099000,0.6862,0.6862,0.6862
1691656100000,0.6862,0.6862,0.6862
1691656101000,0.6862,0.6862,0.6862
1691656102000,0.6861,0.6861,0.6861
1691656103000,0.6861,0.6861,0.6861
1691656104000,0.6861,0.6861,0.6861
1691656105000,0.6861,0.6861,0.6861
1691656106000,0.6861,0.6861,0.6861
1691656107000,0.6861,0.6861,0.6861
1691656108000,0.6861,0.6861,0.6861
1691656109000,0.6861,0.6861,0.6861
1691656110000,0.6861,0.6861,0.6861
1691656111000,0.6861,0.6861,0.6861
1691656112000,0.6861,0.6861,0.6861
1691656113000,0.6861,0.6861,0.6861
1691656114000,0.6862,0.6862,0.6862
1691656115000,0.6862,0.6862,0.6862
1691656116000,0.6861,0.6861,0.6861
1691656117000,0.6861,0.6861,0.6861
1691656118000,0.6861,0.6861,0.6861
1691656119000,0.6861,0.6861,0.6861
1691656120000,0.6862,0.6862,0.6862
1691656121000,0.6862,0.6862,0.6862
1691656122000,0.6862,0.6862,0.6862
1691656123000,0.6862,0.6862,0.6862
1691656124000,0.6862,0.6862,0.6862
1691656125000,0.6862,0.6862,0.6862
1691656126000,0.6862,0.6862,0.6862
1691656127000,0.6862,0.6862,0.6862
1691656128000,0.6862,0.6862,0.6862
1691656129000,0.6862,0.6862,0.6862
1691656130000,0.6861,0.6861,0.6861
1691656131000,0.6861,0.6861,0.6861
1691656132000,0.6861,0.6861,0.6861
1691656133000,0.6861,0.6861,0.6861
1691656134000,0.6861,0.6861,0.6861
1691656135000,0.6861,0.6861,0.6861
1691656136000,0.6861,0.6861,0.6861
1691656137000,0.68614835,0.68614835,0.68614835
1691656138000,0.68614835,0.68614835,0.68614835
1691656139000,0.68614835,0.68614835,0.68614835
1691656140000,0.68614678,0.68614678,0.68614678
1691656141000,0.6862,0.6862,0.6862
1691656142000,0.6862,0.6862,0.6862
1691656143000,0.6862,0.6862,0.6862
1691656144000,0.68620586,0.68620586,0.68620586
1691656145000,0.68620669,0.68620669,0.68620669
1691656146000,0.68620669,0.68620669,0.68620669
1691656147000,0.6862,0.6862,0.6862
1691656148000,0.6862,0.6862,0.6862
1691656149000,0.6862,0.6862,0.6862
1691656150000,0.6863,0.6863,0.6863
1691656151000,0.6863,0.6863,0.6863
1691656152000,0.6863,0.6863,0.6863
1691656153000,0.6863,0.6863,0.6863
1691656154000,0.6863,0.6863,0.6863
1691656155000,0.6863,0.6863,0.6863
1691656156000,0.6862,0.6862,0.6862
1691656157000,0.6862,0.6862,0.6862
1691656158000,0.6862,0.6862,0.6862
1691656159000,0.6862,0.6862,0.6862
1691656160000,0.6862,0.6862,0.6862
1691656161000,0.6862,0.6862,0.6862
1691656162000,0.6863,0.6863,0.6863
1691656163000,0.6863,0.6863,0.6863
1691656164000,0.6863,0.6863,0.6863
1691656165000,0.6863,0.6863,0.6863
1691656166000,0.6863,0.6863,0.6863
1691656167000,0.6863,0.6863,0.6863
1691656168000,0.6863,0.6863,0.6863
1691656169000,0.6863,0.6863,0.6863
1691656170000,0.6863,0.6863,0.6863
1691656171000,0.6863,0.6863,0.6863
1691656172000,0.6863,0.6863,0.6863
1691656173000,0.6862,0.6862,0.6862
1691656174000,0.6862,0.6862,0.6862
1691656175000,0.6863,0.6863,0.6863
1691656176000,0.6863,0.6863,0.6863
1691656177000,0.6863,0.6863,0.6863
1691656178000,0.6863,0.6863,0.6863
1691656179000,0.6863,0.6863,0.6863
1691656180000,0.6862,0.6862,0.6862
1691656181000,0.6862,0.6862,0.6862
1691656182000,0.6862,0.6862,0.6862
1691656183000,0.6862,0.6862,0.6862
1691656184000,0.6863,0.6863,0.6863
1691656185000,0.6863,0.6863,0.6863
1691656186000,0.68633299,0.68633299,0.68633299
1691656187000,0.68633543,0.68633543,0.68633543
1691656188000,0.6864,0.6864,0.6864
1691656189000,0.6864,0.6864,0.6864
1691656190000,0.6864,0.6864,0.6864
1691656191000,0.6864,0.6864,0.6864
1691656192000,0.6864,0.6864,0.6864
1691656193000,0.6864,0.6864,0.6864
1691656194000,0.6864,0.6864,0.6864
1691656195000,0.6864,0.6864,0.6864
1691656196000,0.68634083,0.68634083,0.68634083
1691656197000,0.68633953,0.68633953,0.68633953
1691656198000,0.68633836,0.68633836,0.68633836
1691656199000,0.68633836,0.68633836,0.68633836
1691656200000,0.68633832,0.68633832,0.68633832
1691656201000,0.68633836,0.68633836,0.68633836
1691656202000,0.68633889,0.68633889,0.68633889
1691656203000,0.68633889,0.68633889,0.68633889
1691656204000,0.68633925,0.68633925,0.68633925
1691656205000,0.68633925,0.68633925,0.68633925
1691656206000,0.68634318,0.68634318,0.68634318
1691656207000,0.6863468,0.6863468,0.6863468
1691656208000,0.68640077,0.68640077,0.68640077
1691656209000,0.68640077,0.68640077,0.68640077
1691656210000,0.68640077,0.68640077,0.68640077
1691656211000,0.68635583,0.68635583,0.68635583
1691656212000,0.6865,0.6865,0.6865
1691656213000,0.6864,0.6864,0.6864
1691656214000,0.6864,0.6864,0.6864
1691656215000,0.6865,0.6865,0.6865
1691656216000,0.6864,0.6864,0.6864
1691656217000,0.6864,0.6864,0.6864
1691656218000,0.6864,0.6864,0.6864
1691656219000,0.6866,0.6866,0.6866
1691656220000,0.6866,0.6866,0.6866
1691656221000,0.6866,0.6866,0.6866
1691656222000,0.6867,0.6867,0.6867
1691656223000,0.6867,0.6867,0.6867
1691656224000,0.6867,0.6867,0.6867
1691656225000,0.6867,0.6867,0.6867
1691656226000,0.6867,0.6867,0.6867
1691656227000,0.6866,0.6866,0.6866
1691656228000,0.6866,0.6866,0.6866
1691656229000,0.6866,0.6866,0.6866
1691656230000,0.68659864,0.68659864,0.68659864
1691656231000,0.68654552,0.68654552,0.68654552
1691656232000,0.68654548,0.68654548,0.68654548
1691656233000,0.68654548,0.68654548,0.68654548
1691656234000,0.68654409,0.68654409,0.68654409
1691656235000,0.68654409,0.68654409,0.68654409
1691656236000,0.68654409,0.68654409,0.68654409
1691656237000,0.68654409,0.68654409,0.68654409
1691656238000,0.68654409,0.68654409,0.68654409
1691656239000,0.68654613,0.68654613,0.68654613
1691656240000,0.6865,0.6865,0.6865
1691656241000,0.68649164,0.68649164,0.68649164
1691656242000,0.68649164,0.68649164,0.68649164
1691656243000,0.68649257,0.68649257,0.68649257
1691656244000,0.68649526,0.68649526,0.68649526
1691656245000,0.6864927,0.6864927,0.6864927
1691656246000,0.68643865,0.68643865,0.68643865
1691656247000,0.68643865,0.68643865,0.68643865
1691656248000,0.68643768,0.68643768,0.68643768
1691656249000,0.68643874,0.68643874,0.68643874
1691656250000,0.68643797,0.68643797,0.68643797
1691656251000,0.6864389,0.6864389,0.6864389
1691656252000,0.68643797,0.68643797,0.68643797
1691656253000,0.68643797,0.68643797,0.68643797
1691656254000,0.68643839,0.68643839,0.68643839
1691656255000,0.68643839,0.68643839,0.68643839
1691656256000,0.68643839,0.68643839,0.68643839
1691656257000,0.68643839,0.68643839,0.68643839
1691656258000,0.68643839,0.68643839,0.68643839
1691656259000,0.68643925,0.68643925,0.68643925
1691656260000,0.68643893,0.68643893,0.68643893
1691656261000,0.68632721,0.68632721,0.68632721
1691656262000,0.6864,0.6864,0.6864
1691656263000,0.6864,0.6864,0.6864
1691656264000,0.6864,0.6864,0.6864
1691656265000,0.6864,0.6864,0.6864
1691656266000,0.6864,0.6864,0.6864
1691656267000,0.68632334,0.68632334,0.68632334
1691656268000,0.68632427,0.68632427,0.68632427
1691656269000,0.68632427,0.68632427,0.68632427
1691656270000,0.68632766,0.68632766,0.68632766
1691656271000,0.68632673,0.68632673,0.68632673
1691656272000,0.68638075,0.68638075,0.68638075
1691656273000,0.68638075,0.68638075,0.68638075
1691656274000,0.68638075,0.68638075,0.68638075
1691656275000,0.6863826,0.6863826,0.6863826
1691656276000,0.6863826,0.6863826,0.6863826
1691656277000,0.68643666,0.68643666,0.68643666
1691656278000,0.68643666,0.68643666,0.68643666
1691656279000,0.68643167,0.68643167,0.68643167
1691656280000,0.68632417,0.68632417,0.68632417
1691656281000,0.68637733,0.68637733,0.68637733
1691656282000,0.68637733,0.68637733,0.68637733
1691656283000,0.68637733,0.68637733,0.68637733
1691656284000,0.68637733,0.68637733,0.68637733
1691656285000,0.6864,0.6864,0.6864
1691656286000,0.68637847,0.68637847,0.68637847
1691656287000,0.68637754,0.68637754,0.68637754
1691656288000,0.68637754,0.68637754,0.68637754
1691656289000,0.68637751,0.68637751,0.68637751
1691656290000,0.68637718,0.68637718,0.68637718
1691656291000,0.68637681,0.68637681,0.68637681
1691656292000,0.68637677,0.68637677,0.68637677
1691656293000,0.68637677,0.68637677,0.68637677
1691656294000,0.68632179,0.68632179,0.68632179
1691656295000,0.68632138,0.68632138,0.68632138
1691656296000,0.68631995,0.68631995,0.68631995
1691656297000,0.68631999,0.68631999,0.68631999
1691656298000,0.68632092,0.68632092,0.68632092
1691656299000,0.68632092,0.68632092,0.68632092
1691656300000,0.68632015,0.68632015,0.68632015
1691656301000,0.6864,0.6864,0.6864
1691656302000,0.6864,0.6864,0.6864
1691656303000,0.6864,0.6864,0.6864
1691656304000,0.6864,0.6864,0.6864
1691656305000,0.6864,0.6864,0.6864
1691656306000,0.6864,0.6864,0.6864
1691656307000,0.6864,0.6864,0.6864
1691656308000,0.6864,0.6864,0.6864
1691656309000,0.6864,0.6864,0.6864
1691656310000,0.6864,0.6864,0.6864
1691656311000,0.68631971,0.68631971,0.68631971
1691656312000,0.68631971,0.68631971,0.68631971
1691656313000,0.6863206,0.6863206,0.6863206
1691656314000,0.68631971,0.68631971,0.68631971
1691656315000,0.68631971,0.68631971,0.68631971
1691656316000,0.68631817,0.68631817,0.68631817
1691656317000,0.68631776,0.68631776,0.68631776
1691656318000,0.68631776,0.68631776,0.68631776
1691656319000,0.6863,0.6863,0.6863
1691656320000,0.68626371,0.68626371,0.68626371
1691656321000,0.68625313,0.68625313,0.68625313
1691656322000,0.68625197,0.68625197,0.68625197
1691656323000,0.6862529,0.6862529,0.6862529
1691656324000,0.68625286,0.68625286,0.68625286
1691656325000,0.68625286,0.68625286,0.68625286
1691656326000,0.68622043,0.68622043,0.68622043
1691656327000,0.6863,0.6863,0.6863
1691656328000,0.68622587,0.68622587,0.68622587
1691656329000,0.68627992,0.68627992,0.68627992
1691656330000,0.686279,0.686279,0.686279
1691656331000,0.6864,0.6864,0.6864
1691656332000,0.6864,0.6864,0.6864
1691656333000,0.6864,0.6864,0.6864
1691656334000,0.6864,0.6864,0.6864
1691656335000,0.6864,0.6864,0.6864
1691656336000,0.6864,0.6864,0.6864
1691656337000,0.6864,0.6864,0.6864
1691656338000,0.6863,0.6863,0.6863
1691656339000,0.6863,0.6863,0.6863
1691656340000,0.6863,0.6863,0.6863
1691656341000,0.6864,0.6864,0.6864
1691656342000,0.6864,0.6864,0.6864
1691656343000,0.6864,0.6864,0.6864
1691656344000,0.6864,0.6864,0.6864
1691656345000,0.6864,0.6864,0.6864
1691656346000,0.6864,0.6864,0.6864
1691656347000,0.6864,0.6864,0.6864
1691656348000,0.6864,0.6864,0.6864
1691656349000,0.6864,0.6864,0.6864
1691656350000,0.6864,0.6864,0.6864
1691656351000,0.6864,0.6864,0.6864
1691656352000,0.6864,0.6864,0.6864
1691656353000,0.6864,0.6864,0.6864
1691656354000,0.6864,0.6864,0.6864
1691656355000,0.6864,0.6864,0.6864
1691656356000,0.6864,0.6864,0.6864
1691656357000,0.6865,0.6865,0.6865
1691656358000,0.6865,0.6865,0.6865
1691656359000,0.6865,0.6865,0.6865
1691656360000,0.6865,0.6865,0.6865
1691656361000,0.6865,0.6865,0.6865
1691656362000,0.6864,0.6864,0.6864
1691656363000,0.6864,0.6864,0.6864
1691656364000,0.6864,0.6864,0.6864
1691656365000,0.6864,0.6864,0.6864
1691656366000,0.6864,0.6864,0.6864
1691656367000,0.6864,0.6864,0.6864
1691656368000,0.6864,0.6864,0.6864
1691656369000,0.6864,0.6864,0.6864
1691656370000,0.6864,0.6864,0.6864
1691656371000,0.6864,0.6864,0.6864
1691656372000,0.6864,0.6864,0.6864
1691656373000,0.6864,0.6864,0.6864
1691656374000,0.6863,0.6863,0.6863
1691656375000,0.6863,0.6863,0.6863
1691656376000,0.6863,0.6863,0.6863
1691656377000,0.6863,0.6863,0.6863
1691656378000,0.6863,0.6863,0.6863
1691656379000,0.6863,0.6863,0.6863
1691656380000,0.68633354,0.68633354,0.68633354
1691656381000,0.6864,0.6864,0.6864
1691656382000,0.6864,0.6864,0.6864
1691656383000,0.6865,0.6865,0.6865
1691656384000,0.6865,0.6865,0.6865
1691656385000,0.6865,0.6865,0.6865
1691656386000,0.6865,0.6865,0.6865
1691656387000,0.6865,0.6865,0.6865
1691656388000,0.6865,0.6865,0.6865
1691656389000,0.6865,0.6865,0.6865
1691656390000,0.6865,0.6865,0.6865
1691656391000,0.6864,0.6864,0.6864
1691656392000,0.6864,0.6864,0.6864
1691656393000,0.6864,0.6864,0.6864
1691656394000,0.6864,0.6864,0.6864
1691656395000,0.6865,0.6865,0.6865
1691656396000,0.68635728,0.68635728,0.68635728
1691656397000,0.68635728,0.68635728,0.68635728
1691656398000,0.68635728,0.68635728,0.68635728
1691656399000,0.68635472,0.68635472,0.68635472
1691656400000,0.68635765,0.68635765,0.68635765
1691656401000,0.68635861,0.68635861,0.68635861
1691656402000,0.68635861,0.68635861,0.68635861
1691656403000,0.68635861,0.68635861,0.68635861
1691656404000,0.68635813,0.68635813,0.68635813
1691656405000,0.6863565,0.6863565,0.6863565
1691656406000,0.68635647,0.68635647,0.68635647
1691656407000,0.68635647,0.68635647,0.68635647
1691656408000,0.68635647,0.68635647,0.68635647
1691656409000,0.68635622,0.68635622,0.68635622
1691656410000,0.68635374,0.68635374,0.68635374
1691656411000,0.68635374,0.68635374,0.68635374
1691656412000,0.68635374,0.68635374,0.68635374
1691656413000,0.68635289,0.68635289,0.68635289
1691656414000,0.68635196,0.68635196,0.68635196
1691656415000,0.68635039,0.68635039,0.68635039
1691656416000,0.68635039,0.68635039,0.68635039
1691656417000,0.68635035,0.68635035,0.68635035
1691656418000,0.68635103,0.68635103,0.68635103
1691656419000,0.68635103,0.68635103,0.68635103
1691656420000,0.68634775,0.68634775,0.68634775
1691656421000,0.68634771,0.68634771,0.68634771
1691656422000,0.68634771,0.68634771,0.68634771
1691656423000,0.68634771,0.68634771,0.68634771
1691656424000,0.68634771,0.68634771,0.68634771
1691656425000,0.68634771,0.68634771,0.68634771
1691656426000,0.6863,0.6863,0.6863
1691656427000,0.686047,0.686047,0.686047
1691656428000,0.68597965,0.68597965,0.68597965
1691656429000,0.68597965,0.68597965,0.68597965
1691656430000,0.68597961,0.68597961,0.68597961
1691656431000,0.68597769,0.68597769,0.68597769
1691656432000,0.68597614,0.68597614,0.68597614
1691656433000,0.68595993,0.68595993,0.68595993
1691656434000,0.68595587,0.68595587,0.68595587
1691656435000,0.68595587,0.68595587,0.68595587
1691656436000,0.68595508,0.68595508,0.68595508
1691656437000,0.68595505,0.68595505,0.68595505
1691656438000,0.68595505,0.68595505,0.68595505
1691656439000,0.68595508,0.68595508,0.68595508
1691656440000,0.68595505,0.68595505,0.68595505
1691656441000,0.68595386,0.68595386,0.68595386
1691656442000,0.68592953,0.68592953,0.68592953
1691656443000,0.686,0.686,0.686
1691656444000,0.68592953,0.68592953,0.68592953
1691656445000,0.686,0.686,0.686
1691656446000,0.686,0.686,0.686
1691656447000,0.686,0.686,0.686
1691656448000,0.68592693,0.68592693,0.68592693
1691656449000,0.68592693,0.68592693,0.68592693
1691656450000,0.68592789,0.68592789,0.68592789
1691656451000,0.68592697,0.68592697,0.68592697
1691656452000,0.68592461,0.68592461,0.68592461
1691656453000,0.68592457,0.68592457,0.68592457
1691656454000,0.6859255,0.6859255,0.6859255
1691656455000,0.68592553,0.68592553,0.68592553
1691656456000,0.68592553,0.68592553,0.68592553
1691656457000,0.6859245,0.6859245,0.6859245
1691656458000,0.6859245,0.6859245,0.6859245
1691656459000,0.6859245,0.6859245,0.6859245
1691656460000,0.68592454,0.68592454,0.68592454
1691656461000,0.68592454,0.68592454,0.68592454
1691656462000,0.68592224,0.68592224,0.68592224
1691656463000,0.68586815,0.68586815,0.68586815
1691656464000,0.68586815,0.68586815,0.68586815
1691656465000,0.6859,0.6859,0.6859
1691656466000,0.6859,0.6859,0.6859
1691656467000,0.6859,0.6859,0.6859
1691656468000,0.6859,0.6859,0.6859
1691656469000,0.6859,0.6859,0.6859
1691656470000,0.6859,0.6859,0.6859
1691656471000,0.6859,0.6859,0.6859
1691656472000,0.6859,0.6859,0.6859
1691656473000,0.6859,0.6859,0.6859
1691656474000,0.6859,0.6859,0.6859
1691656475000,0.6859,0.6859,0.6859
1691656476000,0.68591366,0.68591366,0.68591366
1691656477000,0.68591236,0.68591236,0.68591236
1691656478000,0.68591232,0.68591232,0.68591232
1691656479000,0.68591232,0.68591232,0.68591232
1691656480000,0.68591232,0.68591232,0.68591232
1691656481000,0.68591232,0.68591232,0.68591232
1691656482000,0.68591232,0.68591232,0.68591232
1691656483000,0.6859092,0.6859092,0.6859092
1691656484000,0.68591016,0.68591016,0.68591016
1691656485000,0.68591016,0.68591016,0.68591016
1691656486000,0.68591012,0.68591012,0.68591012
1691656487000,0.68591016,0.68591016,0.68591016
1691656488000,0.68590691,0.68590691,0.68590691
1691656489000,0.68590691,0.68590691,0.68590691
1691656490000,0.68590695,0.68590695,0.68590695
1691656491000,0.686,0.686,0.686
1691656492000,0.686,0.686,0.686
1691656493000,0.686,0.686,0.686
1691656494000,0.686,0.686,0.686
1691656495000,0.686,0.686,0.686
1691656496000,0.686,0.686,0.686
1691656497000,0.686,0.686,0.686
1691656498000,0.686,0.686,0.686
1691656499000,0.686,0.686,0.686
1691656500000,0.686,0.686,0.686
1691656501000,0.686,0.686,0.686
1691656502000,0.686,0.686,0.686
1691656503000,0.686,0.686,0.686
1691656504000,0.686,0.686,0.686
1691656505000,0.686,0.686,0.686
1691656506000,0.686,0.686,0.686
1691656507000,0.686,0.686,0.686
1691656508000,0.686,0.686,0.686
1691656509000,0.6859,0.6859,0.6859
1691656510000,0.6859,0.6859,0.6859
1691656511000,0.6859,0.6859,0.6859
1691656512000,0.6859,0.6859,0.6859
1691656513000,0.686,0.686,0.686
1691656514000,0.686,0.686,0.686
1691656515000,0.686,0.686,0.686
1691656516000,0.686,0.686,0.686
1691656517000,0.686,0.686,0.686
1691656518000,0.686,0.686,0.686
1691656519000,0.686,0.686,0.686
1691656520000,0.686,0.686,0.686
1691656521000,0.686,0.686,0.686
1691656522000,0.686,0.686,0.686
1691656523000,0.686,0.686,0.686
1691656524000,0.686,0.686,0.686
1691656525000,0.686,0.686,0.686
1691656526000,0.6859,0.6859,0.6859
1691656527000,0.6859,0.6859,0.6859
1691656528000,0.6859,0.6859,0.6859
1691656529000,0.6859,0.6859,0.6859
1691656530000,0.68593333,0.68593333,0.68593333
1691656531000,0.68593426,0.68593426,0.68593426
1691656532000,0.68593426,0.68593426,0.68593426
1691656533000,0.68593426,0.68593426,0.68593426
1691656534000,0.68593426,0.68593426,0.68593426
1691656535000,0.68593521,0.68593521,0.68593521
1691656536000,0.68593521,0.68593521,0.68593521
1691656537000,0.68593517,0.68593517,0.68593517
1691656538000,0.68593517,0.68593517,0.68593517
1691656539000,0.68593517,0.68593517,0.68593517
1691656540000,0.68593701,0.68593701,0.68593701
1691656541000,0.68593697,0.68593697,0.68593697
1691656542000,0.68593697,0.68593697,0.68593697
1691656543000,0.68593793,0.68593793,0.68593793
1691656544000,0.686,0.686,0.686
1691656545000,0.686,0.686,0.686
1691656546000,0.686,0.686,0.686
1691656547000,0.686,0.686,0.686
1691656548000,0.686,0.686,0.686
1691656549000,0.686,0.686,0.686
1691656550000,0.686,0.686,0.686
1691656551000,0.686,0.686,0.686
1691656552000,0.686,0.686,0.686
1691656553000,0.686,0.686,0.686
1691656554000,0.686,0.686,0.686
1691656555000,0.686,0.686,0.686
1691656556000,0.68594211,0.68594211,0.68594211
1691656557000,0.686,0.686,0.686
1691656558000,0.686,0.686,0.686
1691656559000,0.686,0.686,0.686
1691656560000,0.6861,0.6861,0.6861
1691656561000,0.6862,0.6862,0.6862
1691656562000,0.6862,0.6862,0.6862
1691656563000,0.6861,0.6861,0.6861
1691656564000,0.6862,0.6862,0.6862
1691656565000,0.6862,0.6862,0.6862
1691656566000,0.6862,0.6862,0.6862
1691656567000,0.6862,0.6862,0.6862
1691656568000,0.6862,0.6862,0.6862
1691656569000,0.6861,0.6861,0.6861
1691656570000,0.6861,0.6861,0.6861
1691656571000,0.6861,0.6861,0.6861
1691656572000,0.6861,0.6861,0.6861
1691656573000,0.6863,0.6863,0.6863
1691656574000,0.6863,0.6863,0.6863
1691656575000,0.6863,0.6863,0.6863
1691656576000,0.6863,0.6863,0.6863
1691656577000,0.6862,0.6862,0.6862
1691656578000,0.6862,0.6862,0.6862
1691656579000,0.6862,0.6862,0.6862
1691656580000,0.6862,0.6862,0.6862
1691656581000,0.6862,0.6862,0.6862
1691656582000,0.6863,0.6863,0.6863
1691656583000,0.6863,0.6863,0.6863
1691656584000,0.6862,0.6862,0.6862
1691656585000,0.6862,0.6862,0.6862
1691656586000,0.6862,0.6862,0.6862
1691656587000,0.6862,0.6862,0.6862
1691656588000,0.6862,0.6862,0.6862
1691656589000,0.6862,0.6862,0.6862
1691656590000,0.6863,0.6863,0.6863
1691656591000,0.6862,0.6862,0.6862
1691656592000,0.6862,0.6862,0.6862
1691656593000,0.68620464,0.68620464,0.68620464
1691656594000,0.68620464,0.68620464,0.68620464
1691656595000,0.68620464,0.68620464,0.68620464
1691656596000,0.6862046,0.6862046,0.6862046
1691656597000,0.68620522,0.68620522,0.68620522
1691656598000,0.68620457,0.68620457,0.68620457
1691656599000,0.68620453,0.68620453,0.68620453
1691656600000,0.6863,0.6863,0.6863
1691656601000,0.6863,0.6863,0.6863
1691656602000,0.6863,0.6863,0.6863
1691656603000,0.6863,0.6863,0.6863
1691656604000,0.6863,0.6863,0.6863
1691656605000,0.6862052,0.6862052,0.6862052
1691656606000,0.68620516,0.68620516,0.68620516
1691656607000,0.68620583,0.68620583,0.68620583
1691656608000,0.68620583,0.68620583,0.68620583
1691656609000,0.6862077,0.6862077,0.6862077
1691656610000,0.68620863,0.68620863,0.68620863
1691656611000,0.68620863,0.68620863,0.68620863
1691656612000,0.68620755,0.68620755,0.68620755
1691656613000,0.68620592,0.68620592,0.68620592
1691656614000,0.68620592,0.68620592,0.68620592
1691656615000,0.68620592,0.68620592,0.68620592
1691656616000,0.68620592,0.68620592,0.68620592
1691656617000,0.68620654,0.68620654,0.68620654
1691656618000,0.68620698,0.68620698,0.68620698
1691656619000,0.68620702,0.68620702,0.68620702
1691656620000,0.6862,0.6862,0.6862
1691656621000,0.6862,0.6862,0.6862
1691656622000,0.6862,0.6862,0.6862
1691656623000,0.68615427,0.68615427,0.68615427
1691656624000,0.6861526,0.6861526,0.6861526
1691656625000,0.6862,0.6862,0.6862
1691656626000,0.6862,0.6862,0.6862
1691656627000,0.6862,0.6862,0.6862
1691656628000,0.6862,0.6862,0.6862
1691656629000,0.6862,0.6862,0.6862
1691656630000,0.6862,0.6862,0.6862
1691656631000,0.6862,0.6862,0.6862
1691656632000,0.68615584,0.68615584,0.68615584
1691656633000,0.6862,0.6862,0.6862
1691656634000,0.6862,0.6862,0.6862
1691656635000,0.6862,0.6862,0.6862
1691656636000,0.6862,0.6862,0.6862
1691656637000,0.6862,0.6862,0.6862
1691656638000,0.6862,0.6862,0.6862
1691656639000,0.6862,0.6862,0.6862
1691656640000,0.6862,0.6862,0.6862
1691656641000,0.6862,0.6862,0.6862
1691656642000,0.6862,0.6862,0.6862
1691656643000,0.6862,0.6862,0.6862
1691656644000,0.6862,0.6862,0.6862
1691656645000,0.6862,0.6862,0.6862
1691656646000,0.6862,0.6862,0.6862
1691656647000,0.6862,0.6862,0.6862
1691656648000,0.68614926,0.68614926,0.68614926
1691656649000,0.68620325,0.68620325,0.68620325
1691656650000,0.68620398,0.68620398,0.68620398
1691656651000,0.68614993,0.68614993,0.68614993
1691656652000,0.68614993,0.68614993,0.68614993
1691656653000,0.68614993,0.68614993,0.68614993
1691656654000,0.68614785,0.68614785,0.68614785
1691656655000,0.6862,0.6862,0.6862
1691656656000,0.6862,0.6862,0.6862
1691656657000,0.6862,0.6862,0.6862
1691656658000,0.6862,0.6862,0.6862
1691656659000,0.6862,0.6862,0.6862
1691656660000,0.6862,0.6862,0.6862
1691656661000,0.6862,0.6862,0.6862
1691656662000,0.6862,0.6862,0.6862
1691656663000,0.6862,0.6862,0.6862
1691656664000,0.68619303,0.68619303,0.68619303
1691656665000,0.68601385,0.68601385,0.68601385
1691656666000,0.68601524,0.68601524,0.68601524
1691656667000,0.68601524,0.68601524,0.68601524
1691656668000,0.68601524,0.68601524,0.68601524
1691656669000,0.68606452,0.68606452,0.68606452
1691656670000,0.68606452,0.68606452,0.68606452
1691656671000,0.68606452,0.68606452,0.68606452
1691656672000,0.68606452,0.68606452,0.68606452
1691656673000,0.68606452,0.68606452,0.68606452
1691656674000,0.68606367,0.68606367,0.68606367
1691656675000,0.68606069,0.68606069,0.68606069
1691656676000,0.68606158,0.68606158,0.68606158
1691656677000,0.68606065,0.68606065,0.68606065
1691656678000,0.68606065,0.68606065,0.68606065
1691656679000,0.68606065,0.68606065,0.68606065
1691656680000,0.68605709,0.68605709,0.68605709
1691656681000,0.686,0.686,0.686
1691656682000,0.686,0.686,0.686
1691656683000,0.686,0.686,0.686
1691656684000,0.686,0.686,0.686
1691656685000,0.68598325,0.68598325,0.68598325
1691656686000,0.68598325,0.68598325,0.68598325
1691656687000,0.68598325,0.68598325,0.68598325
1691656688000,0.68598325,0.68598325,0.68598325
1691656689000,0.68598325,0.68598325,0.68598325
1691656690000,0.6861,0.6861,0.6861
1691656691000,0.6861,0.6861,0.6861
1691656692000,0.6861,0.6861,0.6861
1691656693000,0.6861,0.6861,0.6861
1691656694000,0.6861,0.6861,0.6861
1691656695000,0.68609189,0.68609189,0.68609189
1691656696000,0.68607348,0.68607348,0.68607348
1691656697000,0.6861,0.6861,0.6861
1691656698000,0.6861,0.6861,0.6861
1691656699000,0.6861,0.6861,0.6861
1691656700000,0.68607007,0.68607007,0.68607007
1691656701000,0.68607011,0.68607011,0.68607011
1691656702000,0.68607007,0.68607007,0.68607007
1691656703000,0.68607007,0.68607007,0.68607007
1691656704000,0.68607007,0.68607007,0.68607007
1691656705000,0.68607007,0.68607007,0.68607007
1691656706000,0.68607414,0.68607414,0.68607414
1691656707000,0.68607414,0.68607414,0.68607414
1691656708000,0.68602004,0.68602004,0.68602004
1691656709000,0.68602819,0.68602819,0.68602819
1691656710000,0.68602819,0.68602819,0.68602819
1691656711000,0.68602776,0.68602776,0.68602776
1691656712000,0.68602772,0.68602772,0.68602772
1691656713000,0.6861,0.6861,0.6861
1691656714000,0.6861,0.6861,0.6861
1691656715000,0.6861,0.6861,0.6861
1691656716000,0.6861,0.6861,0.6861
1691656717000,0.6861,0.6861,0.6861
1691656718000,0.6861,0.6861,0.6861
1691656719000,0.6861,0.6861,0.6861
1691656720000,0.6861,0.6861,0.6861
1691656721000,0.6861,0.6861,0.6861
1691656722000,0.6861,0.6861,0.6861
1691656723000,0.6861,0.6861,0.6861
1691656724000,0.6861,0.6861,0.6861
1691656725000,0.6861,0.6861,0.6861
1691656726000,0.6861,0.6861,0.6861
1691656727000,0.6861,0.6861,0.6861
1691656728000,0.6861,0.6861,0.6861
1691656729000,0.6861,0.6861,0.6861
1691656730000,0.6861,0.6861,0.6861
1691656731000,0.6861,0.6861,0.6861
1691656732000,0.6861,0.6861,0.6861
1691656733000,0.6861,0.6861,0.6861
1691656734000,0.6861,0.6861,0.6861
1691656735000,0.6861,0.6861,0.6861
1691656736000,0.6861,0.6861,0.6861
1691656737000,0.6861,0.6861,0.6861
1691656738000,0.6861,0.6861,0.6861
1691656739000,0.6861,0.6861,0.6861
1691656740000,0.6861,0.6861,0.6861
1691656741000,0.68609201,0.68609201,0.68609201
1691656742000,0.6861,0.6861,0.6861
1691656743000,0.6861,0.6861,0.6861
1691656744000,0.6861,0.6861,0.6861
1691656745000,0.6862,0.6862,0.6862
1691656746000,0.6862,0.6862,0.6862
1691656747000,0.6862,0.6862,0.6862
1691656748000,0.6863371,0.6863371,0.6863371
1691656749000,0.6863371,0.6863371,0.6863371
1691656750000,0.6867,0.6867,0.6867
1691656751000,0.6866,0.6866,0.6866
1691656752000,0.6866,0.6866,0.6866
1691656753000,0.6866,0.6866,0.6866
1691656754000,0.6867,0.6867,0.6867
1691656755000,0.6866,0.6866,0.6866
1691656756000,0.6866,0.6866,0.6866
1691656757000,0.6866,0.6866,0.6866
1691656758000,0.6867,0.6867,0.6867
1691656759000,0.6866,0.6866,0.6866
1691656760000,0.6866,0.6866,0.6866
1691656761000,0.6866,0.6866,0.6866
1691656762000,0.6866,0.6866,0.6866
1691656763000,0.6866,0.6866,0.6866
1691656764000,0.6866,0.6866,0.6866
1691656765000,0.6866,0.6866,0.6866
1691656766000,0.6866,0.6866,0.6866
1691656767000,0.68657844,0.68657844,0.68657844
1691656768000,0.68657955,0.68657955,0.68657955
1691656769000,0.68652643,0.68652643,0.68652643
1691656770000,0.68652643,0.68652643,0.68652643
1691656771000,0.68652643,0.68652643,0.68652643
1691656772000,0.68652643,0.68652643,0.68652643
1691656773000,0.68652492,0.68652492,0.68652492
1691656774000,0.68652492,0.68652492,0.68652492
1691656775000,0.68652585,0.68652585,0.68652585
1691656776000,0.68652589,0.68652589,0.68652589
1691656777000,0.68652556,0.68652556,0.68652556
1691656778000,0.68652511,0.68652511,0.68652511
1691656779000,0.68652418,0.68652418,0.68652418
1691656780000,0.68652511,0.68652511,0.68652511
1691656781000,0.68652511,0.68652511,0.68652511
1691656782000,0.68650796,0.68650796,0.68650796
1691656783000,0.68645391,0.68645391,0.68645391
1691656784000,0.68645342,0.68645342,0.68645342
1691656785000,0.68645342,0.68645342,0.68645342
1691656786000,0.68645342,0.68645342,0.68645342
1691656787000,0.68645439,0.68645439,0.68645439
1691656788000,0.68645443,0.68645443,0.68645443
1691656789000,0.68645605,0.68645605,0.68645605
1691656790000,0.68645701,0.68645701,0.68645701
1691656791000,0.68645698,0.68645698,0.68645698
1691656792000,0.68645556,0.68645556,0.68645556
1691656793000,0.68645556,0.68645556,0.68645556
1691656794000,0.6864555,0.6864555,0.6864555
1691656795000,0.6864555,0.6864555,0.6864555
1691656796000,0.6864555,0.6864555,0.6864555
1691656797000,0.68645635,0.68645635,0.68645635
1691656798000,0.68645635,0.68645635,0.68645635
1691656799000,0.68645629,0.68645629,0.68645629
1691656800000,0.68645629,0.68645629,0.68645629
1691656801000,0.6865,0.6865,0.6865
1691656802000,0.68651039,0.68651039,0.68651039
1691656803000,0.68651039,0.68651039,0.68651039
1691656804000,0.6865115,0.6865115,0.6865115
1691656805000,0.68645745,0.68645745,0.68645745
1691656806000,0.68645745,0.68645745,0.68645745
1691656807000,0.68645745,0.68645745,0.68645745
1691656808000,0.68645623,0.68645623,0.68645623
1691656809000,0.68645434,0.68645434,0.68645434
1691656810000,0.68645434,0.68645434,0.68645434
1691656811000,0.68645434,0.68645434,0.68645434
1691656812000,0.68645434,0.68645434,0.68645434
1691656813000,0.68645587,0.68645587,0.68645587
1691656814000,0.68645587,0.68645587,0.68645587
1691656815000,0.68645501,0.68645501,0.68645501
1691656816000,0.68645501,0.68645501,0.68645501
1691656817000,0.6865081,0.6865081,0.6865081
1691656818000,0.6865,0.6865,0.6865
1691656819000,0.6865,0.6865,0.6865
1691656820000,0.6865,0.6865,0.6865
1691656821000,0.6865,0.6865,0.6865
1691656822000,0.6865,0.6865,0.6865
1691656823000,0.68645257,0.68645257,0.68645257
1691656824000,0.6864535,0.6864535,0.6864535
1691656825000,0.6865,0.6865,0.6865
1691656826000,0.6865,0.6865,0.6865
1691656827000,0.6865,0.6865,0.6865
1691656828000,0.68645334,0.68645334,0.68645334
1691656829000,0.68645331,0.68645331,0.68645331
1691656830000,0.6864527,0.6864527,0.6864527
1691656831000,0.68645266,0.68645266,0.68645266
1691656832000,0.68645174,0.68645174,0.68645174
1691656833000,0.68645202,0.68645202,0.68645202
1691656834000,0.68645206,0.68645206,0.68645206
1691656835000,0.68645229,0.68645229,0.68645229
1691656836000,0.68645225,0.68645225,0.68645225
1691656837000,0.68645225,0.68645225,0.68645225
1691656838000,0.68645225,0.68645225,0.68645225
1691656839000,0.68645156,0.68645156,0.68645156
1691656840000,0.68645156,0.68645156,0.68645156
1691656841000,0.68645299,0.68645299,0.68645299
1691656842000,0.68645299,0.68645299,0.68645299
1691656843000,0.68645239,0.68645239,0.68645239
1691656844000,0.68645239,0.68645239,0.68645239
1691656845000,0.6865,0.6865,0.6865
1691656846000,0.68650762,0.68650762,0.68650762
1691656847000,0.68650766,0.68650766,0.68650766
1691656848000,0.68650669,0.68650669,0.68650669
1691656849000,0.68650698,0.68650698,0.68650698
1691656850000,0.68650698,0.68650698,0.68650698
1691656851000,0.6865072,0.6865072,0.6865072
1691656852000,0.6865072,0.6865072,0.6865072
1691656853000,0.6865072,0.6865072,0.6865072
1691656854000,0.6865072,0.6865072,0.6865072
1691656855000,0.68650728,0.68650728,0.68650728
1691656856000,0.6865066,0.6865066,0.6865066
1691656857000,0.6867,0.6867,0.6867
1691656858000,0.6866,0.6866,0.6866
1691656859000,0.6867,0.6867,0.6867
1691656860000,0.6867,0.6867,0.6867
1691656861000,0.6867,0.6867,0.6867
1691656862000,0.6867,0.6867,0.6867
1691656863000,0.6867,0.6867,0.6867
1691656864000,0.6867,0.6867,0.6867
1691656865000,0.6867,0.6867,0.6867
1691656866000,0.6867,0.6867,0.6867
1691656867000,0.6867,0.6867,0.6867
1691656868000,0.6867,0.6867,0.6867
1691656869000,0.6867,0.6867,0.6867
1691656870000,0.6867,0.6867,0.6867
1691656871000,0.6867,0.6867,0.6867
1691656872000,0.68661037,0.68661037,0.68661037
1691656873000,0.6867,0.6867,0.6867
1691656874000,0.6867,0.6867,0.6867
1691656875000,0.6868,0.6868,0.6868
1691656876000,0.6868,0.6868,0.6868
1691656877000,0.6868,0.6868,0.6868
1691656878000,0.6868,0.6868,0.6868
1691656879000,0.6868,0.6868,0.6868
1691656880000,0.6868,0.6868,0.6868
1691656881000,0.6868,0.6868,0.6868
1691656882000,0.6867,0.6867,0.6867
1691656883000,0.6867,0.6867,0.6867
1691656884000,0.6867,0.6867,0.6867
1691656885000,0.6868,0.6868,0.6868
1691656886000,0.6867,0.6867,0.6867
1691656887000,0.6867,0.6867,0.6867
1691656888000,0.6867,0.6867,0.6867
1691656889000,0.6867,0.6867,0.6867
1691656890000,0.6867,0.6867,0.6867
1691656891000,0.6867,0.6867,0.6867
1691656892000,0.6868,0.6868,0.6868
1691656893000,0.6867,0.6867,0.6867
1691656894000,0.6867,0.6867,0.6867
1691656895000,0.6868,0.6868,0.6868
1691656896000,0.6868,0.6868,0.6868
1691656897000,0.6868,0.6868,0.6868
1691656898000,0.6868,0.6868,0.6868
1691656899000,0.6867,0.6867,0.6867
1691656900000,0.6867,0.6867,0.6867
1691656901000,0.6867,0.6867,0.6867
1691656902000,0.6867,0.6867,0.6867
1691656903000,0.68661268,0.68661268,0.68661268
1691656904000,0.6867,0.6867,0.6867
1691656905000,0.6867,0.6867,0.6867
1691656906000,0.6867,0.6867,0.6867
1691656907000,0.6867,0.6867,0.6867
1691656908000,0.68666714,0.68666714,0.68666714
1691656909000,0.68666714,0.68666714,0.68666714
1691656910000,0.68666569,0.68666569,0.68666569
1691656911000,0.68666573,0.68666573,0.68666573
1691656912000,0.68666573,0.68666573,0.68666573
1691656913000,0.68666633,0.68666633,0.68666633
1691656914000,0.68666633,0.68666633,0.68666633
1691656915000,0.6867,0.6867,0.6867
1691656916000,0.6867,0.6867,0.6867
1691656917000,0.6867,0.6867,0.6867
1691656918000,0.6867,0.6867,0.6867
1691656919000,0.6868,0.6868,0.6868
1691656920000,0.6868,0.6868,0.6868
1691656921000,0.6868,0.6868,0.6868
1691656922000,0.6868,0.6868,0.6868
1691656923000,0.6868,0.6868,0.6868
1691656924000,0.6868,0.6868,0.6868
1691656925000,0.6868,0.6868,0.6868
1691656926000,0.6868,0.6868,0.6868
1691656927000,0.6868,0.6868,0.6868
1691656928000,0.6868,0.6868,0.6868
1691656929000,0.6867333,0.6867333,0.6867333
1691656930000,0.68683651,0.68683651,0.68683651
1691656931000,0.68683786,0.68683786,0.68683786
1691656932000,0.68683786,0.68683786,0.68683786
1691656933000,0.68685404,0.68685404,0.68685404
1691656934000,0.68687045,0.68687045,0.68687045
1691656935000,0.68681644,0.68681644,0.68681644
1691656936000,0.68681644,0.68681644,0.68681644
1691656937000,0.68687292,0.68687292,0.68687292
1691656938000,0.68687292,0.68687292,0.68687292
1691656939000,0.6869,0.6869,0.6869
1691656940000,0.6869,0.6869,0.6869
1691656941000,0.68687342,0.68687342,0.68687342
1691656942000,0.68687305,0.68687305,0.68687305
1691656943000,0.686819,0.686819,0.686819
1691656944000,0.68681859,0.68681859,0.68681859
1691656945000,0.68681859,0.68681859,0.68681859
1691656946000,0.68681859,0.68681859,0.68681859
1691656947000,0.68681701,0.68681701,0.68681701
1691656948000,0.68681697,0.68681697,0.68681697
1691656949000,0.68681701,0.68681701,0.68681701
1691656950000,0.68681585,0.68681585,0.68681585
1691656951000,0.68681532,0.68681532,0.68681532
1691656952000,0.68681532,0.68681532,0.68681532
1691656953000,0.68681536,0.68681536,0.68681536
1691656954000,0.68681536,0.68681536,0.68681536
1691656955000,0.68679888,0.68679888,0.68679888
1691656956000,0.68678314,0.68678314,0.68678314
1691656957000,0.68678314,0.68678314,0.68678314
1691656958000,0.68678218,0.68678218,0.68678218
1691656959000,0.68678218,0.68678218,0.68678218
1691656960000,0.68677969,0.68677969,0.68677969
1691656961000,0.68677856,0.68677856,0.68677856
1691656962000,0.68677856,0.68677856,0.68677856
1691656963000,0.68677949,0.68677949,0.68677949
1691656964000,0.68676331,0.68676331,0.68676331
1691656965000,0.68676104,0.68676104,0.68676104
1691656966000,0.68676104,0.68676104,0.68676104
1691656967000,0.68676035,0.68676035,0.68676035
1691656968000,0.68676035,0.68676035,0.68676035
1691656969000,0.68676035,0.68676035,0.68676035
1691656970000,0.68675954,0.68675954,0.68675954
1691656971000,0.68675881,0.68675881,0.68675881
1691656972000,0.68670475,0.68670475,0.68670475
1691656973000,0.68670475,0.68670475,0.68670475
1691656974000,0.68670475,0.68670475,0.68670475
1691656975000,0.68670475,0.68670475,0.68670475
1691656976000,0.68670673,0.68670673,0.68670673
1691656977000,0.68670673,0.68670673,0.68670673
1691656978000,0.68672169,0.68672169,0.68672169
1691656979000,0.68672169,0.68672169,0.68672169
1691656980000,0.68672169,0.68672169,0.68672169
1691656981000,0.68670867,0.68670867,0.68670867
1691656982000,0.68670755,0.68670755,0.68670755
1691656983000,0.68670835,0.68670835,0.68670835
1691656984000,0.68670835,0.68670835,0.68670835
1691656985000,0.68670835,0.68670835,0.68670835
1691656986000,0.68670615,0.68670615,0.68670615
1691656987000,0.68670413,0.68670413,0.68670413
1691656988000,0.6867049,0.6867049,0.6867049
1691656989000,0.6867049,0.6867049,0.6867049
1691656990000,0.68670493,0.68670493,0.68670493
1691656991000,0.68670225,0.68670225,0.68670225
1691656992000,0.68670218,0.68670218,0.68670218
1691656993000,0.68670138,0.68670138,0.68670138
1691656994000,0.68670138,0.68670138,0.68670138
1691656995000,0.68670135,0.68670135,0.68670135
1691656996000,0.68669789,0.68669789,0.68669789
1691656997000,0.6866967,0.6866967,0.6866967
1691656998000,0.6866967,0.6866967,0.6866967
1691656999000,0.68669753,0.68669753,0.68669753
1691657000000,0.68669753,0.68669753,0.68669753
1691657001000,0.68669552,0.68669552,0.68669552
1691657002000,0.68669549,0.68669549,0.68669549
1691657003000,0.6867093,0.6867093,0.6867093
1691657004000,0.68666279,0.68666279,0.68666279
1691657005000,0.68666275,0.68666275,0.68666275
1691657006000,0.68666275,0.68666275,0.68666275
1691657007000,0.68666134,0.68666134,0.68666134
1691657008000,0.68665981,0.68665981,0.68665981
1691657009000,0.68665981,0.68665981,0.68665981
1691657010000,0.68665981,0.68665981,0.68665981
1691657011000,0.68665981,0.68665981,0.68665981
1691657012000,0.68665761,0.68665761,0.68665761
1691657013000,0.68670419,0.68670419,0.68670419
1691657014000,0.68670419,0.68670419,0.68670419
1691657015000,0.68670419,0.68670419,0.68670419
1691657016000,0.68670419,0.68670419,0.68670419
1691657017000,0.68670123,0.68670123,0.68670123
1691657018000,0.68670123,0.68670123,0.68670123
1691657019000,0.68670158,0.68670158,0.68670158
1691657020000,0.68670154,0.68670154,0.68670154
1691657021000,0.68670154,0.68670154,0.68670154
1691657022000,0.68669858,0.68669858,0.68669858
1691657023000,0.68669938,0.68669938,0.68669938
1691657024000,0.68669781,0.68669781,0.68669781
1691657025000,0.68669857,0.68669857,0.68669857
1691657026000,0.68669778,0.68669778,0.68669778
1691657027000,0.68669571,0.68669571,0.68669571
1691657028000,0.68669571,0.68669571,0.68669571
1691657029000,0.68669637,0.68669637,0.68669637
1691657030000,0.68669637,0.68669637,0.68669637
1691657031000,0.68668242,0.68668242,0.68668242
1691657032000,0.68668242,0.68668242,0.68668242
1691657033000,0.6866797,0.6866797,0.6866797
1691657034000,0.6866797,0.6866797,0.6866797
1691657035000,0.68663319,0.68663319,0.68663319
1691657036000,0.68663319,0.68663319,0.68663319
1691657037000,0.68663319,0.68663319,0.68663319
1691657038000,0.68663183,0.68663183,0.68663183
1691657039000,0.68663158,0.68663158,0.68663158
1691657040000,0.68663158,0.68663158,0.68663158
1691657041000,0.68662263,0.68662263,0.68662263
1691657042000,0.68662342,0.68662342,0.68662342
1691657043000,0.68661995,0.68661995,0.68661995
1691657044000,0.68661995,0.68661995,0.68661995
1691657045000,0.68662145,0.68662145,0.68662145
1691657046000,0.68657873,0.68657873,0.68657873
1691657047000,0.68657873,0.68657873,0.68657873
1691657048000,0.68657365,0.68657365,0.68657365
1691657049000,0.68661964,0.68661964,0.68661964
1691657050000,0.68661964,0.68661964,0.68661964
1691657051000,0.68661964,0.68661964,0.68661964
1691657052000,0.68662048,0.68662048,0.68662048
1691657053000,0.68661434,0.68661434,0.68661434
1691657054000,0.68661388,0.68661388,0.68661388
1691657055000,0.68662784,0.68662784,0.68662784
1691657056000,0.68662784,0.68662784,0.68662784
1691657057000,0.68658053,0.68658053,0.68658053
1691657058000,0.68657442,0.68657442,0.68657442
1691657059000,0.68657421,0.68657421,0.68657421
1691657060000,0.68657418,0.68657418,0.68657418
1691657061000,0.68662149,0.68662149,0.68662149
1691657062000,0.68662149,0.68662149,0.68662149
1691657063000,0.68662149,0.68662149,0.68662149
1691657064000,0.6866161,0.6866161,0.6866161
1691657065000,0.6866161,0.6866161,0.6866161
1691657066000,0.6866169,0.6866169,0.6866169
1691657067000,0.6866169,0.6866169,0.6866169
1691657068000,0.6866169,0.6866169,0.6866169
1691657069000,0.68656544,0.68656544,0.68656544
1691657070000,0.68637165,0.68637165,0.68637165
1691657071000,0.6863763,0.6863763,0.6863763
1691657072000,0.68637633,0.68637633,0.68637633
1691657073000,0.68637633,0.68637633,0.68637633
1691657074000,0.68636724,0.68636724,0.68636724
1691657075000,0.68636512,0.68636512,0.68636512
1691657076000,0.68636512,0.68636512,0.68636512
1691657077000,0.68636512,0.68636512,0.68636512
1691657078000,0.68631781,0.68631781,0.68631781
1691657079000,0.68631433,0.68631433,0.68631433
1691657080000,0.68630625,0.68630625,0.68630625
1691657081000,0.68625841,0.68625841,0.68625841
1691657082000,0.68621647,0.68621647,0.68621647
1691657083000,0.68621644,0.68621644,0.68621644
1691657084000,0.68621301,0.68621301,0.68621301
1691657085000,0.68620973,0.68620973,0.68620973
1691657086000,0.68620973,0.68620973,0.68620973
1691657087000,0.68620973,0.68620973,0.68620973
1691657088000,0.68620976,0.68620976,0.68620976
1691657089000,0.68620973,0.68620973,0.68620973
1691657090000,0.68620582,0.68620582,0.68620582
1691657091000,0.68620582,0.68620582,0.68620582
1691657092000,0.68620582,0.68620582,0.68620582
1691657093000,0.68618489,0.68618489,0.68618489
1691657094000,0.68618489,0.68618489,0.68618489
1691657095000,0.68618121,0.68618121,0.68618121
1691657096000,0.68618125,0.68618125,0.68618125
1691657097000,0.68618121,0.68618121,0.68618121
1691657098000,0.6861347,0.6861347,0.6861347
1691657099000,0.68613474,0.68613474,0.68613474
1691657100000,0.68612779,0.68612779,0.68612779
1691657101000,0.68611384,0.68611384,0.68611384
1691657102000,0.68611387,0.68611387,0.68611387
1691657103000,0.68611387,0.68611387,0.68611387
1691657104000,0.68611387,0.68611387,0.68611387
1691657105000,0.68610872,0.68610872,0.68610872
1691657106000,0.68610872,0.68610872,0.68610872
1691657107000,0.68610872,0.68610872,0.68610872
1691657108000,0.6862,0.6862,0.6862
1691657109000,0.68615523,0.68615523,0.68615523
1691657110000,0.68615281,0.68615281,0.68615281
1691657111000,0.68615386,0.68615386,0.68615386
1691657112000,0.68615469,0.68615469,0.68615469
1691657113000,0.68615469,0.68615469,0.68615469
1691657114000,0.68620037,0.68620037,0.68620037
1691657115000,0.68619911,0.68619911,0.68619911
1691657116000,0.68619603,0.68619603,0.68619603
1691657117000,0.6862,0.6862,0.6862
1691657118000,0.68619603,0.68619603,0.68619603
1691657119000,0.68618211,0.68618211,0.68618211
1691657120000,0.68618228,0.68618228,0.68618228
1691657121000,0.68617994,0.68617994,0.68617994
1691657122000,0.68617997,0.68617997,0.68617997
1691657123000,0.68613343,0.68613343,0.68613343
1691657124000,0.68613346,0.68613346,0.68613346
1691657125000,0.68613367,0.68613367,0.68613367
1691657126000,0.68613157,0.68613157,0.68613157
1691657127000,0.68613157,0.68613157,0.68613157
1691657128000,0.68613237,0.68613237,0.68613237
1691657129000,0.68613237,0.68613237,0.68613237
1691657130000,0.68613209,0.68613209,0.68613209
1691657131000,0.6861308,0.6861308,0.6861308
1691657132000,0.6861308,0.6861308,0.6861308
1691657133000,0.6862,0.6862,0.6862
1691657134000,0.6862,0.6862,0.6862
1691657135000,0.6862,0.6862,0.6862
1691657136000,0.68613036,0.68613036,0.68613036
1691657137000,0.6862,0.6862,0.6862
1691657138000,0.6862,0.6862,0.6862
1691657139000,0.6862,0.6862,0.6862
1691657140000,0.6862,0.6862,0.6862
1691657141000,0.68612953,0.68612953,0.68612953
1691657142000,0.68612746,0.68612746,0.68612746
1691657143000,0.68612746,0.68612746,0.68612746
1691657144000,0.6862,0.6862,0.6862
1691657145000,0.68612749,0.68612749,0.68612749
1691657146000,0.68614155,0.68614155,0.68614155
1691657147000,0.68614027,0.68614027,0.68614027
1691657148000,0.68613413,0.68613413,0.68613413
1691657149000,0.68613413,0.68613413,0.68613413
1691657150000,0.68613417,0.68613417,0.68613417
1691657151000,0.6861,0.6861,0.6861
1691657152000,0.6860839,0.6860839,0.6860839
1691657153000,0.6860847,0.6860847,0.6860847
1691657154000,0.6860847,0.6860847,0.6860847
1691657155000,0.68608473,0.68608473,0.68608473
1691657156000,0.68608372,0.68608372,0.68608372
1691657157000,0.68612885,0.68612885,0.68612885
1691657158000,0.68612885,0.68612885,0.68612885
1691657159000,0.68612885,0.68612885,0.68612885
1691657160000,0.68612885,0.68612885,0.68612885
1691657161000,0.6862,0.6862,0.6862
1691657162000,0.6862,0.6862,0.6862
1691657163000,0.6862,0.6862,0.6862
1691657164000,0.6862,0.6862,0.6862
1691657165000,0.6862,0.6862,0.6862
1691657166000,0.6862,0.6862,0.6862
1691657167000,0.68614682,0.68614682,0.68614682
1691657168000,0.68614075,0.68614075,0.68614075
1691657169000,0.68614071,0.68614071,0.68614071
1691657170000,0.68614071,0.68614071,0.68614071
1691657171000,0.68614134,0.68614134,0.68614134
1691657172000,0.68614134,0.68614134,0.68614134
1691657173000,0.68613908,0.68613908,0.68613908
1691657174000,0.6862,0.6862,0.6862
1691657175000,0.6862,0.6862,0.6862
1691657176000,0.68613911,0.68613911,0.68613911
1691657177000,0.68612599,0.68612599,0.68612599
1691657178000,0.68612465,0.68612465,0.68612465
1691657179000,0.68617033,0.68617033,0.68617033
1691657180000,0.68617033,0.68617033,0.68617033
1691657181000,0.6861697,0.6861697,0.6861697
1691657182000,0.6861697,0.6861697,0.6861697
1691657183000,0.68616618,0.68616618,0.68616618
1691657184000,0.68616618,0.68616618,0.68616618
1691657185000,0.68616618,0.68616618,0.68616618
1691657186000,0.68611964,0.68611964,0.68611964
1691657187000,0.68611964,0.68611964,0.68611964
1691657188000,0.68616399,0.68616399,0.68616399
1691657189000,0.68616399,0.68616399,0.68616399
1691657190000,0.68616399,0.68616399,0.68616399
1691657191000,0.68616399,0.68616399,0.68616399
1691657192000,0.68616384,0.68616384,0.68616384
1691657193000,0.68616031,0.68616031,0.68616031
1691657194000,0.68615951,0.68615951,0.68615951
1691657195000,0.68615951,0.68615951,0.68615951
1691657196000,0.6861607,0.6861607,0.6861607
1691657197000,0.68616098,0.68616098,0.68616098
1691657198000,0.68616098,0.68616098,0.68616098
1691657199000,0.68615746,0.68615746,0.68615746
1691657200000,0.68615742,0.68615742,0.68615742
1691657201000,0.6862,0.6862,0.6862
1691657202000,0.6862,0.6862,0.6862
1691657203000,0.6862,0.6862,0.6862
1691657204000,0.6862,0.6862,0.6862
1691657205000,0.6862,0.6862,0.6862
1691657206000,0.6862,0.6862,0.6862
1691657207000,0.6862,0.6862,0.6862
1691657208000,0.6862,0.6862,0.6862
1691657209000,0.6862,0.6862,0.6862
1691657210000,0.6862,0.6862,0.6862
1691657211000,0.6862,0.6862,0.6862
1691657212000,0.6863,0.6863,0.6863
1691657213000,0.68622275,0.68622275,0.68622275
1691657214000,0.68622164,0.68622164,0.68622164
1691657215000,0.68622167,0.68622167,0.68622167
1691657216000,0.68622167,0.68622167,0.68622167
1691657217000,0.6863,0.6863,0.6863
1691657218000,0.6863,0.6863,0.6863
1691657219000,0.68622257,0.68622257,0.68622257
1691657220000,0.6863,0.6863,0.6863
1691657221000,0.6865,0.6865,0.6865
1691657222000,0.6864,0.6864,0.6864
1691657223000,0.6864,0.6864,0.6864
1691657224000,0.6864,0.6864,0.6864
1691657225000,0.6864,0.6864,0.6864
1691657226000,0.6864,0.6864,0.6864
1691657227000,0.6864,0.6864,0.6864
1691657228000,0.6864,0.6864,0.6864
1691657229000,0.6864,0.6864,0.6864
1691657230000,0.6864,0.6864,0.6864
1691657231000,0.6864,0.6864,0.6864
1691657232000,0.6864,0.6864,0.6864
1691657233000,0.6864,0.6864,0.6864
1691657234000,0.6864,0.6864,0.6864
1691657235000,0.6864,0.6864,0.6864
1691657236000,0.6865,0.6865,0.6865
1691657237000,0.6865,0.6865,0.6865
1691657238000,0.6865,0.6865,0.6865
1691657239000,0.6866,0.6866,0.6866
1691657240000,0.6866,0.6866,0.6866
1691657241000,0.6866,0.6866,0.6866
1691657242000,0.6866,0.6866,0.6866
1691657243000,0.6866,0.6866,0.6866
1691657244000,0.6866,0.6866,0.6866
1691657245000,0.6865,0.6865,0.6865
1691657246000,0.6866,0.6866,0.6866
1691657247000,0.6866,0.6866,0.6866
1691657248000,0.6866,0.6866,0.6866
1691657249000,0.6866,0.6866,0.6866
1691657250000,0.6866,0.6866,0.6866
1691657251000,0.6865,0.6865,0.6865
1691657252000,0.6865,0.6865,0.6865
1691657253000,0.6865,0.6865,0.6865
1691657254000,0.6866,0.6866,0.6866
1691657255000,0.6866,0.6866,0.6866
1691657256000,0.6866,0.6866,0.6866
1691657257000,0.6866,0.6866,0.6866
1691657258000,0.6866,0.6866,0.6866
1691657259000,0.6866,0.6866,0.6866
1691657260000,0.6866,0.6866,0.6866
1691657261000,0.6866,0.6866,0.6866
1691657262000,0.6866,0.6866,0.6866
1691657263000,0.6866,0.6866,0.6866
1691657264000,0.6866,0.6866,0.6866
1691657265000,0.6866,0.6866,0.6866
1691657266000,0.6866,0.6866,0.6866
1691657267000,0.6866,0.6866,0.6866
1691657268000,0.6866,0.6866,0.6866
1691657269000,0.6866,0.6866,0.6866
1691657270000,0.6866,0.6866,0.6866
1691657271000,0.6866,0.6866,0.6866
1691657272000,0.6866,0.6866,0.6866
1691657273000,0.6866,0.6866,0.6866
1691657274000,0.6866,0.6866,0.6866
1691657275000,0.6866,0.6866,0.6866
1691657276000,0.6865,0.6865,0.6865
1691657277000,0.6865,0.6865,0.6865
1691657278000,0.6866,0.6866,0.6866
1691657279000,0.6866,0.6866,0.6866
1691657280000,0.6866,0.6866,0.6866
1691657281000,0.6866,0.6866,0.6866
1691657282000,0.6865,0.6865,0.6865
1691657283000,0.6866,0.6866,0.6866
1691657284000,0.6866,0.6866,0.6866
1691657285000,0.6865,0.6865,0.6865
1691657286000,0.6866,0.6866,0.6866
1691657287000,0.6866,0.6866,0.6866
1691657288000,0.6866,0.6866,0.6866
1691657289000,0.6866,0.6866,0.6866
1691657290000,0.6866,0.6866,0.6866
1691657291000,0.6866,0.6866,0.6866
1691657292000,0.6866,0.6866,0.6866
1691657293000,0.6866,0.6866,0.6866
1691657294000,0.6865,0.6865,0.6865
1691657295000,0.6866,0.6866,0.6866
1691657296000,0.6866,0.6866,0.6866
1691657297000,0.6866,0.6866,0.6866
1691657298000,0.6866,0.6866,0.6866
1691657299000,0.6866,0.6866,0.6866
1691657300000,0.6866,0.6866,0.6866
1691657301000,0.6867,0.6867,0.6867
1691657302000,0.6867,0.6867,0.6867
1691657303000,0.6867,0.6867,0.6867
1691657304000,0.6866,0.6866,0.6866
1691657305000,0.6866,0.6866,0.6866
1691657306000,0.6866,0.6866,0.6866
1691657307000,0.6866,0.6866,0.6866
1691657308000,0.6866,0.6866,0.6866
1691657309000,0.6867,0.6867,0.6867
1691657310000,0.6867,0.6867,0.6867
1691657311000,0.6867,0.6867,0.6867
1691657312000,0.6867,0.6867,0.6867
1691657313000,0.6867,0.6867,0.6867
1691657314000,0.6866,0.6866,0.6866
1691657315000,0.6866,0.6866,0.6866
1691657316000,0.6866,0.6866,0.6866
1691657317000,0.6867,0.6867,0.6867
1691657318000,0.6867,0.6867,0.6867
1691657319000,0.6867,0.6867,0.6867
1691657320000,0.6866,0.6866,0.6866
1691657321000,0.6866,0.6866,0.6866
1691657322000,0.6866,0.6866,0.6866
1691657323000,0.6866,0.6866,0.6866
1691657324000,0.6866,0.6866,0.6866
1691657325000,0.6867,0.6867,0.6867
1691657326000,0.6867,0.6867,0.6867
1691657327000,0.6867,0.6867,0.6867
1691657328000,0.6867,0.6867,0.6867
1691657329000,0.6867,0.6867,0.6867
1691657330000,0.6867,0.6867,0.6867
1691657331000,0.6867,0.6867,0.6867
1691657332000,0.6867,0.6867,0.6867
1691657333000,0.6867,0.6867,0.6867
1691657334000,0.6866,0.6866,0.6866
1691657335000,0.6866,0.6866,0.6866
1691657336000,0.6866,0.6866,0.6866
1691657337000,0.6866,0.6866,0.6866
1691657338000,0.6866,0.6866,0.6866
1691657339000,0.68660673,0.68660673,0.68660673
1691657340000,0.68660746,0.68660746,0.68660746
1691657341000,0.6867,0.6867,0.6867
1691657342000,0.6867,0.6867,0.6867
1691657343000,0.6867,0.6867,0.6867
1691657344000,0.6867,0.6867,0.6867
1691657345000,0.6867,0.6867,0.6867
1691657346000,0.6867,0.6867,0.6867
1691657347000,0.6867,0.6867,0.6867
1691657348000,0.6867,0.6867,0.6867
1691657349000,0.6866,0.6866,0.6866
1691657350000,0.6866,0.6866,0.6866
1691657351000,0.6866,0.6866,0.6866
1691657352000,0.6866,0.6866,0.6866
1691657353000,0.6866,0.6866,0.6866
1691657354000,0.68660031,0.68660031,0.68660031
1691657355000,0.6866482,0.6866482,0.6866482
1691657356000,0.68664841,0.68664841,0.68664841
1691657357000,0.68664837,0.68664837,0.68664837
1691657358000,0.68664837,0.68664837,0.68664837
1691657359000,0.68664837,0.68664837,0.68664837
1691657360000,0.68665072,0.68665072,0.68665072
1691657361000,0.68665173,0.68665173,0.68665173
1691657362000,0.68665177,0.68665177,0.68665177
1691657363000,0.68665177,0.68665177,0.68665177
1691657364000,0.68665177,0.68665177,0.68665177
1691657365000,0.68665329,0.68665329,0.68665329
1691657366000,0.68665292,0.68665292,0.68665292
1691657367000,0.68665292,0.68665292,0.68665292
1691657368000,0.68665296,0.68665296,0.68665296
1691657369000,0.68665296,0.68665296,0.68665296
1691657370000,0.68665527,0.68665527,0.68665527
1691657371000,0.6866539,0.6866539,0.6866539
1691657372000,0.6866539,0.6866539,0.6866539
1691657373000,0.6866539,0.6866539,0.6866539
1691657374000,0.6866539,0.6866539,0.6866539
1691657375000,0.68665828,0.68665828,0.68665828
1691657376000,0.68665893,0.68665893,0.68665893
1691657377000,0.68665893,0.68665893,0.68665893
1691657378000,0.6867,0.6867,0.6867
1691657379000,0.68665893,0.68665893,0.68665893
1691657380000,0.68666128,0.68666128,0.68666128
1691657381000,0.68660824,0.68660824,0.68660824
1691657382000,0.68660824,0.68660824,0.68660824
1691657383000,0.68666136,0.68666136,0.68666136
1691657384000,0.6867,0.6867,0.6867
1691657385000,0.6867,0.6867,0.6867
1691657386000,0.6867,0.6867,0.6867
1691657387000,0.6867,0.6867,0.6867
1691657388000,0.6867,0.6867,0.6867
1691657389000,0.6867,0.6867,0.6867
1691657390000,0.6867,0.6867,0.6867
1691657391000,0.6867,0.6867,0.6867
1691657392000,0.6867,0.6867,0.6867
1691657393000,0.6867,0.6867,0.6867
1691657394000,0.6867,0.6867,0.6867
1691657395000,0.6867,0.6867,0.6867
1691657396000,0.6867,0.6867,0.6867
1691657397000,0.6867,0.6867,0.6867
1691657398000,0.6867,0.6867,0.6867
1691657399000,0.6867,0.6867,0.6867
1691657400000,0.6867,0.6867,0.6867
1691657401000,0.6867,0.6867,0.6867
1691657402000,0.6867,0.6867,0.6867
1691657403000,0.6867,0.6867,0.6867
1691657404000,0.68660597,0.68660597,0.68660597
1691657405000,0.68660597,0.68660597,0.68660597
1691657406000,0.68660893,0.68660893,0.68660893
1691657407000,0.68666327,0.68666327,0.68666327
1691657408000,0.68666738,0.68666738,0.68666738
1691657409000,0.68666646,0.68666646,0.68666646
1691657410000,0.68666738,0.68666738,0.68666738
1691657411000,0.68668263,0.68668263,0.68668263
1691657412000,0.6867,0.6867,0.6867
1691657413000,0.6867,0.6867,0.6867
1691657414000,0.6867,0.6867,0.6867
1691657415000,0.68668414,0.68668414,0.68668414
1691657416000,0.68668418,0.68668418,0.68668418
1691657417000,0.68668387,0.68668387,0.68668387
1691657418000,0.68668387,0.68668387,0.68668387
1691657419000,0.68668387,0.68668387,0.68668387
1691657420000,0.6866839,0.6866839,0.6866839
1691657421000,0.6866839,0.6866839,0.6866839
1691657422000,0.68668264,0.68668264,0.68668264
1691657423000,0.68668171,0.68668171,0.68668171
1691657424000,0.68668171,0.68668171,0.68668171
1691657425000,0.68668171,0.68668171,0.68668171
1691657426000,0.68668168,0.68668168,0.68668168
1691657427000,0.68667985,0.68667985,0.68667985
1691657428000,0.68667652,0.68667652,0.68667652
1691657429000,0.68662111,0.68662111,0.68662111
1691657430000,0.68662115,0.68662115,0.68662115
1691657431000,0.68662111,0.68662111,0.68662111
1691657432000,0.68661878,0.68661878,0.68661878
1691657433000,0.68661878,0.68661878,0.68661878
1691657434000,0.68661882,0.68661882,0.68661882
1691657435000,0.68661786,0.68661786,0.68661786
1691657436000,0.68661786,0.68661786,0.68661786
1691657437000,0.68661786,0.68661786,0.68661786
1691657438000,0.68661539,0.68661539,0.68661539
1691657439000,0.68661643,0.68661643,0.68661643
1691657440000,0.68661643,0.68661643,0.68661643
1691657441000,0.68661643,0.68661643,0.68661643
1691657442000,0.68656145,0.68656145,0.68656145
1691657443000,0.68655973,0.68655973,0.68655973
1691657444000,0.68655988,0.68655988,0.68655988
1691657445000,0.68655985,0.68655985,0.68655985
1691657446000,0.68655988,0.68655988,0.68655988
1691657447000,0.68655985,0.68655985,0.68655985
1691657448000,0.68655781,0.68655781,0.68655781
1691657449000,0.68655781,0.68655781,0.68655781
1691657450000,0.68655781,0.68655781,0.68655781
1691657451000,0.68655781,0.68655781,0.68655781
1691657452000,0.68655685,0.68655685,0.68655685
1691657453000,0.68655759,0.68655759,0.68655759
1691657454000,0.6865567,0.6865567,0.6865567
1691657455000,0.6865567,0.6865567,0.6865567
1691657456000,0.6865567,0.6865567,0.6865567
1691657457000,0.6865567,0.6865567,0.6865567
1691657458000,0.68655624,0.68655624,0.68655624
1691657459000,0.68655717,0.68655717,0.68655717
1691657460000,0.68655721,0.68655721,0.68655721
1691657461000,0.68655721,0.68655721,0.68655721
1691657462000,0.6865491,0.6865491,0.6865491
1691657463000,0.68654747,0.68654747,0.68654747
1691657464000,0.68660063,0.68660063,0.68660063
1691657465000,0.68660063,0.68660063,0.68660063
1691657466000,0.68660063,0.68660063,0.68660063
1691657467000,0.68660063,0.68660063,0.68660063
1691657468000,0.68660047,0.68660047,0.68660047
1691657469000,0.68659863,0.68659863,0.68659863
1691657470000,0.68659859,0.68659859,0.68659859
1691657471000,0.68659859,0.68659859,0.68659859
1691657472000,0.68659859,0.68659859,0.68659859
1691657473000,0.68641657,0.68641657,0.68641657
1691657474000,0.68641466,0.68641466,0.68641466
1691657475000,0.68641463,0.68641463,0.68641463
1691657476000,0.68641463,0.68641463,0.68641463
1691657477000,0.68641466,0.68641466,0.68641466
1691657478000,0.68641466,0.68641466,0.68641466
1691657479000,0.68641053,0.68641053,0.68641053
1691657480000,0.68641053,0.68641053,0.68641053
1691657481000,0.6864096,0.6864096,0.6864096
1691657482000,0.6864096,0.6864096,0.6864096
1691657483000,0.68630149,0.68630149,0.68630149
1691657484000,0.68624714,0.68624714,0.68624714
1691657485000,0.68624714,0.68624714,0.68624714
1691657486000,0.68624714,0.68624714,0.68624714
1691657487000,0.68624806,0.68624806,0.68624806
1691657488000,0.68624806,0.68624806,0.68624806
1691657489000,0.6862457,0.6862457,0.6862457
1691657490000,0.68624242,0.68624242,0.68624242
1691657491000,0.68620999,0.68620999,0.68620999
1691657492000,0.68620999,0.68620999,0.68620999
1691657493000,0.68620999,0.68620999,0.68620999
1691657494000,0.68620999,0.68620999,0.68620999
1691657495000,0.68615779,0.68615779,0.68615779
1691657496000,0.68615779,0.68615779,0.68615779
1691657497000,0.68615779,0.68615779,0.68615779
1691657498000,0.68615643,0.68615643,0.68615643
1691657499000,0.68610112,0.68610112,0.68610112
1691657500000,0.68610021,0.68610021,0.68610021
1691657501000,0.68610117,0.68610117,0.68610117
1691657502000,0.68610113,0.68610113,0.68610113
1691657503000,0.68610113,0.68610113,0.68610113
1691657504000,0.68610097,0.68610097,0.68610097
1691657505000,0.68610097,0.68610097,0.68610097
1691657506000,0.68605311,0.68605311,0.68605311
1691657507000,0.6861,0.6861,0.6861
1691657508000,0.6861,0.6861,0.6861
1691657509000,0.6861,0.6861,0.6861
1691657510000,0.6861,0.6861,0.6861
1691657511000,0.6861,0.6861,0.6861
1691657512000,0.6861,0.6861,0.6861
1691657513000,0.68609839,0.68609839,0.68609839
1691657514000,0.68609928,0.68609928,0.68609928
1691657515000,0.68609885,0.68609885,0.68609885
1691657516000,0.68609889,0.68609889,0.68609889
1691657517000,0.68609793,0.68609793,0.68609793
1691657518000,0.68609793,0.68609793,0.68609793
1691657519000,0.68609885,0.68609885,0.68609885
1691657520000,0.68609885,0.68609885,0.68609885
1691657521000,0.68609429,0.68609429,0.68609429
1691657522000,0.6860316,0.6860316,0.6860316
1691657523000,0.68603156,0.68603156,0.68603156
1691657524000,0.68603156,0.68603156,0.68603156
1691657525000,0.68603156,0.68603156,0.68603156
1691657526000,0.68602411,0.68602411,0.68602411
1691657527000,0.68602411,0.68602411,0.68602411
1691657528000,0.68602411,0.68602411,0.68602411
1691657529000,0.68602411,0.68602411,0.68602411
1691657530000,0.68602423,0.68602423,0.68602423
1691657531000,0.68602336,0.68602336,0.68602336
1691657532000,0.68602336,0.68602336,0.68602336
1691657533000,0.68602432,0.68602432,0.68602432
1691657534000,0.6860234,0.6860234,0.6860234
1691657535000,0.6861,0.6861,0.6861
1691657536000,0.68602147,0.68602147,0.68602147
1691657537000,0.68602147,0.68602147,0.68602147
1691657538000,0.68607553,0.68607553,0.68607553
1691657539000,0.68602147,0.68602147,0.68602147
1691657540000,0.68602155,0.68602155,0.68602155
1691657541000,0.68602117,0.68602117,0.68602117
1691657542000,0.68602117,0.68602117,0.68602117
1691657543000,0.68602113,0.68602113,0.68602113
1691657544000,0.68602113,0.68602113,0.68602113
1691657545000,0.6860221,0.6860221,0.6860221
1691657546000,0.6861,0.6861,0.6861
1691657547000,0.68602079,0.68602079,0.68602079
1691657548000,0.68602083,0.68602083,0.68602083
1691657549000,0.68602079,0.68602079,0.68602079
1691657550000,0.68602079,0.68602079,0.68602079
1691657551000,0.68602112,0.68602112,0.68602112
1691657552000,0.68602069,0.68602069,0.68602069
1691657553000,0.68602069,0.68602069,0.68602069
1691657554000,0.68602069,0.68602069,0.68602069
1691657555000,0.68602908,0.68602908,0.68602908
1691657556000,0.68602912,0.68602912,0.68602912
1691657557000,0.68602853,0.68602853,0.68602853
1691657558000,0.68602853,0.68602853,0.68602853
1691657559000,0.68602853,0.68602853,0.68602853
1691657560000,0.6862,0.6862,0.6862
1691657561000,0.6862,0.6862,0.6862
1691657562000,0.6861,0.6861,0.6861
1691657563000,0.6862,0.6862,0.6862
1691657564000,0.6862,0.6862,0.6862
1691657565000,0.6862,0.6862,0.6862
1691657566000,0.6862,0.6862,0.6862
1691657567000,0.6862,0.6862,0.6862
1691657568000,0.6862,0.6862,0.6862
1691657569000,0.6863,0.6863,0.6863
1691657570000,0.6863,0.6863,0.6863
1691657571000,0.6863,0.6863,0.6863
1691657572000,0.6863,0.6863,0.6863
1691657573000,0.6863,0.6863,0.6863
1691657574000,0.6863,0.6863,0.6863
1691657575000,0.6863,0.6863,0.6863
1691657576000,0.6863,0.6863,0.6863
1691657577000,0.6863,0.6863,0.6863
1691657578000,0.6863,0.6863,0.6863
1691657579000,0.6863,0.6863,0.6863
1691657580000,0.6863,0.6863,0.6863
1691657581000,0.6863,0.6863,0.6863
1691657582000,0.6863,0.6863,0.6863
1691657583000,0.6863,0.6863,0.6863
1691657584000,0.6863,0.6863,0.6863
1691657585000,0.6863,0.6863,0.6863
1691657586000,0.6863,0.6863,0.6863
1691657587000,0.6863,0.6863,0.6863
1691657588000,0.6863,0.6863,0.6863
1691657589000,0.6864,0.6864,0.6864
1691657590000,0.6864,0.6864,0.6864
1691657591000,0.6864,0.6864,0.6864
1691657592000,0.6864,0.6864,0.6864
1691657593000,0.6865,0.6865,0.6865
1691657594000,0.6865,0.6865,0.6865
1691657595000,0.6865,0.6865,0.6865
1691657596000,0.6865,0.6865,0.6865
1691657597000,0.6865,0.6865,0.6865
1691657598000,0.6865,0.6865,0.6865
1691657599000,0.6865,0.6865,0.6865
1691657600000,0.6865,0.6865,0.6865
1691657601000,0.6865,0.6865,0.6865
1691657602000,0.6865,0.6865,0.6865
1691657603000,0.6865,0.6865,0.6865
1691657604000,0.6865,0.6865,0.6865
1691657605000,0.6865,0.6865,0.6865
1691657606000,0.6865,0.6865,0.6865
1691657607000,0.6865,0.6865,0.6865
1691657608000,0.6865,0.6865,0.6865
1691657609000,0.6865,0.6865,0.6865
1691657610000,0.6865,0.6865,0.6865
1691657611000,0.6865,0.6865,0.6865
1691657612000,0.6865,0.6865,0.6865
1691657613000,0.6865,0.6865,0.6865
1691657614000,0.6865,0.6865,0.6865
1691657615000,0.6865,0.6865,0.6865
1691657616000,0.6865,0.6865,0.6865
1691657617000,0.6865,0.6865,0.6865
1691657618000,0.6864,0.6864,0.6864
1691657619000,0.6864,0.6864,0.6864
1691657620000,0.6864,0.6864,0.6864
1691657621000,0.6864,0.6864,0.6864
1691657622000,0.6865,0.6865,0.6865
1691657623000,0.6864,0.6864,0.6864
1691657624000,0.6865,0.6865,0.6865
1691657625000,0.6865,0.6865,0.6865
1691657626000,0.6864,0.6864,0.6864
1691657627000,0.68638421,0.68638421,0.68638421
1691657628000,0.68633153,0.68633153,0.68633153
1691657629000,0.6863306,0.6863306,0.6863306
1691657630000,0.68633101,0.68633101,0.68633101
1691657631000,0.68633098,0.68633098,0.68633098
1691657632000,0.68622063,0.68622063,0.68622063
1691657633000,0.68622067,0.68622067,0.68622067
1691657634000,0.68621793,0.68621793,0.68621793
1691657635000,0.68621591,0.68621591,0.68621591
1691657636000,0.68621591,0.68621591,0.68621591
1691657637000,0.68621369,0.68621369,0.68621369
1691657638000,0.68621462,0.68621462,0.68621462
1691657639000,0.68621369,0.68621369,0.68621369
1691657640000,0.68621358,0.68621358,0.68621358
1691657641000,0.6863,0.6863,0.6863
1691657642000,0.6863,0.6863,0.6863
1691657643000,0.6863,0.6863,0.6863
1691657644000,0.6863,0.6863,0.6863
1691657645000,0.6863,0.6863,0.6863
1691657646000,0.6863,0.6863,0.6863
1691657647000,0.68624472,0.68624472,0.68624472
1691657648000,0.68624464,0.68624464,0.68624464
1691657649000,0.68624464,0.68624464,0.68624464
1691657650000,0.68622703,0.68622703,0.68622703
1691657651000,0.68622703,0.68622703,0.68622703
1691657652000,0.68622703,0.68622703,0.68622703
1691657653000,0.68622747,0.68622747,0.68622747
1691657654000,0.6862,0.6862,0.6862
1691657655000,0.6862,0.6862,0.6862
1691657656000,0.6862,0.6862,0.6862
1691657657000,0.68617107,0.68617107,0.68617107
1691657658000,0.68616933,0.68616933,0.68616933
1691657659000,0.68616933,0.68616933,0.68616933
1691657660000,0.686145,0.686145,0.686145
1691657661000,0.68613002,0.68613002,0.68613002
1691657662000,0.68618407,0.68618407,0.68618407
1691657663000,0.68612427,0.68612427,0.68612427
1691657664000,0.68612427,0.68612427,0.68612427
1691657665000,0.68607022,0.68607022,0.68607022
1691657666000,0.68607025,0.68607025,0.68607025
1691657667000,0.68607025,0.68607025,0.68607025
1691657668000,0.68607001,0.68607001,0.68607001
1691657669000,0.6860709,0.6860709,0.6860709
1691657670000,0.6860709,0.6860709,0.6860709
1691657671000,0.68606926,0.68606926,0.68606926
1691657672000,0.68606926,0.68606926,0.68606926
1691657673000,0.68606622,0.68606622,0.68606622
1691657674000,0.68606626,0.68606626,0.68606626
1691657675000,0.68606626,0.68606626,0.68606626
1691657676000,0.68606681,0.68606681,0.68606681
1691657677000,0.68606681,0.68606681,0.68606681
1691657678000,0.68606681,0.68606681,0.68606681
1691657679000,0.6861,0.6861,0.6861
1691657680000,0.6862,0.6862,0.6862
1691657681000,0.6863,0.6863,0.6863
1691657682000,0.6864,0.6864,0.6864
1691657683000,0.6864,0.6864,0.6864
1691657684000,0.6864,0.6864,0.6864
1691657685000,0.6864,0.6864,0.6864
1691657686000,0.6864,0.6864,0.6864
1691657687000,0.6864,0.6864,0.6864
1691657688000,0.6864,0.6864,0.6864
1691657689000,0.6864,0.6864,0.6864
1691657690000,0.6864,0.6864,0.6864
1691657691000,0.6864,0.6864,0.6864
1691657692000,0.6864,0.6864,0.6864
1691657693000,0.6864,0.6864,0.6864
1691657694000,0.6864,0.6864,0.6864
1691657695000,0.6864,0.6864,0.6864
1691657696000,0.6864,0.6864,0.6864
1691657697000,0.6864,0.6864,0.6864
1691657698000,0.6864,0.6864,0.6864
1691657699000,0.6864,0.6864,0.6864
1691657700000,0.6864,0.6864,0.6864
1691657701000,0.6864,0.6864,0.6864
1691657702000,0.6864,0.6864,0.6864
1691657703000,0.6864,0.6864,0.6864
1691657704000,0.6864,0.6864,0.6864
1691657705000,0.6864,0.6864,0.6864
1691657706000,0.6864,0.6864,0.6864
1691657707000,0.6865,0.6865,0.6865
1691657708000,0.6865,0.6865,0.6865
1691657709000,0.6865,0.6865,0.6865
1691657710000,0.6865,0.6865,0.6865
1691657711000,0.6865,0.6865,0.6865
1691657712000,0.6865,0.6865,0.6865
1691657713000,0.6865,0.6865,0.6865
1691657714000,0.6865,0.6865,0.6865
1691657715000,0.6865,0.6865,0.6865
1691657716000,0.6865,0.6865,0.6865
1691657717000,0.6865,0.6865,0.6865
1691657718000,0.6865,0.6865,0.6865
1691657719000,0.6865,0.6865,0.6865
1691657720000,0.6864,0.6864,0.6864
1691657721000,0.6864,0.6864,0.6864
1691657722000,0.6864,0.6864,0.6864
1691657723000,0.6864,0.6864,0.6864
1691657724000,0.6864,0.6864,0.6864
1691657725000,0.6864,0.6864,0.6864
1691657726000,0.6864,0.6864,0.6864
1691657727000,0.6864,0.6864,0.6864
1691657728000,0.6864,0.6864,0.6864
1691657729000,0.68633327,0.68633327,0.68633327
1691657730000,0.68633372,0.68633372,0.68633372
1691657731000,0.6864,0.6864,0.6864
1691657732000,0.6864,0.6864,0.6864
1691657733000,0.68627967,0.68627967,0.68627967
1691657734000,0.68628253,0.68628253,0.68628253
1691657735000,0.68628204,0.68628204,0.68628204
1691657736000,0.68628204,0.68628204,0.68628204
1691657737000,0.68628204,0.68628204,0.68628204
1691657738000,0.68628204,0.68628204,0.68628204
1691657739000,0.68635435,0.68635435,0.68635435
1691657740000,0.68635536,0.68635536,0.68635536
1691657741000,0.68635536,0.68635536,0.68635536
1691657742000,0.68635532,0.68635532,0.68635532
1691657743000,0.68635532,0.68635532,0.68635532
1691657744000,0.68635628,0.68635628,0.68635628
1691657745000,0.68635531,0.68635531,0.68635531
1691657746000,0.68635547,0.68635547,0.68635547
1691657747000,0.68635458,0.68635458,0.68635458
1691657748000,0.68635454,0.68635454,0.68635454
1691657749000,0.68635456,0.68635456,0.68635456
1691657750000,0.68635544,0.68635544,0.68635544
1691657751000,0.68635447,0.68635447,0.68635447
1691657752000,0.68630042,0.68630042,0.68630042
1691657753000,0.68630042,0.68630042,0.68630042
1691657754000,0.68630136,0.68630136,0.68630136
1691657755000,0.68630136,0.68630136,0.68630136
1691657756000,0.6863,0.6863,0.6863
1691657757000,0.6863,0.6863,0.6863
1691657758000,0.6863,0.6863,0.6863
1691657759000,0.6863,0.6863,0.6863
1691657760000,0.6863,0.6863,0.6863
1691657761000,0.6863,0.6863,0.6863
1691657762000,0.6863,0.6863,0.6863
1691657763000,0.6863,0.6863,0.6863
1691657764000,0.68615187,0.68615187,0.68615187
1691657765000,0.68615308,0.68615308,0.68615308
1691657766000,0.68614752,0.68614752,0.68614752
1691657767000,0.68614756,0.68614756,0.68614756
1691657768000,0.68614752,0.68614752,0.68614752
1691657769000,0.68614752,0.68614752,0.68614752
1691657770000,0.68614828,0.68614828,0.68614828
1691657771000,0.68614828,0.68614828,0.68614828
1691657772000,0.68614828,0.68614828,0.68614828
1691657773000,0.68614828,0.68614828,0.68614828
1691657774000,0.68614832,0.68614832,0.68614832
1691657775000,0.68614921,0.68614921,0.68614921
1691657776000,0.68615047,0.68615047,0.68615047
1691657777000,0.68615139,0.68615139,0.68615139
1691657778000,0.68620541,0.68620541,0.68620541
1691657779000,0.68620541,0.68620541,0.68620541
1691657780000,0.68620997,0.68620997,0.68620997
1691657781000,0.68620997,0.68620997,0.68620997
1691657782000,0.68620814,0.68620814,0.68620814
1691657783000,0.68620717,0.68620717,0.68620717
1691657784000,0.68625505,0.68625505,0.68625505
1691657785000,0.68625866,0.68625866,0.68625866
1691657786000,0.68625866,0.68625866,0.68625866
1691657787000,0.68625935,0.68625935,0.68625935
1691657788000,0.68626028,0.68626028,0.68626028
1691657789000,0.6863,0.6863,0.6863
1691657790000,0.6863,0.6863,0.6863
1691657791000,0.68626705,0.68626705,0.68626705
1691657792000,0.68632204,0.68632204,0.68632204
1691657793000,0.68632115,0.68632115,0.68632115
1691657794000,0.68637517,0.68637517,0.68637517
1691657795000,0.68632112,0.68632112,0.68632112
1691657796000,0.6863399,0.6863399,0.6863399
1691657797000,0.6863399,0.6863399,0.6863399
1691657798000,0.6863399,0.6863399,0.6863399
1691657799000,0.6863399,0.6863399,0.6863399
1691657800000,0.6863399,0.6863399,0.6863399
1691657801000,0.68634115,0.68634115,0.68634115
1691657802000,0.6863952,0.6863952,0.6863952
1691657803000,0.6863952,0.6863952,0.6863952
1691657804000,0.68633979,0.68633979,0.68633979
1691657805000,0.68639296,0.68639296,0.68639296
1691657806000,0.68639291,0.68639291,0.68639291
1691657807000,0.68639361,0.68639361,0.68639361
1691657808000,0.68639364,0.68639364,0.68639364
1691657809000,0.68639364,0.68639364,0.68639364
1691657810000,0.68639453,0.68639453,0.68639453
1691657811000,0.68638952,0.68638952,0.68638952
1691657812000,0.68638867,0.68638867,0.68638867
1691657813000,0.68638867,0.68638867,0.68638867
1691657814000,0.6863887,0.6863887,0.6863887
1691657815000,0.68638867,0.68638867,0.68638867
1691657816000,0.68638778,0.68638778,0.68638778
1691657817000,0.6863849,0.6863849,0.6863849
1691657818000,0.6863849,0.6863849,0.6863849
1691657819000,0.6863849,0.6863849,0.6863849
1691657820000,0.6863849,0.6863849,0.6863849
1691657821000,0.68637679,0.68637679,0.68637679
1691657822000,0.68637725,0.68637725,0.68637725
1691657823000,0.68637725,0.68637725,0.68637725
1691657824000,0.68637725,0.68637725,0.68637725
1691657825000,0.68637725,0.68637725,0.68637725
1691657826000,0.68637725,0.68637725,0.68637725
1691657827000,0.6863217,0.6863217,0.6863217
1691657828000,0.6863217,0.6863217,0.6863217
1691657829000,0.68632267,0.68632267,0.68632267
1691657830000,0.68632263,0.68632263,0.68632263
1691657831000,0.68632263,0.68632263,0.68632263
1691657832000,0.68632072,0.68632072,0.68632072
1691657833000,0.68632068,0.68632068,0.68632068
1691657834000,0.68632068,0.68632068,0.68632068
1691657835000,0.68631684,0.68631684,0.68631684
1691657836000,0.68631684,0.68631684,0.68631684
1691657837000,0.68631653,0.68631653,0.68631653
1691657838000,0.6863175,0.6863175,0.6863175
1691657839000,0.68631746,0.68631746,0.68631746
1691657840000,0.68631746,0.68631746,0.68631746
1691657841000,0.68631746,0.68631746,0.68631746
1691657842000,0.68631738,0.68631738,0.68631738
1691657843000,0.68631548,0.68631548,0.68631548
1691657844000,0.68631641,0.68631641,0.68631641
1691657845000,0.68631645,0.68631645,0.68631645
1691657846000,0.68631645,0.68631645,0.68631645
1691657847000,0.68631552,0.68631552,0.68631552
1691657848000,0.68631529,0.68631529,0.68631529
1691657849000,0.68630682,0.68630682,0.68630682
1691657850000,0.68629061,0.68629061,0.68629061
1691657851000,0.68629057,0.68629057,0.68629057
1691657852000,0.6862885,0.6862885,0.6862885
1691657853000,0.68628628,0.68628628,0.68628628
1691657854000,0.68628628,0.68628628,0.68628628
1691657855000,0.68628628,0.68628628,0.68628628
1691657856000,0.68628631,0.68628631,0.68628631
1691657857000,0.68628631,0.68628631,0.68628631
1691657858000,0.68628326,0.68628326,0.68628326
1691657859000,0.68628418,0.68628418,0.68628418
1691657860000,0.68628418,0.68628418,0.68628418
1691657861000,0.6862292,0.6862292,0.6862292
1691657862000,0.68617515,0.68617515,0.68617515
1691657863000,0.68617233,0.68617233,0.68617233
1691657864000,0.68617217,0.68617217,0.68617217
1691657865000,0.6862,0.6862,0.6862
1691657866000,0.68617217,0.68617217,0.68617217
1691657867000,0.68617217,0.68617217,0.68617217
1691657868000,0.6862,0.6862,0.6862
1691657869000,0.6862221,0.6862221,0.6862221
1691657870000,0.6862221,0.6862221,0.6862221
1691657871000,0.6863,0.6863,0.6863
1691657872000,0.6863,0.6863,0.6863
1691657873000,0.6863,0.6863,0.6863
1691657874000,0.6863,0.6863,0.6863
1691657875000,0.6863,0.6863,0.6863
1691657876000,0.6863,0.6863,0.6863
1691657877000,0.68622238,0.68622238,0.68622238
1691657878000,0.68622274,0.68622274,0.68622274
1691657879000,0.68622103,0.68622103,0.68622103
1691657880000,0.68622099,0.68622099,0.68622099
1691657881000,0.6864,0.6864,0.6864
1691657882000,0.6864,0.6864,0.6864
1691657883000,0.6864,0.6864,0.6864
1691657884000,0.6864,0.6864,0.6864
1691657885000,0.6864,0.6864,0.6864
1691657886000,0.6864,0.6864,0.6864
1691657887000,0.6864,0.6864,0.6864
1691657888000,0.6864,0.6864,0.6864
1691657889000,0.6864,0.6864,0.6864
1691657890000,0.6864,0.6864,0.6864
1691657891000,0.6864,0.6864,0.6864
1691657892000,0.6864,0.6864,0.6864
1691657893000,0.6864,0.6864,0.6864
1691657894000,0.6864,0.6864,0.6864
1691657895000,0.6864,0.6864,0.6864
1691657896000,0.6864,0.6864,0.6864
1691657897000,0.6864,0.6864,0.6864
1691657898000,0.6864,0.6864,0.6864
1691657899000,0.6864,0.6864,0.6864
1691657900000,0.6864,0.6864,0.6864
1691657901000,0.6863,0.6863,0.6863
1691657902000,0.6863,0.6863,0.6863
1691657903000,0.6863,0.6863,0.6863
1691657904000,0.6863,0.6863,0.6863
1691657905000,0.6863,0.6863,0.6863
1691657906000,0.6863,0.6863,0.6863
1691657907000,0.6863,0.6863,0.6863
1691657908000,0.6863,0.6863,0.6863
1691657909000,0.6863,0.6863,0.6863
1691657910000,0.6863,0.6863,0.6863
1691657911000,0.6863,0.6863,0.6863
1691657912000,0.6863,0.6863,0.6863
1691657913000,0.6864,0.6864,0.6864
1691657914000,0.6864,0.6864,0.6864
1691657915000,0.6865,0.6865,0.6865
1691657916000,0.6864379,0.6864379,0.6864379
1691657917000,0.6864379,0.6864379,0.6864379
1691657918000,0.68643697,0.68643697,0.68643697
1691657919000,0.68643697,0.68643697,0.68643697
1691657920000,0.68643593,0.68643593,0.68643593
1691657921000,0.6864,0.6864,0.6864
1691657922000,0.6864,0.6864,0.6864
1691657923000,0.6864,0.6864,0.6864
1691657924000,0.6864,0.6864,0.6864
1691657925000,0.6864,0.6864,0.6864
1691657926000,0.68638615,0.68638615,0.68638615
1691657927000,0.68633113,0.68633113,0.68633113
1691657928000,0.68633113,0.68633113,0.68633113
1691657929000,0.68633113,0.68633113,0.68633113
1691657930000,0.68633117,0.68633117,0.68633117
1691657931000,0.68633354,0.68633354,0.68633354
1691657932000,0.6864,0.6864,0.6864
1691657933000,0.6864,0.6864,0.6864
1691657934000,0.6864,0.6864,0.6864
1691657935000,0.6864,0.6864,0.6864
1691657936000,0.6864,0.6864,0.6864
1691657937000,0.6864,0.6864,0.6864
1691657938000,0.6864,0.6864,0.6864
1691657939000,0.6864,0.6864,0.6864
1691657940000,0.6864,0.6864,0.6864
1691657941000,0.68632933,0.68632933,0.68632933
1691657942000,0.68632933,0.68632933,0.68632933
1691657943000,0.6864,0.6864,0.6864
1691657944000,0.6864,0.6864,0.6864
1691657945000,0.6865,0.6865,0.6865
1691657946000,0.6865,0.6865,0.6865
1691657947000,0.6865,0.6865,0.6865
1691657948000,0.6865,0.6865,0.6865
1691657949000,0.6864,0.6864,0.6864
1691657950000,0.6864,0.6864,0.6864
1691657951000,0.6864,0.6864,0.6864
1691657952000,0.6865,0.6865,0.6865
1691657953000,0.6865,0.6865,0.6865
1691657954000,0.6865,0.6865,0.6865
1691657955000,0.6865,0.6865,0.6865
1691657956000,0.6864,0.6864,0.6864
1691657957000,0.6864,0.6864,0.6864
1691657958000,0.68631745,0.68631745,0.68631745
1691657959000,0.68631748,0.68631748,0.68631748
1691657960000,0.68631748,0.68631748,0.68631748
1691657961000,0.68631675,0.68631675,0.68631675
1691657962000,0.6863173,0.6863173,0.6863173
1691657963000,0.6863173,0.6863173,0.6863173
1691657964000,0.68631823,0.68631823,0.68631823
1691657965000,0.68631762,0.68631762,0.68631762
1691657966000,0.68631762,0.68631762,0.68631762
1691657967000,0.68631861,0.68631861,0.68631861
1691657968000,0.68631958,0.68631958,0.68631958
1691657969000,0.68631958,0.68631958,0.68631958
1691657970000,0.6864,0.6864,0.6864
1691657971000,0.6864,0.6864,0.6864
1691657972000,0.6864,0.6864,0.6864
1691657973000,0.68631985,0.68631985,0.68631985
1691657974000,0.68631985,0.68631985,0.68631985
1691657975000,0.68631985,0.68631985,0.68631985
1691657976000,0.68631884,0.68631884,0.68631884
1691657977000,0.68631977,0.68631977,0.68631977
1691657978000,0.68632073,0.68632073,0.68632073
1691657979000,0.68631981,0.68631981,0.68631981
1691657980000,0.68631981,0.68631981,0.68631981
1691657981000,0.68632077,0.68632077,0.68632077
1691657982000,0.68632073,0.68632073,0.68632073
1691657983000,0.68631887,0.68631887,0.68631887
1691657984000,0.6863198,0.6863198,0.6863198
1691657985000,0.6863198,0.6863198,0.6863198
1691657986000,0.68632036,0.68632036,0.68632036
1691657987000,0.68632036,0.68632036,0.68632036
1691657988000,0.6864,0.6864,0.6864
1691657989000,0.68631723,0.68631723,0.68631723
1691657990000,0.68631723,0.68631723,0.68631723
1691657991000,0.68631775,0.68631775,0.68631775
1691657992000,0.68631775,0.68631775,0.68631775
1691657993000,0.68631495,0.68631495,0.68631495
1691657994000,0.68631402,0.68631402,0.68631402
1691657995000,0.68631402,0.68631402,0.68631402
1691657996000,0.68636808,0.68636808,0.68636808
1691657997000,0.68631495,0.68631495,0.68631495
1691657998000,0.68636678,0.68636678,0.68636678
1691657999000,0.68636678,0.68636678,0.68636678
1691658000000,0.68636678,0.68636678,0.68636678
1691658001000,0.68630425,0.68630425,0.68630425
1691658002000,0.68630425,0.68630425,0.68630425
1691658003000,0.68630514,0.68630514,0.68630514
1691658004000,0.68630128,0.68630128,0.68630128
1691658005000,0.68630221,0.68630221,0.68630221
1691658006000,0.68630221,0.68630221,0.68630221
1691658007000,0.68630079,0.68630079,0.68630079
1691658008000,0.68630075,0.68630075,0.68630075
1691658009000,0.68629718,0.68629718,0.68629718
1691658010000,0.68629811,0.68629811,0.68629811
1691658011000,0.6863,0.6863,0.6863
1691658012000,0.6864,0.6864,0.6864
1691658013000,0.6863,0.6863,0.6863
1691658014000,0.6863,0.6863,0.6863
1691658015000,0.6864,0.6864,0.6864
1691658016000,0.6864,0.6864,0.6864
1691658017000,0.6865,0.6865,0.6865
1691658018000,0.6865,0.6865,0.6865
1691658019000,0.6865,0.6865,0.6865
1691658020000,0.6864,0.6864,0.6864
1691658021000,0.6865,0.6865,0.6865
1691658022000,0.6865,0.6865,0.6865
1691658023000,0.6865,0.6865,0.6865
1691658024000,0.6865,0.6865,0.6865
1691658025000,0.6865,0.6865,0.6865
1691658026000,0.6864,0.6864,0.6864
1691658027000,0.6864,0.6864,0.6864
1691658028000,0.68635033,0.68635033,0.68635033
1691658029000,0.6864,0.6864,0.6864
1691658030000,0.6864,0.6864,0.6864
1691658031000,0.6864,0.6864,0.6864
1691658032000,0.6864,0.6864,0.6864
1691658033000,0.6864,0.6864,0.6864
1691658034000,0.6864,0.6864,0.6864
1691658035000,0.6864,0.6864,0.6864
1691658036000,0.6864,0.6864,0.6864
1691658037000,0.6864,0.6864,0.6864
1691658038000,0.6864,0.6864,0.6864
1691658039000,0.6864,0.6864,0.6864
1691658040000,0.6864,0.6864,0.6864
1691658041000,0.6864,0.6864,0.6864
1691658042000,0.68631171,0.68631171,0.68631171
1691658043000,0.68631203,0.68631203,0.68631203
1691658044000,0.6864,0.6864,0.6864
1691658045000,0.6864,0.6864,0.6864
1691658046000,0.6864,0.6864,0.6864
1691658047000,0.68631416,0.68631416,0.68631416
1691658048000,0.6864,0.6864,0.6864
1691658049000,0.6864,0.6864,0.6864
1691658050000,0.68631572,0.68631572,0.68631572
1691658051000,0.6864,0.6864,0.6864
1691658052000,0.6864,0.6864,0.6864
1691658053000,0.6864,0.6864,0.6864
1691658054000,0.6864,0.6864,0.6864
1691658055000,0.6864,0.6864,0.6864
1691658056000,0.68631704,0.68631704,0.68631704
1691658057000,0.68631704,0.68631704,0.68631704
1691658058000,0.68631704,0.68631704,0.68631704
1691658059000,0.68631276,0.68631276,0.68631276
1691658060000,0.68631276,0.68631276,0.68631276
1691658061000,0.68631228,0.68631228,0.68631228
1691658062000,0.68631136,0.68631136,0.68631136
1691658063000,0.68622491,0.68622491,0.68622491
1691658064000,0.68622491,0.68622491,0.68622491
1691658065000,0.68622487,0.68622487,0.68622487
1691658066000,0.68622616,0.68622616,0.68622616
1691658067000,0.68622146,0.68622146,0.68622146
1691658068000,0.68622146,0.68622146,0.68622146
1691658069000,0.68622142,0.68622142,0.68622142
1691658070000,0.6862205,0.6862205,0.6862205
1691658071000,0.68622061,0.68622061,0.68622061
1691658072000,0.68622061,0.68622061,0.68622061
1691658073000,0.6862213,0.6862213,0.6862213
1691658074000,0.68622223,0.68622223,0.68622223
1691658075000,0.68622223,0.68622223,0.68622223
1691658076000,0.68622073,0.68622073,0.68622073
1691658077000,0.68622076,0.68622076,0.68622076
1691658078000,0.6862196,0.6862196,0.6862196
1691658079000,0.68621963,0.68621963,0.68621963
1691658080000,0.68621963,0.68621963,0.68621963
1691658081000,0.6862162,0.6862162,0.6862162
1691658082000,0.6862162,0.6862162,0.6862162
1691658083000,0.68620494,0.68620494,0.68620494
1691658084000,0.68620494,0.68620494,0.68620494
1691658085000,0.68620494,0.68620494,0.68620494
1691658086000,0.6862049,0.6862049,0.6862049
1691658087000,0.68609207,0.68609207,0.68609207
1691658088000,0.68608944,0.68608944,0.68608944
1691658089000,0.68608944,0.68608944,0.68608944
1691658090000,0.68603986,0.68603986,0.68603986
1691658091000,0.68603918,0.68603918,0.68603918
1691658092000,0.68598158,0.68598158,0.68598158
1691658093000,0.68597773,0.68597773,0.68597773
1691658094000,0.68597773,0.68597773,0.68597773
1691658095000,0.68597769,0.68597769,0.68597769
1691658096000,0.68597773,0.68597773,0.68597773
1691658097000,0.68597602,0.68597602,0.68597602
1691658098000,0.68597602,0.68597602,0.68597602
1691658099000,0.68603004,0.68603004,0.68603004
1691658100000,0.68603004,0.68603004,0.68603004
1691658101000,0.68603008,0.68603008,0.68603008
1691658102000,0.68602775,0.68602775,0.68602775
1691658103000,0.68602855,0.68602855,0.68602855
1691658104000,0.68602855,0.68602855,0.68602855
1691658105000,0.68602855,0.68602855,0.68602855
1691658106000,0.68602859,0.68602859,0.68602859
1691658107000,0.68602713,0.68602713,0.68602713
1691658108000,0.68602713,0.68602713,0.68602713
1691658109000,0.68602628,0.68602628,0.68602628
1691658110000,0.68602624,0.68602624,0.68602624
1691658111000,0.68602531,0.68602531,0.68602531
1691658112000,0.68592962,0.68592962,0.68592962
1691658113000,0.68592991,0.68592991,0.68592991
1691658114000,0.68592926,0.68592926,0.68592926
1691658115000,0.6859293,0.6859293,0.6859293
1691658116000,0.6859293,0.6859293,0.6859293
1691658117000,0.68593019,0.68593019,0.68593019
1691658118000,0.68593115,0.68593115,0.68593115
1691658119000,0.68593115,0.68593115,0.68593115
1691658120000,0.68593034,0.68593034,0.68593034
1691658121000,0.68593127,0.68593127,0.68593127
1691658122000,0.68593127,0.68593127,0.68593127
1691658123000,0.68593147,0.68593147,0.68593147
1691658124000,0.68593098,0.68593098,0.68593098
1691658125000,0.68593098,0.68593098,0.68593098
1691658126000,0.68593098,0.68593098,0.68593098
1691658127000,0.68593002,0.68593002,0.68593002
1691658128000,0.68593102,0.68593102,0.68593102
1691658129000,0.68593003,0.68593003,0.68593003
1691658130000,0.68593003,0.68593003,0.68593003
1691658131000,0.68593003,0.68593003,0.68593003
1691658132000,0.68593003,0.68593003,0.68593003
1691658133000,0.68592928,0.68592928,0.68592928
1691658134000,0.68592807,0.68592807,0.68592807
1691658135000,0.68592807,0.68592807,0.68592807
1691658136000,0.68592807,0.68592807,0.68592807
1691658137000,0.68592904,0.68592904,0.68592904
1691658138000,0.68587414,0.68587414,0.68587414
1691658139000,0.685872,0.685872,0.685872
1691658140000,0.685872,0.685872,0.685872
1691658141000,0.685872,0.685872,0.685872
1691658142000,0.685872,0.685872,0.685872
1691658143000,0.68591986,0.68591986,0.68591986
1691658144000,0.68591828,0.68591828,0.68591828
1691658145000,0.68591734,0.68591734,0.68591734
1691658146000,0.68591734,0.68591734,0.68591734
1691658147000,0.68591734,0.68591734,0.68591734
1691658148000,0.68591734,0.68591734,0.68591734
1691658149000,0.68593113,0.68593113,0.68593113
1691658150000,0.68593113,0.68593113,0.68593113
1691658151000,0.68587711,0.68587711,0.68587711
1691658152000,0.68587707,0.68587707,0.68587707
1691658153000,0.68587707,0.68587707,0.68587707
1691658154000,0.68587664,0.68587664,0.68587664
1691658155000,0.68587514,0.68587514,0.68587514
1691658156000,0.68593012,0.68593012,0.68593012
1691658157000,0.68593012,0.68593012,0.68593012
1691658158000,0.68593012,0.68593012,0.68593012
1691658159000,0.68592961,0.68592961,0.68592961
1691658160000,0.68592961,0.68592961,0.68592961
1691658161000,0.68587959,0.68587959,0.68587959
1691658162000,0.68587959,0.68587959,0.68587959
1691658163000,0.68587959,0.68587959,0.68587959
1691658164000,0.6858773,0.6858773,0.6858773
1691658165000,0.68587689,0.68587689,0.68587689
1691658166000,0.68587782,0.68587782,0.68587782
1691658167000,0.68587778,0.68587778,0.68587778
1691658168000,0.68587778,0.68587778,0.68587778
1691658169000,0.68588589,0.68588589,0.68588589
1691658170000,0.68588351,0.68588351,0.68588351
1691658171000,0.6858823,0.6858823,0.6858823
1691658172000,0.68588234,0.68588234,0.68588234
1691658173000,0.68588234,0.68588234,0.68588234
1691658174000,0.68588188,0.68588188,0.68588188
1691658175000,0.68587859,0.68587859,0.68587859
1691658176000,0.68587802,0.68587802,0.68587802
1691658177000,0.68587802,0.68587802,0.68587802
1691658178000,0.68587802,0.68587802,0.68587802
1691658179000,0.68587799,0.68587799,0.68587799
1691658180000,0.68587439,0.68587439,0.68587439
1691658181000,0.68587439,0.68587439,0.68587439
1691658182000,0.68587531,0.68587531,0.68587531
1691658183000,0.68587442,0.68587442,0.68587442
1691658184000,0.68582745,0.68582745,0.68582745
1691658185000,0.68582283,0.68582283,0.68582283
1691658186000,0.68582286,0.68582286,0.68582286
1691658187000,0.68582194,0.68582194,0.68582194
1691658188000,0.68582286,0.68582286,0.68582286
1691658189000,0.68582286,0.68582286,0.68582286
1691658190000,0.68581928,0.68581928,0.68581928
1691658191000,0.68581835,0.68581835,0.68581835
1691658192000,0.68581928,0.68581928,0.68581928
1691658193000,0.68581928,0.68581928,0.68581928
1691658194000,0.68581931,0.68581931,0.68581931
1691658195000,0.68581996,0.68581996,0.68581996
1691658196000,0.68581553,0.68581553,0.68581553
1691658197000,0.68581456,0.68581456,0.68581456
1691658198000,0.68576051,0.68576051,0.68576051
1691658199000,0.6858,0.6858,0.6858
1691658200000,0.6858,0.6858,0.6858
1691658201000,0.68575863,0.68575863,0.68575863
1691658202000,0.68575863,0.68575863,0.68575863
1691658203000,0.68575866,0.68575866,0.68575866
1691658204000,0.68576766,0.68576766,0.68576766
1691658205000,0.68576766,0.68576766,0.68576766
1691658206000,0.68576552,0.68576552,0.68576552
1691658207000,0.68576427,0.68576427,0.68576427
1691658208000,0.68576427,0.68576427,0.68576427
1691658209000,0.68576427,0.68576427,0.68576427
1691658210000,0.68576427,0.68576427,0.68576427
1691658211000,0.6858,0.6858,0.6858
1691658212000,0.6858,0.6858,0.6858
1691658213000,0.68576256,0.68576256,0.68576256
1691658214000,0.68576256,0.68576256,0.68576256
1691658215000,0.6857616,0.6857616,0.6857616
1691658216000,0.68576018,0.68576018,0.68576018
1691658217000,0.68576131,0.68576131,0.68576131
1691658218000,0.68576135,0.68576135,0.68576135
1691658219000,0.6858,0.6858,0.6858
1691658220000,0.6858154,0.6858154,0.6858154
1691658221000,0.68581274,0.68581274,0.68581274
1691658222000,0.6858127,0.6858127,0.6858127
1691658223000,0.6858127,0.6858127,0.6858127
1691658224000,0.6858127,0.6858127,0.6858127
1691658225000,0.68581274,0.68581274,0.68581274
1691658226000,0.68581205,0.68581205,0.68581205
1691658227000,0.6858091,0.6858091,0.6858091
1691658228000,0.68580913,0.68580913,0.68580913
1691658229000,0.68580913,0.68580913,0.68580913
1691658230000,0.68581006,0.68581006,0.68581006
1691658231000,0.68581039,0.68581039,0.68581039
1691658232000,0.68580731,0.68580731,0.68580731
1691658233000,0.68580731,0.68580731,0.68580731
1691658234000,0.68580731,0.68580731,0.68580731
1691658235000,0.68580731,0.68580731,0.68580731
1691658236000,0.68580795,0.68580795,0.68580795
1691658237000,0.68580581,0.68580581,0.68580581
1691658238000,0.68575082,0.68575082,0.68575082
1691658239000,0.68575082,0.68575082,0.68575082
1691658240000,0.68575082,0.68575082,0.68575082
1691658241000,0.68575179,0.68575179,0.68575179
1691658242000,0.68574708,0.68574708,0.68574708
1691658243000,0.68574708,0.68574708,0.68574708
1691658244000,0.68574704,0.68574704,0.68574704
1691658245000,0.68574704,0.68574704,0.68574704
1691658246000,0.6857,0.6857,0.6857
1691658247000,0.6857,0.6857,0.6857
1691658248000,0.6857,0.6857,0.6857
1691658249000,0.68568759,0.68568759,0.68568759
1691658250000,0.68574165,0.68574165,0.68574165
1691658251000,0.68573382,0.68573382,0.68573382
1691658252000,0.68573482,0.68573482,0.68573482
1691658253000,0.68573059,0.68573059,0.68573059
1691658254000,0.68573059,0.68573059,0.68573059
1691658255000,0.68573059,0.68573059,0.68573059
1691658256000,0.68568328,0.68568328,0.68568328
1691658257000,0.68568328,0.68568328,0.68568328
1691658258000,0.6856357,0.6856357,0.6856357
1691658259000,0.68556669,0.68556669,0.68556669
1691658260000,0.68556589,0.68556589,0.68556589
1691658261000,0.68556589,0.68556589,0.68556589
1691658262000,0.68560944,0.68560944,0.68560944
1691658263000,0.68560569,0.68560569,0.68560569
1691658264000,0.68560569,0.68560569,0.68560569
1691658265000,0.68560569,0.68560569,0.68560569
1691658266000,0.68560569,0.68560569,0.68560569
1691658267000,0.68560489,0.68560489,0.68560489
1691658268000,0.68555393,0.68555393,0.68555393
1691658269000,0.6855539,0.6855539,0.6855539
1691658270000,0.68560121,0.68560121,0.68560121
1691658271000,0.68560121,0.68560121,0.68560121
1691658272000,0.68560191,0.68560191,0.68560191
1691658273000,0.68559909,0.68559909,0.68559909
1691658274000,0.68559912,0.68559912,0.68559912
1691658275000,0.68559912,0.68559912,0.68559912
1691658276000,0.68559909,0.68559909,0.68559909
1691658277000,0.68559909,0.68559909,0.68559909
1691658278000,0.68559808,0.68559808,0.68559808
1691658279000,0.68554952,0.68554952,0.68554952
1691658280000,0.68554952,0.68554952,0.68554952
1691658281000,0.68554952,0.68554952,0.68554952
1691658282000,0.6856,0.6856,0.6856
1691658283000,0.6856,0.6856,0.6856
1691658284000,0.6856,0.6856,0.6856
1691658285000,0.68554719,0.68554719,0.68554719
1691658286000,0.68559373,0.68559373,0.68559373
1691658287000,0.68559453,0.68559453,0.68559453
1691658288000,0.68554711,0.68554711,0.68554711
1691658289000,0.68554508,0.68554508,0.68554508
1691658290000,0.68554425,0.68554425,0.68554425
1691658291000,0.68554425,0.68554425,0.68554425
1691658292000,0.6856,0.6856,0.6856
1691658293000,0.6856,0.6856,0.6856
1691658294000,0.6856,0.6856,0.6856
1691658295000,0.6856,0.6856,0.6856
1691658296000,0.68554293,0.68554293,0.68554293
1691658297000,0.68554293,0.68554293,0.68554293
1691658298000,0.68554231,0.68554231,0.68554231
1691658299000,0.68554026,0.68554026,0.68554026
1691658300000,0.6855868,0.6855868,0.6855868
1691658301000,0.6855876,0.6855876,0.6855876
1691658302000,0.6855876,0.6855876,0.6855876
1691658303000,0.68558792,0.68558792,0.68558792
1691658304000,0.68554024,0.68554024,0.68554024
1691658305000,0.68554024,0.68554024,0.68554024
1691658306000,0.68558679,0.68558679,0.68558679
1691658307000,0.68558679,0.68558679,0.68558679
1691658308000,0.68554028,0.68554028,0.68554028
1691658309000,0.68553989,0.68553989,0.68553989
1691658310000,0.68553938,0.68553938,0.68553938
1691658311000,0.68553941,0.68553941,0.68553941
1691658312000,0.68553941,0.68553941,0.68553941
1691658313000,0.68553965,0.68553965,0.68553965
1691658314000,0.68553965,0.68553965,0.68553965
1691658315000,0.68553662,0.68553662,0.68553662
1691658316000,0.68553662,0.68553662,0.68553662
1691658317000,0.68553662,0.68553662,0.68553662
1691658318000,0.6856,0.6856,0.6856
1691658319000,0.6856,0.6856,0.6856
1691658320000,0.6856,0.6856,0.6856
1691658321000,0.68557906,0.68557906,0.68557906
1691658322000,0.68557909,0.68557909,0.68557909
1691658323000,0.68557989,0.68557989,0.68557989
1691658324000,0.68558707,0.68558707,0.68558707
1691658325000,0.68558321,0.68558321,0.68558321
1691658326000,0.68558321,0.68558321,0.68558321
1691658327000,0.68558321,0.68558321,0.68558321
1691658328000,0.68558242,0.68558242,0.68558242
1691658329000,0.68558279,0.68558279,0.68558279
1691658330000,0.68557885,0.68557885,0.68557885
1691658331000,0.68557885,0.68557885,0.68557885
1691658332000,0.68557806,0.68557806,0.68557806
1691658333000,0.68553234,0.68553234,0.68553234
1691658334000,0.6856,0.6856,0.6856
1691658335000,0.68553241,0.68553241,0.68553241
1691658336000,0.6856,0.6856,0.6856
1691658337000,0.68552854,0.68552854,0.68552854
1691658338000,0.6856,0.6856,0.6856
1691658339000,0.6856,0.6856,0.6856
1691658340000,0.6857,0.6857,0.6857
1691658341000,0.6857,0.6857,0.6857
1691658342000,0.6857,0.6857,0.6857
1691658343000,0.6857,0.6857,0.6857
1691658344000,0.6857,0.6857,0.6857
1691658345000,0.6857,0.6857,0.6857
1691658346000,0.6857,0.6857,0.6857
1691658347000,0.6856,0.6856,0.6856
1691658348000,0.6856,0.6856,0.6856
1691658349000,0.6856,0.6856,0.6856
1691658350000,0.6856,0.6856,0.6856
1691658351000,0.6856,0.6856,0.6856
1691658352000,0.6856,0.6856,0.6856
1691658353000,0.6857,0.6857,0.6857
1691658354000,0.6857,0.6857,0.6857
1691658355000,0.6857,0.6857,0.6857
1691658356000,0.6857,0.6857,0.6857
1691658357000,0.6856,0.6856,0.6856
1691658358000,0.6856,0.6856,0.6856
1691658359000,0.6856,0.6856,0.6856
1691658360000,0.6856,0.6856,0.6856
1691658361000,0.6856,0.6856,0.6856
1691658362000,0.6856,0.6856,0.6856
1691658363000,0.6856,0.6856,0.6856
1691658364000,0.6856,0.6856,0.6856
1691658365000,0.6857,0.6857,0.6857
1691658366000,0.6857,0.6857,0.6857
1691658367000,0.6856,0.6856,0.6856
1691658368000,0.6856,0.6856,0.6856
1691658369000,0.6856,0.6856,0.6856
1691658370000,0.6856,0.6856,0.6856
1691658371000,0.6856,0.6856,0.6856
1691658372000,0.6856,0.6856,0.6856
1691658373000,0.6856,0.6856,0.6856
1691658374000,0.6856,0.6856,0.6856
1691658375000,0.6856,0.6856,0.6856
1691658376000,0.6856,0.6856,0.6856
1691658377000,0.6856,0.6856,0.6856
1691658378000,0.6856,0.6856,0.6856
1691658379000,0.6856,0.6856,0.6856
1691658380000,0.6857,0.6857,0.6857
1691658381000,0.6857,0.6857,0.6857
1691658382000,0.6856,0.6856,0.6856
1691658383000,0.6856,0.6856,0.6856
1691658384000,0.6856,0.6856,0.6856
1691658385000,0.6856,0.6856,0.6856
1691658386000,0.6857,0.6857,0.6857
1691658387000,0.6857,0.6857,0.6857
1691658388000,0.6856,0.6856,0.6856
1691658389000,0.6856,0.6856,0.6856
1691658390000,0.6856,0.6856,0.6856
1691658391000,0.6856,0.6856,0.6856
1691658392000,0.6856,0.6856,0.6856
1691658393000,0.6856,0.6856,0.6856
1691658394000,0.6856,0.6856,0.6856
1691658395000,0.6856,0.6856,0.6856
1691658396000,0.6856,0.6856,0.6856
1691658397000,0.6856,0.6856,0.6856
1691658398000,0.6856,0.6856,0.6856
1691658399000,0.6856,0.6856,0.6856
1691658400000,0.6856,0.6856,0.6856
1691658401000,0.6856,0.6856,0.6856
1691658402000,0.6856,0.6856,0.6856
1691658403000,0.6859,0.6859,0.6859
1691658404000,0.6859,0.6859,0.6859
1691658405000,0.6859,0.6859,0.6859
1691658406000,0.6859,0.6859,0.6859
1691658407000,0.686,0.686,0.686
1691658408000,0.686,0.686,0.686
1691658409000,0.686,0.686,0.686
1691658410000,0.686,0.686,0.686
1691658411000,0.686,0.686,0.686
1691658412000,0.6861,0.6861,0.6861
1691658413000,0.686,0.686,0.686
1691658414000,0.686,0.686,0.686
1691658415000,0.686,0.686,0.686
1691658416000,0.686,0.686,0.686
1691658417000,0.686,0.686,0.686
1691658418000,0.686,0.686,0.686
1691658419000,0.686,0.686,0.686
1691658420000,0.686,0.686,0.686
1691658421000,0.686,0.686,0.686
1691658422000,0.6859,0.6859,0.6859
1691658423000,0.6859,0.6859,0.6859
1691658424000,0.686,0.686,0.686
1691658425000,0.686,0.686,0.686
1691658426000,0.6859,0.6859,0.6859
1691658427000,0.6859,0.6859,0.6859
1691658428000,0.6859,0.6859,0.6859
1691658429000,0.6859,0.6859,0.6859
1691658430000,0.6859,0.6859,0.6859
1691658431000,0.6859,0.6859,0.6859
1691658432000,0.6859,0.6859,0.6859
1691658433000,0.6858,0.6858,0.6858
1691658434000,0.6858,0.6858,0.6858
1691658435000,0.6858,0.6858,0.6858
1691658436000,0.6858,0.6858,0.6858
1691658437000,0.6858,0.6858,0.6858
1691658438000,0.6858,0.6858,0.6858
1691658439000,0.6858,0.6858,0.6858
1691658440000,0.6858,0.6858,0.6858
1691658441000,0.6858,0.6858,0.6858
1691658442000,0.6858,0.6858,0.6858
1691658443000,0.6858,0.6858,0.6858
1691658444000,0.6858,0.6858,0.6858
1691658445000,0.6858,0.6858,0.6858
1691658446000,0.6858,0.6858,0.6858
1691658447000,0.68573992,0.68573992,0.68573992
1691658448000,0.68575308,0.68575308,0.68575308
1691658449000,0.68575308,0.68575308,0.68575308
1691658450000,0.6858,0.6858,0.6858
1691658451000,0.6858,0.6858,0.6858
1691658452000,0.6858,0.6858,0.6858
1691658453000,0.68570816,0.68570816,0.68570816
1691658454000,0.68570816,0.68570816,0.68570816
1691658455000,0.6858,0.6858,0.6858
1691658456000,0.6858,0.6858,0.6858
1691658457000,0.6858,0.6858,0.6858
1691658458000,0.6858,0.6858,0.6858
1691658459000,0.6857,0.6857,0.6857
1691658460000,0.68571122,0.68571122,0.68571122
1691658461000,0.6857,0.6857,0.6857
1691658462000,0.6857,0.6857,0.6857
1691658463000,0.6857,0.6857,0.6857
1691658464000,0.6858,0.6858,0.6858
1691658465000,0.6858,0.6858,0.6858
1691658466000,0.6858,0.6858,0.6858
1691658467000,0.6858,0.6858,0.6858
1691658468000,0.6858,0.6858,0.6858
1691658469000,0.6857,0.6857,0.6857
1691658470000,0.6857,0.6857,0.6857
1691658471000,0.6857,0.6857,0.6857
1691658472000,0.6858,0.6858,0.6858
1691658473000,0.6858,0.6858,0.6858
1691658474000,0.6857,0.6857,0.6857
1691658475000,0.6857,0.6857,0.6857
1691658476000,0.6857,0.6857,0.6857
1691658477000,0.6857,0.6857,0.6857
1691658478000,0.6857,0.6857,0.6857
1691658479000,0.6857,0.6857,0.6857
1691658480000,0.6857,0.6857,0.6857
1691658481000,0.6857,0.6857,0.6857
1691658482000,0.6857,0.6857,0.6857
1691658483000,0.6857,0.6857,0.6857
1691658484000,0.6857,0.6857,0.6857
1691658485000,0.6857,0.6857,0.6857
1691658486000,0.6858,0.6858,0.6858
1691658487000,0.6858,0.6858,0.6858
1691658488000,0.6858,0.6858,0.6858
1691658489000,0.6857,0.6857,0.6857
1691658490000,0.6857,0.6857,0.6857
1691658491000,0.6857,0.6857,0.6857
1691658492000,0.6857,0.6857,0.6857
1691658493000,0.6857,0.6857,0.6857
1691658494000,0.6857,0.6857,0.6857
1691658495000,0.6857,0.6857,0.6857
1691658496000,0.6857,0.6857,0.6857
1691658497000,0.6857,0.6857,0.6857
1691658498000,0.6857,0.6857,0.6857
1691658499000,0.6857,0.6857,0.6857
1691658500000,0.6857,0.6857,0.6857
1691658501000,0.6857,0.6857,0.6857
1691658502000,0.6857005,0.6857005,0.6857005
1691658503000,0.68570047,0.68570047,0.68570047
1691658504000,0.6857,0.6857,0.6857
1691658505000,0.6857,0.6857,0.6857
1691658506000,0.6857,0.6857,0.6857
1691658507000,0.68570243,0.68570243,0.68570243
1691658508000,0.68570243,0.68570243,0.68570243
1691658509000,0.68570167,0.68570167,0.68570167
1691658510000,0.68570163,0.68570163,0.68570163
1691658511000,0.68570163,0.68570163,0.68570163
1691658512000,0.68570282,0.68570282,0.68570282
1691658513000,0.68570282,0.68570282,0.68570282
1691658514000,0.68570282,0.68570282,0.68570282
1691658515000,0.68570285,0.68570285,0.68570285
1691658516000,0.68570285,0.68570285,0.68570285
1691658517000,0.6858,0.6858,0.6858
1691658518000,0.6858,0.6858,0.6858
1691658519000,0.6858,0.6858,0.6858
1691658520000,0.68570337,0.68570337,0.68570337
1691658521000,0.68570337,0.68570337,0.68570337
1691658522000,0.68570547,0.68570547,0.68570547
1691658523000,0.68570512,0.68570512,0.68570512
1691658524000,0.68570512,0.68570512,0.68570512
1691658525000,0.68570512,0.68570512,0.68570512
1691658526000,0.68570512,0.68570512,0.68570512
1691658527000,0.68570512,0.68570512,0.68570512
1691658528000,0.68570723,0.68570723,0.68570723
1691658529000,0.6858,0.6858,0.6858
1691658530000,0.68570744,0.68570744,0.68570744
1691658531000,0.68570747,0.68570747,0.68570747
1691658532000,0.68570744,0.68570744,0.68570744
1691658533000,0.68573869,0.68573869,0.68573869
1691658534000,0.68573869,0.68573869,0.68573869
1691658535000,0.68573789,0.68573789,0.68573789
1691658536000,0.6857852,0.6857852,0.6857852
1691658537000,0.6857852,0.6857852,0.6857852
1691658538000,0.68578682,0.68578682,0.68578682
1691658539000,0.68578675,0.68578675,0.68578675
1691658540000,0.68578595,0.68578595,0.68578595
1691658541000,0.68578599,0.68578599,0.68578599
1691658542000,0.68578599,0.68578599,0.68578599
1691658543000,0.68578759,0.68578759,0.68578759
1691658544000,0.68578759,0.68578759,0.68578759
1691658545000,0.68578756,0.68578756,0.68578756
1691658546000,0.68574105,0.68574105,0.68574105
1691658547000,0.68574105,0.68574105,0.68574105
1691658548000,0.68574174,0.68574174,0.68574174
1691658549000,0.68574223,0.68574223,0.68574223
1691658550000,0.68574223,0.68574223,0.68574223
1691658551000,0.68574481,0.68574481,0.68574481
1691658552000,0.68574485,0.68574485,0.68574485
1691658553000,0.6859,0.6859,0.6859
1691658554000,0.68590742,0.68590742,0.68590742
1691658555000,0.68590742,0.68590742,0.68590742
1691658556000,0.68590746,0.68590746,0.68590746
1691658557000,0.68590742,0.68590742,0.68590742
1691658558000,0.68590742,0.68590742,0.68590742
1691658559000,0.68591033,0.68591033,0.68591033
1691658560000,0.68591036,0.68591036,0.68591036
1691658561000,0.68591036,0.68591036,0.68591036
1691658562000,0.68591033,0.68591033,0.68591033
1691658563000,0.68591036,0.68591036,0.68591036
1691658564000,0.6859149,0.6859149,0.6859149
1691658565000,0.6859149,0.6859149,0.6859149
1691658566000,0.6859149,0.6859149,0.6859149
1691658567000,0.6859149,0.6859149,0.6859149
1691658568000,0.68591486,0.68591486,0.68591486
1691658569000,0.68591877,0.68591877,0.68591877
1691658570000,0.68591877,0.68591877,0.68591877
1691658571000,0.68591877,0.68591877,0.68591877
1691658572000,0.68591877,0.68591877,0.68591877
1691658573000,0.68591973,0.68591973,0.68591973
1691658574000,0.68592282,0.68592282,0.68592282
1691658575000,0.68592282,0.68592282,0.68592282
1691658576000,0.6859219,0.6859219,0.6859219
1691658577000,0.68592186,0.68592186,0.68592186
1691658578000,0.68592186,0.68592186,0.68592186
1691658579000,0.68592186,0.68592186,0.68592186
1691658580000,0.68592443,0.68592443,0.68592443
1691658581000,0.685925,0.685925,0.685925
1691658582000,0.68592503,0.68592503,0.68592503
1691658583000,0.685925,0.685925,0.685925
1691658584000,0.68592592,0.68592592,0.68592592
1691658585000,0.6859277,0.6859277,0.6859277
1691658586000,0.6859277,0.6859277,0.6859277
1691658587000,0.6859277,0.6859277,0.6859277
1691658588000,0.6859277,0.6859277,0.6859277
1691658589000,0.6859277,0.6859277,0.6859277
1691658590000,0.68591406,0.68591406,0.68591406
1691658591000,0.6859,0.6859,0.6859
1691658592000,0.6859,0.6859,0.6859
1691658593000,0.6859,0.6859,0.6859
1691658594000,0.6859,0.6859,0.6859
1691658595000,0.6859,0.6859,0.6859
1691658596000,0.6859,0.6859,0.6859
1691658597000,0.6859,0.6859,0.6859
1691658598000,0.6859,0.6859,0.6859
1691658599000,0.6859,0.6859,0.6859
1691658600000,0.686,0.686,0.686
1691658601000,0.6859,0.6859,0.6859
1691658602000,0.6859,0.6859,0.6859
1691658603000,0.68593416,0.68593416,0.68593416
1691658604000,0.686,0.686,0.686
1691658605000,0.686,0.686,0.686
1691658606000,0.68593913,0.68593913,0.68593913
1691658607000,0.6859,0.6859,0.6859
1691658608000,0.68593909,0.68593909,0.68593909
1691658609000,0.68593909,0.68593909,0.68593909
1691658610000,0.68593953,0.68593953,0.68593953
1691658611000,0.68594288,0.68594288,0.68594288
1691658612000,0.6861,0.6861,0.6861
1691658613000,0.6861,0.6861,0.6861
1691658614000,0.6861,0.6861,0.6861
1691658615000,0.6861,0.6861,0.6861
1691658616000,0.6861,0.6861,0.6861
1691658617000,0.68605299,0.68605299,0.68605299
1691658618000,0.6861,0.6861,0.6861
1691658619000,0.6861,0.6861,0.6861
1691658620000,0.6861,0.6861,0.6861
1691658621000,0.68600206,0.68600206,0.68600206
1691658622000,0.68600298,0.68600298,0.68600298
1691658623000,0.68600298,0.68600298,0.68600298
1691658624000,0.68600298,0.68600298,0.68600298
1691658625000,0.68600298,0.68600298,0.68600298
1691658626000,0.68605271,0.68605271,0.68605271
1691658627000,0.68605271,0.68605271,0.68605271
1691658628000,0.68599866,0.68599866,0.68599866
1691658629000,0.68599777,0.68599777,0.68599777
1691658630000,0.68599777,0.68599777,0.68599777
1691658631000,0.68599881,0.68599881,0.68599881
1691658632000,0.68599566,0.68599566,0.68599566
1691658633000,0.68599566,0.68599566,0.68599566
1691658634000,0.68599562,0.68599562,0.68599562
1691658635000,0.68599562,0.68599562,0.68599562
1691658636000,0.68599566,0.68599566,0.68599566
1691658637000,0.68599188,0.68599188,0.68599188
1691658638000,0.68599281,0.68599281,0.68599281
1691658639000,0.68593783,0.68593783,0.68593783
1691658640000,0.68593783,0.68593783,0.68593783
1691658641000,0.68593763,0.68593763,0.68593763
1691658642000,0.68593462,0.68593462,0.68593462
1691658643000,0.68593462,0.68593462,0.68593462
1691658644000,0.68593558,0.68593558,0.68593558
1691658645000,0.68561741,0.68561741,0.68561741
1691658646000,0.68560971,0.68560971,0.68560971
1691658647000,0.68560868,0.68560868,0.68560868
1691658648000,0.68560871,0.68560871,0.68560871
1691658649000,0.68560871,0.68560871,0.68560871
1691658650000,0.68560775,0.68560775,0.68560775
1691658651000,0.68560775,0.68560775,0.68560775
1691658652000,0.6856077,0.6856077,0.6856077
1691658653000,0.6856077,0.6856077,0.6856077
1691658654000,0.6856077,0.6856077,0.6856077
1691658655000,0.68560673,0.68560673,0.68560673
1691658656000,0.685606,0.685606,0.685606
1691658657000,0.68560508,0.68560508,0.68560508
1691658658000,0.68560508,0.68560508,0.68560508
1691658659000,0.68560508,0.68560508,0.68560508
1691658660000,0.68560508,0.68560508,0.68560508
1691658661000,0.68560376,0.68560376,0.68560376
1691658662000,0.68560036,0.68560036,0.68560036
1691658663000,0.68559787,0.68559787,0.68559787
1691658664000,0.68559791,0.68559791,0.68559791
1691658665000,0.68559787,0.68559787,0.68559787
1691658666000,0.68559791,0.68559791,0.68559791
1691658667000,0.68559791,0.68559791,0.68559791
1691658668000,0.68559689,0.68559689,0.68559689
1691658669000,0.68559689,0.68559689,0.68559689
1691658670000,0.68559693,0.68559693,0.68559693
1691658671000,0.68558878,0.68558878,0.68558878
1691658672000,0.68558878,0.68558878,0.68558878
1691658673000,0.68558568,0.68558568,0.68558568
1691658674000,0.68558479,0.68558479,0.68558479
1691658675000,0.68558479,0.68558479,0.68558479
1691658676000,0.68556946,0.68556946,0.68556946
1691658677000,0.68556918,0.68556918,0.68556918
1691658678000,0.68556794,0.68556794,0.68556794
1691658679000,0.68556794,0.68556794,0.68556794
1691658680000,0.68556794,0.68556794,0.68556794
1691658681000,0.68556794,0.68556794,0.68556794
1691658682000,0.68556633,0.68556633,0.68556633
1691658683000,0.68556509,0.68556509,0.68556509
1691658684000,0.6855732,0.6855732,0.6855732
1691658685000,0.68557324,0.68557324,0.68557324
1691658686000,0.68557412,0.68557412,0.68557412
1691658687000,0.68557412,0.68557412,0.68557412
1691658688000,0.68556983,0.68556983,0.68556983
1691658689000,0.6855676,0.6855676,0.6855676
1691658690000,0.68556667,0.68556667,0.68556667
1691658691000,0.68556667,0.68556667,0.68556667
1691658692000,0.68551683,0.68551683,0.68551683
1691658693000,0.68551776,0.68551776,0.68551776
1691658694000,0.68556918,0.68556918,0.68556918
1691658695000,0.68556918,0.68556918,0.68556918
1691658696000,0.68556826,0.68556826,0.68556826
1691658697000,0.68556826,0.68556826,0.68556826
1691658698000,0.68556643,0.68556643,0.68556643
1691658699000,0.68556377,0.68556377,0.68556377
1691658700000,0.68556373,0.68556373,0.68556373
1691658701000,0.68556373,0.68556373,0.68556373
1691658702000,0.68556373,0.68556373,0.68556373
1691658703000,0.68556417,0.68556417,0.68556417
1691658704000,0.6855614,0.6855614,0.6855614
1691658705000,0.6855614,0.6855614,0.6855614
1691658706000,0.6855614,0.6855614,0.6855614
1691658707000,0.6855614,0.6855614,0.6855614
1691658708000,0.6855614,0.6855614,0.6855614
1691658709000,0.68550399,0.68550399,0.68550399
1691658710000,0.68550399,0.68550399,0.68550399
1691658711000,0.6855,0.6855,0.6855
1691658712000,0.6855,0.6855,0.6855
1691658713000,0.6856,0.6856,0.6856
1691658714000,0.6855,0.6855,0.6855
1691658715000,0.68550528,0.68550528,0.68550528
1691658716000,0.68550528,0.68550528,0.68550528
1691658717000,0.68550624,0.68550624,0.68550624
1691658718000,0.68550624,0.68550624,0.68550624
1691658719000,0.6855064,0.6855064,0.6855064
1691658720000,0.68550262,0.68550262,0.68550262
1691658721000,0.68550259,0.68550259,0.68550259
1691658722000,0.68550305,0.68550305,0.68550305
1691658723000,0.68550305,0.68550305,0.68550305
1691658724000,0.68550301,0.68550301,0.68550301
1691658725000,0.6855,0.6855,0.6855
1691658726000,0.6855,0.6855,0.6855
1691658727000,0.68549195,0.68549195,0.68549195
1691658728000,0.6855,0.6855,0.6855
1691658729000,0.6855,0.6855,0.6855
1691658730000,0.68548981,0.68548981,0.68548981
1691658731000,0.68548981,0.68548981,0.68548981
1691658732000,0.68548846,0.68548846,0.68548846
1691658733000,0.68548274,0.68548274,0.68548274
1691658734000,0.68548271,0.68548271,0.68548271
1691658735000,0.68547972,0.68547972,0.68547972
1691658736000,0.68547879,0.68547879,0.68547879
1691658737000,0.68547972,0.68547972,0.68547972
1691658738000,0.68547785,0.68547785,0.68547785
1691658739000,0.68547785,0.68547785,0.68547785
1691658740000,0.68547409,0.68547409,0.68547409
1691658741000,0.68547406,0.68547406,0.68547406
1691658742000,0.68547406,0.68547406,0.68547406
1691658743000,0.68547406,0.68547406,0.68547406
1691658744000,0.68547402,0.68547402,0.68547402
1691658745000,0.68547498,0.68547498,0.68547498
1691658746000,0.68547258,0.68547258,0.68547258
1691658747000,0.68547258,0.68547258,0.68547258
1691658748000,0.68547258,0.68547258,0.68547258
1691658749000,0.68547258,0.68547258,0.68547258
1691658750000,0.68547234,0.68547234,0.68547234
1691658751000,0.68546997,0.68546997,0.68546997
1691658752000,0.68547001,0.68547001,0.68547001
1691658753000,0.68546997,0.68546997,0.68546997
1691658754000,0.68546847,0.68546847,0.68546847
1691658755000,0.68546843,0.68546843,0.68546843
1691658756000,0.68541134,0.68541134,0.68541134
1691658757000,0.68541138,0.68541138,0.68541138
1691658758000,0.68541138,0.68541138,0.68541138
1691658759000,0.68541223,0.68541223,0.68541223
1691658760000,0.68541223,0.68541223,0.68541223
1691658761000,0.68541094,0.68541094,0.68541094
1691658762000,0.68541094,0.68541094,0.68541094
1691658763000,0.68546503,0.68546503,0.68546503
1691658764000,0.68546503,0.68546503,0.68546503
1691658765000,0.685465,0.685465,0.685465
1691658766000,0.68545263,0.68545263,0.68545263
1691658767000,0.68545263,0.68545263,0.68545263
1691658768000,0.6854517,0.6854517,0.6854517
1691658769000,0.6854517,0.6854517,0.6854517
1691658770000,0.68545263,0.68545263,0.68545263
1691658771000,0.68545263,0.68545263,0.68545263
1691658772000,0.68544919,0.68544919,0.68544919
1691658773000,0.6854483,0.6854483,0.6854483
1691658774000,0.68539514,0.68539514,0.68539514
1691658775000,0.68539425,0.68539425,0.68539425
1691658776000,0.68539425,0.68539425,0.68539425
1691658777000,0.68539172,0.68539172,0.68539172
1691658778000,0.68544439,0.68544439,0.68544439
1691658779000,0.68544442,0.68544442,0.68544442
1691658780000,0.68544442,0.68544442,0.68544442
1691658781000,0.68544439,0.68544439,0.68544439
1691658782000,0.68543928,0.68543928,0.68543928
1691658783000,0.68544021,0.68544021,0.68544021
1691658784000,0.68543928,0.68543928,0.68543928
1691658785000,0.68543928,0.68543928,0.68543928
1691658786000,0.68543928,0.68543928,0.68543928
1691658787000,0.6854342,0.6854342,0.6854342
1691658788000,0.68543424,0.68543424,0.68543424
1691658789000,0.68543516,0.68543516,0.68543516
1691658790000,0.68538111,0.68538111,0.68538111
1691658791000,0.68538111,0.68538111,0.68538111
1691658792000,0.68537688,0.68537688,0.68537688
1691658793000,0.68537596,0.68537596,0.68537596
1691658794000,0.68537596,0.68537596,0.68537596
1691658795000,0.68537599,0.68537599,0.68537599
1691658796000,0.68537599,0.68537599,0.68537599
1691658797000,0.68537255,0.68537255,0.68537255
1691658798000,0.68537255,0.68537255,0.68537255
1691658799000,0.68537259,0.68537259,0.68537259
1691658800000,0.68537348,0.68537348,0.68537348
1691658801000,0.68537217,0.68537217,0.68537217
1691658802000,0.68537217,0.68537217,0.68537217
1691658803000,0.68536875,0.68536875,0.68536875
1691658804000,0.68542277,0.68542277,0.68542277
1691658805000,0.68542277,0.68542277,0.68542277
1691658806000,0.68542277,0.68542277,0.68542277
1691658807000,0.68517898,0.68517898,0.68517898
1691658808000,0.68517302,0.68517302,0.68517302
1691658809000,0.68517302,0.68517302,0.68517302
1691658810000,0.68517111,0.68517111,0.68517111
1691658811000,0.68517108,0.68517108,0.68517108
1691658812000,0.68517111,0.68517111,0.68517111
1691658813000,0.68516755,0.68516755,0.68516755
1691658814000,0.68516755,0.68516755,0.68516755
1691658815000,0.68516755,0.68516755,0.68516755
1691658816000,0.68522164,0.68522164,0.68522164
1691658817000,0.6852189,0.6852189,0.6852189
1691658818000,0.68521446,0.68521446,0.68521446
1691658819000,0.68521446,0.68521446,0.68521446
1691658820000,0.68521539,0.68521539,0.68521539
1691658821000,0.68521539,0.68521539,0.68521539
1691658822000,0.68521539,0.68521539,0.68521539
1691658823000,0.68518025,0.68518025,0.68518025
1691658824000,0.68518025,0.68518025,0.68518025
1691658825000,0.68518025,0.68518025,0.68518025
1691658826000,0.68518025,0.68518025,0.68518025
1691658827000,0.68518021,0.68518021,0.68518021
1691658828000,0.68517932,0.68517932,0.68517932
1691658829000,0.685178,0.685178,0.685178
1691658830000,0.685178,0.685178,0.685178
1691658831000,0.68517804,0.68517804,0.68517804
1691658832000,0.68517707,0.68517707,0.68517707
1691658833000,0.68517804,0.68517804,0.68517804
1691658834000,0.68517579,0.68517579,0.68517579
1691658835000,0.68517579,0.68517579,0.68517579
1691658836000,0.68517579,0.68517579,0.68517579
1691658837000,0.68517579,0.68517579,0.68517579
1691658838000,0.68512174,0.68512174,0.68512174
1691658839000,0.68511912,0.68511912,0.68511912
1691658840000,0.68511908,0.68511908,0.68511908
1691658841000,0.68511908,0.68511908,0.68511908
1691658842000,0.68512,0.68512,0.68512
1691658843000,0.68511908,0.68511908,0.68511908
1691658844000,0.68511903,0.68511903,0.68511903
1691658845000,0.68506633,0.68506633,0.68506633
1691658846000,0.6851,0.6851,0.6851
1691658847000,0.6851,0.6851,0.6851
1691658848000,0.68506633,0.68506633,0.68506633
1691658849000,0.68506685,0.68506685,0.68506685
1691658850000,0.68506685,0.68506685,0.68506685
1691658851000,0.68506685,0.68506685,0.68506685
1691658852000,0.68506685,0.68506685,0.68506685
1691658853000,0.68506685,0.68506685,0.68506685
1691658854000,0.68506685,0.68506685,0.68506685
1691658855000,0.68506523,0.68506523,0.68506523
1691658856000,0.68506616,0.68506616,0.68506616
1691658857000,0.68506616,0.68506616,0.68506616
1691658858000,0.6850328,0.6850328,0.6850328
1691658859000,0.68503284,0.68503284,0.68503284
1691658860000,0.68503056,0.68503056,0.68503056
1691658861000,0.68503056,0.68503056,0.68503056
1691658862000,0.68503056,0.68503056,0.68503056
1691658863000,0.68503056,0.68503056,0.68503056
1691658864000,0.6851,0.6851,0.6851
1691658865000,0.6852,0.6852,0.6852
1691658866000,0.6852,0.6852,0.6852
1691658867000,0.68515413,0.68515413,0.68515413
1691658868000,0.68515413,0.68515413,0.68515413
1691658869000,0.68515413,0.68515413,0.68515413
1691658870000,0.68515228,0.68515228,0.68515228
1691658871000,0.68515228,0.68515228,0.68515228
1691658872000,0.68515324,0.68515324,0.68515324
1691658873000,0.6852,0.6852,0.6852
1691658874000,0.6852,0.6852,0.6852
1691658875000,0.6852,0.6852,0.6852
1691658876000,0.6852,0.6852,0.6852
1691658877000,0.6852,0.6852,0.6852
1691658878000,0.6851,0.6851,0.6851
1691658879000,0.6851,0.6851,0.6851
1691658880000,0.6851,0.6851,0.6851
1691658881000,0.6851,0.6851,0.6851
1691658882000,0.6851,0.6851,0.6851
1691658883000,0.6851,0.6851,0.6851
1691658884000,0.6851,0.6851,0.6851
1691658885000,0.6851,0.6851,0.6851
1691658886000,0.6851,0.6851,0.6851
1691658887000,0.6851,0.6851,0.6851
1691658888000,0.6851,0.6851,0.6851
1691658889000,0.6851,0.6851,0.6851
1691658890000,0.6851,0.6851,0.6851
1691658891000,0.6851,0.6851,0.6851
1691658892000,0.6851,0.6851,0.6851
1691658893000,0.6851,0.6851,0.6851
1691658894000,0.6852,0.6852,0.6852
1691658895000,0.6852,0.6852,0.6852
1691658896000,0.6852,0.6852,0.6852
1691658897000,0.6852,0.6852,0.6852
1691658898000,0.6852,0.6852,0.6852
1691658899000,0.6852,0.6852,0.6852
1691658900000,0.6852,0.6852,0.6852
1691658901000,0.6852,0.6852,0.6852
1691658902000,0.6852,0.6852,0.6852
1691658903000,0.6851,0.6851,0.6851
1691658904000,0.6852,0.6852,0.6852
1691658905000,0.6851,0.6851,0.6851
1691658906000,0.6851,0.6851,0.6851
1691658907000,0.6851,0.6851,0.6851
1691658908000,0.6851,0.6851,0.6851
1691658909000,0.6851,0.6851,0.6851
1691658910000,0.6851,0.6851,0.6851
1691658911000,0.6851,0.6851,0.6851
1691658912000,0.6851,0.6851,0.6851
1691658913000,0.6851,0.6851,0.6851
1691658914000,0.6851,0.6851,0.6851
1691658915000,0.6851,0.6851,0.6851
1691658916000,0.6851,0.6851,0.6851
1691658917000,0.6851,0.6851,0.6851
1691658918000,0.6851,0.6851,0.6851
1691658919000,0.6852,0.6852,0.6852
1691658920000,0.6852,0.6852,0.6852
1691658921000,0.6852,0.6852,0.6852
1691658922000,0.6852,0.6852,0.6852
1691658923000,0.6851,0.6851,0.6851
1691658924000,0.6851,0.6851,0.6851
1691658925000,0.6851,0.6851,0.6851
1691658926000,0.6851,0.6851,0.6851
1691658927000,0.6851,0.6851,0.6851
1691658928000,0.6852,0.6852,0.6852
1691658929000,0.6852,0.6852,0.6852
1691658930000,0.6852,0.6852,0.6852
1691658931000,0.6851,0.6851,0.6851
1691658932000,0.6851,0.6851,0.6851
1691658933000,0.6851,0.6851,0.6851
1691658934000,0.6851,0.6851,0.6851
1691658935000,0.6851,0.6851,0.6851
1691658936000,0.6851,0.6851,0.6851
1691658937000,0.6851,0.6851,0.6851
1691658938000,0.6851,0.6851,0.6851
1691658939000,0.6851,0.6851,0.6851
1691658940000,0.6851,0.6851,0.6851
1691658941000,0.6851,0.6851,0.6851
1691658942000,0.6851,0.6851,0.6851
1691658943000,0.6851,0.6851,0.6851
1691658944000,0.6851,0.6851,0.6851
1691658945000,0.6851,0.6851,0.6851
1691658946000,0.6851,0.6851,0.6851
1691658947000,0.6851,0.6851,0.6851
1691658948000,0.6852,0.6852,0.6852
1691658949000,0.6852,0.6852,0.6852
1691658950000,0.6852,0.6852,0.6852
1691658951000,0.6852,0.6852,0.6852
1691658952000,0.6852,0.6852,0.6852
1691658953000,0.6851,0.6851,0.6851
1691658954000,0.6851,0.6851,0.6851
1691658955000,0.6851,0.6851,0.6851
1691658956000,0.6851,0.6851,0.6851
1691658957000,0.6851,0.6851,0.6851
1691658958000,0.6851,0.6851,0.6851
1691658959000,0.6852,0.6852,0.6852
1691658960000,0.6852,0.6852,0.6852
1691658961000,0.6852,0.6852,0.6852
1691658962000,0.6852,0.6852,0.6852
1691658963000,0.68508259,0.68508259,0.68508259
1691658964000,0.68507545,0.68507545,0.68507545
1691658965000,0.68507168,0.68507168,0.68507168
1691658966000,0.68507168,0.68507168,0.68507168
1691658967000,0.68501586,0.68501586,0.68501586
1691658968000,0.68501586,0.68501586,0.68501586
1691658969000,0.68501616,0.68501616,0.68501616
1691658970000,0.68501416,0.68501416,0.68501416
1691658971000,0.68501416,0.68501416,0.68501416
1691658972000,0.68501509,0.68501509,0.68501509
1691658973000,0.68501509,0.68501509,0.68501509
1691658974000,0.68501364,0.68501364,0.68501364
1691658975000,0.68501456,0.68501456,0.68501456
1691658976000,0.68501456,0.68501456,0.68501456
1691658977000,0.68501456,0.68501456,0.68501456
1691658978000,0.6850146,0.6850146,0.6850146
1691658979000,0.68501376,0.68501376,0.68501376
1691658980000,0.68501376,0.68501376,0.68501376
1691658981000,0.68501373,0.68501373,0.68501373
1691658982000,0.68501173,0.68501173,0.68501173
1691658983000,0.68501173,0.68501173,0.68501173
1691658984000,0.68500942,0.68500942,0.68500942
1691658985000,0.68500942,0.68500942,0.68500942
1691658986000,0.68500637,0.68500637,0.68500637
1691658987000,0.68495135,0.68495135,0.68495135
1691658988000,0.68495135,0.68495135,0.68495135
1691658989000,0.68495072,0.68495072,0.68495072
1691658990000,0.68495072,0.68495072,0.68495072
1691658991000,0.68495072,0.68495072,0.68495072
1691658992000,0.68495072,0.68495072,0.68495072
1691658993000,0.68495072,0.68495072,0.68495072
1691658994000,0.68495169,0.68495169,0.68495169
1691658995000,0.68495191,0.68495191,0.68495191
1691658996000,0.68495191,0.68495191,0.68495191
1691658997000,0.68495187,0.68495187,0.68495187
1691658998000,0.68495094,0.68495094,0.68495094
1691658999000,0.68495094,0.68495094,0.68495094
1691659000000,0.68495127,0.68495127,0.68495127
1691659001000,0.68495123,0.68495123,0.68495123
1691659002000,0.68495123,0.68495123,0.68495123
1691659003000,0.68495123,0.68495123,0.68495123
1691659004000,0.68495216,0.68495216,0.68495216
1691659005000,0.68495242,0.68495242,0.68495242
1691659006000,0.68500559,0.68500559,0.68500559
1691659007000,0.68500559,0.68500559,0.68500559
1691659008000,0.68500559,0.68500559,0.68500559
1691659009000,0.68500555,0.68500555,0.68500555
1691659010000,0.6850058,0.6850058,0.6850058
1691659011000,0.6850058,0.6850058,0.6850058
1691659012000,0.6850058,0.6850058,0.6850058
1691659013000,0.6849,0.6849,0.6849
1691659014000,0.6849,0.6849,0.6849
1691659015000,0.6849,0.6849,0.6849
1691659016000,0.68494941,0.68494941,0.68494941
1691659017000,0.68494941,0.68494941,0.68494941
1691659018000,0.68494941,0.68494941,0.68494941
1691659019000,0.68494945,0.68494945,0.68494945
1691659020000,0.685,0.685,0.685
1691659021000,0.685,0.685,0.685
1691659022000,0.685,0.685,0.685
1691659023000,0.68494747,0.68494747,0.68494747
1691659024000,0.68494743,0.68494743,0.68494743
1691659025000,0.68500148,0.68500148,0.68500148
1691659026000,0.68499997,0.68499997,0.68499997
1691659027000,0.68500085,0.68500085,0.68500085
1691659028000,0.68500085,0.68500085,0.68500085
1691659029000,0.68499997,0.68499997,0.68499997
1691659030000,0.68499997,0.68499997,0.68499997
1691659031000,0.68500012,0.68500012,0.68500012
1691659032000,0.68500012,0.68500012,0.68500012
1691659033000,0.68500104,0.68500104,0.68500104
1691659034000,0.68500104,0.68500104,0.68500104
1691659035000,0.68500012,0.68500012,0.68500012
1691659036000,0.68498391,0.68498391,0.68498391
1691659037000,0.68498312,0.68498312,0.68498312
1691659038000,0.68498312,0.68498312,0.68498312
1691659039000,0.685,0.685,0.685
1691659040000,0.685,0.685,0.685
1691659041000,0.685,0.685,0.685
1691659042000,0.685,0.685,0.685
1691659043000,0.685,0.685,0.685
1691659044000,0.68498256,0.68498256,0.68498256
1691659045000,0.68499878,0.68499878,0.68499878
1691659046000,0.68499878,0.68499878,0.68499878
1691659047000,0.68499881,0.68499881,0.68499881
1691659048000,0.68499881,0.68499881,0.68499881
1691659049000,0.68499881,0.68499881,0.68499881
1691659050000,0.68499881,0.68499881,0.68499881
1691659051000,0.68499881,0.68499881,0.68499881
1691659052000,0.68499883,0.68499883,0.68499883
1691659053000,0.68499883,0.68499883,0.68499883
1691659054000,0.68499883,0.68499883,0.68499883
1691659055000,0.68499883,0.68499883,0.68499883
1691659056000,0.68499975,0.68499975,0.68499975
1691659057000,0.68499881,0.68499881,0.68499881
1691659058000,0.68499838,0.68499838,0.68499838
1691659059000,0.68499842,0.68499842,0.68499842
1691659060000,0.68499842,0.68499842,0.68499842
1691659061000,0.6849961,0.6849961,0.6849961
1691659062000,0.68494118,0.68494118,0.68494118
1691659063000,0.68494118,0.68494118,0.68494118
1691659064000,0.68494122,0.68494122,0.68494122
1691659065000,0.68499616,0.68499616,0.68499616
1691659066000,0.68499524,0.68499524,0.68499524
1691659067000,0.68499528,0.68499528,0.68499528
1691659068000,0.6849962,0.6849962,0.6849962
1691659069000,0.68499528,0.68499528,0.68499528
1691659070000,0.68494219,0.68494219,0.68494219
1691659071000,0.68494219,0.68494219,0.68494219
1691659072000,0.68499608,0.68499608,0.68499608
1691659073000,0.68499608,0.68499608,0.68499608
1691659074000,0.68499608,0.68499608,0.68499608
1691659075000,0.68499608,0.68499608,0.68499608
1691659076000,0.68499608,0.68499608,0.68499608
1691659077000,0.68499608,0.68499608,0.68499608
1691659078000,0.68499602,0.68499602,0.68499602
1691659079000,0.68499602,0.68499602,0.68499602
1691659080000,0.68497891,0.68497891,0.68497891
1691659081000,0.68497891,0.68497891,0.68497891
1691659082000,0.68497891,0.68497891,0.68497891
1691659083000,0.685,0.685,0.685
1691659084000,0.685,0.685,0.685
1691659085000,0.68498073,0.68498073,0.68498073
1691659086000,0.68498073,0.68498073,0.68498073
1691659087000,0.6849807,0.6849807,0.6849807
1691659088000,0.68498252,0.68498252,0.68498252
1691659089000,0.68498063,0.68498063,0.68498063
1691659090000,0.68497848,0.68497848,0.68497848
1691659091000,0.68497845,0.68497845,0.68497845
1691659092000,0.68497845,0.68497845,0.68497845
1691659093000,0.68496344,0.68496344,0.68496344
1691659094000,0.6849634,0.6849634,0.6849634
1691659095000,0.6849634,0.6849634,0.6849634
1691659096000,0.6849634,0.6849634,0.6849634
1691659097000,0.68490935,0.68490935,0.68490935
1691659098000,0.68491064,0.68491064,0.68491064
1691659099000,0.68491064,0.68491064,0.68491064
1691659100000,0.6849106,0.6849106,0.6849106
1691659101000,0.6849106,0.6849106,0.6849106
1691659102000,0.68491157,0.68491157,0.68491157
1691659103000,0.68491157,0.68491157,0.68491157
1691659104000,0.68491374,0.68491374,0.68491374
1691659105000,0.68491374,0.68491374,0.68491374
1691659106000,0.68491281,0.68491281,0.68491281
1691659107000,0.68491281,0.68491281,0.68491281
1691659108000,0.68491281,0.68491281,0.68491281
1691659109000,0.68491581,0.68491581,0.68491581
1691659110000,0.68496986,0.68496986,0.68496986
1691659111000,0.68496986,0.68496986,0.68496986
1691659112000,0.68497083,0.68497083,0.68497083
1691659113000,0.68497083,0.68497083,0.68497083
1691659114000,0.68491811,0.68491811,0.68491811
1691659115000,0.68491811,0.68491811,0.68491811
1691659116000,0.68491811,0.68491811,0.68491811
1691659117000,0.68491815,0.68491815,0.68491815
1691659118000,0.68491004,0.68491004,0.68491004
1691659119000,0.6849132,0.6849132,0.6849132
1691659120000,0.6849132,0.6849132,0.6849132
1691659121000,0.68491316,0.68491316,0.68491316
1691659122000,0.68496721,0.68496721,0.68496721
1691659123000,0.68496721,0.68496721,0.68496721
1691659124000,0.68496788,0.68496788,0.68496788
1691659125000,0.68496792,0.68496792,0.68496792
1691659126000,0.68496788,0.68496788,0.68496788
1691659127000,0.68496788,0.68496788,0.68496788
1691659128000,0.68496792,0.68496792,0.68496792
1691659129000,0.68496792,0.68496792,0.68496792
1691659130000,0.68496809,0.68496809,0.68496809
1691659131000,0.68496809,0.68496809,0.68496809
1691659132000,0.68496809,0.68496809,0.68496809
1691659133000,0.68496809,0.68496809,0.68496809
1691659134000,0.68496806,0.68496806,0.68496806
1691659135000,0.68496823,0.68496823,0.68496823
1691659136000,0.68496826,0.68496826,0.68496826
1691659137000,0.68496823,0.68496823,0.68496823
1691659138000,0.68496826,0.68496826,0.68496826
1691659139000,0.68496826,0.68496826,0.68496826
1691659140000,0.68496932,0.68496932,0.68496932
1691659141000,0.68496936,0.68496936,0.68496936
1691659142000,0.68496936,0.68496936,0.68496936
1691659143000,0.68496936,0.68496936,0.68496936
1691659144000,0.68496844,0.68496844,0.68496844
1691659145000,0.68496768,0.68496768,0.68496768
1691659146000,0.6849686,0.6849686,0.6849686
1691659147000,0.6849686,0.6849686,0.6849686
1691659148000,0.6849686,0.6849686,0.6849686
1691659149000,0.68496768,0.68496768,0.68496768
1691659150000,0.6849677,0.6849677,0.6849677
1691659151000,0.6849677,0.6849677,0.6849677
1691659152000,0.68496767,0.68496767,0.68496767
1691659153000,0.68496859,0.68496859,0.68496859
1691659154000,0.6849677,0.6849677,0.6849677
1691659155000,0.68496767,0.68496767,0.68496767
1691659156000,0.6849664,0.6849664,0.6849664
1691659157000,0.6849664,0.6849664,0.6849664
1691659158000,0.68496644,0.68496644,0.68496644
1691659159000,0.68496644,0.68496644,0.68496644
1691659160000,0.68496644,0.68496644,0.68496644
1691659161000,0.68490075,0.68490075,0.68490075
1691659162000,0.68490075,0.68490075,0.68490075
1691659163000,0.68485291,0.68485291,0.68485291
1691659164000,0.68485291,0.68485291,0.68485291
1691659165000,0.68485291,0.68485291,0.68485291
1691659166000,0.68485011,0.68485011,0.68485011
1691659167000,0.6849,0.6849,0.6849
1691659168000,0.6849,0.6849,0.6849
1691659169000,0.6851,0.6851,0.6851
1691659170000,0.6851,0.6851,0.6851
1691659171000,0.6851,0.6851,0.6851
1691659172000,0.6851,0.6851,0.6851
1691659173000,0.6851,0.6851,0.6851
1691659174000,0.6851,0.6851,0.6851
1691659175000,0.685,0.685,0.685
1691659176000,0.68493716,0.68493716,0.68493716
1691659177000,0.6849372,0.6849372,0.6849372
1691659178000,0.6849372,0.6849372,0.6849372
1691659179000,0.6849372,0.6849372,0.6849372
1691659180000,0.68493627,0.68493627,0.68493627
1691659181000,0.68493568,0.68493568,0.68493568
1691659182000,0.6849,0.6849,0.6849
1691659183000,0.685,0.685,0.685
1691659184000,0.685,0.685,0.685
1691659185000,0.685,0.685,0.685
1691659186000,0.68492946,0.68492946,0.68492946
1691659187000,0.68492901,0.68492901,0.68492901
1691659188000,0.68492818,0.68492818,0.68492818
1691659189000,0.68492328,0.68492328,0.68492328
1691659190000,0.68492332,0.68492332,0.68492332
1691659191000,0.68492332,0.68492332,0.68492332
1691659192000,0.68497703,0.68497703,0.68497703
1691659193000,0.68497703,0.68497703,0.68497703
1691659194000,0.68497703,0.68497703,0.68497703
1691659195000,0.68496078,0.68496078,0.68496078
1691659196000,0.68490676,0.68490676,0.68490676
1691659197000,0.68490579,0.68490579,0.68490579
1691659198000,0.68490672,0.68490672,0.68490672
1691659199000,0.68496073,0.68496073,0.68496073
1691659200000,0.685,0.685,0.685
1691659201000,0.68496073,0.68496073,0.68496073
1691659202000,0.68495975,0.68495975,0.68495975
1691659203000,0.68495882,0.68495882,0.68495882
1691659204000,0.685,0.685,0.685
1691659205000,0.685,0.685,0.685
1691659206000,0.68495886,0.68495886,0.68495886
1691659207000,0.68495783,0.68495783,0.68495783
1691659208000,0.68495783,0.68495783,0.68495783
1691659209000,0.68495787,0.68495787,0.68495787
1691659210000,0.68495787,0.68495787,0.68495787
1691659211000,0.6849588,0.6849588,0.6849588
1691659212000,0.68490382,0.68490382,0.68490382
1691659213000,0.68490116,0.68490116,0.68490116
1691659214000,0.68490116,0.68490116,0.68490116
1691659215000,0.68490116,0.68490116,0.68490116
1691659216000,0.68489962,0.68489962,0.68489962
1691659217000,0.68489962,0.68489962,0.68489962
1691659218000,0.6849,0.6849,0.6849
1691659219000,0.6849,0.6849,0.6849
1691659220000,0.68489732,0.68489732,0.68489732
1691659221000,0.68489736,0.68489736,0.68489736
1691659222000,0.68489732,0.68489732,0.68489732
1691659223000,0.6848937,0.6848937,0.6848937
1691659224000,0.68489366,0.68489366,0.68489366
1691659225000,0.68489162,0.68489162,0.68489162
1691659226000,0.68489162,0.68489162,0.68489162
1691659227000,0.68489158,0.68489158,0.68489158
1691659228000,0.6848871,0.6848871,0.6848871
1691659229000,0.6848871,0.6848871,0.6848871
1691659230000,0.68487133,0.68487133,0.68487133
1691659231000,0.6849,0.6849,0.6849
1691659232000,0.6849,0.6849,0.6849
1691659233000,0.68486869,0.68486869,0.68486869
1691659234000,0.68486965,0.68486965,0.68486965
1691659235000,0.68486897,0.68486897,0.68486897
1691659236000,0.6849,0.6849,0.6849
1691659237000,0.6849,0.6849,0.6849
1691659238000,0.685,0.685,0.685
1691659239000,0.6849,0.6849,0.6849
1691659240000,0.6849,0.6849,0.6849
1691659241000,0.68491917,0.68491917,0.68491917
1691659242000,0.68491917,0.68491917,0.68491917
1691659243000,0.68491917,0.68491917,0.68491917
1691659244000,0.6849,0.6849,0.6849
1691659245000,0.6849,0.6849,0.6849
1691659246000,0.6848,0.6848,0.6848
1691659247000,0.6848,0.6848,0.6848
1691659248000,0.6848,0.6848,0.6848
1691659249000,0.6847384,0.6847384,0.6847384
1691659250000,0.68473532,0.68473532,0.68473532
1691659251000,0.68473532,0.68473532,0.68473532
1691659252000,0.68473528,0.68473528,0.68473528
1691659253000,0.68473532,0.68473532,0.68473532
1691659254000,0.6847332,0.6847332,0.6847332
1691659255000,0.6847332,0.6847332,0.6847332
1691659256000,0.68473421,0.68473421,0.68473421
1691659257000,0.68473332,0.68473332,0.68473332
1691659258000,0.68473424,0.68473424,0.68473424
1691659259000,0.6847,0.6847,0.6847
1691659260000,0.6848,0.6848,0.6848
1691659261000,0.6848,0.6848,0.6848
1691659262000,0.6848,0.6848,0.6848
1691659263000,0.6848,0.6848,0.6848
1691659264000,0.6848,0.6848,0.6848
1691659265000,0.6848,0.6848,0.6848
1691659266000,0.6849,0.6849,0.6849
1691659267000,0.6848,0.6848,0.6848
1691659268000,0.6848,0.6848,0.6848
1691659269000,0.6848,0.6848,0.6848
1691659270000,0.6848,0.6848,0.6848
1691659271000,0.6848,0.6848,0.6848
1691659272000,0.6848,0.6848,0.6848
1691659273000,0.6848,0.6848,0.6848
1691659274000,0.6848,0.6848,0.6848
1691659275000,0.6848,0.6848,0.6848
1691659276000,0.6848,0.6848,0.6848
1691659277000,0.6848,0.6848,0.6848
1691659278000,0.6848,0.6848,0.6848
1691659279000,0.6848,0.6848,0.6848
1691659280000,0.6848,0.6848,0.6848
1691659281000,0.6848,0.6848,0.6848
1691659282000,0.6848,0.6848,0.6848
1691659283000,0.68473719,0.68473719,0.68473719
1691659284000,0.6848,0.6848,0.6848
1691659285000,0.6848,0.6848,0.6848
1691659286000,0.68479413,0.68479413,0.68479413
1691659287000,0.68479413,0.68479413,0.68479413
1691659288000,0.68479321,0.68479321,0.68479321
1691659289000,0.68479317,0.68479317,0.68479317
1691659290000,0.68479314,0.68479314,0.68479314
1691659291000,0.68479411,0.68479411,0.68479411
1691659292000,0.68479546,0.68479546,0.68479546
1691659293000,0.68479457,0.68479457,0.68479457
1691659294000,0.6848,0.6848,0.6848
1691659295000,0.6848,0.6848,0.6848
1691659296000,0.6848,0.6848,0.6848
1691659297000,0.6848,0.6848,0.6848
1691659298000,0.68479236,0.68479236,0.68479236
1691659299000,0.68479236,0.68479236,0.68479236
1691659300000,0.68479236,0.68479236,0.68479236
1691659301000,0.68479139,0.68479139,0.68479139
1691659302000,0.68479232,0.68479232,0.68479232
1691659303000,0.68479139,0.68479139,0.68479139
1691659304000,0.68479139,0.68479139,0.68479139
1691659305000,0.68478957,0.68478957,0.68478957
1691659306000,0.68478864,0.68478864,0.68478864
1691659307000,0.68478864,0.68478864,0.68478864
1691659308000,0.68478482,0.68478482,0.68478482
1691659309000,0.68478482,0.68478482,0.68478482
1691659310000,0.68478482,0.68478482,0.68478482
1691659311000,0.68472884,0.68472884,0.68472884
1691659312000,0.68472745,0.68472745,0.68472745
1691659313000,0.68472748,0.68472748,0.68472748
1691659314000,0.68472745,0.68472745,0.68472745
1691659315000,0.68472745,0.68472745,0.68472745
1691659316000,0.68472665,0.68472665,0.68472665
1691659317000,0.68472665,0.68472665,0.68472665
1691659318000,0.68472705,0.68472705,0.68472705
1691659319000,0.68472705,0.68472705,0.68472705
1691659320000,0.6848,0.6848,0.6848
1691659321000,0.68472663,0.68472663,0.68472663
1691659322000,0.68472666,0.68472666,0.68472666
1691659323000,0.68472743,0.68472743,0.68472743
1691659324000,0.68472743,0.68472743,0.68472743
1691659325000,0.68472643,0.68472643,0.68472643
1691659326000,0.68472643,0.68472643,0.68472643
1691659327000,0.6848,0.6848,0.6848
1691659328000,0.6848,0.6848,0.6848
1691659329000,0.6848,0.6848,0.6848
1691659330000,0.6848,0.6848,0.6848
1691659331000,0.6848,0.6848,0.6848
1691659332000,0.6848,0.6848,0.6848
1691659333000,0.6848,0.6848,0.6848
1691659334000,0.6848,0.6848,0.6848
1691659335000,0.6848,0.6848,0.6848
1691659336000,0.68478098,0.68478098,0.68478098
1691659337000,0.68478168,0.68478168,0.68478168
1691659338000,0.6848,0.6848,0.6848
1691659339000,0.6848,0.6848,0.6848
1691659340000,0.6848,0.6848,0.6848
1691659341000,0.68478168,0.68478168,0.68478168
1691659342000,0.68478143,0.68478143,0.68478143
1691659343000,0.6848,0.6848,0.6848
1691659344000,0.6848,0.6848,0.6848
1691659345000,0.6848,0.6848,0.6848
1691659346000,0.68478025,0.68478025,0.68478025
1691659347000,0.68478024,0.68478024,0.68478024
1691659348000,0.6847804,0.6847804,0.6847804
1691659349000,0.6847804,0.6847804,0.6847804
1691659350000,0.6847804,0.6847804,0.6847804
1691659351000,0.68477961,0.68477961,0.68477961
1691659352000,0.68474718,0.68474718,0.68474718
1691659353000,0.6848,0.6848,0.6848
1691659354000,0.68474799,0.68474799,0.68474799
1691659355000,0.68474799,0.68474799,0.68474799
1691659356000,0.68474799,0.68474799,0.68474799
1691659357000,0.68474799,0.68474799,0.68474799
1691659358000,0.6847469,0.6847469,0.6847469
1691659359000,0.68474471,0.68474471,0.68474471
1691659360000,0.68469065,0.68469065,0.68469065
1691659361000,0.68469065,0.68469065,0.68469065
1691659362000,0.68469065,0.68469065,0.68469065
1691659363000,0.6847,0.6847,0.6847
1691659364000,0.68468983,0.68468983,0.68468983
1691659365000,0.68468987,0.68468987,0.68468987
1691659366000,0.68468983,0.68468983,0.68468983
1691659367000,0.68468983,0.68468983,0.68468983
1691659368000,0.68464167,0.68464167,0.68464167
1691659369000,0.68464171,0.68464171,0.68464171
1691659370000,0.68464167,0.68464167,0.68464167
1691659371000,0.68464167,0.68464167,0.68464167
1691659372000,0.6847,0.6847,0.6847
1691659373000,0.6847,0.6847,0.6847
1691659374000,0.68464172,0.68464172,0.68464172
1691659375000,0.68464176,0.68464176,0.68464176
1691659376000,0.68464165,0.68464165,0.68464165
1691659377000,0.68464165,0.68464165,0.68464165
1691659378000,0.68464165,0.68464165,0.68464165
1691659379000,0.68464226,0.68464226,0.68464226
1691659380000,0.68464226,0.68464226,0.68464226
1691659381000,0.68464226,0.68464226,0.68464226
1691659382000,0.6846423,0.6846423,0.6846423
1691659383000,0.6847,0.6847,0.6847
1691659384000,0.6847,0.6847,0.6847
1691659385000,0.6847,0.6847,0.6847
1691659386000,0.6847,0.6847,0.6847
1691659387000,0.6848,0.6848,0.6848
1691659388000,0.6847,0.6847,0.6847
1691659389000,0.6847,0.6847,0.6847
1691659390000,0.6847,0.6847,0.6847
1691659391000,0.6847,0.6847,0.6847
1691659392000,0.6847,0.6847,0.6847
1691659393000,0.6847,0.6847,0.6847
1691659394000,0.6847,0.6847,0.6847
1691659395000,0.6847,0.6847,0.6847
1691659396000,0.6847,0.6847,0.6847
1691659397000,0.6848,0.6848,0.6848
1691659398000,0.6848,0.6848,0.6848
1691659399000,0.6847,0.6847,0.6847
1691659400000,0.6847,0.6847,0.6847
1691659401000,0.6847,0.6847,0.6847
1691659402000,0.6848,0.6848,0.6848
1691659403000,0.6848,0.6848,0.6848
1691659404000,0.6847,0.6847,0.6847
1691659405000,0.6847,0.6847,0.6847
1691659406000,0.6847,0.6847,0.6847
1691659407000,0.6847,0.6847,0.6847
1691659408000,0.68469471,0.68469471,0.68469471
1691659409000,0.6847,0.6847,0.6847
1691659410000,0.6847,0.6847,0.6847
1691659411000,0.6847,0.6847,0.6847
1691659412000,0.68463504,0.68463504,0.68463504
1691659413000,0.68463411,0.68463411,0.68463411
1691659414000,0.68463475,0.68463475,0.68463475
1691659415000,0.6847,0.6847,0.6847
1691659416000,0.6847,0.6847,0.6847
1691659417000,0.68463412,0.68463412,0.68463412
1691659418000,0.68463408,0.68463408,0.68463408
1691659419000,0.68463505,0.68463505,0.68463505
1691659420000,0.6846342,0.6846342,0.6846342
1691659421000,0.6846342,0.6846342,0.6846342
1691659422000,0.6846342,0.6846342,0.6846342
1691659423000,0.68463327,0.68463327,0.68463327
1691659424000,0.68468733,0.68468733,0.68468733
1691659425000,0.6847,0.6847,0.6847
1691659426000,0.6847,0.6847,0.6847
1691659427000,0.6847,0.6847,0.6847
1691659428000,0.68468745,0.68468745,0.68468745
1691659429000,0.68468745,0.68468745,0.68468745
1691659430000,0.6846858,0.6846858,0.6846858
1691659431000,0.68463174,0.68463174,0.68463174
1691659432000,0.6847,0.6847,0.6847
1691659433000,0.68463174,0.68463174,0.68463174
1691659434000,0.68461553,0.68461553,0.68461553
1691659435000,0.68461545,0.68461545,0.68461545
1691659436000,0.68461544,0.68461544,0.68461544
1691659437000,0.68461544,0.68461544,0.68461544
1691659438000,0.68466949,0.68466949,0.68466949
1691659439000,0.68466949,0.68466949,0.68466949
1691659440000,0.68466949,0.68466949,0.68466949
1691659441000,0.6847,0.6847,0.6847
1691659442000,0.6848,0.6848,0.6848
1691659443000,0.6849,0.6849,0.6849
1691659444000,0.6849,0.6849,0.6849
1691659445000,0.6849,0.6849,0.6849
1691659446000,0.6849,0.6849,0.6849
1691659447000,0.6848,0.6848,0.6848
1691659448000,0.6848,0.6848,0.6848
1691659449000,0.6847,0.6847,0.6847
1691659450000,0.6847,0.6847,0.6847
1691659451000,0.6847,0.6847,0.6847
1691659452000,0.68473619,0.68473619,0.68473619
1691659453000,0.68473711,0.68473711,0.68473711
1691659454000,0.68473711,0.68473711,0.68473711
1691659455000,0.68473711,0.68473711,0.68473711
1691659456000,0.68473908,0.68473908,0.68473908
1691659457000,0.68473908,0.68473908,0.68473908
1691659458000,0.68473908,0.68473908,0.68473908
1691659459000,0.68473908,0.68473908,0.68473908
1691659460000,0.68473908,0.68473908,0.68473908
1691659461000,0.68473904,0.68473904,0.68473904
1691659462000,0.68474069,0.68474069,0.68474069
1691659463000,0.68474069,0.68474069,0.68474069
1691659464000,0.68474069,0.68474069,0.68474069
1691659465000,0.68474073,0.68474073,0.68474073
1691659466000,0.68479478,0.68479478,0.68479478
1691659467000,0.6848,0.6848,0.6848
1691659468000,0.6848,0.6848,0.6848
1691659469000,0.6848,0.6848,0.6848
1691659470000,0.68474162,0.68474162,0.68474162
1691659471000,0.68474162,0.68474162,0.68474162
1691659472000,0.68474056,0.68474056,0.68474056
1691659473000,0.68474056,0.68474056,0.68474056
1691659474000,0.68474056,0.68474056,0.68474056
1691659475000,0.6847406,0.6847406,0.6847406
1691659476000,0.68474052,0.68474052,0.68474052
1691659477000,0.68474028,0.68474028,0.68474028
1691659478000,0.68474028,0.68474028,0.68474028
1691659479000,0.68474028,0.68474028,0.68474028
1691659480000,0.68474028,0.68474028,0.68474028
1691659481000,0.68474036,0.68474036,0.68474036
1691659482000,0.6847401,0.6847401,0.6847401
1691659483000,0.68475632,0.68475632,0.68475632
1691659484000,0.68475632,0.68475632,0.68475632
1691659485000,0.68475632,0.68475632,0.68475632
1691659486000,0.6847564,0.6847564,0.6847564
1691659487000,0.68475732,0.68475732,0.68475732
1691659488000,0.68475669,0.68475669,0.68475669
1691659489000,0.68475669,0.68475669,0.68475669
1691659490000,0.68475669,0.68475669,0.68475669
1691659491000,0.68475669,0.68475669,0.68475669
1691659492000,0.68475568,0.68475568,0.68475568
1691659493000,0.68475494,0.68475494,0.68475494
1691659494000,0.68475494,0.68475494,0.68475494
1691659495000,0.68475494,0.68475494,0.68475494
1691659496000,0.68475502,0.68475502,0.68475502
1691659497000,0.68475502,0.68475502,0.68475502
1691659498000,0.68475488,0.68475488,0.68475488
1691659499000,0.68475492,0.68475492,0.68475492
1691659500000,0.68475492,0.68475492,0.68475492
1691659501000,0.68475135,0.68475135,0.68475135
1691659502000,0.68475132,0.68475132,0.68475132
1691659503000,0.68474957,0.68474957,0.68474957
1691659504000,0.68462346,0.68462346,0.68462346
1691659505000,0.68461563,0.68461563,0.68461563
1691659506000,0.68461073,0.68461073,0.68461073
1691659507000,0.68461073,0.68461073,0.68461073
1691659508000,0.68460959,0.68460959,0.68460959
1691659509000,0.68466457,0.68466457,0.68466457
1691659510000,0.68466361,0.68466361,0.68466361
1691659511000,0.68466364,0.68466364,0.68466364
1691659512000,0.68466461,0.68466461,0.68466461
1691659513000,0.68466432,0.68466432,0.68466432
1691659514000,0.6846634,0.6846634,0.6846634
1691659515000,0.68458757,0.68458757,0.68458757
1691659516000,0.68458669,0.68458669,0.68458669
1691659517000,0.68458223,0.68458223,0.68458223
1691659518000,0.68458223,0.68458223,0.68458223
1691659519000,0.68458057,0.68458057,0.68458057
1691659520000,0.68458057,0.68458057,0.68458057
1691659521000,0.68458061,0.68458061,0.68458061
1691659522000,0.68458089,0.68458089,0.68458089
1691659523000,0.68458089,0.68458089,0.68458089
1691659524000,0.68458269,0.68458269,0.68458269
1691659525000,0.68458269,0.68458269,0.68458269
1691659526000,0.6846,0.6846,0.6846
1691659527000,0.6846,0.6846,0.6846
1691659528000,0.68458288,0.68458288,0.68458288
1691659529000,0.68458372,0.68458372,0.68458372
1691659530000,0.68458372,0.68458372,0.68458372
1691659531000,0.6846,0.6846,0.6846
1691659532000,0.68458347,0.68458347,0.68458347
1691659533000,0.68458347,0.68458347,0.68458347
1691659534000,0.68458331,0.68458331,0.68458331
1691659535000,0.68458331,0.68458331,0.68458331
1691659536000,0.68458331,0.68458331,0.68458331
1691659537000,0.68458279,0.68458279,0.68458279
1691659538000,0.68458282,0.68458282,0.68458282
1691659539000,0.68458263,0.68458263,0.68458263
1691659540000,0.68458263,0.68458263,0.68458263
1691659541000,0.68458263,0.68458263,0.68458263
1691659542000,0.68458365,0.68458365,0.68458365
1691659543000,0.68458365,0.68458365,0.68458365
1691659544000,0.68455122,0.68455122,0.68455122
1691659545000,0.68455029,0.68455029,0.68455029
1691659546000,0.6845665,0.6845665,0.6845665
1691659547000,0.6845665,0.6845665,0.6845665
1691659548000,0.6845118,0.6845118,0.6845118
1691659549000,0.6845118,0.6845118,0.6845118
1691659550000,0.68451009,0.68451009,0.68451009
1691659551000,0.68451009,0.68451009,0.68451009
1691659552000,0.68450926,0.68450926,0.68450926
1691659553000,0.6846,0.6846,0.6846
1691659554000,0.68450505,0.68450505,0.68450505
1691659555000,0.68450467,0.68450467,0.68450467
1691659556000,0.68450467,0.68450467,0.68450467
1691659557000,0.68450467,0.68450467,0.68450467
1691659558000,0.68450503,0.68450503,0.68450503
1691659559000,0.6845041,0.6845041,0.6845041
1691659560000,0.68450308,0.68450308,0.68450308
1691659561000,0.68450311,0.68450311,0.68450311
1691659562000,0.68450308,0.68450308,0.68450308
1691659563000,0.684503,0.684503,0.684503
1691659564000,0.684503,0.684503,0.684503
1691659565000,0.68455442,0.68455442,0.68455442
1691659566000,0.68455439,0.68455439,0.68455439
1691659567000,0.68455439,0.68455439,0.68455439
1691659568000,0.68455439,0.68455439,0.68455439
1691659569000,0.6845541,0.6845541,0.6845541
1691659570000,0.6845541,0.6845541,0.6845541
1691659571000,0.68454945,0.68454945,0.68454945
1691659572000,0.68454945,0.68454945,0.68454945
1691659573000,0.6845,0.6845,0.6845
1691659574000,0.6845,0.6845,0.6845
1691659575000,0.6845,0.6845,0.6845
1691659576000,0.6845,0.6845,0.6845
1691659577000,0.6845,0.6845,0.6845
1691659578000,0.6845,0.6845,0.6845
1691659579000,0.68454821,0.68454821,0.68454821
1691659580000,0.68454821,0.68454821,0.68454821
1691659581000,0.68454808,0.68454808,0.68454808
1691659582000,0.68454901,0.68454901,0.68454901
1691659583000,0.68454825,0.68454825,0.68454825
1691659584000,0.68454825,0.68454825,0.68454825
1691659585000,0.68454821,0.68454821,0.68454821
1691659586000,0.68454886,0.68454886,0.68454886
1691659587000,0.68454886,0.68454886,0.68454886
1691659588000,0.68455027,0.68455027,0.68455027
1691659589000,0.68455027,0.68455027,0.68455027
1691659590000,0.68455027,0.68455027,0.68455027
1691659591000,0.68455088,0.68455088,0.68455088
1691659592000,0.68455088,0.68455088,0.68455088
1691659593000,0.68455088,0.68455088,0.68455088
1691659594000,0.6846,0.6846,0.6846
1691659595000,0.68454975,0.68454975,0.68454975
1691659596000,0.68455037,0.68455037,0.68455037
1691659597000,0.6845513,0.6845513,0.6845513
1691659598000,0.6846,0.6846,0.6846
1691659599000,0.6846,0.6846,0.6846
1691659600000,0.68455126,0.68455126,0.68455126
1691659601000,0.6845513,0.6845513,0.6845513
1691659602000,0.68455191,0.68455191,0.68455191
1691659603000,0.6846,0.6846,0.6846
1691659604000,0.6846,0.6846,0.6846
1691659605000,0.6845,0.6845,0.6845
1691659606000,0.6845,0.6845,0.6845
1691659607000,0.68450078,0.68450078,0.68450078
1691659608000,0.68450078,0.68450078,0.68450078
1691659609000,0.68450001,0.68450001,0.68450001
1691659610000,0.68450098,0.68450098,0.68450098
1691659611000,0.68450098,0.68450098,0.68450098
1691659612000,0.68450316,0.68450316,0.68450316
1691659613000,0.68450316,0.68450316,0.68450316
1691659614000,0.68450348,0.68450348,0.68450348
1691659615000,0.68450348,0.68450348,0.68450348
1691659616000,0.68450344,0.68450344,0.68450344
1691659617000,0.68450395,0.68450395,0.68450395
1691659618000,0.68450272,0.68450272,0.68450272
1691659619000,0.68450272,0.68450272,0.68450272
1691659620000,0.68455612,0.68455612,0.68455612
1691659621000,0.68455828,0.68455828,0.68455828
1691659622000,0.68455624,0.68455624,0.68455624
1691659623000,0.6845562,0.6845562,0.6845562
1691659624000,0.68455742,0.68455742,0.68455742
1691659625000,0.68455742,0.68455742,0.68455742
1691659626000,0.68455745,0.68455745,0.68455745
1691659627000,0.68455745,0.68455745,0.68455745
1691659628000,0.6846,0.6846,0.6846
1691659629000,0.6846,0.6846,0.6846
1691659630000,0.68454459,0.68454459,0.68454459
1691659631000,0.68454068,0.68454068,0.68454068
1691659632000,0.68454068,0.68454068,0.68454068
1691659633000,0.68454051,0.68454051,0.68454051
1691659634000,0.68454095,0.68454095,0.68454095
1691659635000,0.68454092,0.68454092,0.68454092
1691659636000,0.68454184,0.68454184,0.68454184
1691659637000,0.68454184,0.68454184,0.68454184
1691659638000,0.6846,0.6846,0.6846
1691659639000,0.68454256,0.68454256,0.68454256
1691659640000,0.6846,0.6846,0.6846
1691659641000,0.6846,0.6846,0.6846
1691659642000,0.6846,0.6846,0.6846
1691659643000,0.6846,0.6846,0.6846
1691659644000,0.6846,0.6846,0.6846
1691659645000,0.6846,0.6846,0.6846
1691659646000,0.68454231,0.68454231,0.68454231
1691659647000,0.6846,0.6846,0.6846
1691659648000,0.68454512,0.68454512,0.68454512
1691659649000,0.68456085,0.68456085,0.68456085
1691659650000,0.68456044,0.68456044,0.68456044
1691659651000,0.68456044,0.68456044,0.68456044
1691659652000,0.68456044,0.68456044,0.68456044
1691659653000,0.6846,0.6846,0.6846
1691659654000,0.68450678,0.68450678,0.68450678
1691659655000,0.68450767,0.68450767,0.68450767
1691659656000,0.68450763,0.68450763,0.68450763
1691659657000,0.68450763,0.68450763,0.68450763
1691659658000,0.6845067,0.6845067,0.6845067
1691659659000,0.6845101,0.6845101,0.6845101
1691659660000,0.6845101,0.6845101,0.6845101
1691659661000,0.6846,0.6846,0.6846
1691659662000,0.6845,0.6845,0.6845
1691659663000,0.68450857,0.68450857,0.68450857
1691659664000,0.684511,0.684511,0.684511
1691659665000,0.68450984,0.68450984,0.68450984
1691659666000,0.6845108,0.6845108,0.6845108
1691659667000,0.68456482,0.68456482,0.68456482
1691659668000,0.68456482,0.68456482,0.68456482
1691659669000,0.68456633,0.68456633,0.68456633
1691659670000,0.68456614,0.68456614,0.68456614
1691659671000,0.6846,0.6846,0.6846
1691659672000,0.6846,0.6846,0.6846
1691659673000,0.6846,0.6846,0.6846
1691659674000,0.6848,0.6848,0.6848
1691659675000,0.6849,0.6849,0.6849
1691659676000,0.685,0.685,0.685
1691659677000,0.685,0.685,0.685
1691659678000,0.685,0.685,0.685
1691659679000,0.685,0.685,0.685
1691659680000,0.6849,0.6849,0.6849
1691659681000,0.6849,0.6849,0.6849
1691659682000,0.6849,0.6849,0.6849
1691659683000,0.6849,0.6849,0.6849
1691659684000,0.6849,0.6849,0.6849
1691659685000,0.6849,0.6849,0.6849
1691659686000,0.6849,0.6849,0.6849
1691659687000,0.6849,0.6849,0.6849
1691659688000,0.6849,0.6849,0.6849
1691659689000,0.6849,0.6849,0.6849
1691659690000,0.6849,0.6849,0.6849
1691659691000,0.6849,0.6849,0.6849
1691659692000,0.6849,0.6849,0.6849
1691659693000,0.6849,0.6849,0.6849
1691659694000,0.6849,0.6849,0.6849
1691659695000,0.6849,0.6849,0.6849
1691659696000,0.6849,0.6849,0.6849
1691659697000,0.6849,0.6849,0.6849
1691659698000,0.6849,0.6849,0.6849
1691659699000,0.6849,0.6849,0.6849
1691659700000,0.6849,0.6849,0.6849
1691659701000,0.6849,0.6849,0.6849
1691659702000,0.6849,0.6849,0.6849
1691659703000,0.6849,0.6849,0.6849
1691659704000,0.6849,0.6849,0.6849
1691659705000,0.6849,0.6849,0.6849
1691659706000,0.6849,0.6849,0.6849
1691659707000,0.6849,0.6849,0.6849
1691659708000,0.6849,0.6849,0.6849
1691659709000,0.685,0.685,0.685
1691659710000,0.6849,0.6849,0.6849
1691659711000,0.6849,0.6849,0.6849
1691659712000,0.6849,0.6849,0.6849
1691659713000,0.6849,0.6849,0.6849
1691659714000,0.6849,0.6849,0.6849
1691659715000,0.6849,0.6849,0.6849
1691659716000,0.6849,0.6849,0.6849
1691659717000,0.685,0.685,0.685
1691659718000,0.685,0.685,0.685
1691659719000,0.6851,0.6851,0.6851
1691659720000,0.6851,0.6851,0.6851
1691659721000,0.6851,0.6851,0.6851
1691659722000,0.6851,0.6851,0.6851
1691659723000,0.685,0.685,0.685
1691659724000,0.6849,0.6849,0.6849
1691659725000,0.6849,0.6849,0.6849
1691659726000,0.6849,0.6849,0.6849
1691659727000,0.6849,0.6849,0.6849
1691659728000,0.685,0.685,0.685
1691659729000,0.68490143,0.68490143,0.68490143
1691659730000,0.68490143,0.68490143,0.68490143
1691659731000,0.68490447,0.68490447,0.68490447
1691659732000,0.68490536,0.68490536,0.68490536
1691659733000,0.68490536,0.68490536,0.68490536
1691659734000,0.68490536,0.68490536,0.68490536
1691659735000,0.68490443,0.68490443,0.68490443
1691659736000,0.68490443,0.68490443,0.68490443
1691659737000,0.6849051,0.6849051,0.6849051
1691659738000,0.6849051,0.6849051,0.6849051
1691659739000,0.685,0.685,0.685
1691659740000,0.685,0.685,0.685
1691659741000,0.685,0.685,0.685
1691659742000,0.68490507,0.68490507,0.68490507
1691659743000,0.68490507,0.68490507,0.68490507
1691659744000,0.68490503,0.68490503,0.68490503
1691659745000,0.68490503,0.68490503,0.68490503
1691659746000,0.685,0.685,0.685
1691659747000,0.68490413,0.68490413,0.68490413
1691659748000,0.6849,0.6849,0.6849
1691659749000,0.685,0.685,0.685
1691659750000,0.685,0.685,0.685
1691659751000,0.6849,0.6849,0.6849
1691659752000,0.6849,0.6849,0.6849
1691659753000,0.685,0.685,0.685
1691659754000,0.685,0.685,0.685
1691659755000,0.6849,0.6849,0.6849
1691659756000,0.6849,0.6849,0.6849
1691659757000,0.6849,0.6849,0.6849
1691659758000,0.6849,0.6849,0.6849
1691659759000,0.6849,0.6849,0.6849
1691659760000,0.6849,0.6849,0.6849
1691659761000,0.6849,0.6849,0.6849
1691659762000,0.6849,0.6849,0.6849
1691659763000,0.6849,0.6849,0.6849
1691659764000,0.6849,0.6849,0.6849
1691659765000,0.6849,0.6849,0.6849
1691659766000,0.685,0.685,0.685
1691659767000,0.685,0.685,0.685
1691659768000,0.6849,0.6849,0.6849
1691659769000,0.6849,0.6849,0.6849
1691659770000,0.6849,0.6849,0.6849
1691659771000,0.6849,0.6849,0.6849
1691659772000,0.68490744,0.68490744,0.68490744
1691659773000,0.68490919,0.68490919,0.68490919
1691659774000,0.68490923,0.68490923,0.68490923
1691659775000,0.68490923,0.68490923,0.68490923
1691659776000,0.68490923,0.68490923,0.68490923
1691659777000,0.68490919,0.68490919,0.68490919
1691659778000,0.68491002,0.68491002,0.68491002
1691659779000,0.6849,0.6849,0.6849
1691659780000,0.6849,0.6849,0.6849
1691659781000,0.6849,0.6849,0.6849
1691659782000,0.6849,0.6849,0.6849
1691659783000,0.6849,0.6849,0.6849
1691659784000,0.68480912,0.68480912,0.68480912
1691659785000,0.68468476,0.68468476,0.68468476
1691659786000,0.68468476,0.68468476,0.68468476
1691659787000,0.6846848,0.6846848,0.6846848
1691659788000,0.68468465,0.68468465,0.68468465
1691659789000,0.68467764,0.68467764,0.68467764
1691659790000,0.68467764,0.68467764,0.68467764
1691659791000,0.68467861,0.68467861,0.68467861
1691659792000,0.68467861,0.68467861,0.68467861
1691659793000,0.6847,0.6847,0.6847
1691659794000,0.6847,0.6847,0.6847
1691659795000,0.6847,0.6847,0.6847
1691659796000,0.68467763,0.68467763,0.68467763
1691659797000,0.68467763,0.68467763,0.68467763
1691659798000,0.6847,0.6847,0.6847
1691659799000,0.6847,0.6847,0.6847
1691659800000,0.6847,0.6847,0.6847
1691659801000,0.68462359,0.68462359,0.68462359
1691659802000,0.68462359,0.68462359,0.68462359
1691659803000,0.68463977,0.68463977,0.68463977
1691659804000,0.68464231,0.68464231,0.68464231
1691659805000,0.68464101,0.68464101,0.68464101
1691659806000,0.68464097,0.68464097,0.68464097
1691659807000,0.68464097,0.68464097,0.68464097
1691659808000,0.68464097,0.68464097,0.68464097
1691659809000,0.68463756,0.68463756,0.68463756
1691659810000,0.68463756,0.68463756,0.68463756
1691659811000,0.68463195,0.68463195,0.68463195
1691659812000,0.68457793,0.68457793,0.68457793
1691659813000,0.68457793,0.68457793,0.68457793
1691659814000,0.68457861,0.68457861,0.68457861
1691659815000,0.68457861,0.68457861,0.68457861
1691659816000,0.6845795,0.6845795,0.6845795
1691659817000,0.68457861,0.68457861,0.68457861
1691659818000,0.6846,0.6846,0.6846
1691659819000,0.68463355,0.68463355,0.68463355
1691659820000,0.68463554,0.68463554,0.68463554
1691659821000,0.68463554,0.68463554,0.68463554
1691659822000,0.68463554,0.68463554,0.68463554
1691659823000,0.68463554,0.68463554,0.68463554
1691659824000,0.68463441,0.68463441,0.68463441
1691659825000,0.68463402,0.68463402,0.68463402
1691659826000,0.68463309,0.68463309,0.68463309
1691659827000,0.68463309,0.68463309,0.68463309
1691659828000,0.68463402,0.68463402,0.68463402
1691659829000,0.6846,0.6846,0.6846
1691659830000,0.6846,0.6846,0.6846
1691659831000,0.6846,0.6846,0.6846
1691659832000,0.6846,0.6846,0.6846
1691659833000,0.6846,0.6846,0.6846
1691659834000,0.6846,0.6846,0.6846
1691659835000,0.68458381,0.68458381,0.68458381
1691659836000,0.68458381,0.68458381,0.68458381
1691659837000,0.68458381,0.68458381,0.68458381
1691659838000,0.68458381,0.68458381,0.68458381
1691659839000,0.68458284,0.68458284,0.68458284
1691659840000,0.6846,0.6846,0.6846
1691659841000,0.6846,0.6846,0.6846
1691659842000,0.6846,0.6846,0.6846
1691659843000,0.6846,0.6846,0.6846
1691659844000,0.6846,0.6846,0.6846
1691659845000,0.6846,0.6846,0.6846
1691659846000,0.6846,0.6846,0.6846
1691659847000,0.6846,0.6846,0.6846
1691659848000,0.6846,0.6846,0.6846
1691659849000,0.6846,0.6846,0.6846
1691659850000,0.6846,0.6846,0.6846
1691659851000,0.6846,0.6846,0.6846
1691659852000,0.6845846,0.6845846,0.6845846
1691659853000,0.6845846,0.6845846,0.6845846
1691659854000,0.68453054,0.68453054,0.68453054
1691659855000,0.68453034,0.68453034,0.68453034
1691659856000,0.68453121,0.68453121,0.68453121
1691659857000,0.6846,0.6846,0.6846
1691659858000,0.6846,0.6846,0.6846
1691659859000,0.6846,0.6846,0.6846
1691659860000,0.6846,0.6846,0.6846
1691659861000,0.6846,0.6846,0.6846
1691659862000,0.6846,0.6846,0.6846
1691659863000,0.68458639,0.68458639,0.68458639
1691659864000,0.68458635,0.68458635,0.68458635
1691659865000,0.68458558,0.68458558,0.68458558
1691659866000,0.6846,0.6846,0.6846
1691659867000,0.6846,0.6846,0.6846
1691659868000,0.6846,0.6846,0.6846
1691659869000,0.6846,0.6846,0.6846
1691659870000,0.6846,0.6846,0.6846
1691659871000,0.6846,0.6846,0.6846
1691659872000,0.6846,0.6846,0.6846
1691659873000,0.6846,0.6846,0.6846
1691659874000,0.6846,0.6846,0.6846
1691659875000,0.68458826,0.68458826,0.68458826
1691659876000,0.6846,0.6846,0.6846
1691659877000,0.6846,0.6846,0.6846
1691659878000,0.6846,0.6846,0.6846
1691659879000,0.6846,0.6846,0.6846
1691659880000,0.6846,0.6846,0.6846
1691659881000,0.6846,0.6846,0.6846
1691659882000,0.6846,0.6846,0.6846
1691659883000,0.6846,0.6846,0.6846
1691659884000,0.6846,0.6846,0.6846
1691659885000,0.6846,0.6846,0.6846
1691659886000,0.6846,0.6846,0.6846
1691659887000,0.6846,0.6846,0.6846
1691659888000,0.6846,0.6846,0.6846
1691659889000,0.6846,0.6846,0.6846
1691659890000,0.6846,0.6846,0.6846
1691659891000,0.6846,0.6846,0.6846
1691659892000,0.6846,0.6846,0.6846
1691659893000,0.6846,0.6846,0.6846
1691659894000,0.6846,0.6846,0.6846
1691659895000,0.6846,0.6846,0.6846
1691659896000,0.6846,0.6846,0.6846
1691659897000,0.6846,0.6846,0.6846
1691659898000,0.6846,0.6846,0.6846
1691659899000,0.68459005,0.68459005,0.68459005
1691659900000,0.68459094,0.68459094,0.68459094
1691659901000,0.68459146,0.68459146,0.68459146
1691659902000,0.68459156,0.68459156,0.68459156
1691659903000,0.68459156,0.68459156,0.68459156
1691659904000,0.68462307,0.68462307,0.68462307
1691659905000,0.68462307,0.68462307,0.68462307
1691659906000,0.68462275,0.68462275,0.68462275
1691659907000,0.68462278,0.68462278,0.68462278
1691659908000,0.68456738,0.68456738,0.68456738
1691659909000,0.68456738,0.68456738,0.68456738
1691659910000,0.68462144,0.68462144,0.68462144
1691659911000,0.68462083,0.68462083,0.68462083
1691659912000,0.68462083,0.68462083,0.68462083
1691659913000,0.68461954,0.68461954,0.68461954
1691659914000,0.68461958,0.68461958,0.68461958
1691659915000,0.68461958,0.68461958,0.68461958
1691659916000,0.68461978,0.68461978,0.68461978
1691659917000,0.68462071,0.68462071,0.68462071
1691659918000,0.68461944,0.68461944,0.68461944
1691659919000,0.68461944,0.68461944,0.68461944
1691659920000,0.68461944,0.68461944,0.68461944
1691659921000,0.68461944,0.68461944,0.68461944
1691659922000,0.68462169,0.68462169,0.68462169
1691659923000,0.6846,0.6846,0.6846
1691659924000,0.68456884,0.68456884,0.68456884
1691659925000,0.68456884,0.68456884,0.68456884
1691659926000,0.6846222,0.6846222,0.6846222
1691659927000,0.68461986,0.68461986,0.68461986
1691659928000,0.68461466,0.68461466,0.68461466
1691659929000,0.68461116,0.68461116,0.68461116
1691659930000,0.68461116,0.68461116,0.68461116
1691659931000,0.6846112,0.6846112,0.6846112
1691659932000,0.6846112,0.6846112,0.6846112
1691659933000,0.68461079,0.68461079,0.68461079
1691659934000,0.6846077,0.6846077,0.6846077
1691659935000,0.68460766,0.68460766,0.68460766
1691659936000,0.68460766,0.68460766,0.68460766
1691659937000,0.68460713,0.68460713,0.68460713
1691659938000,0.68460713,0.68460713,0.68460713
1691659939000,0.684605,0.684605,0.684605
1691659940000,0.68455091,0.68455091,0.68455091
1691659941000,0.68455183,0.68455183,0.68455183
1691659942000,0.68455183,0.68455183,0.68455183
1691659943000,0.68460637,0.68460637,0.68460637
1691659944000,0.68460516,0.68460516,0.68460516
1691659945000,0.68460516,0.68460516,0.68460516
1691659946000,0.68461327,0.68461327,0.68461327
1691659947000,0.68461177,0.68461177,0.68461177
1691659948000,0.68461174,0.68461174,0.68461174
1691659949000,0.68460959,0.68460959,0.68460959
1691659950000,0.68460959,0.68460959,0.68460959
1691659951000,0.68460959,0.68460959,0.68460959
1691659952000,0.68460902,0.68460902,0.68460902
1691659953000,0.68460902,0.68460902,0.68460902
1691659954000,0.68460434,0.68460434,0.68460434
1691659955000,0.68460434,0.68460434,0.68460434
1691659956000,0.68460434,0.68460434,0.68460434
1691659957000,0.68460426,0.68460426,0.68460426
1691659958000,0.68460426,0.68460426,0.68460426
1691659959000,0.68460146,0.68460146,0.68460146
1691659960000,0.68460146,0.68460146,0.68460146
1691659961000,0.68460146,0.68460146,0.68460146
1691659962000,0.68460039,0.68460039,0.68460039
1691659963000,0.68460039,0.68460039,0.68460039
1691659964000,0.68460039,0.68460039,0.68460039
1691659965000,0.68459758,0.68459758,0.68459758
1691659966000,0.68459758,0.68459758,0.68459758
1691659967000,0.68459762,0.68459762,0.68459762
1691659968000,0.68459697,0.68459697,0.68459697
1691659969000,0.68459925,0.68459925,0.68459925
1691659970000,0.68459647,0.68459647,0.68459647
1691659971000,0.68459551,0.68459551,0.68459551
1691659972000,0.68459563,0.68459563,0.68459563
1691659973000,0.68459563,0.68459563,0.68459563
1691659974000,0.68459563,0.68459563,0.68459563
1691659975000,0.6845937,0.6845937,0.6845937
1691659976000,0.68459374,0.68459374,0.68459374
1691659977000,0.6845937,0.6845937,0.6845937
1691659978000,0.6845937,0.6845937,0.6845937
1691659979000,0.68459426,0.68459426,0.68459426
1691659980000,0.68458832,0.68458832,0.68458832
1691659981000,0.6847,0.6847,0.6847
1691659982000,0.6847,0.6847,0.6847
1691659983000,0.68470316,0.68470316,0.68470316
1691659984000,0.68470316,0.68470316,0.68470316
1691659985000,0.68464637,0.68464637,0.68464637
1691659986000,0.68464641,0.68464641,0.68464641
1691659987000,0.68458399,0.68458399,0.68458399
1691659988000,0.68457908,0.68457908,0.68457908
1691659989000,0.68457911,0.68457911,0.68457911
1691659990000,0.68457908,0.68457908,0.68457908
1691659991000,0.68457363,0.68457363,0.68457363
1691659992000,0.6844,0.6844,0.6844
1691659993000,0.6845,0.6845,0.6845
1691659994000,0.6844,0.6844,0.6844
1691659995000,0.6844,0.6844,0.6844
1691659996000,0.68441353,0.68441353,0.68441353
1691659997000,0.6844,0.6844,0.6844
1691659998000,0.6844,0.6844,0.6844
1691659999000,0.6844,0.6844,0.6844
1691660000000,0.6844,0.6844,0.6844
1691660001000,0.6844,0.6844,0.6844
1691660002000,0.6844,0.6844,0.6844
1691660003000,0.6844,0.6844,0.6844
1691660004000,0.6844,0.6844,0.6844
1691660005000,0.6844,0.6844,0.6844
1691660006000,0.6844,0.6844,0.6844
1691660007000,0.6844,0.6844,0.6844
1691660008000,0.6844,0.6844,0.6844
1691660009000,0.6844,0.6844,0.6844
1691660010000,0.6844,0.6844,0.6844
1691660011000,0.6844,0.6844,0.6844
1691660012000,0.6844,0.6844,0.6844
1691660013000,0.6845,0.6845,0.6845
1691660014000,0.6845,0.6845,0.6845
1691660015000,0.6845,0.6845,0.6845
1691660016000,0.6845,0.6845,0.6845
1691660017000,0.6844,0.6844,0.6844
1691660018000,0.6844,0.6844,0.6844
1691660019000,0.6844,0.6844,0.6844
1691660020000,0.6844,0.6844,0.6844
1691660021000,0.6844,0.6844,0.6844
1691660022000,0.6844,0.6844,0.6844
1691660023000,0.68441284,0.68441284,0.68441284
1691660024000,0.68441166,0.68441166,0.68441166
1691660025000,0.68441166,0.68441166,0.68441166
1691660026000,0.68441162,0.68441162,0.68441162
1691660027000,0.68446554,0.68446554,0.68446554
1691660028000,0.68441149,0.68441149,0.68441149
1691660029000,0.68441197,0.68441197,0.68441197
1691660030000,0.68441197,0.68441197,0.68441197
1691660031000,0.6845,0.6845,0.6845
1691660032000,0.6845,0.6845,0.6845
1691660033000,0.6845,0.6845,0.6845
1691660034000,0.6845,0.6845,0.6845
1691660035000,0.6845,0.6845,0.6845
1691660036000,0.6845,0.6845,0.6845
1691660037000,0.6845,0.6845,0.6845
1691660038000,0.6844,0.6844,0.6844
1691660039000,0.6844,0.6844,0.6844
1691660040000,0.6844,0.6844,0.6844
1691660041000,0.6844,0.6844,0.6844
1691660042000,0.6844,0.6844,0.6844
1691660043000,0.68438079,0.68438079,0.68438079
1691660044000,0.68438155,0.68438155,0.68438155
1691660045000,0.68438155,0.68438155,0.68438155
1691660046000,0.68438063,0.68438063,0.68438063
1691660047000,0.68432658,0.68432658,0.68432658
1691660048000,0.68432482,0.68432482,0.68432482
1691660049000,0.68432482,0.68432482,0.68432482
1691660050000,0.6843236,0.6843236,0.6843236
1691660051000,0.68432453,0.68432453,0.68432453
1691660052000,0.68432453,0.68432453,0.68432453
1691660053000,0.68432281,0.68432281,0.68432281
1691660054000,0.68432188,0.68432188,0.68432188
1691660055000,0.6844,0.6844,0.6844
1691660056000,0.6845,0.6845,0.6845
1691660057000,0.6845,0.6845,0.6845
1691660058000,0.6845,0.6845,0.6845
1691660059000,0.6845,0.6845,0.6845
1691660060000,0.6845,0.6845,0.6845
1691660061000,0.6845,0.6845,0.6845
1691660062000,0.6845,0.6845,0.6845
1691660063000,0.6845,0.6845,0.6845
1691660064000,0.6845,0.6845,0.6845
1691660065000,0.6845,0.6845,0.6845
1691660066000,0.6845,0.6845,0.6845
1691660067000,0.6844,0.6844,0.6844
1691660068000,0.6844,0.6844,0.6844
1691660069000,0.6844,0.6844,0.6844
1691660070000,0.6844006,0.6844006,0.6844006
1691660071000,0.6844006,0.6844006,0.6844006
1691660072000,0.68440064,0.68440064,0.68440064
1691660073000,0.6845,0.6845,0.6845
1691660074000,0.6845,0.6845,0.6845
1691660075000,0.6845,0.6845,0.6845
1691660076000,0.6845,0.6845,0.6845
1691660077000,0.6845,0.6845,0.6845
1691660078000,0.6845,0.6845,0.6845
1691660079000,0.6845,0.6845,0.6845
1691660080000,0.6845,0.6845,0.6845
1691660081000,0.6845,0.6845,0.6845
1691660082000,0.6845,0.6845,0.6845
1691660083000,0.6845,0.6845,0.6845
1691660084000,0.6845,0.6845,0.6845
1691660085000,0.6845,0.6845,0.6845
1691660086000,0.6845,0.6845,0.6845
1691660087000,0.6845,0.6845,0.6845
1691660088000,0.6845,0.6845,0.6845
1691660089000,0.6845,0.6845,0.6845
1691660090000,0.6845,0.6845,0.6845
1691660091000,0.6845,0.6845,0.6845
1691660092000,0.6845,0.6845,0.6845
1691660093000,0.6845,0.6845,0.6845
1691660094000,0.6845,0.6845,0.6845
1691660095000,0.6845,0.6845,0.6845
1691660096000,0.6845,0.6845,0.6845
1691660097000,0.68442116,0.68442116,0.68442116
1691660098000,0.68442116,0.68442116,0.68442116
1691660099000,0.68442112,0.68442112,0.68442112
1691660100000,0.6844213,0.6844213,0.6844213
1691660101000,0.6844,0.6844,0.6844
1691660102000,0.6844,0.6844,0.6844
1691660103000,0.6844,0.6844,0.6844
1691660104000,0.6844,0.6844,0.6844
1691660105000,0.6844,0.6844,0.6844
1691660106000,0.6844,0.6844,0.6844
1691660107000,0.6844,0.6844,0.6844
1691660108000,0.6845,0.6845,0.6845
1691660109000,0.6845,0.6845,0.6845
1691660110000,0.6845,0.6845,0.6845
1691660111000,0.6845,0.6845,0.6845
1691660112000,0.6845,0.6845,0.6845
1691660113000,0.6845,0.6845,0.6845
1691660114000,0.6845,0.6845,0.6845
1691660115000,0.6845,0.6845,0.6845
1691660116000,0.6845,0.6845,0.6845
1691660117000,0.6845,0.6845,0.6845
1691660118000,0.6845,0.6845,0.6845
1691660119000,0.6844,0.6844,0.6844
1691660120000,0.6844,0.6844,0.6844
1691660121000,0.6844,0.6844,0.6844
1691660122000,0.6844,0.6844,0.6844
1691660123000,0.6844,0.6844,0.6844
1691660124000,0.6844,0.6844,0.6844
1691660125000,0.6844,0.6844,0.6844
1691660126000,0.6844,0.6844,0.6844
1691660127000,0.6844,0.6844,0.6844
1691660128000,0.68438967,0.68438967,0.68438967
1691660129000,0.68438963,0.68438963,0.68438963
1691660130000,0.68438871,0.68438871,0.68438871
1691660131000,0.6844,0.6844,0.6844
1691660132000,0.68438941,0.68438941,0.68438941
1691660133000,0.68431914,0.68431914,0.68431914
1691660134000,0.68431914,0.68431914,0.68431914
1691660135000,0.68431822,0.68431822,0.68431822
1691660136000,0.68431833,0.68431833,0.68431833
1691660137000,0.68431829,0.68431829,0.68431829
1691660138000,0.68431833,0.68431833,0.68431833
1691660139000,0.68431833,0.68431833,0.68431833
1691660140000,0.68431829,0.68431829,0.68431829
1691660141000,0.6844,0.6844,0.6844
1691660142000,0.6844,0.6844,0.6844
1691660143000,0.68436553,0.68436553,0.68436553
1691660144000,0.68436553,0.68436553,0.68436553
1691660145000,0.6843655,0.6843655,0.6843655
1691660146000,0.68436585,0.68436585,0.68436585
1691660147000,0.68436585,0.68436585,0.68436585
1691660148000,0.68436581,0.68436581,0.68436581
1691660149000,0.68436581,0.68436581,0.68436581
1691660150000,0.6844,0.6844,0.6844
1691660151000,0.6844,0.6844,0.6844
1691660152000,0.6844,0.6844,0.6844
1691660153000,0.6844,0.6844,0.6844
1691660154000,0.68441746,0.68441746,0.68441746
1691660155000,0.6844,0.6844,0.6844
1691660156000,0.68436341,0.68436341,0.68436341
1691660157000,0.68436101,0.68436101,0.68436101
1691660158000,0.68436013,0.68436013,0.68436013
1691660159000,0.6844,0.6844,0.6844
1691660160000,0.68441414,0.68441414,0.68441414
1691660161000,0.68441418,0.68441418,0.68441418
1691660162000,0.68441147,0.68441147,0.68441147
1691660163000,0.68441239,0.68441239,0.68441239
1691660164000,0.68441239,0.68441239,0.68441239
1691660165000,0.68441147,0.68441147,0.68441147
1691660166000,0.68441147,0.68441147,0.68441147
1691660167000,0.68441113,0.68441113,0.68441113
1691660168000,0.68441113,0.68441113,0.68441113
1691660169000,0.68441113,0.68441113,0.68441113
1691660170000,0.68441117,0.68441117,0.68441117
1691660171000,0.68441113,0.68441113,0.68441113
1691660172000,0.68440829,0.68440829,0.68440829
1691660173000,0.68440829,0.68440829,0.68440829
1691660174000,0.6844,0.6844,0.6844
1691660175000,0.6844,0.6844,0.6844
1691660176000,0.6844,0.6844,0.6844
1691660177000,0.6844,0.6844,0.6844
1691660178000,0.6844,0.6844,0.6844
1691660179000,0.6844,0.6844,0.6844
1691660180000,0.6844,0.6844,0.6844
1691660181000,0.6844,0.6844,0.6844
1691660182000,0.6844,0.6844,0.6844
1691660183000,0.6844,0.6844,0.6844
1691660184000,0.6846,0.6846,0.6846
1691660185000,0.6846,0.6846,0.6846
1691660186000,0.6846,0.6846,0.6846
1691660187000,0.6846,0.6846,0.6846
1691660188000,0.6846,0.6846,0.6846
1691660189000,0.6846,0.6846,0.6846
1691660190000,0.6846,0.6846,0.6846
1691660191000,0.6846,0.6846,0.6846
1691660192000,0.6846,0.6846,0.6846
1691660193000,0.6846,0.6846,0.6846
1691660194000,0.6847,0.6847,0.6847
1691660195000,0.6847,0.6847,0.6847
1691660196000,0.6847,0.6847,0.6847
1691660197000,0.6847,0.6847,0.6847
1691660198000,0.6847,0.6847,0.6847
1691660199000,0.6847,0.6847,0.6847
1691660200000,0.6847,0.6847,0.6847
1691660201000,0.6847,0.6847,0.6847
1691660202000,0.6847,0.6847,0.6847
1691660203000,0.6847,0.6847,0.6847
1691660204000,0.6847,0.6847,0.6847
1691660205000,0.6847,0.6847,0.6847
1691660206000,0.6847,0.6847,0.6847
1691660207000,0.6847,0.6847,0.6847
1691660208000,0.6847,0.6847,0.6847
1691660209000,0.6847,0.6847,0.6847
1691660210000,0.6847,0.6847,0.6847
1691660211000,0.6847,0.6847,0.6847
1691660212000,0.6847,0.6847,0.6847
1691660213000,0.6847,0.6847,0.6847
1691660214000,0.6847,0.6847,0.6847
1691660215000,0.6847,0.6847,0.6847
1691660216000,0.6847,0.6847,0.6847
1691660217000,0.6847,0.6847,0.6847
1691660218000,0.6846,0.6846,0.6846
1691660219000,0.6846,0.6846,0.6846
1691660220000,0.6846,0.6846,0.6846
1691660221000,0.6845302,0.6845302,0.6845302
1691660222000,0.6845302,0.6845302,0.6845302
1691660223000,0.6845302,0.6845302,0.6845302
1691660224000,0.68452701,0.68452701,0.68452701
1691660225000,0.68452701,0.68452701,0.68452701
1691660226000,0.68452798,0.68452798,0.68452798
1691660227000,0.68441983,0.68441983,0.68441983
1691660228000,0.68441983,0.68441983,0.68441983
1691660229000,0.68447115,0.68447115,0.68447115
1691660230000,0.68447119,0.68447119,0.68447119
1691660231000,0.68447115,0.68447115,0.68447115
1691660232000,0.68447115,0.68447115,0.68447115
1691660233000,0.6844637,0.6844637,0.6844637
1691660234000,0.68445322,0.68445322,0.68445322
1691660235000,0.68445183,0.68445183,0.68445183
1691660236000,0.68445183,0.68445183,0.68445183
1691660237000,0.68445183,0.68445183,0.68445183
1691660238000,0.68445183,0.68445183,0.68445183
1691660239000,0.68445194,0.68445194,0.68445194
1691660240000,0.6844,0.6844,0.6844
1691660241000,0.6844,0.6844,0.6844
1691660242000,0.6844,0.6844,0.6844
1691660243000,0.6844,0.6844,0.6844
1691660244000,0.6844,0.6844,0.6844
1691660245000,0.6844,0.6844,0.6844
1691660246000,0.6844,0.6844,0.6844
1691660247000,0.6844,0.6844,0.6844
1691660248000,0.6844,0.6844,0.6844
1691660249000,0.6844,0.6844,0.6844
1691660250000,0.68437416,0.68437416,0.68437416
1691660251000,0.68431918,0.68431918,0.68431918
1691660252000,0.68431918,0.68431918,0.68431918
1691660253000,0.68431918,0.68431918,0.68431918
1691660254000,0.6843189,0.6843189,0.6843189
1691660255000,0.6844,0.6844,0.6844
1691660256000,0.6844,0.6844,0.6844
1691660257000,0.6844,0.6844,0.6844
1691660258000,0.68437452,0.68437452,0.68437452
1691660259000,0.6843754,0.6843754,0.6843754
1691660260000,0.68437788,0.68437788,0.68437788
1691660261000,0.68437788,0.68437788,0.68437788
1691660262000,0.68434452,0.68434452,0.68434452
1691660263000,0.68434452,0.68434452,0.68434452
1691660264000,0.68434541,0.68434541,0.68434541
1691660265000,0.68434526,0.68434526,0.68434526
1691660266000,0.68434445,0.68434445,0.68434445
1691660267000,0.68434441,0.68434441,0.68434441
1691660268000,0.68434441,0.68434441,0.68434441
1691660269000,0.68434441,0.68434441,0.68434441
1691660270000,0.68434534,0.68434534,0.68434534
1691660271000,0.68434776,0.68434776,0.68434776
1691660272000,0.68433969,0.68433969,0.68433969
1691660273000,0.68433969,0.68433969,0.68433969
1691660274000,0.68433872,0.68433872,0.68433872
1691660275000,0.6843,0.6843,0.6843
1691660276000,0.68428526,0.68428526,0.68428526
1691660277000,0.68428526,0.68428526,0.68428526
1691660278000,0.68428619,0.68428619,0.68428619
1691660279000,0.68428523,0.68428523,0.68428523
1691660280000,0.6842383,0.6842383,0.6842383
1691660281000,0.68423975,0.68423975,0.68423975
1691660282000,0.68423975,0.68423975,0.68423975
1691660283000,0.68423975,0.68423975,0.68423975
1691660284000,0.68423975,0.68423975,0.68423975
1691660285000,0.6843,0.6843,0.6843
1691660286000,0.6843,0.6843,0.6843
1691660287000,0.6843,0.6843,0.6843
1691660288000,0.6843,0.6843,0.6843
1691660289000,0.6843,0.6843,0.6843
1691660290000,0.6843,0.6843,0.6843
1691660291000,0.6843,0.6843,0.6843
1691660292000,0.68424703,0.68424703,0.68424703
1691660293000,0.68424703,0.68424703,0.68424703
1691660294000,0.68424703,0.68424703,0.68424703
1691660295000,0.68424695,0.68424695,0.68424695
1691660296000,0.6843,0.6843,0.6843
1691660297000,0.6843,0.6843,0.6843
1691660298000,0.6843,0.6843,0.6843
1691660299000,0.6843,0.6843,0.6843
1691660300000,0.68426082,0.68426082,0.68426082
1691660301000,0.68422433,0.68422433,0.68422433
1691660302000,0.68420602,0.68420602,0.68420602
1691660303000,0.68420602,0.68420602,0.68420602
1691660304000,0.68414124,0.68414124,0.68414124
1691660305000,0.68413602,0.68413602,0.68413602
1691660306000,0.68413602,0.68413602,0.68413602
1691660307000,0.68415193,0.68415193,0.68415193
1691660308000,0.68415193,0.68415193,0.68415193
1691660309000,0.68415189,0.68415189,0.68415189
1691660310000,0.68415189,0.68415189,0.68415189
1691660311000,0.68415189,0.68415189,0.68415189
1691660312000,0.6842,0.6842,0.6842
1691660313000,0.6842,0.6842,0.6842
1691660314000,0.6842,0.6842,0.6842
1691660315000,0.6842,0.6842,0.6842
1691660316000,0.6842,0.6842,0.6842
1691660317000,0.6843,0.6843,0.6843
1691660318000,0.6843,0.6843,0.6843
1691660319000,0.6843,0.6843,0.6843
1691660320000,0.6843,0.6843,0.6843
1691660321000,0.6844,0.6844,0.6844
1691660322000,0.6845,0.6845,0.6845
1691660323000,0.6845,0.6845,0.6845
1691660324000,0.6845,0.6845,0.6845
1691660325000,0.6845,0.6845,0.6845
1691660326000,0.6845,0.6845,0.6845
1691660327000,0.6845,0.6845,0.6845
1691660328000,0.6845,0.6845,0.6845
1691660329000,0.6845,0.6845,0.6845
1691660330000,0.6845,0.6845,0.6845
1691660331000,0.6845,0.6845,0.6845
1691660332000,0.6845,0.6845,0.6845
1691660333000,0.684451,0.684451,0.684451
1691660334000,0.6845,0.6845,0.6845
1691660335000,0.6845,0.6845,0.6845
1691660336000,0.6845,0.6845,0.6845
1691660337000,0.6845,0.6845,0.6845
1691660338000,0.6845,0.6845,0.6845
1691660339000,0.6846,0.6846,0.6846
1691660340000,0.6846,0.6846,0.6846
1691660341000,0.6846,0.6846,0.6846
1691660342000,0.6846,0.6846,0.6846
1691660343000,0.6846,0.6846,0.6846
1691660344000,0.6846,0.6846,0.6846
1691660345000,0.6846,0.6846,0.6846
1691660346000,0.6846,0.6846,0.6846
1691660347000,0.6846,0.6846,0.6846
1691660348000,0.6846,0.6846,0.6846
1691660349000,0.6846,0.6846,0.6846
1691660350000,0.68450846,0.68450846,0.68450846
1691660351000,0.68450846,0.68450846,0.68450846
1691660352000,0.6846,0.6846,0.6846
1691660353000,0.6846,0.6846,0.6846
1691660354000,0.6846,0.6846,0.6846
1691660355000,0.6847,0.6847,0.6847
1691660356000,0.6847,0.6847,0.6847
1691660357000,0.6847,0.6847,0.6847
1691660358000,0.6847,0.6847,0.6847
1691660359000,0.6847,0.6847,0.6847
1691660360000,0.6847,0.6847,0.6847
1691660361000,0.6847,0.6847,0.6847
1691660362000,0.68460644,0.68460644,0.68460644
1691660363000,0.68460488,0.68460488,0.68460488
1691660364000,0.6846,0.6846,0.6846
1691660365000,0.6846,0.6846,0.6846
1691660366000,0.6846,0.6846,0.6846
1691660367000,0.6846,0.6846,0.6846
1691660368000,0.6846,0.6846,0.6846
1691660369000,0.6846,0.6846,0.6846
1691660370000,0.6846,0.6846,0.6846
1691660371000,0.6846,0.6846,0.6846
1691660372000,0.6846,0.6846,0.6846
1691660373000,0.6846,0.6846,0.6846
1691660374000,0.6846,0.6846,0.6846
1691660375000,0.6846,0.6846,0.6846
1691660376000,0.6846,0.6846,0.6846
1691660377000,0.68449513,0.68449513,0.68449513
1691660378000,0.68449513,0.68449513,0.68449513
1691660379000,0.68449555,0.68449555,0.68449555
1691660380000,0.68454209,0.68454209,0.68454209
1691660381000,0.68454289,0.68454289,0.68454289
1691660382000,0.68454289,0.68454289,0.68454289
1691660383000,0.6845171,0.6845171,0.6845171
1691660384000,0.6845171,0.6845171,0.6845171
1691660385000,0.68456139,0.68456139,0.68456139
1691660386000,0.68456139,0.68456139,0.68456139
1691660387000,0.68456042,0.68456042,0.68456042
1691660388000,0.68456042,0.68456042,0.68456042
1691660389000,0.68456038,0.68456038,0.68456038
1691660390000,0.68455779,0.68455779,0.68455779
1691660391000,0.68455858,0.68455858,0.68455858
1691660392000,0.68455858,0.68455858,0.68455858
1691660393000,0.68455858,0.68455858,0.68455858
1691660394000,0.68455984,0.68455984,0.68455984
1691660395000,0.68455707,0.68455707,0.68455707
1691660396000,0.68455787,0.68455787,0.68455787
1691660397000,0.68455787,0.68455787,0.68455787
1691660398000,0.68451101,0.68451101,0.68451101
1691660399000,0.68449702,0.68449702,0.68449702
1691660400000,0.6844951,0.6844951,0.6844951
1691660401000,0.6844951,0.6844951,0.6844951
1691660402000,0.6844951,0.6844951,0.6844951
1691660403000,0.68449507,0.68449507,0.68449507
1691660404000,0.68454193,0.68454193,0.68454193
1691660405000,0.68454007,0.68454007,0.68454007
1691660406000,0.6845397,0.6845397,0.6845397
1691660407000,0.6845397,0.6845397,0.6845397
1691660408000,0.6845397,0.6845397,0.6845397
1691660409000,0.68453897,0.68453897,0.68453897
1691660410000,0.68453897,0.68453897,0.68453897
1691660411000,0.68453559,0.68453559,0.68453559
1691660412000,0.68453562,0.68453562,0.68453562
1691660413000,0.68453646,0.68453646,0.68453646
1691660414000,0.68453566,0.68453566,0.68453566
1691660415000,0.68453566,0.68453566,0.68453566
1691660416000,0.68453328,0.68453328,0.68453328
1691660417000,0.68453328,0.68453328,0.68453328
1691660418000,0.68453384,0.68453384,0.68453384
1691660419000,0.68453387,0.68453387,0.68453387
1691660420000,0.68453387,0.68453387,0.68453387
1691660421000,0.6845,0.6845,0.6845
1691660422000,0.6845,0.6845,0.6845
1691660423000,0.68453271,0.68453271,0.68453271
1691660424000,0.68453271,0.68453271,0.68453271
1691660425000,0.68453274,0.68453274,0.68453274
1691660426000,0.6847,0.6847,0.6847
1691660427000,0.6847,0.6847,0.6847
1691660428000,0.6847,0.6847,0.6847
1691660429000,0.6847,0.6847,0.6847
1691660430000,0.68460637,0.68460637,0.68460637
1691660431000,0.68460641,0.68460641,0.68460641
1691660432000,0.68460644,0.68460644,0.68460644
1691660433000,0.68460641,0.68460641,0.68460641
1691660434000,0.68460543,0.68460543,0.68460543
1691660435000,0.68460543,0.68460543,0.68460543
1691660436000,0.68460568,0.68460568,0.68460568
1691660437000,0.6847,0.6847,0.6847
1691660438000,0.6847,0.6847,0.6847
1691660439000,0.6847,0.6847,0.6847
1691660440000,0.6847,0.6847,0.6847
1691660441000,0.6847,0.6847,0.6847
1691660442000,0.6847,0.6847,0.6847
1691660443000,0.68461596,0.68461596,0.68461596
1691660444000,0.68461596,0.68461596,0.68461596
1691660445000,0.68461596,0.68461596,0.68461596
1691660446000,0.6846,0.6846,0.6846
1691660447000,0.6848,0.6848,0.6848
1691660448000,0.6848,0.6848,0.6848
1691660449000,0.6848,0.6848,0.6848
1691660450000,0.6848,0.6848,0.6848
1691660451000,0.6848,0.6848,0.6848
1691660452000,0.6848,0.6848,0.6848
1691660453000,0.6848,0.6848,0.6848
1691660454000,0.6848,0.6848,0.6848
1691660455000,0.6848,0.6848,0.6848
1691660456000,0.6848,0.6848,0.6848
1691660457000,0.6848,0.6848,0.6848
1691660458000,0.6848,0.6848,0.6848
1691660459000,0.6848,0.6848,0.6848
1691660460000,0.6848,0.6848,0.6848
1691660461000,0.6848,0.6848,0.6848
1691660462000,0.6848,0.6848,0.6848
1691660463000,0.6848,0.6848,0.6848
1691660464000,0.68473916,0.68473916,0.68473916
1691660465000,0.6848,0.6848,0.6848
1691660466000,0.6848,0.6848,0.6848
1691660467000,0.6848,0.6848,0.6848
1691660468000,0.6848,0.6848,0.6848
1691660469000,0.6848,0.6848,0.6848
1691660470000,0.6848,0.6848,0.6848
1691660471000,0.6848,0.6848,0.6848
1691660472000,0.6848,0.6848,0.6848
1691660473000,0.68474121,0.68474121,0.68474121
1691660474000,0.68474121,0.68474121,0.68474121
1691660475000,0.6848,0.6848,0.6848
1691660476000,0.6848,0.6848,0.6848
1691660477000,0.6848,0.6848,0.6848
1691660478000,0.6848,0.6848,0.6848
1691660479000,0.6848,0.6848,0.6848
1691660480000,0.6848,0.6848,0.6848
1691660481000,0.6848,0.6848,0.6848
1691660482000,0.6848,0.6848,0.6848
1691660483000,0.6848,0.6848,0.6848
1691660484000,0.6848,0.6848,0.6848
1691660485000,0.6848,0.6848,0.6848
1691660486000,0.6848,0.6848,0.6848
1691660487000,0.6848,0.6848,0.6848
1691660488000,0.6848,0.6848,0.6848
1691660489000,0.6848,0.6848,0.6848
1691660490000,0.6848,0.6848,0.6848
1691660491000,0.6848,0.6848,0.6848
1691660492000,0.68473778,0.68473778,0.68473778
1691660493000,0.68475174,0.68475174,0.68475174
1691660494000,0.68475007,0.68475007,0.68475007
1691660495000,0.6848,0.6848,0.6848
1691660496000,0.6849,0.6849,0.6849
1691660497000,0.6849,0.6849,0.6849
1691660498000,0.6849,0.6849,0.6849
1691660499000,0.6849,0.6849,0.6849
1691660500000,0.6849,0.6849,0.6849
1691660501000,0.6849,0.6849,0.6849
1691660502000,0.6849,0.6849,0.6849
1691660503000,0.6849,0.6849,0.6849
1691660504000,0.6848,0.6848,0.6848
1691660505000,0.6849,0.6849,0.6849
1691660506000,0.6849,0.6849,0.6849
1691660507000,0.6849,0.6849,0.6849
1691660508000,0.6849,0.6849,0.6849
1691660509000,0.6849,0.6849,0.6849
1691660510000,0.6849,0.6849,0.6849
1691660511000,0.6849,0.6849,0.6849
1691660512000,0.6849,0.6849,0.6849
1691660513000,0.6849,0.6849,0.6849
1691660514000,0.6849,0.6849,0.6849
1691660515000,0.6849,0.6849,0.6849
1691660516000,0.6849,0.6849,0.6849
1691660517000,0.6849,0.6849,0.6849
1691660518000,0.6849,0.6849,0.6849
1691660519000,0.6849,0.6849,0.6849
1691660520000,0.6849,0.6849,0.6849
1691660521000,0.6849,0.6849,0.6849
1691660522000,0.6849,0.6849,0.6849
1691660523000,0.6849,0.6849,0.6849
1691660524000,0.6849,0.6849,0.6849
1691660525000,0.6849,0.6849,0.6849
1691660526000,0.6849,0.6849,0.6849
1691660527000,0.6849,0.6849,0.6849
1691660528000,0.6849,0.6849,0.6849
1691660529000,0.6849,0.6849,0.6849
1691660530000,0.6852,0.6852,0.6852
1691660531000,0.6852,0.6852,0.6852
1691660532000,0.6852,0.6852,0.6852
1691660533000,0.6852,0.6852,0.6852
1691660534000,0.6852,0.6852,0.6852
1691660535000,0.6852,0.6852,0.6852
1691660536000,0.6852,0.6852,0.6852
1691660537000,0.6852,0.6852,0.6852
1691660538000,0.6851,0.6851,0.6851
1691660539000,0.6851,0.6851,0.6851
1691660540000,0.6851,0.6851,0.6851
1691660541000,0.6851,0.6851,0.6851
1691660542000,0.6851,0.6851,0.6851
1691660543000,0.6851,0.6851,0.6851
1691660544000,0.6851,0.6851,0.6851
1691660545000,0.6851,0.6851,0.6851
1691660546000,0.6851,0.6851,0.6851
1691660547000,0.6851,0.6851,0.6851
1691660548000,0.6851,0.6851,0.6851
1691660549000,0.6851,0.6851,0.6851
1691660550000,0.6851,0.6851,0.6851
1691660551000,0.6851,0.6851,0.6851
1691660552000,0.6851,0.6851,0.6851
1691660553000,0.68511282,0.68511282,0.68511282
1691660554000,0.685154,0.685154,0.685154
1691660555000,0.685154,0.685154,0.685154
1691660556000,0.68515547,0.68515547,0.68515547
1691660557000,0.6851086,0.6851086,0.6851086
1691660558000,0.68510777,0.68510777,0.68510777
1691660559000,0.6851086,0.6851086,0.6851086
1691660560000,0.6852,0.6852,0.6852
1691660561000,0.6852,0.6852,0.6852
1691660562000,0.6852,0.6852,0.6852
1691660563000,0.6852,0.6852,0.6852
1691660564000,0.6852,0.6852,0.6852
1691660565000,0.6852,0.6852,0.6852
1691660566000,0.6852,0.6852,0.6852
1691660567000,0.6852,0.6852,0.6852
1691660568000,0.68511592,0.68511592,0.68511592
1691660569000,0.68511592,0.68511592,0.68511592
1691660570000,0.68511592,0.68511592,0.68511592
1691660571000,0.68511912,0.68511912,0.68511912
1691660572000,0.6851188,0.6851188,0.6851188
1691660573000,0.68512509,0.68512509,0.68512509
1691660574000,0.68512513,0.68512513,0.68512513
1691660575000,0.6852,0.6852,0.6852
1691660576000,0.6852,0.6852,0.6852
1691660577000,0.6852,0.6852,0.6852
1691660578000,0.6852,0.6852,0.6852
1691660579000,0.6852,0.6852,0.6852
1691660580000,0.6853,0.6853,0.6853
1691660581000,0.6853,0.6853,0.6853
1691660582000,0.6853,0.6853,0.6853
1691660583000,0.6853,0.6853,0.6853
1691660584000,0.6853,0.6853,0.6853
1691660585000,0.6854,0.6854,0.6854
1691660586000,0.6854,0.6854,0.6854
1691660587000,0.6854,0.6854,0.6854
1691660588000,0.6855,0.6855,0.6855
1691660589000,0.6854,0.6854,0.6854
1691660590000,0.6855,0.6855,0.6855
1691660591000,0.6855,0.6855,0.6855
1691660592000,0.6855,0.6855,0.6855
1691660593000,0.6855,0.6855,0.6855
1691660594000,0.6855,0.6855,0.6855
1691660595000,0.6855,0.6855,0.6855
1691660596000,0.6855,0.6855,0.6855
1691660597000,0.6856,0.6856,0.6856
1691660598000,0.6856,0.6856,0.6856
1691660599000,0.6856,0.6856,0.6856
1691660600000,0.6856,0.6856,0.6856
1691660601000,0.6856,0.6856,0.6856
1691660602000,0.6856,0.6856,0.6856
1691660603000,0.6856,0.6856,0.6856
1691660604000,0.6858,0.6858,0.6858
1691660605000,0.6858,0.6858,0.6858
1691660606000,0.6858,0.6858,0.6858
1691660607000,0.6858,0.6858,0.6858
1691660608000,0.6858,0.6858,0.6858
1691660609000,0.6857,0.6857,0.6857
1691660610000,0.6857,0.6857,0.6857
1691660611000,0.6858,0.6858,0.6858
1691660612000,0.6858,0.6858,0.6858
1691660613000,0.6859,0.6859,0.6859
1691660614000,0.6859,0.6859,0.6859
1691660615000,0.6859,0.6859,0.6859
1691660616000,0.686,0.686,0.686
1691660617000,0.686,0.686,0.686
1691660618000,0.686,0.686,0.686
1691660619000,0.686,0.686,0.686
1691660620000,0.6861,0.6861,0.6861
1691660621000,0.686,0.686,0.686
1691660622000,0.686,0.686,0.686
1691660623000,0.6861,0.6861,0.6861
1691660624000,0.6861,0.6861,0.6861
1691660625000,0.6861,0.6861,0.6861
1691660626000,0.686,0.686,0.686
1691660627000,0.686,0.686,0.686
1691660628000,0.686,0.686,0.686
1691660629000,0.686,0.686,0.686
1691660630000,0.6861,0.6861,0.6861
1691660631000,0.6861,0.6861,0.6861
1691660632000,0.6861,0.6861,0.6861
1691660633000,0.6861,0.6861,0.6861
1691660634000,0.6861,0.6861,0.6861
1691660635000,0.6861,0.6861,0.6861
1691660636000,0.6861,0.6861,0.6861
1691660637000,0.68612684,0.68612684,0.68612684
1691660638000,0.68613043,0.68613043,0.68613043
1691660639000,0.68613073,0.68613073,0.68613073
1691660640000,0.6861307,0.6861307,0.6861307
1691660641000,0.68613073,0.68613073,0.68613073
1691660642000,0.68613073,0.68613073,0.68613073
1691660643000,0.6862,0.6862,0.6862
1691660644000,0.6862,0.6862,0.6862
1691660645000,0.6862,0.6862,0.6862
1691660646000,0.6862,0.6862,0.6862
1691660647000,0.6862,0.6862,0.6862
1691660648000,0.6862,0.6862,0.6862
1691660649000,0.6862,0.6862,0.6862
1691660650000,0.6862,0.6862,0.6862
1691660651000,0.6862,0.6862,0.6862
1691660652000,0.6862,0.6862,0.6862
1691660653000,0.6862,0.6862,0.6862
1691660654000,0.6862,0.6862,0.6862
1691660655000,0.6862,0.6862,0.6862
1691660656000,0.6862,0.6862,0.6862
1691660657000,0.6862,0.6862,0.6862
1691660658000,0.6862,0.6862,0.6862
1691660659000,0.6862,0.6862,0.6862
1691660660000,0.6862,0.6862,0.6862
1691660661000,0.6862,0.6862,0.6862
1691660662000,0.68619748,0.68619748,0.68619748
1691660663000,0.68619748,0.68619748,0.68619748
1691660664000,0.6862018,0.6862018,0.6862018
1691660665000,0.68620118,0.68620118,0.68620118
1691660666000,0.68620115,0.68620115,0.68620115
1691660667000,0.68620115,0.68620115,0.68620115
1691660668000,0.68620115,0.68620115,0.68620115
1691660669000,0.68620202,0.68620202,0.68620202
1691660670000,0.68620105,0.68620105,0.68620105
1691660671000,0.68620105,0.68620105,0.68620105
1691660672000,0.68620105,0.68620105,0.68620105
1691660673000,0.68620108,0.68620108,0.68620108
1691660674000,0.68620118,0.68620118,0.68620118
1691660675000,0.68620137,0.68620137,0.68620137
1691660676000,0.6863,0.6863,0.6863
1691660677000,0.6863,0.6863,0.6863
1691660678000,0.6863,0.6863,0.6863
1691660679000,0.6863,0.6863,0.6863
1691660680000,0.6863,0.6863,0.6863
1691660681000,0.6864,0.6864,0.6864
1691660682000,0.6863,0.6863,0.6863
1691660683000,0.6864,0.6864,0.6864
1691660684000,0.6864,0.6864,0.6864
1691660685000,0.6864,0.6864,0.6864
1691660686000,0.6864,0.6864,0.6864
1691660687000,0.6864,0.6864,0.6864
1691660688000,0.6864,0.6864,0.6864
1691660689000,0.6864,0.6864,0.6864
1691660690000,0.6864,0.6864,0.6864
1691660691000,0.6864,0.6864,0.6864
1691660692000,0.6864,0.6864,0.6864
1691660693000,0.68628947,0.68628947,0.68628947
1691660694000,0.68628947,0.68628947,0.68628947
1691660695000,0.68629167,0.68629167,0.68629167
1691660696000,0.68629503,0.68629503,0.68629503
1691660697000,0.6863,0.6863,0.6863
1691660698000,0.6863,0.6863,0.6863
1691660699000,0.6863,0.6863,0.6863
1691660700000,0.68630859,0.68630859,0.68630859
1691660701000,0.68630978,0.68630978,0.68630978
1691660702000,0.6865,0.6865,0.6865
1691660703000,0.6864,0.6864,0.6864
1691660704000,0.6865,0.6865,0.6865
1691660705000,0.6865,0.6865,0.6865
1691660706000,0.6865,0.6865,0.6865
1691660707000,0.6865,0.6865,0.6865
1691660708000,0.6865,0.6865,0.6865
1691660709000,0.6866,0.6866,0.6866
1691660710000,0.6865,0.6865,0.6865
1691660711000,0.6865,0.6865,0.6865
1691660712000,0.6865,0.6865,0.6865
1691660713000,0.6865,0.6865,0.6865
1691660714000,0.6866,0.6866,0.6866
1691660715000,0.6866,0.6866,0.6866
1691660716000,0.6866,0.6866,0.6866
1691660717000,0.6866,0.6866,0.6866
1691660718000,0.6865,0.6865,0.6865
1691660719000,0.6866,0.6866,0.6866
1691660720000,0.6866,0.6866,0.6866
1691660721000,0.6866,0.6866,0.6866
1691660722000,0.6866,0.6866,0.6866
1691660723000,0.6866,0.6866,0.6866
1691660724000,0.6866,0.6866,0.6866
1691660725000,0.6866,0.6866,0.6866
1691660726000,0.6866,0.6866,0.6866
1691660727000,0.6866,0.6866,0.6866
1691660728000,0.6865,0.6865,0.6865
1691660729000,0.6865,0.6865,0.6865
1691660730000,0.6865,0.6865,0.6865
1691660731000,0.6865,0.6865,0.6865
1691660732000,0.6865,0.6865,0.6865
1691660733000,0.6865,0.6865,0.6865
1691660734000,0.68644173,0.68644173,0.68644173
1691660735000,0.68644054,0.68644054,0.68644054
1691660736000,0.68644064,0.68644064,0.68644064
1691660737000,0.68644019,0.68644019,0.68644019
1691660738000,0.68643821,0.68643821,0.68643821
1691660739000,0.68643821,0.68643821,0.68643821
1691660740000,0.68645216,0.68645216,0.68645216
1691660741000,0.68649996,0.68649996,0.68649996
1691660742000,0.68649863,0.68649863,0.68649863
1691660743000,0.68642418,0.68642418,0.68642418
1691660744000,0.68638296,0.68638296,0.68638296
1691660745000,0.68638208,0.68638208,0.68638208
1691660746000,0.68638048,0.68638048,0.68638048
1691660747000,0.68638048,0.68638048,0.68638048
1691660748000,0.6864,0.6864,0.6864
1691660749000,0.6864,0.6864,0.6864
1691660750000,0.6864,0.6864,0.6864
1691660751000,0.6864,0.6864,0.6864
1691660752000,0.6864,0.6864,0.6864
1691660753000,0.6864,0.6864,0.6864
1691660754000,0.6864,0.6864,0.6864
1691660755000,0.6864,0.6864,0.6864
1691660756000,0.6864,0.6864,0.6864
1691660757000,0.6864,0.6864,0.6864
1691660758000,0.6864,0.6864,0.6864
1691660759000,0.68640462,0.68640462,0.68640462
1691660760000,0.68640462,0.68640462,0.68640462
1691660761000,0.68640462,0.68640462,0.68640462
1691660762000,0.68640483,0.68640483,0.68640483
1691660763000,0.68640538,0.68640538,0.68640538
1691660764000,0.68642423,0.68642423,0.68642423
1691660765000,0.68636815,0.68636815,0.68636815
1691660766000,0.68636818,0.68636818,0.68636818
1691660767000,0.68636699,0.68636699,0.68636699
1691660768000,0.68641553,0.68641553,0.68641553
1691660769000,0.68641553,0.68641553,0.68641553
1691660770000,0.6864,0.6864,0.6864
1691660771000,0.6864,0.6864,0.6864
1691660772000,0.6864,0.6864,0.6864
1691660773000,0.6864,0.6864,0.6864
1691660774000,0.68636904,0.68636904,0.68636904
1691660775000,0.68636907,0.68636907,0.68636907
1691660776000,0.68636907,0.68636907,0.68636907
1691660777000,0.68636904,0.68636904,0.68636904
1691660778000,0.68636918,0.68636918,0.68636918
1691660779000,0.68637046,0.68637046,0.68637046
1691660780000,0.68637049,0.68637049,0.68637049
1691660781000,0.68636759,0.68636759,0.68636759
1691660782000,0.68636736,0.68636736,0.68636736
1691660783000,0.68640492,0.68640492,0.68640492
1691660784000,0.6864069,0.6864069,0.6864069
1691660785000,0.68640625,0.68640625,0.68640625
1691660786000,0.68644748,0.68644748,0.68644748
1691660787000,0.68644748,0.68644748,0.68644748
1691660788000,0.68649615,0.68649615,0.68649615
1691660789000,0.68645106,0.68645106,0.68645106
1691660790000,0.68645106,0.68645106,0.68645106
1691660791000,0.68645186,0.68645186,0.68645186
1691660792000,0.68645318,0.68645318,0.68645318
1691660793000,0.68645318,0.68645318,0.68645318
1691660794000,0.68645313,0.68645313,0.68645313
1691660795000,0.68645313,0.68645313,0.68645313
1691660796000,0.68645233,0.68645233,0.68645233
1691660797000,0.68645233,0.68645233,0.68645233
1691660798000,0.68645007,0.68645007,0.68645007
1691660799000,0.68645007,0.68645007,0.68645007
1691660800000,0.68644859,0.68644859,0.68644859
1691660801000,0.68644938,0.68644938,0.68644938
1691660802000,0.6864511,0.6864511,0.6864511
1691660803000,0.6864511,0.6864511,0.6864511
1691660804000,0.6864511,0.6864511,0.6864511
1691660805000,0.68644887,0.68644887,0.68644887
1691660806000,0.68644964,0.68644964,0.68644964
1691660807000,0.68645044,0.68645044,0.68645044
1691660808000,0.68645044,0.68645044,0.68645044
1691660809000,0.6864504,0.6864504,0.6864504
1691660810000,0.68644883,0.68644883,0.68644883
1691660811000,0.6864488,0.6864488,0.6864488
1691660812000,0.686448,0.686448,0.686448
1691660813000,0.68644883,0.68644883,0.68644883
1691660814000,0.68644883,0.68644883,0.68644883
1691660815000,0.68644913,0.68644913,0.68644913
1691660816000,0.68644913,0.68644913,0.68644913
1691660817000,0.68644913,0.68644913,0.68644913
1691660818000,0.68644913,0.68644913,0.68644913
1691660819000,0.68644913,0.68644913,0.68644913
1691660820000,0.68644826,0.68644826,0.68644826
1691660821000,0.68644826,0.68644826,0.68644826
1691660822000,0.68640175,0.68640175,0.68640175
1691660823000,0.6865,0.6865,0.6865
1691660824000,0.68640178,0.68640178,0.68640178
1691660825000,0.68640193,0.68640193,0.68640193
1691660826000,0.6865,0.6865,0.6865
1691660827000,0.6865,0.6865,0.6865
1691660828000,0.6865,0.6865,0.6865
1691660829000,0.6865,0.6865,0.6865
1691660830000,0.68640193,0.68640193,0.68640193
1691660831000,0.6869,0.6869,0.6869
1691660832000,0.6868,0.6868,0.6868
1691660833000,0.6868,0.6868,0.6868
1691660834000,0.6869,0.6869,0.6869
1691660835000,0.6869,0.6869,0.6869
1691660836000,0.6869,0.6869,0.6869
1691660837000,0.6868,0.6868,0.6868
1691660838000,0.6869,0.6869,0.6869
1691660839000,0.6869,0.6869,0.6869
1691660840000,0.6869,0.6869,0.6869
1691660841000,0.6869,0.6869,0.6869
1691660842000,0.6869,0.6869,0.6869
1691660843000,0.6869,0.6869,0.6869
1691660844000,0.687,0.687,0.687
1691660845000,0.6868,0.6868,0.6868
1691660846000,0.6869,0.6869,0.6869
1691660847000,0.6868,0.6868,0.6868
1691660848000,0.6868,0.6868,0.6868
1691660849000,0.6868,0.6868,0.6868
1691660850000,0.6868,0.6868,0.6868
1691660851000,0.6868,0.6868,0.6868
1691660852000,0.6868,0.6868,0.6868
1691660853000,0.6868,0.6868,0.6868
1691660854000,0.6868,0.6868,0.6868
1691660855000,0.6868,0.6868,0.6868
1691660856000,0.6868,0.6868,0.6868
1691660857000,0.6868,0.6868,0.6868
1691660858000,0.686789,0.686789,0.686789
1691660859000,0.686789,0.686789,0.686789
1691660860000,0.6868,0.6868,0.6868
1691660861000,0.6868,0.6868,0.6868
1691660862000,0.6868,0.6868,0.6868
1691660863000,0.6868,0.6868,0.6868
1691660864000,0.6868,0.6868,0.6868
1691660865000,0.6868,0.6868,0.6868
1691660866000,0.6868,0.6868,0.6868
1691660867000,0.6868,0.6868,0.6868
1691660868000,0.6869,0.6869,0.6869
1691660869000,0.6869,0.6869,0.6869
1691660870000,0.6869,0.6869,0.6869
1691660871000,0.6869,0.6869,0.6869
1691660872000,0.687,0.687,0.687
1691660873000,0.687,0.687,0.687
1691660874000,0.687,0.687,0.687
1691660875000,0.68680169,0.68680169,0.68680169
1691660876000,0.6869,0.6869,0.6869
1691660877000,0.6869,0.6869,0.6869
1691660878000,0.6869,0.6869,0.6869
1691660879000,0.6869,0.6869,0.6869
1691660880000,0.6869,0.6869,0.6869
1691660881000,0.6869,0.6869,0.6869
1691660882000,0.6869,0.6869,0.6869
1691660883000,0.6869,0.6869,0.6869
1691660884000,0.6869,0.6869,0.6869
1691660885000,0.6869,0.6869,0.6869
1691660886000,0.6869,0.6869,0.6869
1691660887000,0.6869,0.6869,0.6869
1691660888000,0.6869,0.6869,0.6869
1691660889000,0.6869,0.6869,0.6869
1691660890000,0.687,0.687,0.687
1691660891000,0.687,0.687,0.687
1691660892000,0.687,0.687,0.687
1691660893000,0.687,0.687,0.687
1691660894000,0.687,0.687,0.687
1691660895000,0.6871,0.6871,0.6871
1691660896000,0.6871,0.6871,0.6871
1691660897000,0.6871,0.6871,0.6871
1691660898000,0.6871,0.6871,0.6871
1691660899000,0.68692035,0.68692035,0.68692035
1691660900000,0.6871,0.6871,0.6871
1691660901000,0.6871,0.6871,0.6871
1691660902000,0.6871,0.6871,0.6871
1691660903000,0.6872,0.6872,0.6872
1691660904000,0.6872,0.6872,0.6872
1691660905000,0.6872,0.6872,0.6872
1691660906000,0.6872,0.6872,0.6872
1691660907000,0.6872,0.6872,0.6872
1691660908000,0.6873,0.6873,0.6873
1691660909000,0.6874,0.6874,0.6874
1691660910000,0.6874,0.6874,0.6874
1691660911000,0.6874,0.6874,0.6874
1691660912000,0.6874,0.6874,0.6874
1691660913000,0.6874,0.6874,0.6874
1691660914000,0.6875,0.6875,0.6875
1691660915000,0.6875,0.6875,0.6875
1691660916000,0.6875,0.6875,0.6875
1691660917000,0.6875,0.6875,0.6875
1691660918000,0.6875,0.6875,0.6875
1691660919000,0.6875,0.6875,0.6875
1691660920000,0.6874,0.6874,0.6874
1691660921000,0.6874,0.6874,0.6874
1691660922000,0.6874,0.6874,0.6874
1691660923000,0.6875,0.6875,0.6875
1691660924000,0.6875,0.6875,0.6875
1691660925000,0.6875,0.6875,0.6875
1691660926000,0.6875,0.6875,0.6875
1691660927000,0.6875,0.6875,0.6875
1691660928000,0.6875,0.6875,0.6875
1691660929000,0.6875,0.6875,0.6875
1691660930000,0.6875,0.6875,0.6875
1691660931000,0.6875,0.6875,0.6875
1691660932000,0.6875,0.6875,0.6875
1691660933000,0.6875,0.6875,0.6875
1691660934000,0.6875,0.6875,0.6875
1691660935000,0.6875,0.6875,0.6875
1691660936000,0.6875,0.6875,0.6875
1691660937000,0.6875,0.6875,0.6875
1691660938000,0.6875,0.6875,0.6875
1691660939000,0.6875,0.6875,0.6875
1691660940000,0.6875,0.6875,0.6875
1691660941000,0.68752092,0.68752092,0.68752092
1691660942000,0.68746683,0.68746683,0.68746683
1691660943000,0.68746683,0.68746683,0.68746683
1691660944000,0.68746736,0.68746736,0.68746736
1691660945000,0.68746758,0.68746758,0.68746758
1691660946000,0.68746943,0.68746943,0.68746943
1691660947000,0.68746943,0.68746943,0.68746943
1691660948000,0.68747211,0.68747211,0.68747211
1691660949000,0.6874756,0.6874756,0.6874756
1691660950000,0.68747435,0.68747435,0.68747435
1691660951000,0.6875,0.6875,0.6875
1691660952000,0.6875,0.6875,0.6875
1691660953000,0.6875,0.6875,0.6875
1691660954000,0.6875,0.6875,0.6875
1691660955000,0.68753207,0.68753207,0.68753207
1691660956000,0.68753207,0.68753207,0.68753207
1691660957000,0.68754829,0.68754829,0.68754829
1691660958000,0.68754829,0.68754829,0.68754829
1691660959000,0.68732592,0.68732592,0.68732592
1691660960000,0.68731721,0.68731721,0.68731721
1691660961000,0.68731721,0.68731721,0.68731721
1691660962000,0.68731765,0.68731765,0.68731765
1691660963000,0.68731761,0.68731761,0.68731761
1691660964000,0.68731558,0.68731558,0.68731558
1691660965000,0.68731434,0.68731434,0.68731434
1691660966000,0.68731434,0.68731434,0.68731434
1691660967000,0.68731434,0.68731434,0.68731434
1691660968000,0.68729605,0.68729605,0.68729605
1691660969000,0.68728997,0.68728997,0.68728997
1691660970000,0.68723595,0.68723595,0.68723595
1691660971000,0.68723653,0.68723653,0.68723653
1691660972000,0.68722121,0.68722121,0.68722121
1691660973000,0.68722028,0.68722028,0.68722028
1691660974000,0.68722028,0.68722028,0.68722028
1691660975000,0.68722112,0.68722112,0.68722112
1691660976000,0.68721389,0.68721389,0.68721389
1691660977000,0.68721389,0.68721389,0.68721389
1691660978000,0.68721393,0.68721393,0.68721393
1691660979000,0.68720979,0.68720979,0.68720979
1691660980000,0.68720979,0.68720979,0.68720979
1691660981000,0.68720624,0.68720624,0.68720624
1691660982000,0.68720624,0.68720624,0.68720624
1691660983000,0.68720721,0.68720721,0.68720721
1691660984000,0.68720656,0.68720656,0.68720656
1691660985000,0.68720656,0.68720656,0.68720656
1691660986000,0.68720073,0.68720073,0.68720073
1691660987000,0.68720073,0.68720073,0.68720073
1691660988000,0.68720073,0.68720073,0.68720073
1691660989000,0.6871998,0.6871998,0.6871998
1691660990000,0.687192,0.687192,0.687192
1691660991000,0.68718387,0.68718387,0.68718387
1691660992000,0.68718387,0.68718387,0.68718387
1691660993000,0.68718387,0.68718387,0.68718387
1691660994000,0.68718387,0.68718387,0.68718387
1691660995000,0.68714954,0.68714954,0.68714954
1691660996000,0.68714555,0.68714555,0.68714555
1691660997000,0.68697332,0.68697332,0.68697332
1691660998000,0.68697332,0.68697332,0.68697332
1691660999000,0.68697,0.68697,0.68697
1691661000000,0.68697,0.68697,0.68697
1691661001000,0.68702502,0.68702502,0.68702502
1691661002000,0.68702159,0.68702159,0.68702159
1691661003000,0.68702155,0.68702155,0.68702155
1691661004000,0.68702155,0.68702155,0.68702155
1691661005000,0.68702407,0.68702407,0.68702407
1691661006000,0.68702407,0.68702407,0.68702407
1691661007000,0.68701803,0.68701803,0.68701803
1691661008000,0.687018,0.687018,0.687018
1691661009000,0.687018,0.687018,0.687018
1691661010000,0.68701707,0.68701707,0.68701707
1691661011000,0.68690608,0.68690608,0.68690608
1691661012000,0.68689804,0.68689804,0.68689804
1691661013000,0.68689804,0.68689804,0.68689804
1691661014000,0.68689804,0.68689804,0.68689804
1691661015000,0.68695209,0.68695209,0.68695209
1691661016000,0.68695209,0.68695209,0.68695209
1691661017000,0.68694634,0.68694634,0.68694634
1691661018000,0.6869463,0.6869463,0.6869463
1691661019000,0.68694634,0.68694634,0.68694634
1691661020000,0.68694695,0.68694695,0.68694695
1691661021000,0.68694698,0.68694698,0.68694698
1691661022000,0.68694132,0.68694132,0.68694132
1691661023000,0.68694129,0.68694129,0.68694129
1691661024000,0.68694129,0.68694129,0.68694129
1691661025000,0.68693411,0.68693411,0.68693411
1691661026000,0.68693411,0.68693411,0.68693411
1691661027000,0.68693407,0.68693407,0.68693407
1691661028000,0.68692859,0.68692859,0.68692859
1691661029000,0.68672043,0.68672043,0.68672043
1691661030000,0.68672043,0.68672043,0.68672043
1691661031000,0.6869,0.6869,0.6869
1691661032000,0.6869,0.6869,0.6869
1691661033000,0.6869,0.6869,0.6869
1691661034000,0.6869,0.6869,0.6869
1691661035000,0.6869,0.6869,0.6869
1691661036000,0.6869,0.6869,0.6869
1691661037000,0.687,0.687,0.687
1691661038000,0.687,0.687,0.687
1691661039000,0.6869,0.6869,0.6869
1691661040000,0.6869,0.6869,0.6869
1691661041000,0.6869,0.6869,0.6869
1691661042000,0.68683551,0.68683551,0.68683551
1691661043000,0.6869,0.6869,0.6869
1691661044000,0.6869,0.6869,0.6869
1691661045000,0.6869,0.6869,0.6869
1691661046000,0.68684005,0.68684005,0.68684005
1691661047000,0.68683413,0.68683413,0.68683413
1691661048000,0.68683421,0.68683421,0.68683421
1691661049000,0.68683425,0.68683425,0.68683425
1691661050000,0.68683425,0.68683425,0.68683425
1691661051000,0.68683201,0.68683201,0.68683201
1691661052000,0.68683201,0.68683201,0.68683201
1691661053000,0.68686445,0.68686445,0.68686445
1691661054000,0.68686282,0.68686282,0.68686282
1691661055000,0.68686282,0.68686282,0.68686282
1691661056000,0.68686286,0.68686286,0.68686286
1691661057000,0.68686383,0.68686383,0.68686383
1691661058000,0.68686383,0.68686383,0.68686383
1691661059000,0.68686175,0.68686175,0.68686175
1691661060000,0.68686171,0.68686171,0.68686171
1691661061000,0.68685977,0.68685977,0.68685977
1691661062000,0.68684355,0.68684355,0.68684355
1691661063000,0.68684355,0.68684355,0.68684355
1691661064000,0.68637418,0.68637418,0.68637418
1691661065000,0.68637414,0.68637414,0.68637414
1691661066000,0.68637414,0.68637414,0.68637414
1691661067000,0.6863587,0.6863587,0.6863587
1691661068000,0.68635873,0.68635873,0.68635873
1691661069000,0.68635617,0.68635617,0.68635617
1691661070000,0.68635617,0.68635617,0.68635617
1691661071000,0.68641022,0.68641022,0.68641022
1691661072000,0.68641022,0.68641022,0.68641022
1691661073000,0.68641022,0.68641022,0.68641022
1691661074000,0.68640794,0.68640794,0.68640794
1691661075000,0.68640798,0.68640798,0.68640798
1691661076000,0.6864079,0.6864079,0.6864079
1691661077000,0.6864079,0.6864079,0.6864079
1691661078000,0.6864079,0.6864079,0.6864079
1691661079000,0.6865,0.6865,0.6865
1691661080000,0.6864702,0.6864702,0.6864702
1691661081000,0.6865,0.6865,0.6865
1691661082000,0.6865,0.6865,0.6865
1691661083000,0.6865,0.6865,0.6865
1691661084000,0.6865,0.6865,0.6865
1691661085000,0.68646315,0.68646315,0.68646315
1691661086000,0.68646767,0.68646767,0.68646767
1691661087000,0.68652177,0.68652177,0.68652177
1691661088000,0.68652177,0.68652177,0.68652177
1691661089000,0.68646864,0.68646864,0.68646864
1691661090000,0.68646837,0.68646837,0.68646837
1691661091000,0.68646744,0.68646744,0.68646744
1691661092000,0.68646744,0.68646744,0.68646744
1691661093000,0.68646874,0.68646874,0.68646874
1691661094000,0.68646874,0.68646874,0.68646874
1691661095000,0.68646915,0.68646915,0.68646915
1691661096000,0.68646915,0.68646915,0.68646915
1691661097000,0.68646915,0.68646915,0.68646915
1691661098000,0.68646993,0.68646993,0.68646993
1691661099000,0.68646993,0.68646993,0.68646993
1691661100000,0.68647128,0.68647128,0.68647128
1691661101000,0.68647035,0.68647035,0.68647035
1691661102000,0.68648843,0.68648843,0.68648843
1691661103000,0.68648846,0.68648846,0.68648846
1691661104000,0.68648846,0.68648846,0.68648846
1691661105000,0.68648878,0.68648878,0.68648878
1691661106000,0.68648786,0.68648786,0.68648786
1691661107000,0.68648786,0.68648786,0.68648786
1691661108000,0.68648939,0.68648939,0.68648939
1691661109000,0.68648842,0.68648842,0.68648842
1691661110000,0.68648949,0.68648949,0.68648949
1691661111000,0.68648949,0.68648949,0.68648949
1691661112000,0.68648961,0.68648961,0.68648961
1691661113000,0.68648868,0.68648868,0.68648868
1691661114000,0.68648864,0.68648864,0.68648864
1691661115000,0.68648864,0.68648864,0.68648864
1691661116000,0.6865,0.6865,0.6865
1691661117000,0.6865,0.6865,0.6865
1691661118000,0.6865,0.6865,0.6865
1691661119000,0.68650765,0.68650765,0.68650765
1691661120000,0.68650769,0.68650769,0.68650769
1691661121000,0.68650784,0.68650784,0.68650784
1691661122000,0.68650743,0.68650743,0.68650743
1691661123000,0.6865065,0.6865065,0.6865065
1691661124000,0.6865065,0.6865065,0.6865065
1691661125000,0.6865065,0.6865065,0.6865065
1691661126000,0.68650389,0.68650389,0.68650389
1691661127000,0.68650506,0.68650506,0.68650506
1691661128000,0.68655915,0.68655915,0.68655915
1691661129000,0.68657533,0.68657533,0.68657533
1691661130000,0.6865744,0.6865744,0.6865744
1691661131000,0.68657179,0.68657179,0.68657179
1691661132000,0.68657271,0.68657271,0.68657271
1691661133000,0.68657288,0.68657288,0.68657288
1691661134000,0.68657291,0.68657291,0.68657291
1691661135000,0.68657288,0.68657288,0.68657288
1691661136000,0.68656677,0.68656677,0.68656677
1691661137000,0.68656681,0.68656681,0.68656681
1691661138000,0.68656762,0.68656762,0.68656762
1691661139000,0.68656762,0.68656762,0.68656762
1691661140000,0.68656762,0.68656762,0.68656762
1691661141000,0.6865667,0.6865667,0.6865667
1691661142000,0.68656268,0.68656268,0.68656268
1691661143000,0.68656348,0.68656348,0.68656348
1691661144000,0.68656348,0.68656348,0.68656348
1691661145000,0.68656348,0.68656348,0.68656348
1691661146000,0.68656348,0.68656348,0.68656348
1691661147000,0.68655947,0.68655947,0.68655947
1691661148000,0.68655943,0.68655943,0.68655943
1691661149000,0.68655765,0.68655765,0.68655765
1691661150000,0.68655857,0.68655857,0.68655857
1691661151000,0.68655854,0.68655854,0.68655854
1691661152000,0.68655792,0.68655792,0.68655792
1691661153000,0.68655792,0.68655792,0.68655792
1691661154000,0.68650476,0.68650476,0.68650476
1691661155000,0.6866,0.6866,0.6866
1691661156000,0.6866,0.6866,0.6866
1691661157000,0.6866,0.6866,0.6866
1691661158000,0.6866,0.6866,0.6866
1691661159000,0.6866,0.6866,0.6866
1691661160000,0.6866,0.6866,0.6866
1691661161000,0.68666752,0.68666752,0.68666752
1691661162000,0.68671457,0.68671457,0.68671457
1691661163000,0.68671457,0.68671457,0.68671457
1691661164000,0.6867,0.6867,0.6867
1691661165000,0.6867,0.6867,0.6867
1691661166000,0.6867,0.6867,0.6867
1691661167000,0.6867,0.6867,0.6867
1691661168000,0.6868,0.6868,0.6868
1691661169000,0.6867,0.6867,0.6867
1691661170000,0.6867,0.6867,0.6867
1691661171000,0.6867,0.6867,0.6867
1691661172000,0.6867397,0.6867397,0.6867397
1691661173000,0.68673816,0.68673816,0.68673816
1691661174000,0.68673942,0.68673942,0.68673942
1691661175000,0.68673942,0.68673942,0.68673942
1691661176000,0.6867385,0.6867385,0.6867385
1691661177000,0.6867,0.6867,0.6867
1691661178000,0.6867,0.6867,0.6867
1691661179000,0.6868,0.6868,0.6868
1691661180000,0.6868,0.6868,0.6868
1691661181000,0.68673632,0.68673632,0.68673632
1691661182000,0.68673724,0.68673724,0.68673724
1691661183000,0.68673614,0.68673614,0.68673614
1691661184000,0.68662815,0.68662815,0.68662815
1691661185000,0.68662815,0.68662815,0.68662815
1691661186000,0.68668221,0.68668221,0.68668221
1691661187000,0.68662815,0.68662815,0.68662815
1691661188000,0.68662387,0.68662387,0.68662387
1691661189000,0.68662265,0.68662265,0.68662265
1691661190000,0.68662265,0.68662265,0.68662265
1691661191000,0.68662265,0.68662265,0.68662265
1691661192000,0.68662265,0.68662265,0.68662265
1691661193000,0.68656173,0.68656173,0.68656173
1691661194000,0.68656205,0.68656205,0.68656205
1691661195000,0.68661707,0.68661707,0.68661707
1691661196000,0.68661707,0.68661707,0.68661707
1691661197000,0.68661611,0.68661611,0.68661611
1691661198000,0.6866,0.6866,0.6866
1691661199000,0.6866,0.6866,0.6866
1691661200000,0.6866,0.6866,0.6866
1691661201000,0.6866,0.6866,0.6866
1691661202000,0.6866,0.6866,0.6866
1691661203000,0.6866,0.6866,0.6866
1691661204000,0.6866,0.6866,0.6866
1691661205000,0.68655485,0.68655485,0.68655485
1691661206000,0.6866,0.6866,0.6866
1691661207000,0.6866,0.6866,0.6866
1691661208000,0.6866,0.6866,0.6866
1691661209000,0.6866,0.6866,0.6866
1691661210000,0.6866,0.6866,0.6866
1691661211000,0.6866,0.6866,0.6866
1691661212000,0.6866,0.6866,0.6866
1691661213000,0.6866,0.6866,0.6866
1691661214000,0.6866,0.6866,0.6866
1691661215000,0.6866,0.6866,0.6866
1691661216000,0.6866,0.6866,0.6866
1691661217000,0.6866,0.6866,0.6866
1691661218000,0.6866,0.6866,0.6866
1691661219000,0.6866,0.6866,0.6866
1691661220000,0.6866,0.6866,0.6866
1691661221000,0.6866,0.6866,0.6866
1691661222000,0.6866,0.6866,0.6866
1691661223000,0.6866,0.6866,0.6866
1691661224000,0.6866,0.6866,0.6866
1691661225000,0.6866,0.6866,0.6866
1691661226000,0.68657195,0.68657195,0.68657195
1691661227000,0.68657195,0.68657195,0.68657195
1691661228000,0.6866,0.6866,0.6866
1691661229000,0.6866,0.6866,0.6866
1691661230000,0.68662059,0.68662059,0.68662059
1691661231000,0.6866203,0.6866203,0.6866203
1691661232000,0.68667432,0.68667432,0.68667432
1691661233000,0.6867,0.6867,0.6867
1691661234000,0.6867,0.6867,0.6867
1691661235000,0.6867,0.6867,0.6867
1691661236000,0.6867,0.6867,0.6867
1691661237000,0.68661902,0.68661902,0.68661902
1691661238000,0.68661902,0.68661902,0.68661902
1691661239000,0.68661906,0.68661906,0.68661906
1691661240000,0.68661727,0.68661727,0.68661727
1691661241000,0.6866,0.6866,0.6866
1691661242000,0.6866,0.6866,0.6866
1691661243000,0.6866,0.6866,0.6866
1691661244000,0.6868,0.6868,0.6868
1691661245000,0.6868,0.6868,0.6868
1691661246000,0.6868,0.6868,0.6868
1691661247000,0.6868,0.6868,0.6868
1691661248000,0.6868,0.6868,0.6868
1691661249000,0.6868,0.6868,0.6868
1691661250000,0.6868,0.6868,0.6868
1691661251000,0.6868,0.6868,0.6868
1691661252000,0.6868,0.6868,0.6868
1691661253000,0.687,0.687,0.687
1691661254000,0.687,0.687,0.687
1691661255000,0.687,0.687,0.687
1691661256000,0.687,0.687,0.687
1691661257000,0.687,0.687,0.687
1691661258000,0.687,0.687,0.687
1691661259000,0.687,0.687,0.687
1691661260000,0.687,0.687,0.687
1691661261000,0.6868,0.6868,0.6868
1691661262000,0.6868,0.6868,0.6868
1691661263000,0.6868,0.6868,0.6868
1691661264000,0.6868,0.6868,0.6868
1691661265000,0.6868,0.6868,0.6868
1691661266000,0.6868,0.6868,0.6868
1691661267000,0.6868,0.6868,0.6868
1691661268000,0.6868,0.6868,0.6868
1691661269000,0.6868,0.6868,0.6868
1691661270000,0.6868,0.6868,0.6868
1691661271000,0.6868,0.6868,0.6868
1691661272000,0.6868,0.6868,0.6868
1691661273000,0.6868,0.6868,0.6868
1691661274000,0.6868,0.6868,0.6868
1691661275000,0.6868,0.6868,0.6868
1691661276000,0.6868,0.6868,0.6868
1691661277000,0.6868,0.6868,0.6868
1691661278000,0.6868,0.6868,0.6868
1691661279000,0.6868,0.6868,0.6868
1691661280000,0.68672444,0.68672444,0.68672444
1691661281000,0.6867714,0.6867714,0.6867714
1691661282000,0.68677188,0.68677188,0.68677188
1691661283000,0.68677099,0.68677099,0.68677099
1691661284000,0.68677099,0.68677099,0.68677099
1691661285000,0.6867557,0.6867557,0.6867557
1691661286000,0.6867572,0.6867572,0.6867572
1691661287000,0.68675959,0.68675959,0.68675959
1691661288000,0.68675959,0.68675959,0.68675959
1691661289000,0.68675959,0.68675959,0.68675959
1691661290000,0.68676681,0.68676681,0.68676681
1691661291000,0.68676648,0.68676648,0.68676648
1691661292000,0.6868,0.6868,0.6868
1691661293000,0.6868,0.6868,0.6868
1691661294000,0.6868,0.6868,0.6868
1691661295000,0.6868,0.6868,0.6868
1691661296000,0.6868,0.6868,0.6868
1691661297000,0.6868,0.6868,0.6868
1691661298000,0.6868,0.6868,0.6868
1691661299000,0.6868,0.6868,0.6868
1691661300000,0.6868,0.6868,0.6868
1691661301000,0.6868,0.6868,0.6868
1691661302000,0.6868,0.6868,0.6868
1691661303000,0.6868,0.6868,0.6868
1691661304000,0.6868,0.6868,0.6868
1691661305000,0.6868,0.6868,0.6868
1691661306000,0.6868,0.6868,0.6868
1691661307000,0.6868,0.6868,0.6868
1691661308000,0.6868,0.6868,0.6868
1691661309000,0.6868,0.6868,0.6868
1691661310000,0.6868,0.6868,0.6868
1691661311000,0.6868,0.6868,0.6868
1691661312000,0.6868,0.6868,0.6868
1691661313000,0.68678651,0.68678651,0.68678651
1691661314000,0.68673249,0.68673249,0.68673249
1691661315000,0.68678562,0.68678562,0.68678562
1691661316000,0.68678558,0.68678558,0.68678558
1691661317000,0.68678558,0.68678558,0.68678558
1691661318000,0.6868,0.6868,0.6868
1691661319000,0.6868,0.6868,0.6868
1691661320000,0.68673499,0.68673499,0.68673499
1691661321000,0.68673592,0.68673592,0.68673592
1691661322000,0.6867347,0.6867347,0.6867347
1691661323000,0.6868,0.6868,0.6868
1691661324000,0.6868,0.6868,0.6868
1691661325000,0.6868,0.6868,0.6868
1691661326000,0.6868,0.6868,0.6868
1691661327000,0.6868,0.6868,0.6868
1691661328000,0.6868,0.6868,0.6868
1691661329000,0.68679218,0.68679218,0.68679218
1691661330000,0.68673812,0.68673812,0.68673812
1691661331000,0.68679218,0.68679218,0.68679218
1691661332000,0.6867942,0.6867942,0.6867942
1691661333000,0.68674015,0.68674015,0.68674015
1691661334000,0.68673497,0.68673497,0.68673497
1691661335000,0.68673497,0.68673497,0.68673497
1691661336000,0.68673594,0.68673594,0.68673594
1691661337000,0.68673594,0.68673594,0.68673594
1691661338000,0.68678898,0.68678898,0.68678898
1691661339000,0.68678693,0.68678693,0.68678693
1691661340000,0.68678693,0.68678693,0.68678693
1691661341000,0.68678693,0.68678693,0.68678693
1691661342000,0.6867338,0.6867338,0.6867338
1691661343000,0.68673424,0.68673424,0.68673424
1691661344000,0.68672954,0.68672954,0.68672954
1691661345000,0.6868,0.6868,0.6868
1691661346000,0.6868,0.6868,0.6868
1691661347000,0.6868,0.6868,0.6868
1691661348000,0.6868,0.6868,0.6868
1691661349000,0.6868,0.6868,0.6868
1691661350000,0.6868,0.6868,0.6868
1691661351000,0.6868,0.6868,0.6868
1691661352000,0.6868,0.6868,0.6868
1691661353000,0.6868,0.6868,0.6868
1691661354000,0.6868,0.6868,0.6868
1691661355000,0.6868,0.6868,0.6868
1691661356000,0.6868,0.6868,0.6868
1691661357000,0.6868,0.6868,0.6868
1691661358000,0.6868,0.6868,0.6868
1691661359000,0.6868,0.6868,0.6868
1691661360000,0.6868,0.6868,0.6868
1691661361000,0.6868,0.6868,0.6868
1691661362000,0.6868,0.6868,0.6868
1691661363000,0.6868,0.6868,0.6868
1691661364000,0.6868,0.6868,0.6868
1691661365000,0.68678378,0.68678378,0.68678378
1691661366000,0.68678378,0.68678378,0.68678378
1691661367000,0.6867,0.6867,0.6867
1691661368000,0.6867,0.6867,0.6867
1691661369000,0.6867,0.6867,0.6867
1691661370000,0.6868,0.6868,0.6868
1691661371000,0.68672699,0.68672699,0.68672699
1691661372000,0.6868,0.6868,0.6868
1691661373000,0.6868,0.6868,0.6868
1691661374000,0.6868,0.6868,0.6868
1691661375000,0.68673286,0.68673286,0.68673286
1691661376000,0.68673379,0.68673379,0.68673379
1691661377000,0.68673379,0.68673379,0.68673379
1691661378000,0.68673286,0.68673286,0.68673286
1691661379000,0.68673286,0.68673286,0.68673286
1691661380000,0.68673276,0.68673276,0.68673276
1691661381000,0.68673276,0.68673276,0.68673276
1691661382000,0.68673272,0.68673272,0.68673272
1691661383000,0.68673272,0.68673272,0.68673272
1691661384000,0.68673244,0.68673244,0.68673244
1691661385000,0.68673241,0.68673241,0.68673241
1691661386000,0.68673241,0.68673241,0.68673241
1691661387000,0.68671523,0.68671523,0.68671523
1691661388000,0.68671523,0.68671523,0.68671523
1691661389000,0.68671592,0.68671592,0.68671592
1691661390000,0.68671688,0.68671688,0.68671688
1691661391000,0.68671643,0.68671643,0.68671643
1691661392000,0.6868,0.6868,0.6868
1691661393000,0.6868,0.6868,0.6868
1691661394000,0.6868,0.6868,0.6868
1691661395000,0.6868,0.6868,0.6868
1691661396000,0.6867,0.6867,0.6867
1691661397000,0.6867,0.6867,0.6867
1691661398000,0.6867,0.6867,0.6867
1691661399000,0.6867,0.6867,0.6867
1691661400000,0.6868,0.6868,0.6868
1691661401000,0.6868,0.6868,0.6868
1691661402000,0.6868,0.6868,0.6868
1691661403000,0.6868,0.6868,0.6868
1691661404000,0.6868,0.6868,0.6868
1691661405000,0.6868,0.6868,0.6868
1691661406000,0.6868,0.6868,0.6868
1691661407000,0.6868,0.6868,0.6868
1691661408000,0.6868,0.6868,0.6868
1691661409000,0.6868,0.6868,0.6868
1691661410000,0.6868,0.6868,0.6868
1691661411000,0.6869,0.6869,0.6869
1691661412000,0.6869,0.6869,0.6869
1691661413000,0.6869,0.6869,0.6869
1691661414000,0.6869,0.6869,0.6869
1691661415000,0.6869,0.6869,0.6869
1691661416000,0.6869,0.6869,0.6869
1691661417000,0.6869,0.6869,0.6869
1691661418000,0.6869,0.6869,0.6869
1691661419000,0.6869,0.6869,0.6869
1691661420000,0.6869,0.6869,0.6869
1691661421000,0.6869,0.6869,0.6869
1691661422000,0.6869,0.6869,0.6869
1691661423000,0.6869,0.6869,0.6869
1691661424000,0.6869,0.6869,0.6869
1691661425000,0.6869,0.6869,0.6869
1691661426000,0.6869,0.6869,0.6869
1691661427000,0.6869,0.6869,0.6869
1691661428000,0.6869,0.6869,0.6869
1691661429000,0.6869,0.6869,0.6869
1691661430000,0.6869,0.6869,0.6869
1691661431000,0.6869,0.6869,0.6869
1691661432000,0.6869,0.6869,0.6869
1691661433000,0.6868,0.6868,0.6868
1691661434000,0.6868,0.6868,0.6868
1691661435000,0.6869,0.6869,0.6869
1691661436000,0.6868,0.6868,0.6868
1691661437000,0.6868,0.6868,0.6868
1691661438000,0.6868,0.6868,0.6868
1691661439000,0.6869,0.6869,0.6869
1691661440000,0.6869,0.6869,0.6869
1691661441000,0.6869,0.6869,0.6869
1691661442000,0.6869,0.6869,0.6869
1691661443000,0.6869,0.6869,0.6869
1691661444000,0.6869,0.6869,0.6869
1691661445000,0.6869,0.6869,0.6869
1691661446000,0.6869,0.6869,0.6869
1691661447000,0.6869,0.6869,0.6869
1691661448000,0.6869,0.6869,0.6869
1691661449000,0.6869,0.6869,0.6869
1691661450000,0.6869,0.6869,0.6869
1691661451000,0.6869,0.6869,0.6869
1691661452000,0.6869,0.6869,0.6869
1691661453000,0.6869,0.6869,0.6869
1691661454000,0.6869,0.6869,0.6869
1691661455000,0.6869,0.6869,0.6869
1691661456000,0.6868,0.6868,0.6868
1691661457000,0.6868,0.6868,0.6868
1691661458000,0.6868,0.6868,0.6868
1691661459000,0.6868,0.6868,0.6868
1691661460000,0.6868,0.6868,0.6868
1691661461000,0.6868,0.6868,0.6868
1691661462000,0.6868,0.6868,0.6868
1691661463000,0.6868,0.6868,0.6868
1691661464000,0.6868,0.6868,0.6868
1691661465000,0.6868,0.6868,0.6868
1691661466000,0.6868,0.6868,0.6868
1691661467000,0.6868,0.6868,0.6868
1691661468000,0.6868,0.6868,0.6868
1691661469000,0.6869,0.6869,0.6869
1691661470000,0.6868,0.6868,0.6868
1691661471000,0.6868,0.6868,0.6868
1691661472000,0.6868,0.6868,0.6868
1691661473000,0.6868,0.6868,0.6868
1691661474000,0.6868,0.6868,0.6868
1691661475000,0.6869,0.6869,0.6869
1691661476000,0.687,0.687,0.687
1691661477000,0.687,0.687,0.687
1691661478000,0.6871,0.6871,0.6871
1691661479000,0.6871,0.6871,0.6871
1691661480000,0.6871,0.6871,0.6871
1691661481000,0.6871,0.6871,0.6871
1691661482000,0.6871,0.6871,0.6871
1691661483000,0.6871,0.6871,0.6871
1691661484000,0.6871,0.6871,0.6871
1691661485000,0.6871,0.6871,0.6871
1691661486000,0.6871,0.6871,0.6871
1691661487000,0.6871,0.6871,0.6871
1691661488000,0.6871,0.6871,0.6871
1691661489000,0.6871,0.6871,0.6871
1691661490000,0.6871,0.6871,0.6871
1691661491000,0.6871,0.6871,0.6871
1691661492000,0.6871,0.6871,0.6871
1691661493000,0.6871,0.6871,0.6871
1691661494000,0.6871,0.6871,0.6871
1691661495000,0.6871,0.6871,0.6871
1691661496000,0.6871,0.6871,0.6871
1691661497000,0.6871,0.6871,0.6871
1691661498000,0.6871,0.6871,0.6871
1691661499000,0.6871,0.6871,0.6871
1691661500000,0.6871,0.6871,0.6871
1691661501000,0.6871,0.6871,0.6871
1691661502000,0.6871,0.6871,0.6871
1691661503000,0.687,0.687,0.687
1691661504000,0.6871,0.6871,0.6871
1691661505000,0.6871,0.6871,0.6871
1691661506000,0.6871,0.6871,0.6871
1691661507000,0.687,0.687,0.687
1691661508000,0.687,0.687,0.687
1691661509000,0.687,0.687,0.687
1691661510000,0.687,0.687,0.687
1691661511000,0.687,0.687,0.687
1691661512000,0.687,0.687,0.687
1691661513000,0.687,0.687,0.687
1691661514000,0.687,0.687,0.687
1691661515000,0.6871,0.6871,0.6871
1691661516000,0.6871,0.6871,0.6871
1691661517000,0.6871,0.6871,0.6871
1691661518000,0.6871,0.6871,0.6871
1691661519000,0.6871,0.6871,0.6871
1691661520000,0.6871,0.6871,0.6871
1691661521000,0.6871,0.6871,0.6871
1691661522000,0.68710375,0.68710375,0.68710375
1691661523000,0.68710375,0.68710375,0.68710375
1691661524000,0.68710375,0.68710375,0.68710375
1691661525000,0.68710655,0.68710655,0.68710655
1691661526000,0.6871,0.6871,0.6871
1691661527000,0.6871,0.6871,0.6871
1691661528000,0.6871,0.6871,0.6871
1691661529000,0.6871,0.6871,0.6871
1691661530000,0.6871,0.6871,0.6871
1691661531000,0.6872,0.6872,0.6872
1691661532000,0.6872,0.6872,0.6872
1691661533000,0.6872,0.6872,0.6872
1691661534000,0.6872,0.6872,0.6872
1691661535000,0.6872,0.6872,0.6872
1691661536000,0.6872,0.6872,0.6872
1691661537000,0.6872,0.6872,0.6872
1691661538000,0.6872,0.6872,0.6872
1691661539000,0.6872,0.6872,0.6872
1691661540000,0.6872,0.6872,0.6872
1691661541000,0.6872,0.6872,0.6872
1691661542000,0.6872,0.6872,0.6872
1691661543000,0.6872,0.6872,0.6872
1691661544000,0.6872,0.6872,0.6872
1691661545000,0.6872,0.6872,0.6872
1691661546000,0.6872,0.6872,0.6872
1691661547000,0.6872,0.6872,0.6872
1691661548000,0.6872,0.6872,0.6872
1691661549000,0.6872,0.6872,0.6872
1691661550000,0.6872,0.6872,0.6872
1691661551000,0.6872,0.6872,0.6872
1691661552000,0.6871,0.6871,0.6871
1691661553000,0.6871,0.6871,0.6871
1691661554000,0.6871,0.6871,0.6871
1691661555000,0.6871,0.6871,0.6871
1691661556000,0.6871,0.6871,0.6871
1691661557000,0.6871,0.6871,0.6871
1691661558000,0.6871,0.6871,0.6871
1691661559000,0.6871,0.6871,0.6871
1691661560000,0.6871,0.6871,0.6871
1691661561000,0.6871,0.6871,0.6871
1691661562000,0.6871,0.6871,0.6871
1691661563000,0.6871,0.6871,0.6871
1691661564000,0.6871,0.6871,0.6871
1691661565000,0.6871,0.6871,0.6871
1691661566000,0.6871,0.6871,0.6871
1691661567000,0.6872,0.6872,0.6872
1691661568000,0.6872,0.6872,0.6872
1691661569000,0.6872,0.6872,0.6872
1691661570000,0.6872,0.6872,0.6872
1691661571000,0.6872,0.6872,0.6872
1691661572000,0.6872,0.6872,0.6872
1691661573000,0.6872,0.6872,0.6872
1691661574000,0.6871,0.6871,0.6871
1691661575000,0.6871,0.6871,0.6871
1691661576000,0.6871,0.6871,0.6871
1691661577000,0.6871,0.6871,0.6871
1691661578000,0.6871,0.6871,0.6871
1691661579000,0.6871,0.6871,0.6871
1691661580000,0.6871,0.6871,0.6871
1691661581000,0.6871,0.6871,0.6871
1691661582000,0.6871,0.6871,0.6871
1691661583000,0.6871,0.6871,0.6871
1691661584000,0.6871,0.6871,0.6871
1691661585000,0.6871,0.6871,0.6871
1691661586000,0.6871,0.6871,0.6871
1691661587000,0.6871,0.6871,0.6871
1691661588000,0.6871,0.6871,0.6871
1691661589000,0.6871,0.6871,0.6871
1691661590000,0.6871,0.6871,0.6871
1691661591000,0.6871,0.6871,0.6871
1691661592000,0.6871,0.6871,0.6871
1691661593000,0.6871,0.6871,0.6871
1691661594000,0.6871,0.6871,0.6871
1691661595000,0.6871,0.6871,0.6871
1691661596000,0.6871,0.6871,0.6871
1691661597000,0.6871,0.6871,0.6871
1691661598000,0.6872,0.6872,0.6872
1691661599000,0.68735557,0.68735557,0.68735557
1691661600000,0.68735557,0.68735557,0.68735557
1691661601000,0.68735689,0.68735689,0.68735689
1691661602000,0.68735685,0.68735685,0.68735685
1691661603000,0.6871227,0.6871227,0.6871227
1691661604000,0.687,0.687,0.687
1691661605000,0.6872,0.6872,0.6872
1691661606000,0.6872,0.6872,0.6872
1691661607000,0.6872,0.6872,0.6872
1691661608000,0.6872,0.6872,0.6872
1691661609000,0.6872,0.6872,0.6872
1691661610000,0.6872,0.6872,0.6872
1691661611000,0.6872,0.6872,0.6872
1691661612000,0.68729679,0.68729679,0.68729679
1691661613000,0.6872,0.6872,0.6872
1691661614000,0.6873,0.6873,0.6873
1691661615000,0.6872,0.6872,0.6872
1691661616000,0.6872,0.6872,0.6872
1691661617000,0.68734517,0.68734517,0.68734517
1691661618000,0.68734517,0.68734517,0.68734517
1691661619000,0.68734516,0.68734516,0.68734516
1691661620000,0.68734534,0.68734534,0.68734534
1691661621000,0.68734533,0.68734533,0.68734533
1691661622000,0.68734533,0.68734533,0.68734533
1691661623000,0.68734533,0.68734533,0.68734533
1691661624000,0.68734533,0.68734533,0.68734533
1691661625000,0.68734417,0.68734417,0.68734417
1691661626000,0.6874364,0.6874364,0.6874364
1691661627000,0.6874,0.6874,0.6874
1691661628000,0.6874364,0.6874364,0.6874364
1691661629000,0.68743756,0.68743756,0.68743756
1691661630000,0.68744251,0.68744251,0.68744251
1691661631000,0.6874425,0.6874425,0.6874425
1691661632000,0.68747041,0.68747041,0.68747041
1691661633000,0.68747041,0.68747041,0.68747041
1691661634000,0.68747041,0.68747041,0.68747041
1691661635000,0.6874704,0.6874704,0.6874704
1691661636000,0.6873,0.6873,0.6873
1691661637000,0.6874,0.6874,0.6874
1691661638000,0.6874,0.6874,0.6874
1691661639000,0.6874,0.6874,0.6874
1691661640000,0.6874,0.6874,0.6874
1691661641000,0.6874,0.6874,0.6874
1691661642000,0.6874,0.6874,0.6874
1691661643000,0.6875,0.6875,0.6875
1691661644000,0.6875,0.6875,0.6875
1691661645000,0.6875,0.6875,0.6875
1691661646000,0.6875,0.6875,0.6875
1691661647000,0.6875,0.6875,0.6875
1691661648000,0.6875,0.6875,0.6875
1691661649000,0.6874,0.6874,0.6874
1691661650000,0.68754611,0.68754611,0.68754611
1691661651000,0.68754767,0.68754767,0.68754767
1691661652000,0.68756162,0.68756162,0.68756162
1691661653000,0.68756162,0.68756162,0.68756162
1691661654000,0.6876,0.6876,0.6876
1691661655000,0.6876,0.6876,0.6876
1691661656000,0.6875,0.6875,0.6875
1691661657000,0.6875,0.6875,0.6875
1691661658000,0.6875,0.6875,0.6875
1691661659000,0.6875,0.6875,0.6875
1691661660000,0.6876,0.6876,0.6876
1691661661000,0.6876,0.6876,0.6876
1691661662000,0.6876,0.6876,0.6876
1691661663000,0.6876,0.6876,0.6876
1691661664000,0.68761734,0.68761734,0.68761734
1691661665000,0.68757082,0.68757082,0.68757082
1691661666000,0.68757082,0.68757082,0.68757082
1691661667000,0.6876,0.6876,0.6876
1691661668000,0.6876,0.6876,0.6876
1691661669000,0.6876,0.6876,0.6876
1691661670000,0.6876,0.6876,0.6876
1691661671000,0.6876,0.6876,0.6876
1691661672000,0.6876,0.6876,0.6876
1691661673000,0.6876,0.6876,0.6876
1691661674000,0.6876,0.6876,0.6876
1691661675000,0.6876,0.6876,0.6876
1691661676000,0.6876,0.6876,0.6876
1691661677000,0.68748298,0.68748298,0.68748298
1691661678000,0.68748381,0.68748381,0.68748381
1691661679000,0.6875,0.6875,0.6875
1691661680000,0.6875,0.6875,0.6875
1691661681000,0.6874,0.6874,0.6874
1691661682000,0.6874,0.6874,0.6874
1691661683000,0.6874,0.6874,0.6874
1691661684000,0.6874,0.6874,0.6874
1691661685000,0.6874,0.6874,0.6874
1691661686000,0.6874,0.6874,0.6874
1691661687000,0.6874,0.6874,0.6874
1691661688000,0.6874,0.6874,0.6874
1691661689000,0.6874,0.6874,0.6874
1691661690000,0.6874,0.6874,0.6874
1691661691000,0.6874,0.6874,0.6874
1691661692000,0.6874,0.6874,0.6874
1691661693000,0.6874,0.6874,0.6874
1691661694000,0.6874,0.6874,0.6874
1691661695000,0.68737843,0.68737843,0.68737843
1691661696000,0.68737987,0.68737987,0.68737987
1691661697000,0.68737987,0.68737987,0.68737987
1691661698000,0.6874,0.6874,0.6874
1691661699000,0.6874,0.6874,0.6874
1691661700000,0.68742718,0.68742718,0.68742718
1691661701000,0.68742656,0.68742656,0.68742656
1691661702000,0.6874,0.6874,0.6874
1691661703000,0.6874,0.6874,0.6874
1691661704000,0.6874,0.6874,0.6874
1691661705000,0.6874,0.6874,0.6874
1691661706000,0.6874,0.6874,0.6874
1691661707000,0.6874,0.6874,0.6874
1691661708000,0.68736541,0.68736541,0.68736541
1691661709000,0.68736544,0.68736544,0.68736544
1691661710000,0.6874,0.6874,0.6874
1691661711000,0.6874,0.6874,0.6874
1691661712000,0.68736846,0.68736846,0.68736846
1691661713000,0.68736665,0.68736665,0.68736665
1691661714000,0.6874,0.6874,0.6874
1691661715000,0.6874,0.6874,0.6874
1691661716000,0.6874,0.6874,0.6874
1691661717000,0.6874,0.6874,0.6874
1691661718000,0.6874,0.6874,0.6874
1691661719000,0.6874,0.6874,0.6874
1691661720000,0.6874,0.6874,0.6874
1691661721000,0.68746079,0.68746079,0.68746079
1691661722000,0.68746079,0.68746079,0.68746079
1691661723000,0.6874,0.6874,0.6874
1691661724000,0.68746046,0.68746046,0.68746046
1691661725000,0.68745963,0.68745963,0.68745963
1691661726000,0.68745966,0.68745966,0.68745966
1691661727000,0.68745966,0.68745966,0.68745966
1691661728000,0.6875,0.6875,0.6875
1691661729000,0.68750654,0.68750654,0.68750654
1691661730000,0.68750773,0.68750773,0.68750773
1691661731000,0.68755421,0.68755421,0.68755421
1691661732000,0.68755247,0.68755247,0.68755247
1691661733000,0.6875517,0.6875517,0.6875517
1691661734000,0.6875,0.6875,0.6875
1691661735000,0.6875,0.6875,0.6875
1691661736000,0.6875,0.6875,0.6875
1691661737000,0.6875,0.6875,0.6875
1691661738000,0.6875,0.6875,0.6875
1691661739000,0.68756464,0.68756464,0.68756464
1691661740000,0.68756463,0.68756463,0.68756463
1691661741000,0.68756463,0.68756463,0.68756463
1691661742000,0.68756316,0.68756316,0.68756316
1691661743000,0.6875632,0.6875632,0.6875632
1691661744000,0.68756316,0.68756316,0.68756316
1691661745000,0.68756239,0.68756239,0.68756239
1691661746000,0.68756236,0.68756236,0.68756236
1691661747000,0.68757711,0.68757711,0.68757711
1691661748000,0.68753293,0.68753293,0.68753293
1691661749000,0.6875,0.6875,0.6875
1691661750000,0.6875,0.6875,0.6875
1691661751000,0.6875,0.6875,0.6875
1691661752000,0.6875,0.6875,0.6875
1691661753000,0.68753215,0.68753215,0.68753215
1691661754000,0.68753368,0.68753368,0.68753368
1691661755000,0.68758019,0.68758019,0.68758019
1691661756000,0.68758019,0.68758019,0.68758019
1691661757000,0.68757939,0.68757939,0.68757939
1691661758000,0.68758898,0.68758898,0.68758898
1691661759000,0.68768313,0.68768313,0.68768313
1691661760000,0.6877,0.6877,0.6877
1691661761000,0.6877,0.6877,0.6877
1691661762000,0.6877,0.6877,0.6877
1691661763000,0.6877,0.6877,0.6877
1691661764000,0.6877,0.6877,0.6877
1691661765000,0.68773564,0.68773564,0.68773564
1691661766000,0.68777866,0.68777866,0.68777866
1691661767000,0.68773294,0.68773294,0.68773294
1691661768000,0.68773245,0.68773245,0.68773245
1691661769000,0.68773245,0.68773245,0.68773245
1691661770000,0.68898156,0.68898156,0.68898156
1691661771000,0.68897457,0.68897457,0.68897457
1691661772000,0.68897457,0.68897457,0.68897457
1691661773000,0.68894898,0.68894898,0.68894898
1691661774000,0.68890399,0.68890399,0.68890399
1691661775000,0.68890166,0.68890166,0.68890166
1691661776000,0.68894814,0.68894814,0.68894814
1691661777000,0.68890162,0.68890162,0.68890162
1691661778000,0.6889168,0.6889168,0.6889168
1691661779000,0.68891795,0.68891795,0.68891795
1691661780000,0.68891795,0.68891795,0.68891795
1691661781000,0.68891795,0.68891795,0.68891795
1691661782000,0.68891795,0.68891795,0.68891795
1691661783000,0.68891681,0.68891681,0.68891681
1691661784000,0.68891681,0.68891681,0.68891681
1691661785000,0.68891442,0.68891442,0.68891442
1691661786000,0.68891442,0.68891442,0.68891442
1691661787000,0.68891362,0.68891362,0.68891362
1691661788000,0.68891442,0.68891442,0.68891442
1691661789000,0.68896013,0.68896013,0.68896013
1691661790000,0.68895712,0.68895712,0.68895712
1691661791000,0.68895712,0.68895712,0.68895712
1691661792000,0.68893536,0.68893536,0.68893536
1691661793000,0.68892141,0.68892141,0.68892141
1691661794000,0.68892141,0.68892141,0.68892141
1691661795000,0.68891751,0.68891751,0.68891751
1691661796000,0.68887103,0.68887103,0.68887103
1691661797000,0.68892452,0.68892452,0.68892452
1691661798000,0.68887103,0.68887103,0.68887103
1691661799000,0.68887448,0.68887448,0.68887448
1691661800000,0.68888039,0.68888039,0.68888039
1691661801000,0.6889269,0.6889269,0.6889269
1691661802000,0.6889269,0.6889269,0.6889269
1691661803000,0.6889269,0.6889269,0.6889269
1691661804000,0.68892753,0.68892753,0.68892753
1691661805000,0.68892588,0.68892588,0.68892588
1691661806000,0.68892588,0.68892588,0.68892588
1691661807000,0.68892507,0.68892507,0.68892507
1691661808000,0.68892591,0.68892591,0.68892591
1691661809000,0.68893337,0.68893337,0.68893337
1691661810000,0.68893091,0.68893091,0.68893091
1691661811000,0.6889449,0.6889449,0.6889449
1691661812000,0.6889449,0.6889449,0.6889449
1691661813000,0.68893011,0.68893011,0.68893011
1691661814000,0.68888482,0.68888482,0.68888482
1691661815000,0.68888482,0.68888482,0.68888482
1691661816000,0.68888429,0.68888429,0.68888429
1691661817000,0.68888433,0.68888433,0.68888433
1691661818000,0.68888433,0.68888433,0.68888433
1691661819000,0.68888433,0.68888433,0.68888433
1691661820000,0.68888325,0.68888325,0.68888325
1691661821000,0.68892894,0.68892894,0.68892894
1691661822000,0.68892891,0.68892891,0.68892891
1691661823000,0.68892891,0.68892891,0.68892891
1691661824000,0.68883543,0.68883543,0.68883543
1691661825000,0.68883543,0.68883543,0.68883543
1691661826000,0.68882975,0.68882975,0.68882975
1691661827000,0.68882975,0.68882975,0.68882975
1691661828000,0.68882975,0.68882975,0.68882975
1691661829000,0.68882975,0.68882975,0.68882975
1691661830000,0.68883006,0.68883006,0.68883006
1691661831000,0.68882434,0.68882434,0.68882434
1691661832000,0.68882434,0.68882434,0.68882434
1691661833000,0.68882514,0.68882514,0.68882514
1691661834000,0.68882514,0.68882514,0.68882514
1691661835000,0.68882507,0.68882507,0.68882507
1691661836000,0.6888614,0.6888614,0.6888614
1691661837000,0.6888606,0.6888606,0.6888606
1691661838000,0.6888606,0.6888606,0.6888606
1691661839000,0.6888606,0.6888606,0.6888606
1691661840000,0.68885764,0.68885764,0.68885764
1691661841000,0.68885137,0.68885137,0.68885137
1691661842000,0.68885217,0.68885217,0.68885217
1691661843000,0.68885214,0.68885214,0.68885214
1691661844000,0.68885214,0.68885214,0.68885214
1691661845000,0.68885597,0.68885597,0.68885597
1691661846000,0.68880826,0.68880826,0.68880826
1691661847000,0.68878796,0.68878796,0.68878796
1691661848000,0.68878876,0.68878876,0.68878876
1691661849000,0.68878876,0.68878876,0.68878876
1691661850000,0.68878653,0.68878653,0.68878653
1691661851000,0.68878653,0.68878653,0.68878653
1691661852000,0.68878203,0.68878203,0.68878203
1691661853000,0.68878203,0.68878203,0.68878203
1691661854000,0.68878203,0.68878203,0.68878203
1691661855000,0.68878088,0.68878088,0.68878088
1691661856000,0.68878091,0.68878091,0.68878091
1691661857000,0.68877711,0.68877711,0.68877711
1691661858000,0.68877711,0.68877711,0.68877711
1691661859000,0.68877711,0.68877711,0.68877711
1691661860000,0.68877495,0.68877495,0.68877495
1691661861000,0.68877495,0.68877495,0.68877495
1691661862000,0.68876954,0.68876954,0.68876954
1691661863000,0.68876954,0.68876954,0.68876954
1691661864000,0.68876954,0.68876954,0.68876954
1691661865000,0.68876874,0.68876874,0.68876874
1691661866000,0.68876843,0.68876843,0.68876843
1691661867000,0.68876417,0.68876417,0.68876417
1691661868000,0.68876417,0.68876417,0.68876417
1691661869000,0.68873703,0.68873703,0.68873703
1691661870000,0.68873703,0.68873703,0.68873703
1691661871000,0.68878114,0.68878114,0.68878114
1691661872000,0.68878114,0.68878114,0.68878114
1691661873000,0.68877617,0.68877617,0.68877617
1691661874000,0.68877617,0.68877617,0.68877617
1691661875000,0.68872966,0.68872966,0.68872966
1691661876000,0.68872161,0.68872161,0.68872161
1691661877000,0.68873794,0.68873794,0.68873794
1691661878000,0.68873225,0.68873225,0.68873225
1691661879000,0.68871826,0.68871826,0.68871826
1691661880000,0.68871826,0.68871826,0.68871826
1691661881000,0.68876152,0.68876152,0.68876152
1691661882000,0.68876152,0.68876152,0.68876152
1691661883000,0.68870991,0.68870991,0.68870991
1691661884000,0.68870908,0.68870908,0.68870908
1691661885000,0.68870908,0.68870908,0.68870908
1691661886000,0.68871044,0.68871044,0.68871044
1691661887000,0.68871044,0.68871044,0.68871044
1691661888000,0.68870297,0.68870297,0.68870297
1691661889000,0.68860998,0.68860998,0.68860998
1691661890000,0.68860995,0.68860995,0.68860995
1691661891000,0.68856722,0.68856722,0.68856722
1691661892000,0.68856722,0.68856722,0.68856722
1691661893000,0.68855982,0.68855982,0.68855982
1691661894000,0.68855985,0.68855985,0.68855985
1691661895000,0.68855982,0.68855982,0.68855982
1691661896000,0.68856062,0.68856062,0.68856062
1691661897000,0.6885594,0.6885594,0.6885594
1691661898000,0.68855863,0.68855863,0.68855863
1691661899000,0.68855192,0.68855192,0.68855192
1691661900000,0.68855192,0.68855192,0.68855192
1691661901000,0.68855286,0.68855286,0.68855286
1691661902000,0.68855286,0.68855286,0.68855286
1691661903000,0.68855283,0.68855283,0.68855283
1691661904000,0.68854276,0.68854276,0.68854276
1691661905000,0.68854884,0.68854884,0.68854884
1691661906000,0.68854884,0.68854884,0.68854884
1691661907000,0.68845681,0.68845681,0.68845681
1691661908000,0.68845681,0.68845681,0.68845681
1691661909000,0.68844885,0.68844885,0.68844885
1691661910000,0.68844885,0.68844885,0.68844885
1691661911000,0.68844805,0.68844805,0.68844805
1691661912000,0.68844731,0.68844731,0.68844731
1691661913000,0.68848851,0.68848851,0.68848851
1691661914000,0.68848048,0.68848048,0.68848048
1691661915000,0.68848048,0.68848048,0.68848048
1691661916000,0.68843167,0.68843167,0.68843167
1691661917000,0.68838339,0.68838339,0.68838339
1691661918000,0.6883762,0.6883762,0.6883762
1691661919000,0.68836682,0.68836682,0.68836682
1691661920000,0.68832559,0.68832559,0.68832559
1691661921000,0.68831164,0.68831164,0.68831164
1691661922000,0.68831209,0.68831209,0.68831209
1691661923000,0.68831209,0.68831209,0.68831209
1691661924000,0.68830246,0.68830246,0.68830246
1691661925000,0.68830249,0.68830249,0.68830249
1691661926000,0.68830249,0.68830249,0.68830249
1691661927000,0.68824889,0.68824889,0.68824889
1691661928000,0.68824889,0.68824889,0.68824889
1691661929000,0.68824889,0.68824889,0.68824889
1691661930000,0.68823868,0.68823868,0.68823868
1691661931000,0.68823785,0.68823785,0.68823785
1691661932000,0.68778093,0.68778093,0.68778093
1691661933000,0.68782744,0.68782744,0.68782744
1691661934000,0.68782747,0.68782747,0.68782747
1691661935000,0.68781813,0.68781813,0.68781813
1691661936000,0.6878181,0.6878181,0.6878181
1691661937000,0.68784717,0.68784717,0.68784717
1691661938000,0.68784717,0.68784717,0.68784717
1691661939000,0.68785026,0.68785026,0.68785026
1691661940000,0.68784269,0.68784269,0.68784269
1691661941000,0.68784269,0.68784269,0.68784269
1691661942000,0.68784227,0.68784227,0.68784227
1691661943000,0.68788878,0.68788878,0.68788878
1691661944000,0.68788882,0.68788882,0.68788882
1691661945000,0.6878824,0.6878824,0.6878824
1691661946000,0.68788237,0.68788237,0.68788237
1691661947000,0.68788313,0.68788313,0.68788313
1691661948000,0.68788313,0.68788313,0.68788313
1691661949000,0.68783579,0.68783579,0.68783579
1691661950000,0.68782861,0.68782861,0.68782861
1691661951000,0.68782861,0.68782861,0.68782861
1691661952000,0.68782864,0.68782864,0.68782864
1691661953000,0.68782763,0.68782763,0.68782763
1691661954000,0.68779584,0.68779584,0.68779584
1691661955000,0.68779584,0.68779584,0.68779584
1691661956000,0.68778211,0.68778211,0.68778211
1691661957000,0.68778211,0.68778211,0.68778211
1691661958000,0.6877817,0.6877817,0.6877817
1691661959000,0.6877817,0.6877817,0.6877817
1691661960000,0.6877817,0.6877817,0.6877817
1691661961000,0.6879,0.6879,0.6879
1691661962000,0.68788066,0.68788066,0.68788066
1691661963000,0.6879,0.6879,0.6879
1691661964000,0.68797452,0.68797452,0.68797452
1691661965000,0.68797452,0.68797452,0.68797452
1691661966000,0.68796404,0.68796404,0.68796404
1691661967000,0.68799198,0.68799198,0.68799198
1691661968000,0.68800307,0.68800307,0.68800307
1691661969000,0.6880039,0.6880039,0.6880039
1691661970000,0.6880039,0.6880039,0.6880039
1691661971000,0.68799838,0.68799838,0.68799838
1691661972000,0.68799838,0.68799838,0.68799838
1691661973000,0.68799831,0.68799831,0.68799831
1691661974000,0.68799831,0.68799831,0.68799831
1691661975000,0.68799751,0.68799751,0.68799751
1691661976000,0.68799232,0.68799232,0.68799232
1691661977000,0.68799232,0.68799232,0.68799232
1691661978000,0.68799232,0.68799232,0.68799232
1691661979000,0.68799246,0.68799246,0.68799246
1691661980000,0.688,0.688,0.688
1691661981000,0.68798805,0.68798805,0.68798805
1691661982000,0.68798805,0.68798805,0.68798805
1691661983000,0.68794172,0.68794172,0.68794172
1691661984000,0.68794252,0.68794252,0.68794252
1691661985000,0.68798903,0.68798903,0.68798903
1691661986000,0.68798903,0.68798903,0.68798903
1691661987000,0.68798478,0.68798478,0.68798478
1691661988000,0.68798478,0.68798478,0.68798478
1691661989000,0.68798488,0.68798488,0.68798488
1691661990000,0.68798488,0.68798488,0.68798488
1691661991000,0.68797895,0.68797895,0.68797895
1691661992000,0.68797429,0.68797429,0.68797429
1691661993000,0.68797429,0.68797429,0.68797429
1691661994000,0.68797319,0.68797319,0.68797319
1691661995000,0.68797319,0.68797319,0.68797319
1691661996000,0.68792668,0.68792668,0.68792668
1691661997000,0.68796945,0.68796945,0.68796945
1691661998000,0.68796415,0.68796415,0.68796415
1691661999000,0.68796415,0.68796415,0.68796415
1691662000000,0.68796371,0.68796371,0.68796371
1691662001000,0.68791699,0.68791699,0.68791699
1691662002000,0.68790996,0.68790996,0.68790996
1691662003000,0.68790996,0.68790996,0.68790996
1691662004000,0.68790863,0.68790863,0.68790863
1691662005000,0.68790863,0.68790863,0.68790863
1691662006000,0.68790701,0.68790701,0.68790701
1691662007000,0.68790005,0.68790005,0.68790005
1691662008000,0.68789514,0.68789514,0.68789514
1691662009000,0.6878965,0.6878965,0.6878965
1691662010000,0.6878483,0.6878483,0.6878483
1691662011000,0.68784753,0.68784753,0.68784753
1691662012000,0.6878475,0.6878475,0.6878475
1691662013000,0.68784273,0.68784273,0.68784273
1691662014000,0.68784185,0.68784185,0.68784185
1691662015000,0.68784185,0.68784185,0.68784185
1691662016000,0.68784185,0.68784185,0.68784185
1691662017000,0.68784185,0.68784185,0.68784185
1691662018000,0.68783028,0.68783028,0.68783028
1691662019000,0.68782962,0.68782962,0.68782962
1691662020000,0.68782962,0.68782962,0.68782962
1691662021000,0.68782962,0.68782962,0.68782962
1691662022000,0.68782962,0.68782962,0.68782962
1691662023000,0.68782133,0.68782133,0.68782133
1691662024000,0.68782105,0.68782105,0.68782105
1691662025000,0.68782028,0.68782028,0.68782028
1691662026000,0.68782028,0.68782028,0.68782028
1691662027000,0.68777374,0.68777374,0.68777374
1691662028000,0.6877654,0.6877654,0.6877654
1691662029000,0.6877654,0.6877654,0.6877654
1691662030000,0.68776593,0.68776593,0.68776593
1691662031000,0.68776513,0.68776513,0.68776513
1691662032000,0.68776513,0.68776513,0.68776513
1691662033000,0.68775588,0.68775588,0.68775588
1691662034000,0.68780242,0.68780242,0.68780242
1691662035000,0.68784385,0.68784385,0.68784385
1691662036000,0.68784465,0.68784465,0.68784465
1691662037000,0.68784468,0.68784468,0.68784468
1691662038000,0.68783469,0.68783469,0.68783469
1691662039000,0.68783472,0.68783472,0.68783472
1691662040000,0.68783413,0.68783413,0.68783413
1691662041000,0.68783413,0.68783413,0.68783413
1691662042000,0.68783333,0.68783333,0.68783333
1691662043000,0.68783333,0.68783333,0.68783333
1691662044000,0.68782357,0.68782357,0.68782357
1691662045000,0.6878233,0.6878233,0.6878233
1691662046000,0.6878233,0.6878233,0.6878233
1691662047000,0.6878233,0.6878233,0.6878233
1691662048000,0.6878233,0.6878233,0.6878233
1691662049000,0.68779957,0.68779957,0.68779957
1691662050000,0.68780026,0.68780026,0.68780026
1691662051000,0.68780026,0.68780026,0.68780026
1691662052000,0.68779946,0.68779946,0.68779946
1691662053000,0.68775299,0.68775299,0.68775299
1691662054000,0.68774294,0.68774294,0.68774294
1691662055000,0.68774294,0.68774294,0.68774294
1691662056000,0.68774294,0.68774294,0.68774294
1691662057000,0.68774291,0.68774291,0.68774291
1691662058000,0.68774291,0.68774291,0.68774291
1691662059000,0.68773444,0.68773444,0.68773444
1691662060000,0.68773444,0.68773444,0.68773444
1691662061000,0.68773559,0.68773559,0.68773559
1691662062000,0.68773559,0.68773559,0.68773559
1691662063000,0.68778213,0.68778213,0.68778213
1691662064000,0.68777442,0.68777442,0.68777442
1691662065000,0.68777456,0.68777456,0.68777456
1691662066000,0.68777459,0.68777459,0.68777459
1691662067000,0.68777459,0.68777459,0.68777459
1691662068000,0.68777459,0.68777459,0.68777459
1691662069000,0.68776458,0.68776458,0.68776458
1691662070000,0.68763238,0.68763238,0.68763238
1691662071000,0.68763242,0.68763242,0.68763242
1691662072000,0.6876162,0.6876162,0.6876162
1691662073000,0.6877,0.6877,0.6877
1691662074000,0.68761167,0.68761167,0.68761167
1691662075000,0.6876044,0.6876044,0.6876044
1691662076000,0.6876044,0.6876044,0.6876044
1691662077000,0.6877,0.6877,0.6877
1691662078000,0.6877,0.6877,0.6877
1691662079000,0.6877,0.6877,0.6877
1691662080000,0.6877,0.6877,0.6877
1691662081000,0.6877,0.6877,0.6877
1691662082000,0.6877,0.6877,0.6877
1691662083000,0.6877,0.6877,0.6877
1691662084000,0.6878,0.6878,0.6878
1691662085000,0.6878,0.6878,0.6878
1691662086000,0.6878,0.6878,0.6878
1691662087000,0.6878,0.6878,0.6878
1691662088000,0.6878,0.6878,0.6878
1691662089000,0.6878,0.6878,0.6878
1691662090000,0.6878,0.6878,0.6878
1691662091000,0.6878,0.6878,0.6878
1691662092000,0.6878,0.6878,0.6878
1691662093000,0.6878,0.6878,0.6878
1691662094000,0.6878,0.6878,0.6878
1691662095000,0.6878,0.6878,0.6878
1691662096000,0.6878,0.6878,0.6878
1691662097000,0.6878,0.6878,0.6878
1691662098000,0.6878,0.6878,0.6878
1691662099000,0.6878,0.6878,0.6878
1691662100000,0.6878,0.6878,0.6878
1691662101000,0.6878,0.6878,0.6878
1691662102000,0.6878,0.6878,0.6878
1691662103000,0.6878,0.6878,0.6878
1691662104000,0.6877,0.6877,0.6877
1691662105000,0.6877,0.6877,0.6877
1691662106000,0.6877,0.6877,0.6877
1691662107000,0.6877,0.6877,0.6877
1691662108000,0.6877,0.6877,0.6877
1691662109000,0.6877,0.6877,0.6877
1691662110000,0.6877,0.6877,0.6877
1691662111000,0.6878,0.6878,0.6878
1691662112000,0.6878,0.6878,0.6878
1691662113000,0.6878,0.6878,0.6878
1691662114000,0.6878,0.6878,0.6878
1691662115000,0.6878,0.6878,0.6878
1691662116000,0.6878,0.6878,0.6878
1691662117000,0.6878,0.6878,0.6878
1691662118000,0.6878,0.6878,0.6878
1691662119000,0.6878,0.6878,0.6878
1691662120000,0.6878,0.6878,0.6878
1691662121000,0.6878,0.6878,0.6878
1691662122000,0.6879,0.6879,0.6879
1691662123000,0.6879,0.6879,0.6879
1691662124000,0.6879,0.6879,0.6879
1691662125000,0.6879,0.6879,0.6879
1691662126000,0.6879,0.6879,0.6879
1691662127000,0.6879,0.6879,0.6879
1691662128000,0.6879,0.6879,0.6879
1691662129000,0.6879,0.6879,0.6879
1691662130000,0.6879,0.6879,0.6879
1691662131000,0.6879,0.6879,0.6879
1691662132000,0.6879,0.6879,0.6879
1691662133000,0.6879,0.6879,0.6879
1691662134000,0.6879,0.6879,0.6879
1691662135000,0.6879,0.6879,0.6879
1691662136000,0.6879,0.6879,0.6879
1691662137000,0.6876,0.6876,0.6876
1691662138000,0.6876,0.6876,0.6876
1691662139000,0.6876,0.6876,0.6876
1691662140000,0.6876,0.6876,0.6876
1691662141000,0.6876,0.6876,0.6876
1691662142000,0.6875,0.6875,0.6875
1691662143000,0.6876,0.6876,0.6876
1691662144000,0.6876,0.6876,0.6876
1691662145000,0.6876,0.6876,0.6876
1691662146000,0.6876,0.6876,0.6876
1691662147000,0.6876,0.6876,0.6876
1691662148000,0.6876,0.6876,0.6876
1691662149000,0.6875,0.6875,0.6875
1691662150000,0.6875,0.6875,0.6875
1691662151000,0.6875,0.6875,0.6875
1691662152000,0.6875,0.6875,0.6875
1691662153000,0.6875,0.6875,0.6875
1691662154000,0.6875,0.6875,0.6875
1691662155000,0.68741017,0.68741017,0.68741017
1691662156000,0.6875,0.6875,0.6875
1691662157000,0.68741017,0.68741017,0.68741017
1691662158000,0.68740994,0.68740994,0.68740994
1691662159000,0.68740994,0.68740994,0.68740994
1691662160000,0.68740997,0.68740997,0.68740997
1691662161000,0.68740994,0.68740994,0.68740994
1691662162000,0.68740994,0.68740994,0.68740994
1691662163000,0.6874,0.6874,0.6874
1691662164000,0.6874,0.6874,0.6874
1691662165000,0.68740412,0.68740412,0.68740412
1691662166000,0.68740412,0.68740412,0.68740412
1691662167000,0.68740415,0.68740415,0.68740415
1691662168000,0.68740053,0.68740053,0.68740053
1691662169000,0.68740053,0.68740053,0.68740053
1691662170000,0.6874,0.6874,0.6874
1691662171000,0.6874,0.6874,0.6874
1691662172000,0.6874,0.6874,0.6874
1691662173000,0.68739318,0.68739318,0.68739318
1691662174000,0.68734676,0.68734676,0.68734676
1691662175000,0.68734676,0.68734676,0.68734676
1691662176000,0.68734676,0.68734676,0.68734676
1691662177000,0.6873468,0.6873468,0.6873468
1691662178000,0.68734663,0.68734663,0.68734663
1691662179000,0.68734618,0.68734618,0.68734618
1691662180000,0.68734618,0.68734618,0.68734618
1691662181000,0.68734621,0.68734621,0.68734621
1691662182000,0.68734618,0.68734618,0.68734618
1691662183000,0.68734402,0.68734402,0.68734402
1691662184000,0.68734485,0.68734485,0.68734485
1691662185000,0.68734402,0.68734402,0.68734402
1691662186000,0.68734485,0.68734485,0.68734485
1691662187000,0.68734485,0.68734485,0.68734485
1691662188000,0.68734576,0.68734576,0.68734576
1691662189000,0.6873332,0.6873332,0.6873332
1691662190000,0.68733317,0.68733317,0.68733317
1691662191000,0.68733397,0.68733397,0.68733397
1691662192000,0.68728746,0.68728746,0.68728746
1691662193000,0.68728746,0.68728746,0.68728746
1691662194000,0.68728546,0.68728546,0.68728546
1691662195000,0.68728546,0.68728546,0.68728546
1691662196000,0.68724426,0.68724426,0.68724426
1691662197000,0.68724346,0.68724346,0.68724346
1691662198000,0.68724343,0.68724343,0.68724343
1691662199000,0.6872401,0.6872401,0.6872401
1691662200000,0.68724014,0.68724014,0.68724014
1691662201000,0.6872401,0.6872401,0.6872401
1691662202000,0.68724014,0.68724014,0.68724014
1691662203000,0.68724014,0.68724014,0.68724014
1691662204000,0.68724007,0.68724007,0.68724007
1691662205000,0.68723948,0.68723948,0.68723948
1691662206000,0.6872,0.6872,0.6872
1691662207000,0.6872,0.6872,0.6872
1691662208000,0.6872,0.6872,0.6872
1691662209000,0.6872,0.6872,0.6872
1691662210000,0.68718827,0.68718827,0.68718827
1691662211000,0.68718824,0.68718824,0.68718824
1691662212000,0.68718127,0.68718127,0.68718127
1691662213000,0.68718127,0.68718127,0.68718127
1691662214000,0.68718127,0.68718127,0.68718127
1691662215000,0.68718025,0.68718025,0.68718025
1691662216000,0.68713374,0.68713374,0.68713374
1691662217000,0.68713454,0.68713454,0.68713454
1691662218000,0.6872,0.6872,0.6872
1691662219000,0.6872,0.6872,0.6872
1691662220000,0.6872,0.6872,0.6872
1691662221000,0.6872,0.6872,0.6872
1691662222000,0.6872,0.6872,0.6872
1691662223000,0.6872,0.6872,0.6872
1691662224000,0.6872,0.6872,0.6872
1691662225000,0.6872,0.6872,0.6872
1691662226000,0.6872,0.6872,0.6872
1691662227000,0.6872,0.6872,0.6872
1691662228000,0.6872,0.6872,0.6872
1691662229000,0.6872,0.6872,0.6872
1691662230000,0.68718031,0.68718031,0.68718031
1691662231000,0.68717915,0.68717915,0.68717915
1691662232000,0.68717915,0.68717915,0.68717915
1691662233000,0.68717918,0.68717918,0.68717918
1691662234000,0.68717918,0.68717918,0.68717918
1691662235000,0.68713989,0.68713989,0.68713989
1691662236000,0.68718641,0.68718641,0.68718641
1691662237000,0.68718637,0.68718637,0.68718637
1691662238000,0.68718641,0.68718641,0.68718641
1691662239000,0.6871,0.6871,0.6871
1691662240000,0.6871,0.6871,0.6871
1691662241000,0.68713821,0.68713821,0.68713821
1691662242000,0.68713825,0.68713825,0.68713825
1691662243000,0.68713904,0.68713904,0.68713904
1691662244000,0.68713904,0.68713904,0.68713904
1691662245000,0.68713915,0.68713915,0.68713915
1691662246000,0.68713926,0.68713926,0.68713926
1691662247000,0.68713926,0.68713926,0.68713926
1691662248000,0.6871,0.6871,0.6871
1691662249000,0.6871,0.6871,0.6871
1691662250000,0.6871,0.6871,0.6871
1691662251000,0.68713978,0.68713978,0.68713978
1691662252000,0.68713978,0.68713978,0.68713978
1691662253000,0.68713978,0.68713978,0.68713978
1691662254000,0.68713978,0.68713978,0.68713978
1691662255000,0.68713915,0.68713915,0.68713915
1691662256000,0.68713879,0.68713879,0.68713879
1691662257000,0.68713879,0.68713879,0.68713879
1691662258000,0.68713879,0.68713879,0.68713879
1691662259000,0.68713959,0.68713959,0.68713959
1691662260000,0.68713778,0.68713778,0.68713778
1691662261000,0.68714204,0.68714204,0.68714204
1691662262000,0.68714121,0.68714121,0.68714121
1691662263000,0.68714201,0.68714201,0.68714201
1691662264000,0.68714201,0.68714201,0.68714201
1691662265000,0.68714193,0.68714193,0.68714193
1691662266000,0.68713675,0.68713675,0.68713675
1691662267000,0.68713592,0.68713592,0.68713592
1691662268000,0.68713592,0.68713592,0.68713592
1691662269000,0.68713595,0.68713595,0.68713595
1691662270000,0.68713595,0.68713595,0.68713595
1691662271000,0.68713613,0.68713613,0.68713613
1691662272000,0.68713311,0.68713311,0.68713311
1691662273000,0.68713231,0.68713231,0.68713231
1691662274000,0.68713231,0.68713231,0.68713231
1691662275000,0.6871319,0.6871319,0.6871319
1691662276000,0.6871319,0.6871319,0.6871319
1691662277000,0.68712888,0.68712888,0.68712888
1691662278000,0.68712885,0.68712885,0.68712885
1691662279000,0.68712885,0.68712885,0.68712885
1691662280000,0.68712888,0.68712888,0.68712888
1691662281000,0.68712847,0.68712847,0.68712847
1691662282000,0.68712709,0.68712709,0.68712709
1691662283000,0.68712709,0.68712709,0.68712709
1691662284000,0.68712709,0.68712709,0.68712709
1691662285000,0.68712709,0.68712709,0.68712709
1691662286000,0.68708103,0.68708103,0.68708103
1691662287000,0.6871,0.6871,0.6871
1691662288000,0.6871,0.6871,0.6871
1691662289000,0.6871,0.6871,0.6871
1691662290000,0.68712619,0.68712619,0.68712619
1691662291000,0.68712619,0.68712619,0.68712619
1691662292000,0.6871249,0.6871249,0.6871249
1691662293000,0.6871249,0.6871249,0.6871249
1691662294000,0.6871249,0.6871249,0.6871249
1691662295000,0.6871257,0.6871257,0.6871257
1691662296000,0.6871257,0.6871257,0.6871257
1691662297000,0.68712315,0.68712315,0.68712315
1691662298000,0.68712239,0.68712239,0.68712239
1691662299000,0.68712239,0.68712239,0.68712239
1691662300000,0.68712239,0.68712239,0.68712239
1691662301000,0.68712239,0.68712239,0.68712239
1691662302000,0.68712235,0.68712235,0.68712235
1691662303000,0.68712168,0.68712168,0.68712168
1691662304000,0.68712171,0.68712171,0.68712171
1691662305000,0.68712168,0.68712168,0.68712168
1691662306000,0.6871,0.6871,0.6871
1691662307000,0.6871,0.6871,0.6871
1691662308000,0.6871,0.6871,0.6871
1691662309000,0.6871,0.6871,0.6871
1691662310000,0.6871,0.6871,0.6871
1691662311000,0.6871,0.6871,0.6871
1691662312000,0.6871,0.6871,0.6871
1691662313000,0.68711961,0.68711961,0.68711961
1691662314000,0.68711961,0.68711961,0.68711961
1691662315000,0.68712041,0.68712041,0.68712041
1691662316000,0.68711947,0.68711947,0.68711947
1691662317000,0.68711947,0.68711947,0.68711947
1691662318000,0.68711783,0.68711783,0.68711783
1691662319000,0.68711783,0.68711783,0.68711783
1691662320000,0.68711783,0.68711783,0.68711783
1691662321000,0.68711783,0.68711783,0.68711783
1691662322000,0.68711707,0.68711707,0.68711707
1691662323000,0.68711535,0.68711535,0.68711535
1691662324000,0.68711535,0.68711535,0.68711535
1691662325000,0.68711535,0.68711535,0.68711535
1691662326000,0.68711535,0.68711535,0.68711535
1691662327000,0.68711511,0.68711511,0.68711511
1691662328000,0.68711511,0.68711511,0.68711511
1691662329000,0.6871134,0.6871134,0.6871134
1691662330000,0.6871134,0.6871134,0.6871134
1691662331000,0.6871134,0.6871134,0.6871134
1691662332000,0.68711297,0.68711297,0.68711297
1691662333000,0.68711217,0.68711217,0.68711217
1691662334000,0.68710971,0.68710971,0.68710971
1691662335000,0.68710971,0.68710971,0.68710971
1691662336000,0.68710971,0.68710971,0.68710971
1691662337000,0.68710971,0.68710971,0.68710971
1691662338000,0.68710947,0.68710947,0.68710947
1691662339000,0.68710965,0.68710965,0.68710965
1691662340000,0.68711045,0.68711045,0.68711045
1691662341000,0.68710968,0.68710968,0.68710968
1691662342000,0.68710965,0.68710965,0.68710965
1691662343000,0.68710965,0.68710965,0.68710965
1691662344000,0.68710864,0.68710864,0.68710864
1691662345000,0.68710864,0.68710864,0.68710864
1691662346000,0.68710864,0.68710864,0.68710864
1691662347000,0.68710868,0.68710868,0.68710868
1691662348000,0.68706555,0.68706555,0.68706555
1691662349000,0.68706454,0.68706454,0.68706454
1691662350000,0.68706534,0.68706534,0.68706534
1691662351000,0.68706534,0.68706534,0.68706534
1691662352000,0.68706495,0.68706495,0.68706495
1691662353000,0.68706416,0.68706416,0.68706416
1691662354000,0.68706416,0.68706416,0.68706416
1691662355000,0.68706366,0.68706366,0.68706366
1691662356000,0.6872,0.6872,0.6872
1691662357000,0.6872,0.6872,0.6872
1691662358000,0.6872,0.6872,0.6872
1691662359000,0.6871072,0.6871072,0.6871072
1691662360000,0.6871059,0.6871059,0.6871059
1691662361000,0.6871059,0.6871059,0.6871059
1691662362000,0.6871059,0.6871059,0.6871059
1691662363000,0.68710611,0.68710611,0.68710611
1691662364000,0.68710611,0.68710611,0.68710611
1691662365000,0.68710661,0.68710661,0.68710661
1691662366000,0.68710661,0.68710661,0.68710661
1691662367000,0.68710661,0.68710661,0.68710661
1691662368000,0.6872,0.6872,0.6872
1691662369000,0.6872,0.6872,0.6872
1691662370000,0.6872,0.6872,0.6872
1691662371000,0.6872,0.6872,0.6872
1691662372000,0.68714209,0.68714209,0.68714209
1691662373000,0.68714257,0.68714257,0.68714257
1691662374000,0.68714257,0.68714257,0.68714257
1691662375000,0.68713498,0.68713498,0.68713498
1691662376000,0.6871,0.6871,0.6871
1691662377000,0.6871,0.6871,0.6871
1691662378000,0.6871,0.6871,0.6871
1691662379000,0.6871,0.6871,0.6871
1691662380000,0.6872,0.6872,0.6872
1691662381000,0.6872,0.6872,0.6872
1691662382000,0.68722823,0.68722823,0.68722823
1691662383000,0.6873,0.6873,0.6873
1691662384000,0.6873,0.6873,0.6873
1691662385000,0.6873,0.6873,0.6873
1691662386000,0.6873,0.6873,0.6873
1691662387000,0.6873,0.6873,0.6873
1691662388000,0.6873,0.6873,0.6873
1691662389000,0.6873,0.6873,0.6873
1691662390000,0.6873,0.6873,0.6873
1691662391000,0.6873,0.6873,0.6873
1691662392000,0.6873,0.6873,0.6873
1691662393000,0.6873,0.6873,0.6873
1691662394000,0.6873,0.6873,0.6873
1691662395000,0.6873,0.6873,0.6873
1691662396000,0.6873,0.6873,0.6873
1691662397000,0.6873,0.6873,0.6873
1691662398000,0.6873,0.6873,0.6873
1691662399000,0.6873,0.6873,0.6873
1691662400000,0.6872,0.6872,0.6872
1691662401000,0.6872,0.6872,0.6872
1691662402000,0.6872,0.6872,0.6872
1691662403000,0.6872,0.6872,0.6872
1691662404000,0.6873,0.6873,0.6873
1691662405000,0.6873,0.6873,0.6873
1691662406000,0.6873,0.6873,0.6873
1691662407000,0.6873,0.6873,0.6873
1691662408000,0.6873,0.6873,0.6873
1691662409000,0.6873,0.6873,0.6873
1691662410000,0.6873,0.6873,0.6873
1691662411000,0.6873,0.6873,0.6873
1691662412000,0.6873,0.6873,0.6873
1691662413000,0.6873,0.6873,0.6873
1691662414000,0.6873,0.6873,0.6873
1691662415000,0.6873,0.6873,0.6873
1691662416000,0.6873,0.6873,0.6873
1691662417000,0.6873,0.6873,0.6873
1691662418000,0.6873,0.6873,0.6873
1691662419000,0.6873,0.6873,0.6873
1691662420000,0.6873,0.6873,0.6873
1691662421000,0.6873,0.6873,0.6873
1691662422000,0.6872,0.6872,0.6872
1691662423000,0.6872,0.6872,0.6872
1691662424000,0.6872,0.6872,0.6872
1691662425000,0.6872,0.6872,0.6872
1691662426000,0.6872,0.6872,0.6872
1691662427000,0.6872,0.6872,0.6872
1691662428000,0.6872,0.6872,0.6872
1691662429000,0.6872,0.6872,0.6872
1691662430000,0.6872,0.6872,0.6872
1691662431000,0.6873,0.6873,0.6873
1691662432000,0.6873,0.6873,0.6873
1691662433000,0.6873,0.6873,0.6873
1691662434000,0.6874,0.6874,0.6874
1691662435000,0.6874,0.6874,0.6874
1691662436000,0.6874,0.6874,0.6874
1691662437000,0.6874,0.6874,0.6874
1691662438000,0.6874,0.6874,0.6874
1691662439000,0.6874,0.6874,0.6874
1691662440000,0.6874,0.6874,0.6874
1691662441000,0.6873,0.6873,0.6873
1691662442000,0.6873,0.6873,0.6873
1691662443000,0.6872,0.6872,0.6872
1691662444000,0.68719513,0.68719513,0.68719513
1691662445000,0.68719513,0.68719513,0.68719513
1691662446000,0.68713666,0.68713666,0.68713666
1691662447000,0.6872,0.6872,0.6872
1691662448000,0.6872,0.6872,0.6872
1691662449000,0.6873,0.6873,0.6873
1691662450000,0.6873,0.6873,0.6873
1691662451000,0.6873,0.6873,0.6873
1691662452000,0.6873,0.6873,0.6873
1691662453000,0.6873,0.6873,0.6873
1691662454000,0.6873,0.6873,0.6873
1691662455000,0.6873,0.6873,0.6873
1691662456000,0.6873,0.6873,0.6873
1691662457000,0.6873,0.6873,0.6873
1691662458000,0.6872,0.6872,0.6872
1691662459000,0.6872,0.6872,0.6872
1691662460000,0.6872,0.6872,0.6872
1691662461000,0.6872,0.6872,0.6872
1691662462000,0.6872,0.6872,0.6872
1691662463000,0.6872,0.6872,0.6872
1691662464000,0.6872,0.6872,0.6872
1691662465000,0.6872,0.6872,0.6872
1691662466000,0.6873,0.6873,0.6873
1691662467000,0.6873,0.6873,0.6873
1691662468000,0.6873,0.6873,0.6873
1691662469000,0.6872,0.6872,0.6872
1691662470000,0.6872,0.6872,0.6872
1691662471000,0.6873,0.6873,0.6873
1691662472000,0.6873,0.6873,0.6873
1691662473000,0.6873,0.6873,0.6873
1691662474000,0.6873,0.6873,0.6873
1691662475000,0.6873,0.6873,0.6873
1691662476000,0.6873,0.6873,0.6873
1691662477000,0.6873,0.6873,0.6873
1691662478000,0.6873,0.6873,0.6873
1691662479000,0.6872,0.6872,0.6872
1691662480000,0.6872,0.6872,0.6872
1691662481000,0.6872,0.6872,0.6872
1691662482000,0.6872,0.6872,0.6872
1691662483000,0.6872,0.6872,0.6872
1691662484000,0.6872,0.6872,0.6872
1691662485000,0.6872,0.6872,0.6872
1691662486000,0.6872,0.6872,0.6872
1691662487000,0.6873,0.6873,0.6873
1691662488000,0.6873,0.6873,0.6873
1691662489000,0.6873,0.6873,0.6873
1691662490000,0.6873,0.6873,0.6873
1691662491000,0.6873,0.6873,0.6873
1691662492000,0.6873,0.6873,0.6873
1691662493000,0.6873,0.6873,0.6873
1691662494000,0.6873,0.6873,0.6873
1691662495000,0.6873,0.6873,0.6873
1691662496000,0.6873,0.6873,0.6873
1691662497000,0.6873,0.6873,0.6873
1691662498000,0.6872,0.6872,0.6872
1691662499000,0.6874,0.6874,0.6874
1691662500000,0.6875,0.6875,0.6875
1691662501000,0.6875,0.6875,0.6875
1691662502000,0.6875,0.6875,0.6875
1691662503000,0.6875,0.6875,0.6875
1691662504000,0.6875,0.6875,0.6875
1691662505000,0.6876,0.6876,0.6876
1691662506000,0.6875,0.6875,0.6875
1691662507000,0.6875,0.6875,0.6875
1691662508000,0.6875,0.6875,0.6875
1691662509000,0.6875,0.6875,0.6875
1691662510000,0.6875,0.6875,0.6875
1691662511000,0.6875,0.6875,0.6875
1691662512000,0.6876,0.6876,0.6876
1691662513000,0.6875,0.6875,0.6875
1691662514000,0.6875,0.6875,0.6875
1691662515000,0.6875,0.6875,0.6875
1691662516000,0.6875,0.6875,0.6875
1691662517000,0.6875,0.6875,0.6875
1691662518000,0.6877,0.6877,0.6877
1691662519000,0.6877,0.6877,0.6877
1691662520000,0.6876,0.6876,0.6876
1691662521000,0.6876,0.6876,0.6876
1691662522000,0.6876,0.6876,0.6876
1691662523000,0.6877,0.6877,0.6877
1691662524000,0.6875,0.6875,0.6875
1691662525000,0.6875,0.6875,0.6875
1691662526000,0.6875,0.6875,0.6875
1691662527000,0.6875,0.6875,0.6875
1691662528000,0.6875,0.6875,0.6875
1691662529000,0.6876,0.6876,0.6876
1691662530000,0.6876,0.6876,0.6876
1691662531000,0.6876,0.6876,0.6876
1691662532000,0.6875,0.6875,0.6875
1691662533000,0.6875,0.6875,0.6875
1691662534000,0.6875,0.6875,0.6875
1691662535000,0.6875,0.6875,0.6875
1691662536000,0.6875,0.6875,0.6875
1691662537000,0.6875,0.6875,0.6875
1691662538000,0.6875,0.6875,0.6875
1691662539000,0.6875,0.6875,0.6875
1691662540000,0.6875,0.6875,0.6875
1691662541000,0.6877,0.6877,0.6877
1691662542000,0.6877,0.6877,0.6877
1691662543000,0.6877,0.6877,0.6877
1691662544000,0.6877,0.6877,0.6877
1691662545000,0.6877,0.6877,0.6877
1691662546000,0.6877,0.6877,0.6877
1691662547000,0.6877,0.6877,0.6877
1691662548000,0.6877,0.6877,0.6877
1691662549000,0.6876,0.6876,0.6876
1691662550000,0.6876,0.6876,0.6876
1691662551000,0.6876,0.6876,0.6876
1691662552000,0.6876,0.6876,0.6876
1691662553000,0.6876,0.6876,0.6876
1691662554000,0.6876,0.6876,0.6876
1691662555000,0.6876,0.6876,0.6876
1691662556000,0.6876,0.6876,0.6876
1691662557000,0.68752078,0.68752078,0.68752078
1691662558000,0.6876,0.6876,0.6876
1691662559000,0.6876,0.6876,0.6876
1691662560000,0.6876,0.6876,0.6876
1691662561000,0.6876,0.6876,0.6876
1691662562000,0.6875,0.6875,0.6875
1691662563000,0.6876,0.6876,0.6876
1691662564000,0.6876,0.6876,0.6876
1691662565000,0.6876,0.6876,0.6876
1691662566000,0.6876,0.6876,0.6876
1691662567000,0.6878,0.6878,0.6878
1691662568000,0.6879,0.6879,0.6879
1691662569000,0.6879,0.6879,0.6879
1691662570000,0.6879,0.6879,0.6879
1691662571000,0.6879,0.6879,0.6879
1691662572000,0.6879,0.6879,0.6879
1691662573000,0.6879,0.6879,0.6879
1691662574000,0.6879,0.6879,0.6879
1691662575000,0.6879,0.6879,0.6879
1691662576000,0.6879,0.6879,0.6879
1691662577000,0.6879,0.6879,0.6879
1691662578000,0.6879,0.6879,0.6879
1691662579000,0.6879,0.6879,0.6879
1691662580000,0.6879,0.6879,0.6879
1691662581000,0.6879,0.6879,0.6879
1691662582000,0.6879,0.6879,0.6879
1691662583000,0.6878,0.6878,0.6878
1691662584000,0.6878,0.6878,0.6878
1691662585000,0.6878,0.6878,0.6878
1691662586000,0.6878,0.6878,0.6878
1691662587000,0.6878,0.6878,0.6878
1691662588000,0.6878,0.6878,0.6878
1691662589000,0.6878,0.6878,0.6878
1691662590000,0.6879,0.6879,0.6879
1691662591000,0.6879,0.6879,0.6879
1691662592000,0.688,0.688,0.688
1691662593000,0.688,0.688,0.688
1691662594000,0.688,0.688,0.688
1691662595000,0.688,0.688,0.688
1691662596000,0.6881,0.6881,0.6881
1691662597000,0.6881,0.6881,0.6881
1691662598000,0.6881,0.6881,0.6881
1691662599000,0.6881,0.6881,0.6881
1691662600000,0.6881,0.6881,0.6881
1691662601000,0.6882,0.6882,0.6882
1691662602000,0.6882,0.6882,0.6882
1691662603000,0.6882,0.6882,0.6882
1691662604000,0.6882,0.6882,0.6882
1691662605000,0.6882,0.6882,0.6882
1691662606000,0.6882,0.6882,0.6882
1691662607000,0.6881,0.6881,0.6881
1691662608000,0.6882,0.6882,0.6882
1691662609000,0.6882,0.6882,0.6882
1691662610000,0.6882,0.6882,0.6882
1691662611000,0.6882,0.6882,0.6882
1691662612000,0.6882,0.6882,0.6882
1691662613000,0.6882,0.6882,0.6882
1691662614000,0.6882,0.6882,0.6882
1691662615000,0.6882,0.6882,0.6882
1691662616000,0.6882,0.6882,0.6882
1691662617000,0.6882,0.6882,0.6882
1691662618000,0.688,0.688,0.688
1691662619000,0.688,0.688,0.688
1691662620000,0.68794386,0.68794386,0.68794386
1691662621000,0.68792994,0.68792994,0.68792994
1691662622000,0.68791599,0.68791599,0.68791599
1691662623000,0.688,0.688,0.688
1691662624000,0.688,0.688,0.688
1691662625000,0.68791903,0.68791903,0.68791903
1691662626000,0.68791903,0.68791903,0.68791903
1691662627000,0.68791903,0.68791903,0.68791903
1691662628000,0.6879,0.6879,0.6879
1691662629000,0.68787056,0.68787056,0.68787056
1691662630000,0.6879,0.6879,0.6879
1691662631000,0.6879,0.6879,0.6879
1691662632000,0.6879,0.6879,0.6879
1691662633000,0.6879,0.6879,0.6879
1691662634000,0.68787043,0.68787043,0.68787043
1691662635000,0.68787413,0.68787413,0.68787413
1691662636000,0.6879,0.6879,0.6879
1691662637000,0.6879,0.6879,0.6879
1691662638000,0.6879,0.6879,0.6879
1691662639000,0.6879,0.6879,0.6879
1691662640000,0.6879,0.6879,0.6879
1691662641000,0.6879,0.6879,0.6879
1691662642000,0.6879,0.6879,0.6879
1691662643000,0.6879,0.6879,0.6879
1691662644000,0.6879,0.6879,0.6879
1691662645000,0.6879,0.6879,0.6879
1691662646000,0.6879,0.6879,0.6879
1691662647000,0.6879,0.6879,0.6879
1691662648000,0.6879,0.6879,0.6879
1691662649000,0.6878796,0.6878796,0.6878796
1691662650000,0.68783677,0.68783677,0.68783677
1691662651000,0.68783677,0.68783677,0.68783677
1691662652000,0.6878368,0.6878368,0.6878368
1691662653000,0.6878368,0.6878368,0.6878368
1691662654000,0.68788331,0.68788331,0.68788331
1691662655000,0.68788447,0.68788447,0.68788447
1691662656000,0.6879,0.6879,0.6879
1691662657000,0.6879,0.6879,0.6879
1691662658000,0.6879,0.6879,0.6879
1691662659000,0.6879,0.6879,0.6879
1691662660000,0.6879,0.6879,0.6879
1691662661000,0.6879,0.6879,0.6879
1691662662000,0.6879,0.6879,0.6879
1691662663000,0.6879,0.6879,0.6879
1691662664000,0.6879,0.6879,0.6879
1691662665000,0.6879,0.6879,0.6879
1691662666000,0.6879,0.6879,0.6879
1691662667000,0.6879,0.6879,0.6879
1691662668000,0.6879,0.6879,0.6879
1691662669000,0.6879,0.6879,0.6879
1691662670000,0.6879,0.6879,0.6879
1691662671000,0.6879,0.6879,0.6879
1691662672000,0.6879,0.6879,0.6879
1691662673000,0.6879,0.6879,0.6879
1691662674000,0.6879,0.6879,0.6879
1691662675000,0.6879,0.6879,0.6879
1691662676000,0.6879,0.6879,0.6879
1691662677000,0.6879,0.6879,0.6879
1691662678000,0.6879,0.6879,0.6879
1691662679000,0.6879,0.6879,0.6879
1691662680000,0.6879,0.6879,0.6879
1691662681000,0.6879,0.6879,0.6879
1691662682000,0.6879,0.6879,0.6879
1691662683000,0.6879,0.6879,0.6879
1691662684000,0.6879,0.6879,0.6879
1691662685000,0.6879,0.6879,0.6879
1691662686000,0.6879,0.6879,0.6879
1691662687000,0.6879,0.6879,0.6879
1691662688000,0.6879,0.6879,0.6879
1691662689000,0.6879,0.6879,0.6879
1691662690000,0.6879,0.6879,0.6879
1691662691000,0.6879,0.6879,0.6879
1691662692000,0.6879,0.6879,0.6879
1691662693000,0.6879,0.6879,0.6879
1691662694000,0.6879,0.6879,0.6879
1691662695000,0.6879,0.6879,0.6879
1691662696000,0.68788898,0.68788898,0.68788898
1691662697000,0.68788916,0.68788916,0.68788916
1691662698000,0.68788919,0.68788919,0.68788919
1691662699000,0.68788916,0.68788916,0.68788916
1691662700000,0.6879,0.6879,0.6879
1691662701000,0.6879,0.6879,0.6879
1691662702000,0.6879,0.6879,0.6879
1691662703000,0.6879,0.6879,0.6879
1691662704000,0.6879,0.6879,0.6879
1691662705000,0.6879,0.6879,0.6879
1691662706000,0.6879,0.6879,0.6879
1691662707000,0.6879,0.6879,0.6879
1691662708000,0.6879,0.6879,0.6879
1691662709000,0.6879,0.6879,0.6879
1691662710000,0.6879,0.6879,0.6879
1691662711000,0.6879,0.6879,0.6879
1691662712000,0.6879,0.6879,0.6879
1691662713000,0.6879,0.6879,0.6879
1691662714000,0.6879,0.6879,0.6879
1691662715000,0.6879,0.6879,0.6879
1691662716000,0.68788975,0.68788975,0.68788975
1691662717000,0.68788975,0.68788975,0.68788975
1691662718000,0.68789072,0.68789072,0.68789072
1691662719000,0.68788149,0.68788149,0.68788149
1691662720000,0.68788149,0.68788149,0.68788149
1691662721000,0.6879,0.6879,0.6879
1691662722000,0.6879,0.6879,0.6879
1691662723000,0.6879,0.6879,0.6879
1691662724000,0.6879,0.6879,0.6879
1691662725000,0.6879,0.6879,0.6879
1691662726000,0.6879,0.6879,0.6879
1691662727000,0.6879,0.6879,0.6879
1691662728000,0.6879,0.6879,0.6879
1691662729000,0.6879,0.6879,0.6879
1691662730000,0.6879,0.6879,0.6879
1691662731000,0.6879,0.6879,0.6879
1691662732000,0.6879,0.6879,0.6879
1691662733000,0.6879,0.6879,0.6879
1691662734000,0.6879,0.6879,0.6879
1691662735000,0.6879,0.6879,0.6879
1691662736000,0.6879,0.6879,0.6879
1691662737000,0.6879,0.6879,0.6879
1691662738000,0.6879,0.6879,0.6879
1691662739000,0.68788582,0.68788582,0.68788582
1691662740000,0.68788502,0.68788502,0.68788502
1691662741000,0.68788502,0.68788502,0.68788502
1691662742000,0.68787106,0.68787106,0.68787106
1691662743000,0.6878719,0.6878719,0.6878719
1691662744000,0.6878719,0.6878719,0.6878719
1691662745000,0.68787888,0.68787888,0.68787888
1691662746000,0.68787971,0.68787971,0.68787971
1691662747000,0.68787891,0.68787891,0.68787891
1691662748000,0.68787891,0.68787891,0.68787891
1691662749000,0.68788064,0.68788064,0.68788064
1691662750000,0.68788064,0.68788064,0.68788064
1691662751000,0.68787904,0.68787904,0.68787904
1691662752000,0.68787752,0.68787752,0.68787752
1691662753000,0.68787752,0.68787752,0.68787752
1691662754000,0.68783201,0.68783201,0.68783201
1691662755000,0.68783201,0.68783201,0.68783201
1691662756000,0.68783205,0.68783205,0.68783205
1691662757000,0.68783205,0.68783205,0.68783205
1691662758000,0.68783166,0.68783166,0.68783166
1691662759000,0.68783262,0.68783262,0.68783262
1691662760000,0.68781786,0.68781786,0.68781786
1691662761000,0.68781786,0.68781786,0.68781786
1691662762000,0.68781783,0.68781783,0.68781783
1691662763000,0.68781748,0.68781748,0.68781748
1691662764000,0.68781781,0.68781781,0.68781781
1691662765000,0.6877713,0.6877713,0.6877713
1691662766000,0.6877721,0.6877721,0.6877721
1691662767000,0.68776938,0.68776938,0.68776938
1691662768000,0.68776938,0.68776938,0.68776938
1691662769000,0.68776789,0.68776789,0.68776789
1691662770000,0.68776709,0.68776709,0.68776709
1691662771000,0.68772057,0.68772057,0.68772057
1691662772000,0.68772057,0.68772057,0.68772057
1691662773000,0.68772103,0.68772103,0.68772103
1691662774000,0.68772103,0.68772103,0.68772103
1691662775000,0.68771959,0.68771959,0.68771959
1691662776000,0.68771881,0.68771881,0.68771881
1691662777000,0.68771881,0.68771881,0.68771881
1691662778000,0.68771961,0.68771961,0.68771961
1691662779000,0.68771875,0.68771875,0.68771875
1691662780000,0.6877173,0.6877173,0.6877173
1691662781000,0.6877173,0.6877173,0.6877173
1691662782000,0.6877181,0.6877181,0.6877181
1691662783000,0.68771723,0.68771723,0.68771723
1691662784000,0.68776254,0.68776254,0.68776254
1691662785000,0.68776188,0.68776188,0.68776188
1691662786000,0.68771409,0.68771409,0.68771409
1691662787000,0.68771409,0.68771409,0.68771409
1691662788000,0.68771429,0.68771429,0.68771429
1691662789000,0.68771429,0.68771429,0.68771429
1691662790000,0.68776019,0.68776019,0.68776019
1691662791000,0.68776019,0.68776019,0.68776019
1691662792000,0.68776022,0.68776022,0.68776022
1691662793000,0.68775808,0.68775808,0.68775808
1691662794000,0.68775808,0.68775808,0.68775808
1691662795000,0.68775757,0.68775757,0.68775757
1691662796000,0.68775674,0.68775674,0.68775674
1691662797000,0.68775674,0.68775674,0.68775674
1691662798000,0.68775702,0.68775702,0.68775702
1691662799000,0.68775702,0.68775702,0.68775702
1691662800000,0.6877565,0.6877565,0.6877565
1691662801000,0.68775734,0.68775734,0.68775734
1691662802000,0.68775654,0.68775654,0.68775654
1691662803000,0.68775654,0.68775654,0.68775654
1691662804000,0.6878,0.6878,0.6878
1691662805000,0.6878,0.6878,0.6878
1691662806000,0.6878,0.6878,0.6878
1691662807000,0.6879,0.6879,0.6879
1691662808000,0.6879,0.6879,0.6879
1691662809000,0.6879,0.6879,0.6879
1691662810000,0.6879,0.6879,0.6879
1691662811000,0.6879,0.6879,0.6879
1691662812000,0.6879,0.6879,0.6879
1691662813000,0.68780083,0.68780083,0.68780083
1691662814000,0.68780083,0.68780083,0.68780083
1691662815000,0.6879,0.6879,0.6879
1691662816000,0.6879,0.6879,0.6879
1691662817000,0.6879,0.6879,0.6879
1691662818000,0.6879,0.6879,0.6879
1691662819000,0.6879,0.6879,0.6879
1691662820000,0.6879,0.6879,0.6879
1691662821000,0.6879,0.6879,0.6879
1691662822000,0.6879,0.6879,0.6879
1691662823000,0.6879,0.6879,0.6879
1691662824000,0.68779965,0.68779965,0.68779965
1691662825000,0.68757004,0.68757004,0.68757004
1691662826000,0.68761619,0.68761619,0.68761619
1691662827000,0.68763015,0.68763015,0.68763015
1691662828000,0.68763091,0.68763091,0.68763091
1691662829000,0.6878,0.6878,0.6878
1691662830000,0.6878,0.6878,0.6878
1691662831000,0.6877,0.6877,0.6877
1691662832000,0.6878,0.6878,0.6878
1691662833000,0.6877,0.6877,0.6877
1691662834000,0.6877,0.6877,0.6877
1691662835000,0.6877,0.6877,0.6877
1691662836000,0.6877,0.6877,0.6877
1691662837000,0.6877,0.6877,0.6877
1691662838000,0.6877,0.6877,0.6877
1691662839000,0.6877,0.6877,0.6877
1691662840000,0.6877,0.6877,0.6877
1691662841000,0.6877,0.6877,0.6877
1691662842000,0.6877,0.6877,0.6877
1691662843000,0.6877,0.6877,0.6877
1691662844000,0.6877,0.6877,0.6877
1691662845000,0.6877,0.6877,0.6877
1691662846000,0.6877,0.6877,0.6877
1691662847000,0.6877,0.6877,0.6877
1691662848000,0.6877,0.6877,0.6877
1691662849000,0.6877,0.6877,0.6877
1691662850000,0.6877,0.6877,0.6877
1691662851000,0.6877,0.6877,0.6877
1691662852000,0.6877,0.6877,0.6877
1691662853000,0.6877,0.6877,0.6877
1691662854000,0.6878,0.6878,0.6878
1691662855000,0.6878,0.6878,0.6878
1691662856000,0.6878,0.6878,0.6878
1691662857000,0.6878,0.6878,0.6878
1691662858000,0.6878,0.6878,0.6878
1691662859000,0.6878,0.6878,0.6878
1691662860000,0.6878,0.6878,0.6878
1691662861000,0.6878,0.6878,0.6878
1691662862000,0.6878,0.6878,0.6878
1691662863000,0.688,0.688,0.688
1691662864000,0.6879,0.6879,0.6879
1691662865000,0.6879,0.6879,0.6879
1691662866000,0.688,0.688,0.688
1691662867000,0.688,0.688,0.688
1691662868000,0.688,0.688,0.688
1691662869000,0.688,0.688,0.688
1691662870000,0.688,0.688,0.688
1691662871000,0.688,0.688,0.688
1691662872000,0.688,0.688,0.688
1691662873000,0.6879,0.6879,0.6879
1691662874000,0.6879,0.6879,0.6879
1691662875000,0.6879,0.6879,0.6879
1691662876000,0.688,0.688,0.688
1691662877000,0.688,0.688,0.688
1691662878000,0.6879,0.6879,0.6879
1691662879000,0.6879,0.6879,0.6879
1691662880000,0.6879,0.6879,0.6879
1691662881000,0.6879,0.6879,0.6879
1691662882000,0.6879,0.6879,0.6879
1691662883000,0.6879,0.6879,0.6879
1691662884000,0.6881,0.6881,0.6881
1691662885000,0.6881,0.6881,0.6881
1691662886000,0.6884,0.6884,0.6884
1691662887000,0.6883,0.6883,0.6883
1691662888000,0.6883,0.6883,0.6883
1691662889000,0.6883,0.6883,0.6883
1691662890000,0.6882338,0.6882338,0.6882338
1691662891000,0.6882338,0.6882338,0.6882338
1691662892000,0.6882,0.6882,0.6882
1691662893000,0.6881943,0.6881943,0.6881943
1691662894000,0.68819295,0.68819295,0.68819295
1691662895000,0.6885,0.6885,0.6885
1691662896000,0.6885,0.6885,0.6885
1691662897000,0.6885,0.6885,0.6885
1691662898000,0.6885,0.6885,0.6885
1691662899000,0.6885,0.6885,0.6885
1691662900000,0.6885,0.6885,0.6885
1691662901000,0.6886,0.6886,0.6886
1691662902000,0.6885,0.6885,0.6885
1691662903000,0.6885,0.6885,0.6885
1691662904000,0.6886,0.6886,0.6886
1691662905000,0.6886,0.6886,0.6886
1691662906000,0.6886,0.6886,0.6886
1691662907000,0.6886,0.6886,0.6886
1691662908000,0.6886,0.6886,0.6886
1691662909000,0.6885,0.6885,0.6885
1691662910000,0.6885,0.6885,0.6885
1691662911000,0.6885,0.6885,0.6885
1691662912000,0.6885,0.6885,0.6885
1691662913000,0.6885,0.6885,0.6885
1691662914000,0.6885,0.6885,0.6885
1691662915000,0.6885,0.6885,0.6885
1691662916000,0.6885,0.6885,0.6885
1691662917000,0.6886,0.6886,0.6886
1691662918000,0.6886,0.6886,0.6886
1691662919000,0.6886,0.6886,0.6886
1691662920000,0.6886,0.6886,0.6886
1691662921000,0.6886,0.6886,0.6886
1691662922000,0.6886,0.6886,0.6886
1691662923000,0.6885,0.6885,0.6885
1691662924000,0.6885,0.6885,0.6885
1691662925000,0.6885,0.6885,0.6885
1691662926000,0.6885,0.6885,0.6885
1691662927000,0.6885,0.6885,0.6885
1691662928000,0.6885,0.6885,0.6885
1691662929000,0.6885,0.6885,0.6885
1691662930000,0.6885,0.6885,0.6885
1691662931000,0.6885,0.6885,0.6885
1691662932000,0.68846295,0.68846295,0.68846295
1691662933000,0.6885,0.6885,0.6885
1691662934000,0.6885,0.6885,0.6885
1691662935000,0.6885,0.6885,0.6885
1691662936000,0.6885,0.6885,0.6885
1691662937000,0.6885,0.6885,0.6885
1691662938000,0.6885,0.6885,0.6885
1691662939000,0.6885,0.6885,0.6885
1691662940000,0.68846543,0.68846543,0.68846543
1691662941000,0.68846546,0.68846546,0.68846546
1691662942000,0.68846546,0.68846546,0.68846546
1691662943000,0.68846525,0.68846525,0.68846525
1691662944000,0.68846525,0.68846525,0.68846525
1691662945000,0.68846445,0.68846445,0.68846445
1691662946000,0.68846687,0.68846687,0.68846687
1691662947000,0.6885,0.6885,0.6885
1691662948000,0.6885,0.6885,0.6885
1691662949000,0.6885,0.6885,0.6885
1691662950000,0.6885,0.6885,0.6885
1691662951000,0.6885,0.6885,0.6885
1691662952000,0.6885,0.6885,0.6885
1691662953000,0.6885,0.6885,0.6885
1691662954000,0.68841853,0.68841853,0.68841853
1691662955000,0.6885,0.6885,0.6885
1691662956000,0.6885,0.6885,0.6885
1691662957000,0.6885,0.6885,0.6885
1691662958000,0.6885,0.6885,0.6885
1691662959000,0.6885,0.6885,0.6885
1691662960000,0.68842151,0.68842151,0.68842151
1691662961000,0.6884216,0.6884216,0.6884216
1691662962000,0.68842076,0.68842076,0.68842076
1691662963000,0.68842076,0.68842076,0.68842076
1691662964000,0.68843551,0.68843551,0.68843551
1691662965000,0.6885,0.6885,0.6885
1691662966000,0.68843428,0.68843428,0.68843428
1691662967000,0.6884341,0.6884341,0.6884341
1691662968000,0.6884341,0.6884341,0.6884341
1691662969000,0.6884341,0.6884341,0.6884341
1691662970000,0.6884341,0.6884341,0.6884341
1691662971000,0.6884349,0.6884349,0.6884349
1691662972000,0.68843462,0.68843462,0.68843462
1691662973000,0.68843462,0.68843462,0.68843462
1691662974000,0.68843459,0.68843459,0.68843459
1691662975000,0.6885,0.6885,0.6885
1691662976000,0.6885,0.6885,0.6885
1691662977000,0.6885,0.6885,0.6885
1691662978000,0.6885,0.6885,0.6885
1691662979000,0.68848262,0.68848262,0.68848262
1691662980000,0.6885,0.6885,0.6885
1691662981000,0.6885,0.6885,0.6885
1691662982000,0.6885,0.6885,0.6885
1691662983000,0.68848604,0.68848604,0.68848604
1691662984000,0.6885,0.6885,0.6885
1691662985000,0.6887,0.6887,0.6887
1691662986000,0.6886,0.6886,0.6886
1691662987000,0.6886,0.6886,0.6886
1691662988000,0.6886,0.6886,0.6886
1691662989000,0.6886,0.6886,0.6886
1691662990000,0.6886,0.6886,0.6886
1691662991000,0.6886,0.6886,0.6886
1691662992000,0.6887,0.6887,0.6887
1691662993000,0.68855498,0.68855498,0.68855498
1691662994000,0.68855494,0.68855494,0.68855494
1691662995000,0.68855498,0.68855498,0.68855498
1691662996000,0.68855498,0.68855498,0.68855498
1691662997000,0.68855498,0.68855498,0.68855498
1691662998000,0.68855769,0.68855769,0.68855769
1691662999000,0.6886,0.6886,0.6886
1691663000000,0.6886,0.6886,0.6886
1691663001000,0.6886,0.6886,0.6886
1691663002000,0.6886,0.6886,0.6886
1691663003000,0.6886,0.6886,0.6886
1691663004000,0.6886,0.6886,0.6886
1691663005000,0.6886,0.6886,0.6886
1691663006000,0.6886,0.6886,0.6886
1691663007000,0.6886,0.6886,0.6886
1691663008000,0.6886,0.6886,0.6886
1691663009000,0.6886,0.6886,0.6886
1691663010000,0.6886,0.6886,0.6886
1691663011000,0.6886,0.6886,0.6886
1691663012000,0.6886,0.6886,0.6886
1691663013000,0.6887,0.6887,0.6887
1691663014000,0.6887,0.6887,0.6887
1691663015000,0.6887,0.6887,0.6887
1691663016000,0.6887,0.6887,0.6887
1691663017000,0.6887,0.6887,0.6887
1691663018000,0.6887,0.6887,0.6887
1691663019000,0.6887,0.6887,0.6887
1691663020000,0.6887,0.6887,0.6887
1691663021000,0.6887,0.6887,0.6887
1691663022000,0.6887,0.6887,0.6887
1691663023000,0.6887,0.6887,0.6887
1691663024000,0.6887,0.6887,0.6887
1691663025000,0.6887,0.6887,0.6887
1691663026000,0.6887,0.6887,0.6887
1691663027000,0.6887,0.6887,0.6887
1691663028000,0.6887,0.6887,0.6887
1691663029000,0.6887,0.6887,0.6887
1691663030000,0.6887,0.6887,0.6887
1691663031000,0.6887,0.6887,0.6887
1691663032000,0.6887,0.6887,0.6887
1691663033000,0.6887,0.6887,0.6887
1691663034000,0.6887,0.6887,0.6887
1691663035000,0.6887,0.6887,0.6887
1691663036000,0.6887,0.6887,0.6887
1691663037000,0.6887,0.6887,0.6887
1691663038000,0.6887,0.6887,0.6887
1691663039000,0.6887,0.6887,0.6887
1691663040000,0.6887,0.6887,0.6887
1691663041000,0.6888,0.6888,0.6888
1691663042000,0.6888,0.6888,0.6888
1691663043000,0.6888,0.6888,0.6888
1691663044000,0.6887,0.6887,0.6887
1691663045000,0.6887,0.6887,0.6887
1691663046000,0.6887,0.6887,0.6887
1691663047000,0.6887,0.6887,0.6887
1691663048000,0.6888,0.6888,0.6888
1691663049000,0.6888,0.6888,0.6888
1691663050000,0.6888,0.6888,0.6888
1691663051000,0.6887,0.6887,0.6887
1691663052000,0.6887,0.6887,0.6887
1691663053000,0.6887,0.6887,0.6887
1691663054000,0.6887,0.6887,0.6887
1691663055000,0.6887,0.6887,0.6887
1691663056000,0.6887,0.6887,0.6887
1691663057000,0.6887,0.6887,0.6887
1691663058000,0.6887,0.6887,0.6887
1691663059000,0.6887,0.6887,0.6887
1691663060000,0.6887,0.6887,0.6887
1691663061000,0.6887,0.6887,0.6887
1691663062000,0.6887,0.6887,0.6887
1691663063000,0.6887,0.6887,0.6887
1691663064000,0.6887,0.6887,0.6887
1691663065000,0.6888,0.6888,0.6888
1691663066000,0.6887,0.6887,0.6887
1691663067000,0.6887,0.6887,0.6887
1691663068000,0.68863861,0.68863861,0.68863861
1691663069000,0.68863861,0.68863861,0.68863861
1691663070000,0.68854905,0.68854905,0.68854905
1691663071000,0.68854849,0.68854849,0.68854849
1691663072000,0.6886,0.6886,0.6886
1691663073000,0.6886,0.6886,0.6886
1691663074000,0.6887,0.6887,0.6887
1691663075000,0.6887,0.6887,0.6887
1691663076000,0.6887,0.6887,0.6887
1691663077000,0.6887,0.6887,0.6887
1691663078000,0.6888,0.6888,0.6888
1691663079000,0.6887,0.6887,0.6887
1691663080000,0.6887,0.6887,0.6887
1691663081000,0.6887,0.6887,0.6887
1691663082000,0.6887,0.6887,0.6887
1691663083000,0.6888,0.6888,0.6888
1691663084000,0.6889,0.6889,0.6889
1691663085000,0.6889,0.6889,0.6889
1691663086000,0.6889,0.6889,0.6889
1691663087000,0.6888,0.6888,0.6888
1691663088000,0.6888,0.6888,0.6888
1691663089000,0.6888,0.6888,0.6888
1691663090000,0.6889,0.6889,0.6889
1691663091000,0.6888,0.6888,0.6888
1691663092000,0.6888,0.6888,0.6888
1691663093000,0.6888,0.6888,0.6888
1691663094000,0.6888,0.6888,0.6888
1691663095000,0.6888,0.6888,0.6888
1691663096000,0.6887,0.6887,0.6887
1691663097000,0.6887,0.6887,0.6887
1691663098000,0.6887,0.6887,0.6887
1691663099000,0.6887,0.6887,0.6887
1691663100000,0.6887,0.6887,0.6887
1691663101000,0.6887,0.6887,0.6887
1691663102000,0.6887,0.6887,0.6887
1691663103000,0.6887,0.6887,0.6887
1691663104000,0.68869392,0.68869392,0.68869392
1691663105000,0.68874043,0.68874043,0.68874043
1691663106000,0.68869114,0.68869114,0.68869114
1691663107000,0.6887,0.6887,0.6887
1691663108000,0.6887,0.6887,0.6887
1691663109000,0.68873685,0.68873685,0.68873685
1691663110000,0.68873689,0.68873689,0.68873689
1691663111000,0.68873744,0.68873744,0.68873744
1691663112000,0.68873734,0.68873734,0.68873734
1691663113000,0.68873654,0.68873654,0.68873654
1691663114000,0.68873425,0.68873425,0.68873425
1691663115000,0.68873505,0.68873505,0.68873505
1691663116000,0.68873379,0.68873379,0.68873379
1691663117000,0.68873369,0.68873369,0.68873369
1691663118000,0.68873369,0.68873369,0.68873369
1691663119000,0.68873369,0.68873369,0.68873369
1691663120000,0.68871974,0.68871974,0.68871974
1691663121000,0.6887228,0.6887228,0.6887228
1691663122000,0.68872375,0.68872375,0.68872375
1691663123000,0.68872375,0.68872375,0.68872375
1691663124000,0.6887,0.6887,0.6887
1691663125000,0.6887,0.6887,0.6887
1691663126000,0.6887,0.6887,0.6887
1691663127000,0.6887,0.6887,0.6887
1691663128000,0.6887,0.6887,0.6887
1691663129000,0.68866456,0.68866456,0.68866456
1691663130000,0.68866536,0.68866536,0.68866536
1691663131000,0.68866536,0.68866536,0.68866536
1691663132000,0.68867239,0.68867239,0.68867239
1691663133000,0.68867159,0.68867159,0.68867159
1691663134000,0.68867159,0.68867159,0.68867159
1691663135000,0.68867159,0.68867159,0.68867159
1691663136000,0.68867156,0.68867156,0.68867156
1691663137000,0.68871807,0.68871807,0.68871807
1691663138000,0.6887179,0.6887179,0.6887179
1691663139000,0.6887179,0.6887179,0.6887179
1691663140000,0.68873269,0.68873269,0.68873269
1691663141000,0.68873269,0.68873269,0.68873269
1691663142000,0.68873196,0.68873196,0.68873196
1691663143000,0.68873157,0.68873157,0.68873157
1691663144000,0.68873153,0.68873153,0.68873153
1691663145000,0.68873153,0.68873153,0.68873153
1691663146000,0.68873153,0.68873153,0.68873153
1691663147000,0.68873153,0.68873153,0.68873153
1691663148000,0.68873114,0.68873114,0.68873114
1691663149000,0.68863892,0.68863892,0.68863892
1691663150000,0.68860937,0.68860937,0.68860937
1691663151000,0.68870119,0.68870119,0.68870119
1691663152000,0.68869216,0.68869216,0.68869216
1691663153000,0.68868884,0.68868884,0.68868884
1691663154000,0.68873535,0.68873535,0.68873535
1691663155000,0.68873535,0.68873535,0.68873535
1691663156000,0.68873535,0.68873535,0.68873535
1691663157000,0.68874121,0.68874121,0.68874121
1691663158000,0.68873827,0.68873827,0.68873827
1691663159000,0.68873827,0.68873827,0.68873827
1691663160000,0.68869176,0.68869176,0.68869176
1691663161000,0.68869096,0.68869096,0.68869096
1691663162000,0.68868796,0.68868796,0.68868796
1691663163000,0.68868796,0.68868796,0.68868796
1691663164000,0.6886838,0.6886838,0.6886838
1691663165000,0.6886838,0.6886838,0.6886838
1691663166000,0.68873031,0.68873031,0.68873031
1691663167000,0.68873143,0.68873143,0.68873143
1691663168000,0.68873143,0.68873143,0.68873143
1691663169000,0.68872848,0.68872848,0.68872848
1691663170000,0.68867579,0.68867579,0.68867579
1691663171000,0.68867579,0.68867579,0.68867579
1691663172000,0.68872098,0.68872098,0.68872098
1691663173000,0.68872018,0.68872018,0.68872018
1691663174000,0.68871754,0.68871754,0.68871754
1691663175000,0.68871751,0.68871751,0.68871751
1691663176000,0.68871831,0.68871831,0.68871831
1691663177000,0.68871887,0.68871887,0.68871887
1691663178000,0.68871887,0.68871887,0.68871887
1691663179000,0.68871548,0.68871548,0.68871548
1691663180000,0.68871548,0.68871548,0.68871548
1691663181000,0.68871548,0.68871548,0.68871548
1691663182000,0.68871395,0.68871395,0.68871395
1691663183000,0.68871398,0.68871398,0.68871398
1691663184000,0.68870893,0.68870893,0.68870893
1691663185000,0.68870828,0.68870828,0.68870828
1691663186000,0.68870828,0.68870828,0.68870828
1691663187000,0.68870828,0.68870828,0.68870828
1691663188000,0.68870859,0.68870859,0.68870859
1691663189000,0.68870942,0.68870942,0.68870942
1691663190000,0.68870096,0.68870096,0.68870096
1691663191000,0.68870096,0.68870096,0.68870096
1691663192000,0.68870092,0.68870092,0.68870092
1691663193000,0.68869984,0.68869984,0.68869984
1691663194000,0.68869881,0.68869881,0.68869881
1691663195000,0.68869738,0.68869738,0.68869738
1691663196000,0.68869738,0.68869738,0.68869738
1691663197000,0.68869741,0.68869741,0.68869741
1691663198000,0.68869741,0.68869741,0.68869741
1691663199000,0.68869742,0.68869742,0.68869742
1691663200000,0.68868952,0.68868952,0.68868952
1691663201000,0.68868876,0.68868876,0.68868876
1691663202000,0.68868605,0.68868605,0.68868605
1691663203000,0.68868605,0.68868605,0.68868605
1691663204000,0.68868557,0.68868557,0.68868557
1691663205000,0.68868017,0.68868017,0.68868017
1691663206000,0.68868017,0.68868017,0.68868017
1691663207000,0.68868017,0.68868017,0.68868017
1691663208000,0.68868066,0.68868066,0.68868066
1691663209000,0.68868066,0.68868066,0.68868066
1691663210000,0.68871958,0.68871958,0.68871958
1691663211000,0.6887335,0.6887335,0.6887335
1691663212000,0.6887335,0.6887335,0.6887335
1691663213000,0.6887335,0.6887335,0.6887335
1691663214000,0.68869441,0.68869441,0.68869441
1691663215000,0.6886911,0.6886911,0.6886911
1691663216000,0.68870508,0.68870508,0.68870508
1691663217000,0.68870505,0.68870505,0.68870505
1691663218000,0.68870609,0.68870609,0.68870609
1691663219000,0.68870609,0.68870609,0.68870609
1691663220000,0.68870609,0.68870609,0.68870609
1691663221000,0.6887026,0.6887026,0.6887026
1691663222000,0.68870264,0.68870264,0.68870264
1691663223000,0.68868966,0.68868966,0.68868966
1691663224000,0.68868966,0.68868966,0.68868966
1691663225000,0.68868966,0.68868966,0.68868966
1691663226000,0.68868981,0.68868981,0.68868981
1691663227000,0.68868981,0.68868981,0.68868981
1691663228000,0.68868918,0.68868918,0.68868918
1691663229000,0.68868918,0.68868918,0.68868918
1691663230000,0.68873652,0.68873652,0.68873652
1691663231000,0.68873441,0.68873441,0.68873441
1691663232000,0.68873322,0.68873322,0.68873322
1691663233000,0.68873322,0.68873322,0.68873322
1691663234000,0.68873398,0.68873398,0.68873398
1691663235000,0.68873398,0.68873398,0.68873398
1691663236000,0.68873194,0.68873194,0.68873194
1691663237000,0.68873194,0.68873194,0.68873194
1691663238000,0.68873114,0.68873114,0.68873114
1691663239000,0.68873233,0.68873233,0.68873233
1691663240000,0.68873233,0.68873233,0.68873233
1691663241000,0.68872648,0.68872648,0.68872648
1691663242000,0.68872648,0.68872648,0.68872648
1691663243000,0.68872645,0.68872645,0.68872645
1691663244000,0.68872575,0.68872575,0.68872575
1691663245000,0.68872575,0.68872575,0.68872575
1691663246000,0.68872655,0.68872655,0.68872655
1691663247000,0.68872452,0.68872452,0.68872452
1691663248000,0.68872372,0.68872372,0.68872372
1691663249000,0.68876654,0.68876654,0.68876654
1691663250000,0.68876657,0.68876657,0.68876657
1691663251000,0.68876657,0.68876657,0.68876657
1691663252000,0.68876306,0.68876306,0.68876306
1691663253000,0.68876306,0.68876306,0.68876306
1691663254000,0.68876226,0.68876226,0.68876226
1691663255000,0.68876226,0.68876226,0.68876226
1691663256000,0.6887615,0.6887615,0.6887615
1691663257000,0.68875792,0.68875792,0.68875792
1691663258000,0.68871141,0.68871141,0.68871141
1691663259000,0.68871141,0.68871141,0.68871141
1691663260000,0.68871155,0.68871155,0.68871155
1691663261000,0.68871152,0.68871152,0.68871152
1691663262000,0.68870881,0.68870881,0.68870881
1691663263000,0.68870881,0.68870881,0.68870881
1691663264000,0.68870878,0.68870878,0.68870878
1691663265000,0.68871021,0.68871021,0.68871021
1691663266000,0.68871021,0.68871021,0.68871021
1691663267000,0.68870767,0.68870767,0.68870767
1691663268000,0.68870687,0.68870687,0.68870687
1691663269000,0.68870687,0.68870687,0.68870687
1691663270000,0.68870614,0.68870614,0.68870614
1691663271000,0.68870694,0.68870694,0.68870694
1691663272000,0.68870441,0.68870441,0.68870441
1691663273000,0.68870441,0.68870441,0.68870441
1691663274000,0.68870441,0.68870441,0.68870441
1691663275000,0.6887042,0.6887042,0.6887042
1691663276000,0.6887034,0.6887034,0.6887034
1691663277000,0.68870343,0.68870343,0.68870343
1691663278000,0.6887482,0.6887482,0.6887482
1691663279000,0.6887482,0.6887482,0.6887482
1691663280000,0.6888,0.6888,0.6888
1691663281000,0.68878255,0.68878255,0.68878255
1691663282000,0.68878455,0.68878455,0.68878455
1691663283000,0.6887849,0.6887849,0.6887849
1691663284000,0.6887849,0.6887849,0.6887849
1691663285000,0.68878766,0.68878766,0.68878766
1691663286000,0.68878766,0.68878766,0.68878766
1691663287000,0.68878766,0.68878766,0.68878766
1691663288000,0.68883132,0.68883132,0.68883132
1691663289000,0.68883132,0.68883132,0.68883132
1691663290000,0.6888316,0.6888316,0.6888316
1691663291000,0.6888316,0.6888316,0.6888316
1691663292000,0.6888316,0.6888316,0.6888316
1691663293000,0.68882797,0.68882797,0.68882797
1691663294000,0.68882794,0.68882794,0.68882794
1691663295000,0.68882779,0.68882779,0.68882779
1691663296000,0.68882696,0.68882696,0.68882696
1691663297000,0.68882696,0.68882696,0.68882696
1691663298000,0.68882406,0.68882406,0.68882406
1691663299000,0.68877719,0.68877719,0.68877719
1691663300000,0.68877761,0.68877761,0.68877761
1691663301000,0.68877761,0.68877761,0.68877761
1691663302000,0.68877761,0.68877761,0.68877761
1691663303000,0.68877761,0.68877761,0.68877761
1691663304000,0.68872577,0.68872577,0.68872577
1691663305000,0.68872562,0.68872562,0.68872562
1691663306000,0.68872559,0.68872559,0.68872559
1691663307000,0.68872559,0.68872559,0.68872559
1691663308000,0.68872559,0.68872559,0.68872559
1691663309000,0.68872018,0.68872018,0.68872018
1691663310000,0.68867266,0.68867266,0.68867266
1691663311000,0.68867266,0.68867266,0.68867266
1691663312000,0.68864243,0.68864243,0.68864243
1691663313000,0.68864243,0.68864243,0.68864243
1691663314000,0.68863696,0.68863696,0.68863696
1691663315000,0.68863696,0.68863696,0.68863696
1691663316000,0.68863696,0.68863696,0.68863696
1691663317000,0.68863553,0.68863553,0.68863553
1691663318000,0.68863553,0.68863553,0.68863553
1691663319000,0.68863143,0.68863143,0.68863143
1691663320000,0.6886314,0.6886314,0.6886314
1691663321000,0.68863105,0.68863105,0.68863105
1691663322000,0.68863105,0.68863105,0.68863105
1691663323000,0.68863105,0.68863105,0.68863105
1691663324000,0.68862636,0.68862636,0.68862636
1691663325000,0.68860539,0.68860539,0.68860539
1691663326000,0.68860539,0.68860539,0.68860539
1691663327000,0.68860491,0.68860491,0.68860491
1691663328000,0.68865145,0.68865145,0.68865145
1691663329000,0.68865142,0.68865142,0.68865142
1691663330000,0.68864663,0.68864663,0.68864663
1691663331000,0.68864659,0.68864659,0.68864659
1691663332000,0.68864659,0.68864659,0.68864659
1691663333000,0.68866134,0.68866134,0.68866134
1691663334000,0.68870786,0.68870786,0.68870786
1691663335000,0.68870309,0.68870309,0.68870309
1691663336000,0.68870229,0.68870229,0.68870229
1691663337000,0.68870312,0.68870312,0.68870312
1691663338000,0.68870309,0.68870309,0.68870309
1691663339000,0.68870312,0.68870312,0.68870312
1691663340000,0.6888,0.6888,0.6888
1691663341000,0.6887487,0.6887487,0.6887487
1691663342000,0.68874873,0.68874873,0.68874873
1691663343000,0.6888,0.6888,0.6888
1691663344000,0.6888,0.6888,0.6888
1691663345000,0.6888,0.6888,0.6888
1691663346000,0.6889,0.6889,0.6889
1691663347000,0.68876798,0.68876798,0.68876798
1691663348000,0.68862844,0.68862844,0.68862844
1691663349000,0.68862764,0.68862764,0.68862764
1691663350000,0.68862538,0.68862538,0.68862538
1691663351000,0.68861837,0.68861837,0.68861837
1691663352000,0.68861837,0.68861837,0.68861837
1691663353000,0.68861837,0.68861837,0.68861837
1691663354000,0.68865093,0.68865093,0.68865093
1691663355000,0.6886464,0.6886464,0.6886464
1691663356000,0.68864724,0.68864724,0.68864724
1691663357000,0.68864877,0.68864877,0.68864877
1691663358000,0.68864877,0.68864877,0.68864877
1691663359000,0.68864877,0.68864877,0.68864877
1691663360000,0.68860143,0.68860143,0.68860143
1691663361000,0.68859299,0.68859299,0.68859299
1691663362000,0.68859218,0.68859218,0.68859218
1691663363000,0.68859218,0.68859218,0.68859218
1691663364000,0.68863873,0.68863873,0.68863873
1691663365000,0.68863869,0.68863869,0.68863869
1691663366000,0.68863443,0.68863443,0.68863443
1691663367000,0.68863443,0.68863443,0.68863443
1691663368000,0.68863339,0.68863339,0.68863339
1691663369000,0.68863339,0.68863339,0.68863339
1691663370000,0.68863339,0.68863339,0.68863339
1691663371000,0.68858337,0.68858337,0.68858337
1691663372000,0.68855529,0.68855529,0.68855529
1691663373000,0.68855529,0.68855529,0.68855529
1691663374000,0.68855529,0.68855529,0.68855529
1691663375000,0.68855532,0.68855532,0.68855532
1691663376000,0.68854924,0.68854924,0.68854924
1691663377000,0.68854903,0.68854903,0.68854903
1691663378000,0.68854903,0.68854903,0.68854903
1691663379000,0.688549,0.688549,0.688549
1691663380000,0.688549,0.688549,0.688549
1691663381000,0.68854258,0.68854258,0.68854258
1691663382000,0.68855032,0.68855032,0.68855032
1691663383000,0.68854952,0.68854952,0.68854952
1691663384000,0.68854952,0.68854952,0.68854952
1691663385000,0.68854952,0.68854952,0.68854952
1691663386000,0.68854949,0.68854949,0.68854949
1691663387000,0.68854381,0.68854381,0.68854381
1691663388000,0.68854353,0.68854353,0.68854353
1691663389000,0.68854356,0.68854356,0.68854356
1691663390000,0.68854353,0.68854353,0.68854353
1691663391000,0.68854353,0.68854353,0.68854353
1691663392000,0.68853868,0.68853868,0.68853868
1691663393000,0.68853871,0.68853871,0.68853871
1691663394000,0.68858522,0.68858522,0.68858522
1691663395000,0.68858522,0.68858522,0.68858522
1691663396000,0.68859994,0.68859994,0.68859994
1691663397000,0.68859544,0.68859544,0.68859544
1691663398000,0.68859526,0.68859526,0.68859526
1691663399000,0.68859526,0.68859526,0.68859526
1691663400000,0.68859526,0.68859526,0.68859526
1691663401000,0.68859443,0.68859443,0.68859443
1691663402000,0.68859132,0.68859132,0.68859132
1691663403000,0.6886,0.6886,0.6886
1691663404000,0.68859209,0.68859209,0.68859209
1691663405000,0.68859209,0.68859209,0.68859209
1691663406000,0.68859209,0.68859209,0.68859209
1691663407000,0.68858812,0.68858812,0.68858812
1691663408000,0.68858791,0.68858791,0.68858791
1691663409000,0.68858791,0.68858791,0.68858791
1691663410000,0.68858794,0.68858794,0.68858794
1691663411000,0.68858791,0.68858791,0.68858791
1691663412000,0.68858794,0.68858794,0.68858794
1691663413000,0.6885373,0.6885373,0.6885373
1691663414000,0.6885373,0.6885373,0.6885373
1691663415000,0.6885373,0.6885373,0.6885373
1691663416000,0.6885381,0.6885381,0.6885381
1691663417000,0.68853807,0.68853807,0.68853807
1691663418000,0.68858104,0.68858104,0.68858104
1691663419000,0.68858104,0.68858104,0.68858104
1691663420000,0.68858104,0.68858104,0.68858104
1691663421000,0.688581,0.688581,0.688581
1691663422000,0.688581,0.688581,0.688581
1691663423000,0.68857763,0.68857763,0.68857763
1691663424000,0.68853115,0.68853115,0.68853115
1691663425000,0.68853115,0.68853115,0.68853115
1691663426000,0.68853115,0.68853115,0.68853115
1691663427000,0.68857682,0.68857682,0.68857682
1691663428000,0.6885246,0.6885246,0.6885246
1691663429000,0.68852463,0.68852463,0.68852463
1691663430000,0.68852463,0.68852463,0.68852463
1691663431000,0.6885246,0.6885246,0.6885246
1691663432000,0.68852383,0.68852383,0.68852383
1691663433000,0.68852017,0.68852017,0.68852017
1691663434000,0.68856765,0.68856765,0.68856765
1691663435000,0.68856765,0.68856765,0.68856765
1691663436000,0.68856685,0.68856685,0.68856685
1691663437000,0.68856765,0.68856765,0.68856765
1691663438000,0.68856174,0.68856174,0.68856174
1691663439000,0.68856174,0.68856174,0.68856174
1691663440000,0.68856055,0.68856055,0.68856055
1691663441000,0.68856135,0.68856135,0.68856135
1691663442000,0.68856138,0.68856138,0.68856138
1691663443000,0.68851407,0.68851407,0.68851407
1691663444000,0.68851239,0.68851239,0.68851239
1691663445000,0.68851239,0.68851239,0.68851239
1691663446000,0.68851239,0.68851239,0.68851239
1691663447000,0.6886,0.6886,0.6886
1691663448000,0.6886,0.6886,0.6886
1691663449000,0.6886,0.6886,0.6886
1691663450000,0.6886,0.6886,0.6886
1691663451000,0.6886,0.6886,0.6886
1691663452000,0.6886,0.6886,0.6886
1691663453000,0.6885,0.6885,0.6885
1691663454000,0.6885,0.6885,0.6885
1691663455000,0.6885,0.6885,0.6885
1691663456000,0.6885024,0.6885024,0.6885024
1691663457000,0.6885024,0.6885024,0.6885024
1691663458000,0.68854929,0.68854929,0.68854929
1691663459000,0.68855041,0.68855041,0.68855041
1691663460000,0.68855049,0.68855049,0.68855049
1691663461000,0.68855049,0.68855049,0.68855049
1691663462000,0.6887,0.6887,0.6887
1691663463000,0.6887,0.6887,0.6887
1691663464000,0.6887,0.6887,0.6887
1691663465000,0.6887,0.6887,0.6887
1691663466000,0.6887,0.6887,0.6887
1691663467000,0.6887,0.6887,0.6887
1691663468000,0.6887,0.6887,0.6887
1691663469000,0.6887,0.6887,0.6887
1691663470000,0.6887,0.6887,0.6887
1691663471000,0.6888,0.6888,0.6888
1691663472000,0.6888,0.6888,0.6888
1691663473000,0.6888,0.6888,0.6888
1691663474000,0.6888,0.6888,0.6888
1691663475000,0.6888,0.6888,0.6888
1691663476000,0.6888,0.6888,0.6888
1691663477000,0.6888,0.6888,0.6888
1691663478000,0.6888,0.6888,0.6888
1691663479000,0.6888,0.6888,0.6888
1691663480000,0.6887,0.6887,0.6887
1691663481000,0.6887,0.6887,0.6887
1691663482000,0.6887,0.6887,0.6887
1691663483000,0.6887,0.6887,0.6887
1691663484000,0.6887,0.6887,0.6887
1691663485000,0.6887,0.6887,0.6887
1691663486000,0.6887,0.6887,0.6887
1691663487000,0.6888,0.6888,0.6888
1691663488000,0.6887,0.6887,0.6887
1691663489000,0.6887,0.6887,0.6887
1691663490000,0.6887,0.6887,0.6887
1691663491000,0.6887,0.6887,0.6887
1691663492000,0.6887,0.6887,0.6887
1691663493000,0.6887,0.6887,0.6887
1691663494000,0.6888,0.6888,0.6888
1691663495000,0.6888,0.6888,0.6888
1691663496000,0.6887,0.6887,0.6887
1691663497000,0.6887,0.6887,0.6887
1691663498000,0.6887,0.6887,0.6887
1691663499000,0.6887,0.6887,0.6887
1691663500000,0.6887,0.6887,0.6887
1691663501000,0.6887,0.6887,0.6887
1691663502000,0.6887,0.6887,0.6887
1691663503000,0.6887,0.6887,0.6887
1691663504000,0.6887,0.6887,0.6887
1691663505000,0.6887,0.6887,0.6887
1691663506000,0.6887,0.6887,0.6887
1691663507000,0.6887,0.6887,0.6887
1691663508000,0.6887,0.6887,0.6887
1691663509000,0.6887,0.6887,0.6887
1691663510000,0.6887,0.6887,0.6887
1691663511000,0.6888,0.6888,0.6888
1691663512000,0.6888,0.6888,0.6888
1691663513000,0.6888,0.6888,0.6888
1691663514000,0.6887,0.6887,0.6887
1691663515000,0.6888,0.6888,0.6888
1691663516000,0.6888,0.6888,0.6888
1691663517000,0.6888,0.6888,0.6888
1691663518000,0.6888,0.6888,0.6888
1691663519000,0.6888,0.6888,0.6888
1691663520000,0.68873564,0.68873564,0.68873564
1691663521000,0.6887346,0.6887346,0.6887346
1691663522000,0.6887346,0.6887346,0.6887346
1691663523000,0.6887346,0.6887346,0.6887346
1691663524000,0.68873376,0.68873376,0.68873376
1691663525000,0.6888,0.6888,0.6888
1691663526000,0.68873442,0.68873442,0.68873442
1691663527000,0.6888,0.6888,0.6888
1691663528000,0.6888,0.6888,0.6888
1691663529000,0.6888,0.6888,0.6888
1691663530000,0.6888,0.6888,0.6888
1691663531000,0.6888,0.6888,0.6888
1691663532000,0.6887,0.6887,0.6887
1691663533000,0.6889,0.6889,0.6889
1691663534000,0.6891,0.6891,0.6891
1691663535000,0.6891,0.6891,0.6891
1691663536000,0.6891,0.6891,0.6891
1691663537000,0.6891,0.6891,0.6891
1691663538000,0.6891,0.6891,0.6891
1691663539000,0.6891,0.6891,0.6891
1691663540000,0.6891,0.6891,0.6891
1691663541000,0.6891,0.6891,0.6891
1691663542000,0.6891,0.6891,0.6891
1691663543000,0.6891,0.6891,0.6891
1691663544000,0.6891,0.6891,0.6891
1691663545000,0.6891,0.6891,0.6891
1691663546000,0.6891,0.6891,0.6891
1691663547000,0.6893,0.6893,0.6893
1691663548000,0.6893,0.6893,0.6893
1691663549000,0.6894,0.6894,0.6894
1691663550000,0.6894,0.6894,0.6894
1691663551000,0.6894,0.6894,0.6894
1691663552000,0.6894,0.6894,0.6894
1691663553000,0.6894,0.6894,0.6894
1691663554000,0.6895,0.6895,0.6895
1691663555000,0.6894,0.6894,0.6894
1691663556000,0.6894,0.6894,0.6894
1691663557000,0.6896,0.6896,0.6896
1691663558000,0.6896,0.6896,0.6896
1691663559000,0.6897,0.6897,0.6897
1691663560000,0.6896,0.6896,0.6896
1691663561000,0.6896,0.6896,0.6896
1691663562000,0.6896,0.6896,0.6896
1691663563000,0.6896,0.6896,0.6896
1691663564000,0.6897,0.6897,0.6897
1691663565000,0.6896,0.6896,0.6896
1691663566000,0.6896,0.6896,0.6896
1691663567000,0.6896,0.6896,0.6896
1691663568000,0.6896,0.6896,0.6896
1691663569000,0.6896,0.6896,0.6896
1691663570000,0.6896,0.6896,0.6896
1691663571000,0.6896,0.6896,0.6896
1691663572000,0.6896,0.6896,0.6896
1691663573000,0.6896,0.6896,0.6896
1691663574000,0.6896,0.6896,0.6896
1691663575000,0.6896,0.6896,0.6896
1691663576000,0.68961077,0.68961077,0.68961077
1691663577000,0.68961203,0.68961203,0.68961203
1691663578000,0.6896,0.6896,0.6896
1691663579000,0.68951205,0.68951205,0.68951205
1691663580000,0.68951205,0.68951205,0.68951205
1691663581000,0.6895,0.6895,0.6895
1691663582000,0.6895,0.6895,0.6895
1691663583000,0.6895,0.6895,0.6895
1691663584000,0.6895,0.6895,0.6895
1691663585000,0.6895,0.6895,0.6895
1691663586000,0.6895,0.6895,0.6895
1691663587000,0.68951177,0.68951177,0.68951177
1691663588000,0.68951094,0.68951094,0.68951094
1691663589000,0.68951006,0.68951006,0.68951006
1691663590000,0.68951006,0.68951006,0.68951006
1691663591000,0.6896,0.6896,0.6896
1691663592000,0.6896,0.6896,0.6896
1691663593000,0.68951107,0.68951107,0.68951107
1691663594000,0.6895116,0.6895116,0.6895116
1691663595000,0.6895116,0.6895116,0.6895116
1691663596000,0.6896,0.6896,0.6896
1691663597000,0.6896,0.6896,0.6896
1691663598000,0.6896,0.6896,0.6896
1691663599000,0.6897,0.6897,0.6897
1691663600000,0.6897,0.6897,0.6897
1691663601000,0.6898,0.6898,0.6898
1691663602000,0.6898,0.6898,0.6898
1691663603000,0.6897,0.6897,0.6897
1691663604000,0.6897,0.6897,0.6897
1691663605000,0.6898,0.6898,0.6898
1691663606000,0.6897,0.6897,0.6897
1691663607000,0.6898,0.6898,0.6898
1691663608000,0.6897,0.6897,0.6897
1691663609000,0.6897,0.6897,0.6897
1691663610000,0.6898,0.6898,0.6898
1691663611000,0.6898,0.6898,0.6898
1691663612000,0.6898,0.6898,0.6898
1691663613000,0.6896,0.6896,0.6896
1691663614000,0.6897,0.6897,0.6897
1691663615000,0.6897,0.6897,0.6897
1691663616000,0.6897,0.6897,0.6897
1691663617000,0.6897,0.6897,0.6897
1691663618000,0.68966682,0.68966682,0.68966682
1691663619000,0.68966682,0.68966682,0.68966682
1691663620000,0.68962213,0.68962213,0.68962213
1691663621000,0.6897,0.6897,0.6897
1691663622000,0.6897,0.6897,0.6897
1691663623000,0.68962908,0.68962908,0.68962908
1691663624000,0.6897,0.6897,0.6897
1691663625000,0.68963884,0.68963884,0.68963884
1691663626000,0.68963884,0.68963884,0.68963884
1691663627000,0.68963888,0.68963888,0.68963888
1691663628000,0.6897,0.6897,0.6897
1691663629000,0.68963947,0.68963947,0.68963947
1691663630000,0.6897,0.6897,0.6897
1691663631000,0.68964105,0.68964105,0.68964105
1691663632000,0.6897,0.6897,0.6897
1691663633000,0.6897,0.6897,0.6897
1691663634000,0.68963425,0.68963425,0.68963425
1691663635000,0.6897,0.6897,0.6897
1691663636000,0.6897,0.6897,0.6897
1691663637000,0.6897,0.6897,0.6897
1691663638000,0.6897,0.6897,0.6897
1691663639000,0.6897,0.6897,0.6897
1691663640000,0.6897,0.6897,0.6897
1691663641000,0.68963377,0.68963377,0.68963377
1691663642000,0.68963454,0.68963454,0.68963454
1691663643000,0.68963374,0.68963374,0.68963374
1691663644000,0.68963377,0.68963377,0.68963377
1691663645000,0.68958702,0.68958702,0.68958702
1691663646000,0.68958345,0.68958345,0.68958345
1691663647000,0.68958345,0.68958345,0.68958345
1691663648000,0.6896,0.6896,0.6896
1691663649000,0.6896,0.6896,0.6896
1691663650000,0.6896,0.6896,0.6896
1691663651000,0.6896,0.6896,0.6896
1691663652000,0.6896,0.6896,0.6896
1691663653000,0.6896,0.6896,0.6896
1691663654000,0.6896,0.6896,0.6896
1691663655000,0.6896,0.6896,0.6896
1691663656000,0.6896,0.6896,0.6896
1691663657000,0.6897,0.6897,0.6897
1691663658000,0.6896,0.6896,0.6896
1691663659000,0.6896,0.6896,0.6896
1691663660000,0.6896,0.6896,0.6896
1691663661000,0.6897,0.6897,0.6897
1691663662000,0.6897,0.6897,0.6897
1691663663000,0.6896,0.6896,0.6896
1691663664000,0.6896,0.6896,0.6896
1691663665000,0.6896,0.6896,0.6896
1691663666000,0.6896,0.6896,0.6896
1691663667000,0.6896,0.6896,0.6896
1691663668000,0.6896,0.6896,0.6896
1691663669000,0.68955096,0.68955096,0.68955096
1691663670000,0.68955096,0.68955096,0.68955096
1691663671000,0.68955096,0.68955096,0.68955096
1691663672000,0.6896,0.6896,0.6896
1691663673000,0.6896,0.6896,0.6896
1691663674000,0.6896,0.6896,0.6896
1691663675000,0.68959921,0.68959921,0.68959921
1691663676000,0.68959921,0.68959921,0.68959921
1691663677000,0.6899,0.6899,0.6899
1691663678000,0.68975032,0.68975032,0.68975032
1691663679000,0.68975032,0.68975032,0.68975032
1691663680000,0.6897,0.6897,0.6897
1691663681000,0.6897,0.6897,0.6897
1691663682000,0.6897,0.6897,0.6897
1691663683000,0.6897,0.6897,0.6897
1691663684000,0.6897,0.6897,0.6897
1691663685000,0.6897,0.6897,0.6897
1691663686000,0.6897,0.6897,0.6897
1691663687000,0.6897,0.6897,0.6897
1691663688000,0.6898,0.6898,0.6898
1691663689000,0.6899,0.6899,0.6899
1691663690000,0.6899,0.6899,0.6899
1691663691000,0.6899,0.6899,0.6899
1691663692000,0.6899,0.6899,0.6899
1691663693000,0.69,0.69,0.69
1691663694000,0.69,0.69,0.69
1691663695000,0.69,0.69,0.69
1691663696000,0.69,0.69,0.69
1691663697000,0.6901,0.6901,0.6901
1691663698000,0.69,0.69,0.69
1691663699000,0.6901,0.6901,0.6901
1691663700000,0.6901,0.6901,0.6901
1691663701000,0.6901,0.6901,0.6901
1691663702000,0.6901,0.6901,0.6901
1691663703000,0.6901,0.6901,0.6901
1691663704000,0.69,0.69,0.69
1691663705000,0.6901,0.6901,0.6901
1691663706000,0.69,0.69,0.69
1691663707000,0.69,0.69,0.69
1691663708000,0.6901,0.6901,0.6901
1691663709000,0.6901,0.6901,0.6901
1691663710000,0.6901,0.6901,0.6901
1691663711000,0.6901,0.6901,0.6901
1691663712000,0.6901,0.6901,0.6901
1691663713000,0.6901,0.6901,0.6901
1691663714000,0.6901,0.6901,0.6901
1691663715000,0.69,0.69,0.69
1691663716000,0.69,0.69,0.69
1691663717000,0.68988981,0.68988981,0.68988981
1691663718000,0.68984326,0.68984326,0.68984326
1691663719000,0.68984762,0.68984762,0.68984762
1691663720000,0.6899,0.6899,0.6899
1691663721000,0.6899,0.6899,0.6899
1691663722000,0.6899,0.6899,0.6899
1691663723000,0.68984836,0.68984836,0.68984836
1691663724000,0.6899,0.6899,0.6899
1691663725000,0.6899,0.6899,0.6899
1691663726000,0.6899,0.6899,0.6899
1691663727000,0.6899,0.6899,0.6899
1691663728000,0.69,0.69,0.69
1691663729000,0.69,0.69,0.69
1691663730000,0.69,0.69,0.69
1691663731000,0.69,0.69,0.69
1691663732000,0.69,0.69,0.69
1691663733000,0.69,0.69,0.69
1691663734000,0.69,0.69,0.69
1691663735000,0.69,0.69,0.69
1691663736000,0.69,0.69,0.69
1691663737000,0.69,0.69,0.69
1691663738000,0.69,0.69,0.69
1691663739000,0.69,0.69,0.69
1691663740000,0.6901,0.6901,0.6901
1691663741000,0.6901,0.6901,0.6901
1691663742000,0.6901,0.6901,0.6901
1691663743000,0.6902,0.6902,0.6902
1691663744000,0.6902,0.6902,0.6902
1691663745000,0.6902,0.6902,0.6902
1691663746000,0.6902,0.6902,0.6902
1691663747000,0.6902,0.6902,0.6902
1691663748000,0.6902,0.6902,0.6902
1691663749000,0.6902,0.6902,0.6902
1691663750000,0.6903,0.6903,0.6903
1691663751000,0.6902,0.6902,0.6902
1691663752000,0.6903,0.6903,0.6903
1691663753000,0.6903,0.6903,0.6903
1691663754000,0.6902,0.6902,0.6902
1691663755000,0.6902,0.6902,0.6902
1691663756000,0.6902,0.6902,0.6902
1691663757000,0.6902,0.6902,0.6902
1691663758000,0.6903,0.6903,0.6903
1691663759000,0.6902,0.6902,0.6902
1691663760000,0.6902,0.6902,0.6902
1691663761000,0.6902,0.6902,0.6902
1691663762000,0.6903,0.6903,0.6903
1691663763000,0.6904,0.6904,0.6904
1691663764000,0.6903,0.6903,0.6903
1691663765000,0.6903,0.6903,0.6903
1691663766000,0.6903,0.6903,0.6903
1691663767000,0.6903,0.6903,0.6903
1691663768000,0.6903,0.6903,0.6903
1691663769000,0.6904,0.6904,0.6904
1691663770000,0.69014256,0.69014256,0.69014256
1691663771000,0.6902,0.6902,0.6902
1691663772000,0.69015111,0.69015111,0.69015111
1691663773000,0.69015111,0.69015111,0.69015111
1691663774000,0.69012346,0.69012346,0.69012346
1691663775000,0.6902,0.6902,0.6902
1691663776000,0.6902,0.6902,0.6902
1691663777000,0.6902,0.6902,0.6902
1691663778000,0.6903,0.6903,0.6903
1691663779000,0.6903,0.6903,0.6903
1691663780000,0.6903,0.6903,0.6903
1691663781000,0.6903,0.6903,0.6903
1691663782000,0.6901,0.6901,0.6901
1691663783000,0.6902,0.6902,0.6902
1691663784000,0.6902,0.6902,0.6902
1691663785000,0.6902,0.6902,0.6902
1691663786000,0.6902,0.6902,0.6902
1691663787000,0.6902,0.6902,0.6902
1691663788000,0.6902,0.6902,0.6902
1691663789000,0.6902,0.6902,0.6902
1691663790000,0.6902,0.6902,0.6902
1691663791000,0.6902,0.6902,0.6902
1691663792000,0.6902,0.6902,0.6902
1691663793000,0.6901,0.6901,0.6901
1691663794000,0.6901,0.6901,0.6901
1691663795000,0.6901,0.6901,0.6901
1691663796000,0.6901,0.6901,0.6901
1691663797000,0.6901,0.6901,0.6901
1691663798000,0.6901,0.6901,0.6901
1691663799000,0.69000025,0.69000025,0.69000025
1691663800000,0.69000025,0.69000025,0.69000025
1691663801000,0.69000025,0.69000025,0.69000025
1691663802000,0.68999732,0.68999732,0.68999732
1691663803000,0.69,0.69,0.69
1691663804000,0.69,0.69,0.69
1691663805000,0.69,0.69,0.69
1691663806000,0.69,0.69,0.69
1691663807000,0.68999434,0.68999434,0.68999434
1691663808000,0.68999518,0.68999518,0.68999518
1691663809000,0.68999518,0.68999518,0.68999518
1691663810000,0.68999514,0.68999514,0.68999514
1691663811000,0.68999514,0.68999514,0.68999514
1691663812000,0.68999349,0.68999349,0.68999349
1691663813000,0.68999349,0.68999349,0.68999349
1691663814000,0.6899915,0.6899915,0.6899915
1691663815000,0.68994499,0.68994499,0.68994499
1691663816000,0.68995384,0.68995384,0.68995384
1691663817000,0.69,0.69,0.69
1691663818000,0.69,0.69,0.69
1691663819000,0.69,0.69,0.69
1691663820000,0.69,0.69,0.69
1691663821000,0.69,0.69,0.69
1691663822000,0.68995614,0.68995614,0.68995614
1691663823000,0.68995787,0.68995787,0.68995787
1691663824000,0.68995787,0.68995787,0.68995787
1691663825000,0.69,0.69,0.69
1691663826000,0.68995787,0.68995787,0.68995787
1691663827000,0.68995787,0.68995787,0.68995787
1691663828000,0.69001924,0.69001924,0.69001924
1691663829000,0.69001921,0.69001921,0.69001921
1691663830000,0.69001924,0.69001924,0.69001924
1691663831000,0.69001921,0.69001921,0.69001921
1691663832000,0.69006572,0.69006572,0.69006572
1691663833000,0.69006601,0.69006601,0.69006601
1691663834000,0.69002093,0.69002093,0.69002093
1691663835000,0.69002093,0.69002093,0.69002093
1691663836000,0.69002096,0.69002096,0.69002096
1691663837000,0.69002096,0.69002096,0.69002096
1691663838000,0.69001798,0.69001798,0.69001798
1691663839000,0.69001715,0.69001715,0.69001715
1691663840000,0.69001798,0.69001798,0.69001798
1691663841000,0.69001795,0.69001795,0.69001795
1691663842000,0.69001798,0.69001798,0.69001798
1691663843000,0.6900158,0.6900158,0.6900158
1691663844000,0.68997379,0.68997379,0.68997379
1691663845000,0.68997379,0.68997379,0.68997379
1691663846000,0.69002876,0.69002876,0.69002876
1691663847000,0.6900288,0.6900288,0.6900288
1691663848000,0.6900288,0.6900288,0.6900288
1691663849000,0.69002587,0.69002587,0.69002587
1691663850000,0.69002584,0.69002584,0.69002584
1691663851000,0.69002584,0.69002584,0.69002584
1691663852000,0.69002584,0.69002584,0.69002584
1691663853000,0.69,0.69,0.69
1691663854000,0.69,0.69,0.69
1691663855000,0.69,0.69,0.69
1691663856000,0.69,0.69,0.69
1691663857000,0.69007084,0.69007084,0.69007084
1691663858000,0.69007088,0.69007088,0.69007088
1691663859000,0.69006622,0.69006622,0.69006622
1691663860000,0.69006622,0.69006622,0.69006622
1691663861000,0.68997876,0.68997876,0.68997876
1691663862000,0.6899788,0.6899788,0.6899788
1691663863000,0.68992475,0.68992475,0.68992475
1691663864000,0.68992214,0.68992214,0.68992214
1691663865000,0.68991987,0.68991987,0.68991987
1691663866000,0.68991984,0.68991984,0.68991984
1691663867000,0.68986578,0.68986578,0.68986578
1691663868000,0.68986578,0.68986578,0.68986578
1691663869000,0.68986245,0.68986245,0.68986245
1691663870000,0.68982866,0.68982866,0.68982866
1691663871000,0.68982863,0.68982863,0.68982863
1691663872000,0.68982863,0.68982863,0.68982863
1691663873000,0.68982863,0.68982863,0.68982863
1691663874000,0.68982652,0.68982652,0.68982652
1691663875000,0.68982429,0.68982429,0.68982429
1691663876000,0.68982426,0.68982426,0.68982426
1691663877000,0.68982426,0.68982426,0.68982426
1691663878000,0.68982429,0.68982429,0.68982429
1691663879000,0.68982337,0.68982337,0.68982337
1691663880000,0.68982145,0.68982145,0.68982145
1691663881000,0.68982555,0.68982555,0.68982555
1691663882000,0.6899,0.6899,0.6899
1691663883000,0.6899,0.6899,0.6899
1691663884000,0.6899,0.6899,0.6899
1691663885000,0.6899,0.6899,0.6899
1691663886000,0.6899,0.6899,0.6899
1691663887000,0.6899,0.6899,0.6899
1691663888000,0.6899,0.6899,0.6899
1691663889000,0.68986958,0.68986958,0.68986958
1691663890000,0.68987338,0.68987338,0.68987338
1691663891000,0.68987338,0.68987338,0.68987338
1691663892000,0.68990581,0.68990581,0.68990581
1691663893000,0.68988959,0.68988959,0.68988959
1691663894000,0.68988959,0.68988959,0.68988959
1691663895000,0.69021246,0.69021246,0.69021246
1691663896000,0.6903,0.6903,0.6903
1691663897000,0.6903,0.6903,0.6903
1691663898000,0.6903,0.6903,0.6903
1691663899000,0.6903,0.6903,0.6903
1691663900000,0.6903,0.6903,0.6903
1691663901000,0.6904,0.6904,0.6904
1691663902000,0.6905,0.6905,0.6905
1691663903000,0.6905,0.6905,0.6905
1691663904000,0.6904,0.6904,0.6904
1691663905000,0.6905,0.6905,0.6905
1691663906000,0.6905,0.6905,0.6905
1691663907000,0.6904,0.6904,0.6904
1691663908000,0.6904,0.6904,0.6904
1691663909000,0.6904,0.6904,0.6904
1691663910000,0.6904,0.6904,0.6904
1691663911000,0.6904,0.6904,0.6904
1691663912000,0.6905,0.6905,0.6905
1691663913000,0.6904,0.6904,0.6904
1691663914000,0.6904,0.6904,0.6904
1691663915000,0.6904,0.6904,0.6904
1691663916000,0.6904,0.6904,0.6904
1691663917000,0.6904,0.6904,0.6904
1691663918000,0.6904,0.6904,0.6904
1691663919000,0.6904,0.6904,0.6904
1691663920000,0.6904,0.6904,0.6904
1691663921000,0.6904,0.6904,0.6904
1691663922000,0.6904,0.6904,0.6904
1691663923000,0.6904,0.6904,0.6904
1691663924000,0.6904,0.6904,0.6904
1691663925000,0.6904,0.6904,0.6904
1691663926000,0.6904,0.6904,0.6904
1691663927000,0.6904,0.6904,0.6904
1691663928000,0.6904,0.6904,0.6904
1691663929000,0.6905,0.6905,0.6905
1691663930000,0.6905,0.6905,0.6905
1691663931000,0.6905,0.6905,0.6905
1691663932000,0.6905,0.6905,0.6905
1691663933000,0.6905,0.6905,0.6905
1691663934000,0.6905,0.6905,0.6905
1691663935000,0.6905,0.6905,0.6905
1691663936000,0.6905,0.6905,0.6905
1691663937000,0.6905,0.6905,0.6905
1691663938000,0.6905,0.6905,0.6905
1691663939000,0.6905,0.6905,0.6905
1691663940000,0.6905,0.6905,0.6905
1691663941000,0.6905,0.6905,0.6905
1691663942000,0.69062751,0.69062751,0.69062751
1691663943000,0.6907,0.6907,0.6907
1691663944000,0.6907,0.6907,0.6907
1691663945000,0.6907,0.6907,0.6907
1691663946000,0.6907,0.6907,0.6907
1691663947000,0.69062543,0.69062543,0.69062543
1691663948000,0.6908,0.6908,0.6908
1691663949000,0.6908,0.6908,0.6908
1691663950000,0.6908,0.6908,0.6908
1691663951000,0.6907,0.6907,0.6907
1691663952000,0.6907,0.6907,0.6907
1691663953000,0.6907,0.6907,0.6907
1691663954000,0.69067761,0.69067761,0.69067761
1691663955000,0.69067765,0.69067765,0.69067765
1691663956000,0.69097249,0.69097249,0.69097249
1691663957000,0.6909,0.6909,0.6909
1691663958000,0.6909,0.6909,0.6909
1691663959000,0.6911,0.6911,0.6911
1691663960000,0.6912,0.6912,0.6912
1691663961000,0.6912,0.6912,0.6912
1691663962000,0.6911,0.6911,0.6911
1691663963000,0.69105237,0.69105237,0.69105237
1691663964000,0.69100506,0.69100506,0.69100506
1691663965000,0.69100503,0.69100503,0.69100503
1691663966000,0.691,0.691,0.691
1691663967000,0.69096353,0.69096353,0.69096353
1691663968000,0.69096291,0.69096291,0.69096291
1691663969000,0.69100412,0.69100412,0.69100412
1691663970000,0.69104986,0.69104986,0.69104986
1691663971000,0.69104986,0.69104986,0.69104986
1691663972000,0.69072006,0.69072006,0.69072006
1691663973000,0.69072115,0.69072115,0.69072115
1691663974000,0.69072034,0.69072034,0.69072034
1691663975000,0.69072034,0.69072034,0.69072034
1691663976000,0.69072034,0.69072034,0.69072034
1691663977000,0.69071905,0.69071905,0.69071905
1691663978000,0.69076546,0.69076546,0.69076546
1691663979000,0.69076546,0.69076546,0.69076546
1691663980000,0.69076546,0.69076546,0.69076546
1691663981000,0.69063653,0.69063653,0.69063653
1691663982000,0.69063363,0.69063363,0.69063363
1691663983000,0.6906334,0.6906334,0.6906334
1691663984000,0.69067991,0.69067991,0.69067991
1691663985000,0.69062991,0.69062991,0.69062991
1691663986000,0.69062994,0.69062994,0.69062994
1691663987000,0.69062994,0.69062994,0.69062994
1691663988000,0.69061791,0.69061791,0.69061791
1691663989000,0.69061524,0.69061524,0.69061524
1691663990000,0.69061524,0.69061524,0.69061524
1691663991000,0.69061524,0.69061524,0.69061524
1691663992000,0.69061517,0.69061517,0.69061517
1691663993000,0.69061517,0.69061517,0.69061517
1691663994000,0.69061182,0.69061182,0.69061182
1691663995000,0.69061182,0.69061182,0.69061182
1691663996000,0.69057694,0.69057694,0.69057694
1691663997000,0.69057659,0.69057659,0.69057659
1691663998000,0.69057659,0.69057659,0.69057659
1691663999000,0.69052641,0.69052641,0.69052641
1691664000000,0.69052641,0.69052641,0.69052641
1691664001000,0.69051915,0.69051915,0.69051915
1691664002000,0.69051842,0.69051842,0.69051842
1691664003000,0.69051845,0.69051845,0.69051845
1691664004000,0.69051509,0.69051509,0.69051509
1691664005000,0.69056163,0.69056163,0.69056163
1691664006000,0.69056163,0.69056163,0.69056163
1691664007000,0.69056195,0.69056195,0.69056195
1691664008000,0.69056195,0.69056195,0.69056195
1691664009000,0.69055968,0.69055968,0.69055968
1691664010000,0.69055968,0.69055968,0.69055968
1691664011000,0.6906,0.6906,0.6906
1691664012000,0.6906,0.6906,0.6906
1691664013000,0.6906,0.6906,0.6906
1691664014000,0.6906,0.6906,0.6906
1691664015000,0.6906,0.6906,0.6906
1691664016000,0.6906,0.6906,0.6906
1691664017000,0.69051065,0.69051065,0.69051065
1691664018000,0.69051065,0.69051065,0.69051065
1691664019000,0.6906,0.6906,0.6906
1691664020000,0.6906,0.6906,0.6906
1691664021000,0.6906,0.6906,0.6906
1691664022000,0.69055732,0.69055732,0.69055732
1691664023000,0.69055732,0.69055732,0.69055732
1691664024000,0.69051081,0.69051081,0.69051081
1691664025000,0.69051254,0.69051254,0.69051254
1691664026000,0.69055982,0.69055982,0.69055982
1691664027000,0.69055982,0.69055982,0.69055982
1691664028000,0.6905,0.6905,0.6905
1691664029000,0.6905,0.6905,0.6905
1691664030000,0.6905,0.6905,0.6905
1691664031000,0.69047469,0.69047469,0.69047469
1691664032000,0.69047469,0.69047469,0.69047469
1691664033000,0.69047389,0.69047389,0.69047389
1691664034000,0.69047393,0.69047393,0.69047393
1691664035000,0.69047121,0.69047121,0.69047121
1691664036000,0.6904255,0.6904255,0.6904255
1691664037000,0.6904255,0.6904255,0.6904255
1691664038000,0.6905,0.6905,0.6905
1691664039000,0.6905,0.6905,0.6905
1691664040000,0.6905,0.6905,0.6905
1691664041000,0.6905,0.6905,0.6905
1691664042000,0.6905,0.6905,0.6905
1691664043000,0.6905,0.6905,0.6905
1691664044000,0.6905,0.6905,0.6905
1691664045000,0.6905,0.6905,0.6905
1691664046000,0.6905,0.6905,0.6905
1691664047000,0.6905,0.6905,0.6905
1691664048000,0.6905,0.6905,0.6905
1691664049000,0.6905,0.6905,0.6905
1691664050000,0.69046554,0.69046554,0.69046554
1691664051000,0.69041685,0.69041685,0.69041685
1691664052000,0.69041601,0.69041601,0.69041601
1691664053000,0.69041559,0.69041559,0.69041559
1691664054000,0.69036789,0.69036789,0.69036789
1691664055000,0.69036789,0.69036789,0.69036789
1691664056000,0.69036572,0.69036572,0.69036572
1691664057000,0.69036572,0.69036572,0.69036572
1691664058000,0.69036572,0.69036572,0.69036572
1691664059000,0.69036513,0.69036513,0.69036513
1691664060000,0.69036513,0.69036513,0.69036513
1691664061000,0.69035967,0.69035967,0.69035967
1691664062000,0.69035547,0.69035547,0.69035547
1691664063000,0.69032837,0.69032837,0.69032837
1691664064000,0.69032518,0.69032518,0.69032518
1691664065000,0.69032518,0.69032518,0.69032518
1691664066000,0.69032438,0.69032438,0.69032438
1691664067000,0.69031831,0.69031831,0.69031831
1691664068000,0.6902726,0.6902726,0.6902726
1691664069000,0.69027103,0.69027103,0.69027103
1691664070000,0.69031758,0.69031758,0.69031758
1691664071000,0.69031758,0.69031758,0.69031758
1691664072000,0.69031539,0.69031539,0.69031539
1691664073000,0.69031539,0.69031539,0.69031539
1691664074000,0.69031487,0.69031487,0.69031487
1691664075000,0.69031487,0.69031487,0.69031487
1691664076000,0.69028696,0.69028696,0.69028696
1691664077000,0.69028243,0.69028243,0.69028243
1691664078000,0.69028243,0.69028243,0.69028243
1691664079000,0.69028125,0.69028125,0.69028125
1691664080000,0.69028128,0.69028128,0.69028128
1691664081000,0.69028128,0.69028128,0.69028128
1691664082000,0.69023025,0.69023025,0.69023025
1691664083000,0.69023025,0.69023025,0.69023025
1691664084000,0.69023004,0.69023004,0.69023004
1691664085000,0.69021608,0.69021608,0.69021608
1691664086000,0.6905,0.6905,0.6905
1691664087000,0.6905,0.6905,0.6905
1691664088000,0.6905,0.6905,0.6905
1691664089000,0.6905,0.6905,0.6905
1691664090000,0.6905,0.6905,0.6905
1691664091000,0.6905,0.6905,0.6905
1691664092000,0.6905,0.6905,0.6905
1691664093000,0.6907,0.6907,0.6907
1691664094000,0.6907,0.6907,0.6907
1691664095000,0.6908,0.6908,0.6908
1691664096000,0.6907,0.6907,0.6907
1691664097000,0.6907,0.6907,0.6907
1691664098000,0.6907,0.6907,0.6907
1691664099000,0.6907,0.6907,0.6907
1691664100000,0.6908,0.6908,0.6908
1691664101000,0.6908,0.6908,0.6908
1691664102000,0.6908,0.6908,0.6908
1691664103000,0.6907053,0.6907053,0.6907053
1691664104000,0.6907053,0.6907053,0.6907053
1691664105000,0.69070527,0.69070527,0.69070527
1691664106000,0.6908,0.6908,0.6908
1691664107000,0.6909,0.6909,0.6909
1691664108000,0.6909,0.6909,0.6909
1691664109000,0.6909,0.6909,0.6909
1691664110000,0.691,0.691,0.691
1691664111000,0.691,0.691,0.691
1691664112000,0.691,0.691,0.691
1691664113000,0.6911,0.6911,0.6911
1691664114000,0.691,0.691,0.691
1691664115000,0.691,0.691,0.691
1691664116000,0.6911,0.6911,0.6911
1691664117000,0.691,0.691,0.691
1691664118000,0.691,0.691,0.691
1691664119000,0.691,0.691,0.691
1691664120000,0.691,0.691,0.691
1691664121000,0.691,0.691,0.691
1691664122000,0.691,0.691,0.691
1691664123000,0.691,0.691,0.691
1691664124000,0.691,0.691,0.691
1691664125000,0.6911,0.6911,0.6911
1691664126000,0.6911,0.6911,0.6911
1691664127000,0.6911,0.6911,0.6911
1691664128000,0.6911,0.6911,0.6911
1691664129000,0.6911,0.6911,0.6911
1691664130000,0.6911,0.6911,0.6911
1691664131000,0.6911,0.6911,0.6911
1691664132000,0.6911,0.6911,0.6911
1691664133000,0.6911,0.6911,0.6911
1691664134000,0.691,0.691,0.691
1691664135000,0.691,0.691,0.691
1691664136000,0.691,0.691,0.691
1691664137000,0.6911,0.6911,0.6911
1691664138000,0.6911,0.6911,0.6911
1691664139000,0.691,0.691,0.691
1691664140000,0.691,0.691,0.691
1691664141000,0.6911,0.6911,0.6911
1691664142000,0.6911,0.6911,0.6911
1691664143000,0.691,0.691,0.691
1691664144000,0.691,0.691,0.691
1691664145000,0.6911,0.6911,0.6911
1691664146000,0.691,0.691,0.691
1691664147000,0.69100827,0.69100827,0.69100827
1691664148000,0.6911,0.6911,0.6911
1691664149000,0.6911,0.6911,0.6911
1691664150000,0.6911,0.6911,0.6911
1691664151000,0.6912,0.6912,0.6912
1691664152000,0.6912,0.6912,0.6912
1691664153000,0.6912,0.6912,0.6912
1691664154000,0.6912,0.6912,0.6912
1691664155000,0.6912,0.6912,0.6912
1691664156000,0.6912,0.6912,0.6912
1691664157000,0.6912,0.6912,0.6912
1691664158000,0.6912,0.6912,0.6912
1691664159000,0.6913,0.6913,0.6913
1691664160000,0.6912,0.6912,0.6912
1691664161000,0.6912,0.6912,0.6912
1691664162000,0.6912,0.6912,0.6912
1691664163000,0.6912,0.6912,0.6912
1691664164000,0.6912,0.6912,0.6912
1691664165000,0.6912,0.6912,0.6912
1691664166000,0.69118134,0.69118134,0.69118134
1691664167000,0.6912,0.6912,0.6912
1691664168000,0.6912,0.6912,0.6912
1691664169000,0.6912,0.6912,0.6912
1691664170000,0.6912,0.6912,0.6912
1691664171000,0.6912,0.6912,0.6912
1691664172000,0.6912,0.6912,0.6912
1691664173000,0.6912,0.6912,0.6912
1691664174000,0.6912,0.6912,0.6912
1691664175000,0.69114652,0.69114652,0.69114652
1691664176000,0.6912,0.6912,0.6912
1691664177000,0.6912,0.6912,0.6912
1691664178000,0.69110558,0.69110558,0.69110558
1691664179000,0.69110558,0.69110558,0.69110558
1691664180000,0.69110558,0.69110558,0.69110558
1691664181000,0.69115272,0.69115272,0.69115272
1691664182000,0.6912,0.6912,0.6912
1691664183000,0.6912,0.6912,0.6912
1691664184000,0.6912,0.6912,0.6912
1691664185000,0.69116667,0.69116667,0.69116667
1691664186000,0.6912,0.6912,0.6912
1691664187000,0.6912,0.6912,0.6912
1691664188000,0.69116615,0.69116615,0.69116615
1691664189000,0.6913,0.6913,0.6913
1691664190000,0.6912,0.6912,0.6912
1691664191000,0.6912,0.6912,0.6912
1691664192000,0.6913,0.6913,0.6913
1691664193000,0.6913,0.6913,0.6913
1691664194000,0.6912,0.6912,0.6912
1691664195000,0.6912,0.6912,0.6912
1691664196000,0.6912,0.6912,0.6912
1691664197000,0.6912,0.6912,0.6912
1691664198000,0.6912,0.6912,0.6912
1691664199000,0.6912,0.6912,0.6912
1691664200000,0.6912,0.6912,0.6912
1691664201000,0.6912,0.6912,0.6912
1691664202000,0.6912,0.6912,0.6912
1691664203000,0.6913,0.6913,0.6913
1691664204000,0.6913,0.6913,0.6913
1691664205000,0.6913,0.6913,0.6913
1691664206000,0.6913,0.6913,0.6913
1691664207000,0.69112329,0.69112329,0.69112329
1691664208000,0.69107681,0.69107681,0.69107681
1691664209000,0.69112329,0.69112329,0.69112329
1691664210000,0.69112329,0.69112329,0.69112329
1691664211000,0.69112329,0.69112329,0.69112329
1691664212000,0.6911,0.6911,0.6911
1691664213000,0.6911,0.6911,0.6911
1691664214000,0.6912,0.6912,0.6912
1691664215000,0.6912,0.6912,0.6912
1691664216000,0.6912,0.6912,0.6912
1691664217000,0.6912,0.6912,0.6912
1691664218000,0.6912,0.6912,0.6912
1691664219000,0.6912,0.6912,0.6912
1691664220000,0.6911,0.6911,0.6911
1691664221000,0.6911,0.6911,0.6911
1691664222000,0.6911,0.6911,0.6911
1691664223000,0.6911,0.6911,0.6911
1691664224000,0.6911,0.6911,0.6911
1691664225000,0.69107128,0.69107128,0.69107128
1691664226000,0.69107128,0.69107128,0.69107128
1691664227000,0.69105736,0.69105736,0.69105736
1691664228000,0.69105365,0.69105365,0.69105365
1691664229000,0.69105365,0.69105365,0.69105365
1691664230000,0.69105362,0.69105362,0.69105362
1691664231000,0.69105362,0.69105362,0.69105362
1691664232000,0.6911,0.6911,0.6911
1691664233000,0.69105023,0.69105023,0.69105023
1691664234000,0.69105023,0.69105023,0.69105023
1691664235000,0.69109194,0.69109194,0.69109194
1691664236000,0.69109271,0.69109271,0.69109271
1691664237000,0.69109271,0.69109271,0.69109271
1691664238000,0.69108919,0.69108919,0.69108919
1691664239000,0.69104187,0.69104187,0.69104187
1691664240000,0.69104187,0.69104187,0.69104187
1691664241000,0.69109064,0.69109064,0.69109064
1691664242000,0.69109064,0.69109064,0.69109064
1691664243000,0.69114226,0.69114226,0.69114226
1691664244000,0.69114226,0.69114226,0.69114226
1691664245000,0.69114226,0.69114226,0.69114226
1691664246000,0.69114229,0.69114229,0.69114229
1691664247000,0.69114226,0.69114226,0.69114226
1691664248000,0.69114081,0.69114081,0.69114081
1691664249000,0.69113983,0.69113983,0.69113983
1691664250000,0.69113889,0.69113889,0.69113889
1691664251000,0.69113889,0.69113889,0.69113889
1691664252000,0.69113885,0.69113885,0.69113885
1691664253000,0.6914,0.6914,0.6914
1691664254000,0.69154448,0.69154448,0.69154448
1691664255000,0.6916,0.6916,0.6916
1691664256000,0.6917,0.6917,0.6917
1691664257000,0.6916,0.6916,0.6916
1691664258000,0.6917,0.6917,0.6917
1691664259000,0.6917,0.6917,0.6917
1691664260000,0.6916,0.6916,0.6916
1691664261000,0.6917,0.6917,0.6917
1691664262000,0.6917,0.6917,0.6917
1691664263000,0.6916,0.6916,0.6916
1691664264000,0.6916,0.6916,0.6916
1691664265000,0.6916,0.6916,0.6916
1691664266000,0.6917,0.6917,0.6917
1691664267000,0.6917,0.6917,0.6917
1691664268000,0.6917,0.6917,0.6917
1691664269000,0.6917,0.6917,0.6917
1691664270000,0.6916896,0.6916896,0.6916896
1691664271000,0.69152418,0.69152418,0.69152418
1691664272000,0.69152418,0.69152418,0.69152418
1691664273000,0.69152418,0.69152418,0.69152418
1691664274000,0.6915223,0.6915223,0.6915223
1691664275000,0.69157635,0.69157635,0.69157635
1691664276000,0.69156825,0.69156825,0.69156825
1691664277000,0.69156914,0.69156914,0.69156914
1691664278000,0.69156914,0.69156914,0.69156914
1691664279000,0.69156853,0.69156853,0.69156853
1691664280000,0.6916,0.6916,0.6916
1691664281000,0.6916,0.6916,0.6916
1691664282000,0.6916,0.6916,0.6916
1691664283000,0.69156764,0.69156764,0.69156764
1691664284000,0.69158426,0.69158426,0.69158426
1691664285000,0.69158659,0.69158659,0.69158659
1691664286000,0.69158566,0.69158566,0.69158566
1691664287000,0.69158569,0.69158569,0.69158569
1691664288000,0.69156944,0.69156944,0.69156944
1691664289000,0.69156932,0.69156932,0.69156932
1691664290000,0.6916,0.6916,0.6916
1691664291000,0.69157218,0.69157218,0.69157218
1691664292000,0.6917,0.6917,0.6917
1691664293000,0.6917,0.6917,0.6917
1691664294000,0.6916,0.6916,0.6916
1691664295000,0.6916,0.6916,0.6916
1691664296000,0.6917,0.6917,0.6917
1691664297000,0.6917,0.6917,0.6917
1691664298000,0.6917,0.6917,0.6917
1691664299000,0.69160868,0.69160868,0.69160868
1691664300000,0.6917,0.6917,0.6917
1691664301000,0.6917,0.6917,0.6917
1691664302000,0.6917,0.6917,0.6917
1691664303000,0.69160921,0.69160921,0.69160921
1691664304000,0.69160917,0.69160917,0.69160917
1691664305000,0.6917,0.6917,0.6917
1691664306000,0.6917,0.6917,0.6917
1691664307000,0.6917,0.6917,0.6917
1691664308000,0.6917,0.6917,0.6917
1691664309000,0.6917,0.6917,0.6917
1691664310000,0.6917,0.6917,0.6917
1691664311000,0.6917,0.6917,0.6917
1691664312000,0.6917,0.6917,0.6917
1691664313000,0.69161734,0.69161734,0.69161734
1691664314000,0.6917,0.6917,0.6917
1691664315000,0.6917,0.6917,0.6917
1691664316000,0.6916,0.6916,0.6916
1691664317000,0.6917,0.6917,0.6917
1691664318000,0.6917,0.6917,0.6917
1691664319000,0.6917,0.6917,0.6917
1691664320000,0.6917,0.6917,0.6917
1691664321000,0.6917,0.6917,0.6917
1691664322000,0.6917,0.6917,0.6917
1691664323000,0.69162652,0.69162652,0.69162652
1691664324000,0.69162558,0.69162558,0.69162558
1691664325000,0.69167441,0.69167441,0.69167441
1691664326000,0.69162202,0.69162202,0.69162202
1691664327000,0.69162202,0.69162202,0.69162202
1691664328000,0.6916,0.6916,0.6916
1691664329000,0.69162822,0.69162822,0.69162822
1691664330000,0.69161164,0.69161164,0.69161164
1691664331000,0.69157344,0.69157344,0.69157344
1691664332000,0.69121668,0.69121668,0.69121668
1691664333000,0.69121765,0.69121765,0.69121765
1691664334000,0.69122378,0.69122378,0.69122378
1691664335000,0.6912059,0.6912059,0.6912059
1691664336000,0.69120593,0.69120593,0.69120593
1691664337000,0.6912,0.6912,0.6912
1691664338000,0.6912,0.6912,0.6912
1691664339000,0.6912,0.6912,0.6912
1691664340000,0.69119935,0.69119935,0.69119935
1691664341000,0.6911513,0.6911513,0.6911513
1691664342000,0.69115024,0.69115024,0.69115024
1691664343000,0.69115028,0.69115028,0.69115028
1691664344000,0.69115024,0.69115024,0.69115024
1691664345000,0.6911174,0.6911174,0.6911174
1691664346000,0.6911174,0.6911174,0.6911174
1691664347000,0.69117077,0.69117077,0.69117077
1691664348000,0.69117077,0.69117077,0.69117077
1691664349000,0.69117077,0.69117077,0.69117077
1691664350000,0.69116968,0.69116968,0.69116968
1691664351000,0.69116968,0.69116968,0.69116968
1691664352000,0.69111578,0.69111578,0.69111578
1691664353000,0.69121777,0.69121777,0.69121777
1691664354000,0.69121773,0.69121773,0.69121773
1691664355000,0.69121679,0.69121679,0.69121679
1691664356000,0.6912152,0.6912152,0.6912152
1691664357000,0.69121465,0.69121465,0.69121465
1691664358000,0.69121558,0.69121558,0.69121558
1691664359000,0.69121558,0.69121558,0.69121558
1691664360000,0.69121562,0.69121562,0.69121562
1691664361000,0.6913,0.6913,0.6913
1691664362000,0.6913,0.6913,0.6913
1691664363000,0.69121993,0.69121993,0.69121993
1691664364000,0.69121997,0.69121997,0.69121997
1691664365000,0.6915648,0.6915648,0.6915648
1691664366000,0.6916,0.6916,0.6916
1691664367000,0.6916,0.6916,0.6916
1691664368000,0.6916,0.6916,0.6916
1691664369000,0.6916,0.6916,0.6916
1691664370000,0.6916,0.6916,0.6916
1691664371000,0.6916,0.6916,0.6916
1691664372000,0.6916,0.6916,0.6916
1691664373000,0.6916,0.6916,0.6916
1691664374000,0.6916,0.6916,0.6916
1691664375000,0.6917,0.6917,0.6917
1691664376000,0.6916,0.6916,0.6916
1691664377000,0.6918,0.6918,0.6918
1691664378000,0.69183278,0.69183278,0.69183278
1691664379000,0.69184899,0.69184899,0.69184899
1691664380000,0.69184899,0.69184899,0.69184899
1691664381000,0.69185941,0.69185941,0.69185941
1691664382000,0.692,0.692,0.692
1691664383000,0.6919,0.6919,0.6919
1691664384000,0.6919,0.6919,0.6919
1691664385000,0.6921,0.6921,0.6921
1691664386000,0.6921,0.6921,0.6921
1691664387000,0.6921,0.6921,0.6921
1691664388000,0.6921,0.6921,0.6921
1691664389000,0.6921,0.6921,0.6921
1691664390000,0.6921,0.6921,0.6921
1691664391000,0.6923,0.6923,0.6923
1691664392000,0.69230371,0.69230371,0.69230371
1691664393000,0.69230371,0.69230371,0.69230371
1691664394000,0.69230533,0.69230533,0.69230533
1691664395000,0.69230533,0.69230533,0.69230533
1691664396000,0.69230533,0.69230533,0.69230533
1691664397000,0.69230047,0.69230047,0.69230047
1691664398000,0.69224507,0.69224507,0.69224507
1691664399000,0.69224541,0.69224541,0.69224541
1691664400000,0.69229942,0.69229942,0.69229942
1691664401000,0.6923,0.6923,0.6923
1691664402000,0.6923,0.6923,0.6923
1691664403000,0.6923,0.6923,0.6923
1691664404000,0.6923,0.6923,0.6923
1691664405000,0.6923,0.6923,0.6923
1691664406000,0.6923,0.6923,0.6923
1691664407000,0.69230116,0.69230116,0.69230116
1691664408000,0.69224808,0.69224808,0.69224808
1691664409000,0.6923,0.6923,0.6923
1691664410000,0.69224854,0.69224854,0.69224854
1691664411000,0.69224714,0.69224714,0.69224714
1691664412000,0.69224783,0.69224783,0.69224783
1691664413000,0.69224783,0.69224783,0.69224783
1691664414000,0.69230189,0.69230189,0.69230189
1691664415000,0.69229722,0.69229722,0.69229722
1691664416000,0.6919905,0.6919905,0.6919905
1691664417000,0.69192307,0.69192307,0.69192307
1691664418000,0.69186995,0.69186995,0.69186995
1691664419000,0.69186995,0.69186995,0.69186995
1691664420000,0.69186377,0.69186377,0.69186377
1691664421000,0.69186377,0.69186377,0.69186377
1691664422000,0.69186829,0.69186829,0.69186829
1691664423000,0.69186618,0.69186618,0.69186618
1691664424000,0.69184275,0.69184275,0.69184275
1691664425000,0.6919,0.6919,0.6919
1691664426000,0.6919,0.6919,0.6919
1691664427000,0.6919,0.6919,0.6919
1691664428000,0.69188932,0.69188932,0.69188932
1691664429000,0.69187805,0.69187805,0.69187805
1691664430000,0.69187608,0.69187608,0.69187608
1691664431000,0.69182203,0.69182203,0.69182203
1691664432000,0.69182154,0.69182154,0.69182154
1691664433000,0.6919,0.6919,0.6919
1691664434000,0.6919,0.6919,0.6919
1691664435000,0.692,0.692,0.692
1691664436000,0.692,0.692,0.692
1691664437000,0.692,0.692,0.692
1691664438000,0.69198355,0.69198355,0.69198355
1691664439000,0.69193096,0.69193096,0.69193096
1691664440000,0.69191222,0.69191222,0.69191222
1691664441000,0.69191222,0.69191222,0.69191222
1691664442000,0.69192127,0.69192127,0.69192127
1691664443000,0.69192127,0.69192127,0.69192127
1691664444000,0.69197463,0.69197463,0.69197463
1691664445000,0.692,0.692,0.692
1691664446000,0.6921,0.6921,0.6921
1691664447000,0.6921,0.6921,0.6921
1691664448000,0.6921,0.6921,0.6921
1691664449000,0.6921,0.6921,0.6921
1691664450000,0.6921,0.6921,0.6921
1691664451000,0.6922,0.6922,0.6922
1691664452000,0.6921,0.6921,0.6921
1691664453000,0.6921,0.6921,0.6921
1691664454000,0.6921,0.6921,0.6921
1691664455000,0.6922,0.6922,0.6922
1691664456000,0.6921,0.6921,0.6921
1691664457000,0.6921,0.6921,0.6921
1691664458000,0.6921,0.6921,0.6921
1691664459000,0.6921,0.6921,0.6921
1691664460000,0.6922,0.6922,0.6922
1691664461000,0.6921,0.6921,0.6921
1691664462000,0.6921,0.6921,0.6921
1691664463000,0.69223418,0.69223418,0.69223418
1691664464000,0.6923,0.6923,0.6923
1691664465000,0.6924,0.6924,0.6924
1691664466000,0.6923,0.6923,0.6923
1691664467000,0.6924,0.6924,0.6924
1691664468000,0.6924,0.6924,0.6924
1691664469000,0.6924,0.6924,0.6924
1691664470000,0.6924,0.6924,0.6924
1691664471000,0.6924,0.6924,0.6924
1691664472000,0.6924,0.6924,0.6924
1691664473000,0.6924,0.6924,0.6924
1691664474000,0.6924,0.6924,0.6924
1691664475000,0.6924,0.6924,0.6924
1691664476000,0.6924,0.6924,0.6924
1691664477000,0.6924,0.6924,0.6924
1691664478000,0.6924,0.6924,0.6924
1691664479000,0.6925,0.6925,0.6925
1691664480000,0.6924,0.6924,0.6924
1691664481000,0.6925,0.6925,0.6925
1691664482000,0.6925,0.6925,0.6925
1691664483000,0.6926,0.6926,0.6926
1691664484000,0.6927,0.6927,0.6927
1691664485000,0.69262476,0.69262476,0.69262476
1691664486000,0.69263769,0.69263769,0.69263769
1691664487000,0.69269831,0.69269831,0.69269831
1691664488000,0.6927,0.6927,0.6927
1691664489000,0.69264358,0.69264358,0.69264358
1691664490000,0.69264354,0.69264354,0.69264354
1691664491000,0.69269764,0.69269764,0.69269764
1691664492000,0.69264259,0.69264259,0.69264259
1691664493000,0.69264259,0.69264259,0.69264259
1691664494000,0.69264401,0.69264401,0.69264401
1691664495000,0.6927,0.6927,0.6927
1691664496000,0.69264494,0.69264494,0.69264494
1691664497000,0.69264494,0.69264494,0.69264494
1691664498000,0.69269708,0.69269708,0.69269708
1691664499000,0.6927,0.6927,0.6927
1691664500000,0.6927,0.6927,0.6927
1691664501000,0.6928,0.6928,0.6928
1691664502000,0.6926,0.6926,0.6926
1691664503000,0.6926,0.6926,0.6926
1691664504000,0.6927,0.6927,0.6927
1691664505000,0.6926,0.6926,0.6926
1691664506000,0.6926,0.6926,0.6926
1691664507000,0.69269351,0.69269351,0.69269351
1691664508000,0.6927,0.6927,0.6927
1691664509000,0.69269413,0.69269413,0.69269413
1691664510000,0.6927,0.6927,0.6927
1691664511000,0.6927,0.6927,0.6927
1691664512000,0.69269542,0.69269542,0.69269542
1691664513000,0.6927,0.6927,0.6927
1691664514000,0.6927,0.6927,0.6927
1691664515000,0.69269558,0.69269558,0.69269558
1691664516000,0.69256041,0.69256041,0.69256041
1691664517000,0.69250635,0.69250635,0.69250635
1691664518000,0.69255829,0.69255829,0.69255829
1691664519000,0.69255829,0.69255829,0.69255829
1691664520000,0.69255577,0.69255577,0.69255577
1691664521000,0.69255574,0.69255574,0.69255574
1691664522000,0.69255667,0.69255667,0.69255667
1691664523000,0.69255555,0.69255555,0.69255555
1691664524000,0.69243122,0.69243122,0.69243122
1691664525000,0.6924309,0.6924309,0.6924309
1691664526000,0.69241472,0.69241472,0.69241472
1691664527000,0.6924,0.6924,0.6924
1691664528000,0.6924,0.6924,0.6924
1691664529000,0.6924,0.6924,0.6924
1691664530000,0.6924,0.6924,0.6924
1691664531000,0.69243159,0.69243159,0.69243159
1691664532000,0.6925,0.6925,0.6925
1691664533000,0.69243159,0.69243159,0.69243159
1691664534000,0.69248886,0.69248886,0.69248886
1691664535000,0.6925,0.6925,0.6925
1691664536000,0.6925,0.6925,0.6925
1691664537000,0.6925,0.6925,0.6925
1691664538000,0.69248979,0.69248979,0.69248979
1691664539000,0.69249019,0.69249019,0.69249019
1691664540000,0.69243757,0.69243757,0.69243757
1691664541000,0.69249163,0.69249163,0.69249163
1691664542000,0.69243757,0.69243757,0.69243757
1691664543000,0.69243664,0.69243664,0.69243664
1691664544000,0.69243715,0.69243715,0.69243715
1691664545000,0.69243789,0.69243789,0.69243789
1691664546000,0.69243695,0.69243695,0.69243695
1691664547000,0.69238294,0.69238294,0.69238294
1691664548000,0.69238294,0.69238294,0.69238294
1691664549000,0.69236823,0.69236823,0.69236823
1691664550000,0.6924,0.6924,0.6924
1691664551000,0.6924,0.6924,0.6924
1691664552000,0.6926,0.6926,0.6926
1691664553000,0.6926,0.6926,0.6926
1691664554000,0.6926,0.6926,0.6926
1691664555000,0.6926,0.6926,0.6926
1691664556000,0.69256083,0.69256083,0.69256083
1691664557000,0.69256083,0.69256083,0.69256083
1691664558000,0.69252839,0.69252839,0.69252839
1691664559000,0.6926,0.6926,0.6926
1691664560000,0.69260645,0.69260645,0.69260645
1691664561000,0.69260645,0.69260645,0.69260645
1691664562000,0.6926,0.6926,0.6926
1691664563000,0.6926,0.6926,0.6926
1691664564000,0.6927,0.6927,0.6927
1691664565000,0.6927,0.6927,0.6927
1691664566000,0.6927,0.6927,0.6927
1691664567000,0.6927,0.6927,0.6927
1691664568000,0.6927,0.6927,0.6927
1691664569000,0.6927,0.6927,0.6927
1691664570000,0.6927,0.6927,0.6927
1691664571000,0.69260709,0.69260709,0.69260709
1691664572000,0.69260709,0.69260709,0.69260709
1691664573000,0.6927,0.6927,0.6927
1691664574000,0.6927,0.6927,0.6927
1691664575000,0.6926,0.6926,0.6926
1691664576000,0.69256335,0.69256335,0.69256335
1691664577000,0.6925093,0.6925093,0.6925093
1691664578000,0.6925093,0.6925093,0.6925093
1691664579000,0.69256335,0.69256335,0.69256335
1691664580000,0.69261903,0.69261903,0.69261903
1691664581000,0.69261903,0.69261903,0.69261903
1691664582000,0.6927,0.6927,0.6927
1691664583000,0.6927,0.6927,0.6927
1691664584000,0.6927,0.6927,0.6927
1691664585000,0.6927,0.6927,0.6927
1691664586000,0.6927,0.6927,0.6927
1691664587000,0.6927,0.6927,0.6927
1691664588000,0.6927,0.6927,0.6927
1691664589000,0.6927,0.6927,0.6927
1691664590000,0.6928,0.6928,0.6928
1691664591000,0.6928,0.6928,0.6928
1691664592000,0.6928,0.6928,0.6928
1691664593000,0.693,0.693,0.693
1691664594000,0.69307549,0.69307549,0.69307549
1691664595000,0.6935,0.6935,0.6935
1691664596000,0.6936,0.6936,0.6936
1691664597000,0.69346714,0.69346714,0.69346714
1691664598000,0.69341313,0.69341313,0.69341313
1691664599000,0.69341313,0.69341313,0.69341313
1691664600000,0.69340498,0.69340498,0.69340498
1691664601000,0.6934,0.6934,0.6934
1691664602000,0.69340735,0.69340735,0.69340735
1691664603000,0.6935,0.6935,0.6935
1691664604000,0.69342352,0.69342352,0.69342352
1691664605000,0.69347623,0.69347623,0.69347623
1691664606000,0.69341985,0.69341985,0.69341985
1691664607000,0.69340006,0.69340006,0.69340006
1691664608000,0.69340006,0.69340006,0.69340006
1691664609000,0.69340096,0.69340096,0.69340096
1691664610000,0.69332258,0.69332258,0.69332258
1691664611000,0.69318609,0.69318609,0.69318609
1691664612000,0.6932,0.6932,0.6932
1691664613000,0.6932,0.6932,0.6932
1691664614000,0.69318224,0.69318224,0.69318224
1691664615000,0.6933,0.6933,0.6933
1691664616000,0.6933,0.6933,0.6933
1691664617000,0.6933,0.6933,0.6933
1691664618000,0.69315838,0.69315838,0.69315838
1691664619000,0.69315834,0.69315834,0.69315834
1691664620000,0.69312595,0.69312595,0.69312595
1691664621000,0.69312685,0.69312685,0.69312685
1691664622000,0.69312155,0.69312155,0.69312155
1691664623000,0.69312155,0.69312155,0.69312155
1691664624000,0.69300443,0.69300443,0.69300443
1691664625000,0.69300443,0.69300443,0.69300443
1691664626000,0.6930044,0.6930044,0.6930044
1691664627000,0.693,0.693,0.693
1691664628000,0.69299835,0.69299835,0.69299835
1691664629000,0.693,0.693,0.693
1691664630000,0.693,0.693,0.693
1691664631000,0.69299564,0.69299564,0.69299564
1691664632000,0.69299729,0.69299729,0.69299729
1691664633000,0.69299656,0.69299656,0.69299656
1691664634000,0.69304967,0.69304967,0.69304967
1691664635000,0.69303346,0.69303346,0.69303346
1691664636000,0.69303346,0.69303346,0.69303346
1691664637000,0.69283008,0.69283008,0.69283008
1691664638000,0.69282677,0.69282677,0.69282677
1691664639000,0.69282593,0.69282593,0.69282593
1691664640000,0.6929,0.6929,0.6929
1691664641000,0.69287325,0.69287325,0.69287325
1691664642000,0.69287325,0.69287325,0.69287325
1691664643000,0.6929,0.6929,0.6929
1691664644000,0.6929,0.6929,0.6929
1691664645000,0.6929,0.6929,0.6929
1691664646000,0.6929,0.6929,0.6929
1691664647000,0.6929,0.6929,0.6929
1691664648000,0.693,0.693,0.693
1691664649000,0.69291466,0.69291466,0.69291466
1691664650000,0.693,0.693,0.693
1691664651000,0.693,0.693,0.693
1691664652000,0.693,0.693,0.693
1691664653000,0.693,0.693,0.693
1691664654000,0.69291909,0.69291909,0.69291909
1691664655000,0.69291909,0.69291909,0.69291909
1691664656000,0.6932,0.6932,0.6932
1691664657000,0.6932,0.6932,0.6932
1691664658000,0.6931,0.6931,0.6931
1691664659000,0.69311007,0.69311007,0.69311007
1691664660000,0.6932,0.6932,0.6932
1691664661000,0.6931,0.6931,0.6931
1691664662000,0.69310482,0.69310482,0.69310482
1691664663000,0.6932,0.6932,0.6932
1691664664000,0.6932,0.6932,0.6932
1691664665000,0.6932,0.6932,0.6932
1691664666000,0.6932,0.6932,0.6932
1691664667000,0.6934,0.6934,0.6934
1691664668000,0.6934,0.6934,0.6934
1691664669000,0.6933,0.6933,0.6933
1691664670000,0.6933,0.6933,0.6933
1691664671000,0.6934,0.6934,0.6934
1691664672000,0.69326138,0.69326138,0.69326138
1691664673000,0.69324091,0.69324091,0.69324091
1691664674000,0.69324367,0.69324367,0.69324367
1691664675000,0.69324367,0.69324367,0.69324367
1691664676000,0.69319713,0.69319713,0.69319713
1691664677000,0.6932,0.6932,0.6932
1691664678000,0.6932,0.6932,0.6932
1691664679000,0.69345753,0.69345753,0.69345753
1691664680000,0.6935,0.6935,0.6935
1691664681000,0.6934,0.6934,0.6934
1691664682000,0.6935,0.6935,0.6935
1691664683000,0.6935,0.6935,0.6935
1691664684000,0.6935,0.6935,0.6935
1691664685000,0.6935,0.6935,0.6935
1691664686000,0.6935,0.6935,0.6935
1691664687000,0.6935,0.6935,0.6935
1691664688000,0.6935,0.6935,0.6935
1691664689000,0.6934,0.6934,0.6934
1691664690000,0.6935,0.6935,0.6935
1691664691000,0.69369677,0.69369677,0.69369677
1691664692000,0.6936,0.6936,0.6936
1691664693000,0.6936,0.6936,0.6936
1691664694000,0.6936,0.6936,0.6936
1691664695000,0.6936,0.6936,0.6936
1691664696000,0.69367815,0.69367815,0.69367815
1691664697000,0.6937,0.6937,0.6937
1691664698000,0.69374559,0.69374559,0.69374559
1691664699000,0.6939,0.6939,0.6939
1691664700000,0.6939,0.6939,0.6939
1691664701000,0.6939,0.6939,0.6939
1691664702000,0.6939,0.6939,0.6939
1691664703000,0.6939,0.6939,0.6939
1691664704000,0.69397065,0.69397065,0.69397065
1691664705000,0.6938,0.6938,0.6938
1691664706000,0.6938,0.6938,0.6938
1691664707000,0.6938,0.6938,0.6938
1691664708000,0.6939,0.6939,0.6939
1691664709000,0.69397064,0.69397064,0.69397064
1691664710000,0.69397144,0.69397144,0.69397144
1691664711000,0.69397144,0.69397144,0.69397144
1691664712000,0.69392492,0.69392492,0.69392492
1691664713000,0.6938,0.6938,0.6938
1691664714000,0.6939,0.6939,0.6939
1691664715000,0.6939,0.6939,0.6939
1691664716000,0.6939,0.6939,0.6939
1691664717000,0.6939,0.6939,0.6939
1691664718000,0.6938,0.6938,0.6938
1691664719000,0.6939,0.6939,0.6939
1691664720000,0.6939,0.6939,0.6939
1691664721000,0.6939,0.6939,0.6939
1691664722000,0.6939,0.6939,0.6939
1691664723000,0.69393106,0.69393106,0.69393106
1691664724000,0.6939,0.6939,0.6939
1691664725000,0.6939,0.6939,0.6939
1691664726000,0.69393109,0.69393109,0.69393109
1691664727000,0.69411796,0.69411796,0.69411796
1691664728000,0.69411795,0.69411795,0.69411795
1691664729000,0.69432588,0.69432588,0.69432588
1691664730000,0.69431196,0.69431196,0.69431196
1691664731000,0.69436477,0.69436477,0.69436477
1691664732000,0.69436396,0.69436396,0.69436396
1691664733000,0.69437171,0.69437171,0.69437171
1691664734000,0.69437174,0.69437174,0.69437174
1691664735000,0.69437174,0.69437174,0.69437174
1691664736000,0.69438125,0.69438125,0.69438125
1691664737000,0.6942,0.6942,0.6942
1691664738000,0.69410171,0.69410171,0.69410171
1691664739000,0.694,0.694,0.694
1691664740000,0.69408213,0.69408213,0.69408213
1691664741000,0.694,0.694,0.694
1691664742000,0.6941,0.6941,0.6941
1691664743000,0.6941,0.6941,0.6941
1691664744000,0.69416288,0.69416288,0.69416288
1691664745000,0.6941,0.6941,0.6941
1691664746000,0.69417086,0.69417086,0.69417086
1691664747000,0.69418398,0.69418398,0.69418398
1691664748000,0.69425226,0.69425226,0.69425226
1691664749000,0.6942,0.6942,0.6942
1691664750000,0.69425222,0.69425222,0.69425222
1691664751000,0.6941,0.6941,0.6941
1691664752000,0.69419853,0.69419853,0.69419853
1691664753000,0.69419158,0.69419158,0.69419158
1691664754000,0.6942,0.6942,0.6942
1691664755000,0.694,0.694,0.694
1691664756000,0.694,0.694,0.694
1691664757000,0.6939,0.6939,0.6939
1691664758000,0.69406617,0.69406617,0.69406617
1691664759000,0.6941266,0.6941266,0.6941266
1691664760000,0.69412848,0.69412848,0.69412848
1691664761000,0.69412848,0.69412848,0.69412848
1691664762000,0.69408193,0.69408193,0.69408193
1691664763000,0.69408196,0.69408196,0.69408196
1691664764000,0.694,0.694,0.694
1691664765000,0.69408293,0.69408293,0.69408293
1691664766000,0.694,0.694,0.694
1691664767000,0.6939356,0.6939356,0.6939356
1691664768000,0.694,0.694,0.694
1691664769000,0.6939,0.6939,0.6939
1691664770000,0.6939,0.6939,0.6939
1691664771000,0.694,0.694,0.694
1691664772000,0.69408086,0.69408086,0.69408086
1691664773000,0.69408086,0.69408086,0.69408086
1691664774000,0.69408085,0.69408085,0.69408085
1691664775000,0.69403434,0.69403434,0.69403434
1691664776000,0.694,0.694,0.694
1691664777000,0.69403436,0.69403436,0.69403436
1691664778000,0.69408084,0.69408084,0.69408084
1691664779000,0.694,0.694,0.694
1691664780000,0.694,0.694,0.694
1691664781000,0.694,0.694,0.694
1691664782000,0.69412735,0.69412735,0.69412735
1691664783000,0.6941,0.6941,0.6941
1691664784000,0.6941,0.6941,0.6941
1691664785000,0.69412735,0.69412735,0.69412735
1691664786000,0.694,0.694,0.694
1691664787000,0.694,0.694,0.694
1691664788000,0.694,0.694,0.694
1691664789000,0.694,0.694,0.694
1691664790000,0.6939,0.6939,0.6939
1691664791000,0.6939,0.6939,0.6939
1691664792000,0.6939,0.6939,0.6939
1691664793000,0.6939,0.6939,0.6939
1691664794000,0.6939,0.6939,0.6939
1691664795000,0.6939,0.6939,0.6939
1691664796000,0.6939,0.6939,0.6939
1691664797000,0.69398846,0.69398846,0.69398846
1691664798000,0.6939,0.6939,0.6939
1691664799000,0.694,0.694,0.694
1691664800000,0.6939,0.6939,0.6939
1691664801000,0.694,0.694,0.694
1691664802000,0.6939,0.6939,0.6939
1691664803000,0.6939,0.6939,0.6939
1691664804000,0.6939,0.6939,0.6939
1691664805000,0.6939,0.6939,0.6939
1691664806000,0.6939,0.6939,0.6939
1691664807000,0.6939,0.6939,0.6939
1691664808000,0.694,0.694,0.694
1691664809000,0.69408762,0.69408762,0.69408762
1691664810000,0.6941,0.6941,0.6941
1691664811000,0.6942,0.6942,0.6942
1691664812000,0.6942,0.6942,0.6942
1691664813000,0.6942,0.6942,0.6942
1691664814000,0.6942,0.6942,0.6942
1691664815000,0.6941,0.6941,0.6941
1691664816000,0.6941,0.6941,0.6941
1691664817000,0.6941,0.6941,0.6941
1691664818000,0.6942,0.6942,0.6942
1691664819000,0.6942,0.6942,0.6942
1691664820000,0.6942,0.6942,0.6942
1691664821000,0.6941,0.6941,0.6941
1691664822000,0.6942,0.6942,0.6942
1691664823000,0.6942,0.6942,0.6942
1691664824000,0.6942,0.6942,0.6942
1691664825000,0.6942,0.6942,0.6942
1691664826000,0.6941,0.6941,0.6941
1691664827000,0.6941,0.6941,0.6941
1691664828000,0.6941,0.6941,0.6941
1691664829000,0.6941,0.6941,0.6941
1691664830000,0.6941,0.6941,0.6941
1691664831000,0.6942,0.6942,0.6942
1691664832000,0.69404574,0.69404574,0.69404574
1691664833000,0.69404574,0.69404574,0.69404574
1691664834000,0.69378178,0.69378178,0.69378178
1691664835000,0.69377096,0.69377096,0.69377096
1691664836000,0.69377096,0.69377096,0.69377096
1691664837000,0.69371988,0.69371988,0.69371988
1691664838000,0.69371988,0.69371988,0.69371988
1691664839000,0.69369197,0.69369197,0.69369197
1691664840000,0.69369254,0.69369254,0.69369254
1691664841000,0.69364024,0.69364024,0.69364024
1691664842000,0.69363854,0.69363854,0.69363854
1691664843000,0.69363854,0.69363854,0.69363854
1691664844000,0.69363854,0.69363854,0.69363854
1691664845000,0.69362482,0.69362482,0.69362482
1691664846000,0.69353706,0.69353706,0.69353706
1691664847000,0.69353706,0.69353706,0.69353706
1691664848000,0.69353025,0.69353025,0.69353025
1691664849000,0.69353025,0.69353025,0.69353025
1691664850000,0.69347093,0.69347093,0.69347093
1691664851000,0.69347093,0.69347093,0.69347093
1691664852000,0.69347174,0.69347174,0.69347174
1691664853000,0.69345538,0.69345538,0.69345538
1691664854000,0.69345461,0.69345461,0.69345461
1691664855000,0.69345481,0.69345481,0.69345481
1691664856000,0.69345481,0.69345481,0.69345481
1691664857000,0.69345561,0.69345561,0.69345561
1691664858000,0.69345401,0.69345401,0.69345401
1691664859000,0.69345317,0.69345317,0.69345317
1691664860000,0.69345187,0.69345187,0.69345187
1691664861000,0.69340616,0.69340616,0.69340616
1691664862000,0.69340536,0.69340536,0.69340536
1691664863000,0.69340536,0.69340536,0.69340536
1691664864000,0.69340302,0.69340302,0.69340302
1691664865000,0.69340305,0.69340305,0.69340305
1691664866000,0.69340138,0.69340138,0.69340138
1691664867000,0.69340135,0.69340135,0.69340135
1691664868000,0.69340075,0.69340075,0.69340075
1691664869000,0.69340075,0.69340075,0.69340075
1691664870000,0.69340075,0.69340075,0.69340075
1691664871000,0.69340014,0.69340014,0.69340014
1691664872000,0.69340014,0.69340014,0.69340014
1691664873000,0.69340017,0.69340017,0.69340017
1691664874000,0.69339912,0.69339912,0.69339912
1691664875000,0.69339909,0.69339909,0.69339909
1691664876000,0.69338468,0.69338468,0.69338468
1691664877000,0.6934,0.6934,0.6934
1691664878000,0.6934,0.6934,0.6934
1691664879000,0.69344403,0.69344403,0.69344403
1691664880000,0.69344323,0.69344323,0.69344323
1691664881000,0.69344223,0.69344223,0.69344223
1691664882000,0.69344223,0.69344223,0.69344223
1691664883000,0.69343713,0.69343713,0.69343713
1691664884000,0.6935,0.6935,0.6935
1691664885000,0.6935,0.6935,0.6935
1691664886000,0.6935,0.6935,0.6935
1691664887000,0.6935,0.6935,0.6935
1691664888000,0.6935,0.6935,0.6935
1691664889000,0.6935,0.6935,0.6935
1691664890000,0.6935,0.6935,0.6935
1691664891000,0.6934937,0.6934937,0.6934937
1691664892000,0.69349411,0.69349411,0.69349411
1691664893000,0.6935,0.6935,0.6935
1691664894000,0.69380018,0.69380018,0.69380018
1691664895000,0.69380102,0.69380102,0.69380102
1691664896000,0.69380102,0.69380102,0.69380102
1691664897000,0.69380018,0.69380018,0.69380018
1691664898000,0.69380018,0.69380018,0.69380018
1691664899000,0.6938,0.6938,0.6938
1691664900000,0.6938,0.6938,0.6938
1691664901000,0.6939,0.6939,0.6939
1691664902000,0.6938,0.6938,0.6938
1691664903000,0.6939,0.6939,0.6939
1691664904000,0.6939,0.6939,0.6939
1691664905000,0.6938,0.6938,0.6938
1691664906000,0.693828,0.693828,0.693828
1691664907000,0.6939,0.6939,0.6939
1691664908000,0.6939,0.6939,0.6939
1691664909000,0.6939,0.6939,0.6939
1691664910000,0.6939,0.6939,0.6939
1691664911000,0.6939,0.6939,0.6939
1691664912000,0.6939,0.6939,0.6939
1691664913000,0.6938,0.6938,0.6938
1691664914000,0.6938,0.6938,0.6938
1691664915000,0.6938,0.6938,0.6938
1691664916000,0.6938,0.6938,0.6938
1691664917000,0.69372636,0.69372636,0.69372636
1691664918000,0.6937272,0.6937272,0.6937272
1691664919000,0.6937272,0.6937272,0.6937272
1691664920000,0.69372169,0.69372169,0.69372169
1691664921000,0.69376289,0.69376289,0.69376289
1691664922000,0.69371638,0.69371638,0.69371638
1691664923000,0.69357649,0.69357649,0.69357649
1691664924000,0.69344425,0.69344425,0.69344425
1691664925000,0.69344425,0.69344425,0.69344425
1691664926000,0.6933969,0.6933969,0.6933969
1691664927000,0.69335584,0.69335584,0.69335584
1691664928000,0.69334764,0.69334764,0.69334764
1691664929000,0.69334764,0.69334764,0.69334764
1691664930000,0.69334167,0.69334167,0.69334167
1691664931000,0.69334087,0.69334087,0.69334087
1691664932000,0.69334087,0.69334087,0.69334087
1691664933000,0.69333872,0.69333872,0.69333872
1691664934000,0.69333872,0.69333872,0.69333872
1691664935000,0.69333872,0.69333872,0.69333872
1691664936000,0.69331705,0.69331705,0.69331705
1691664937000,0.69331705,0.69331705,0.69331705
1691664938000,0.69331919,0.69331919,0.69331919
1691664939000,0.69331919,0.69331919,0.69331919
1691664940000,0.69332341,0.69332341,0.69332341
1691664941000,0.69332341,0.69332341,0.69332341
1691664942000,0.69332341,0.69332341,0.69332341
1691664943000,0.69332287,0.69332287,0.69332287
1691664944000,0.6933229,0.6933229,0.6933229
1691664945000,0.6933236,0.6933236,0.6933236
1691664946000,0.69332363,0.69332363,0.69332363
1691664947000,0.69332363,0.69332363,0.69332363
1691664948000,0.69332441,0.69332441,0.69332441
1691664949000,0.69343343,0.69343343,0.69343343
1691664950000,0.69343409,0.69343409,0.69343409
1691664951000,0.69343409,0.69343409,0.69343409
1691664952000,0.69343409,0.69343409,0.69343409
1691664953000,0.69343412,0.69343412,0.69343412
1691664954000,0.69338584,0.69338584,0.69338584
1691664955000,0.69338291,0.69338291,0.69338291
1691664956000,0.69338371,0.69338371,0.69338371
1691664957000,0.69338371,0.69338371,0.69338371
1691664958000,0.69338371,0.69338371,0.69338371
1691664959000,0.69338114,0.69338114,0.69338114
1691664960000,0.69341848,0.69341848,0.69341848
1691664961000,0.69341845,0.69341845,0.69341845
1691664962000,0.69341845,0.69341845,0.69341845
1691664963000,0.69341845,0.69341845,0.69341845
1691664964000,0.69341678,0.69341678,0.69341678
1691664965000,0.69341646,0.69341646,0.69341646
1691664966000,0.69341763,0.69341763,0.69341763
1691664967000,0.69341766,0.69341766,0.69341766
1691664968000,0.69341766,0.69341766,0.69341766
1691664969000,0.69341861,0.69341861,0.69341861
1691664970000,0.69341858,0.69341858,0.69341858
1691664971000,0.69342001,0.69342001,0.69342001
1691664972000,0.69342001,0.69342001,0.69342001
1691664973000,0.69341884,0.69341884,0.69341884
1691664974000,0.69341884,0.69341884,0.69341884
1691664975000,0.69341769,0.69341769,0.69341769
1691664976000,0.69341351,0.69341351,0.69341351
1691664977000,0.69341351,0.69341351,0.69341351
1691664978000,0.69341351,0.69341351,0.69341351
1691664979000,0.69341431,0.69341431,0.69341431
1691664980000,0.69341231,0.69341231,0.69341231
1691664981000,0.69338566,0.69338566,0.69338566
1691664982000,0.69338566,0.69338566,0.69338566
1691664983000,0.69338566,0.69338566,0.69338566
1691664984000,0.6933857,0.6933857,0.6933857
1691664985000,0.6933789,0.6933789,0.6933789
1691664986000,0.69337775,0.69337775,0.69337775
1691664987000,0.69333124,0.69333124,0.69333124
1691664988000,0.69333124,0.69333124,0.69333124
1691664989000,0.69333124,0.69333124,0.69333124
1691664990000,0.69327483,0.69327483,0.69327483
1691664991000,0.69327347,0.69327347,0.69327347
1691664992000,0.69327347,0.69327347,0.69327347
1691664993000,0.69327347,0.69327347,0.69327347
1691664994000,0.69325949,0.69325949,0.69325949
1691664995000,0.69323705,0.69323705,0.69323705
1691664996000,0.69323653,0.69323653,0.69323653
1691664997000,0.69323653,0.69323653,0.69323653
1691664998000,0.69319002,0.69319002,0.69319002
1691664999000,0.69319002,0.69319002,0.69319002
1691665000000,0.69318268,0.69318268,0.69318268
1691665001000,0.69322804,0.69322804,0.69322804
1691665002000,0.69322804,0.69322804,0.69322804
1691665003000,0.69313153,0.69313153,0.69313153
1691665004000,0.69313153,0.69313153,0.69313153
1691665005000,0.69310362,0.69310362,0.69310362
1691665006000,0.69309493,0.69309493,0.69309493
1691665007000,0.69309144,0.69309144,0.69309144
1691665008000,0.69309144,0.69309144,0.69309144
1691665009000,0.6930449,0.6930449,0.6930449
1691665010000,0.6930449,0.6930449,0.6930449
1691665011000,0.69309657,0.69309657,0.69309657
1691665012000,0.69309657,0.69309657,0.69309657
1691665013000,0.69308185,0.69308185,0.69308185
1691665014000,0.69308185,0.69308185,0.69308185
1691665015000,0.69308185,0.69308185,0.69308185
1691665016000,0.69299557,0.69299557,0.69299557
1691665017000,0.69303615,0.69303615,0.69303615
1691665018000,0.69299571,0.69299571,0.69299571
1691665019000,0.69299571,0.69299571,0.69299571
1691665020000,0.69299575,0.69299575,0.69299575
1691665021000,0.69299061,0.69299061,0.69299061
1691665022000,0.6929905,0.6929905,0.6929905
1691665023000,0.6929905,0.6929905,0.6929905
1691665024000,0.69299047,0.69299047,0.69299047
1691665025000,0.69299047,0.69299047,0.69299047
1691665026000,0.69297602,0.69297602,0.69297602
1691665027000,0.69297389,0.69297389,0.69297389
1691665028000,0.69297389,0.69297389,0.69297389
1691665029000,0.69297309,0.69297309,0.69297309
1691665030000,0.69297389,0.69297389,0.69297389
1691665031000,0.69297389,0.69297389,0.69297389
1691665032000,0.69296841,0.69296841,0.69296841
1691665033000,0.69296841,0.69296841,0.69296841
1691665034000,0.69296695,0.69296695,0.69296695
1691665035000,0.69296692,0.69296692,0.69296692
1691665036000,0.69296692,0.69296692,0.69296692
1691665037000,0.69295807,0.69295807,0.69295807
1691665038000,0.69294773,0.69294773,0.69294773
1691665039000,0.69294773,0.69294773,0.69294773
1691665040000,0.6929477,0.6929477,0.6929477
1691665041000,0.6929477,0.6929477,0.6929477
1691665042000,0.69294034,0.69294034,0.69294034
1691665043000,0.69294037,0.69294037,0.69294037
1691665044000,0.69294037,0.69294037,0.69294037
1691665045000,0.69298685,0.69298685,0.69298685
1691665046000,0.69298685,0.69298685,0.69298685
1691665047000,0.69297881,0.69297881,0.69297881
1691665048000,0.69297885,0.69297885,0.69297885
1691665049000,0.69297885,0.69297885,0.69297885
1691665050000,0.69297885,0.69297885,0.69297885
1691665051000,0.69297885,0.69297885,0.69297885
1691665052000,0.69297248,0.69297248,0.69297248
1691665053000,0.69297307,0.69297307,0.69297307
1691665054000,0.69297307,0.69297307,0.69297307
1691665055000,0.69297303,0.69297303,0.69297303
1691665056000,0.69297303,0.69297303,0.69297303
1691665057000,0.69296949,0.69296949,0.69296949
1691665058000,0.69296949,0.69296949,0.69296949
1691665059000,0.69296834,0.69296834,0.69296834
1691665060000,0.69296834,0.69296834,0.69296834
1691665061000,0.69296834,0.69296834,0.69296834
1691665062000,0.69296753,0.69296753,0.69296753
1691665063000,0.69296082,0.69296082,0.69296082
1691665064000,0.69296086,0.69296086,0.69296086
1691665065000,0.69296086,0.69296086,0.69296086
1691665066000,0.69296086,0.69296086,0.69296086
1691665067000,0.69296166,0.69296166,0.69296166
1691665068000,0.69295549,0.69295549,0.69295549
1691665069000,0.69295552,0.69295552,0.69295552
1691665070000,0.69295552,0.69295552,0.69295552
1691665071000,0.69295468,0.69295468,0.69295468
1691665072000,0.69295468,0.69295468,0.69295468
1691665073000,0.69295118,0.69295118,0.69295118
1691665074000,0.69295118,0.69295118,0.69295118
1691665075000,0.69295041,0.69295041,0.69295041
1691665076000,0.69295041,0.69295041,0.69295041
1691665077000,0.69290387,0.69290387,0.69290387
1691665078000,0.69289948,0.69289948,0.69289948
1691665079000,0.69289944,0.69289944,0.69289944
1691665080000,0.69294515,0.69294515,0.69294515
1691665081000,0.69294518,0.69294518,0.69294518
1691665082000,0.69294518,0.69294518,0.69294518
1691665083000,0.69293933,0.69293933,0.69293933
1691665084000,0.69293822,0.69293822,0.69293822
1691665085000,0.69293822,0.69293822,0.69293822
1691665086000,0.69293822,0.69293822,0.69293822
1691665087000,0.69293825,0.69293825,0.69293825
1691665088000,0.69293825,0.69293825,0.69293825
1691665089000,0.69293468,0.69293468,0.69293468
1691665090000,0.6929294,0.6929294,0.6929294
1691665091000,0.69292943,0.69292943,0.69292943
1691665092000,0.69292943,0.69292943,0.69292943
1691665093000,0.69292706,0.69292706,0.69292706
1691665094000,0.69292986,0.69292986,0.69292986
1691665095000,0.69292288,0.69292288,0.69292288
1691665096000,0.69292288,0.69292288,0.69292288
1691665097000,0.69292285,0.69292285,0.69292285
1691665098000,0.69292285,0.69292285,0.69292285
1691665099000,0.69291353,0.69291353,0.69291353
1691665100000,0.69286705,0.69286705,0.69286705
1691665101000,0.69286705,0.69286705,0.69286705
1691665102000,0.6928531,0.6928531,0.6928531
1691665103000,0.69285306,0.69285306,0.69285306
1691665104000,0.69284735,0.69284735,0.69284735
1691665105000,0.69284651,0.69284651,0.69284651
1691665106000,0.69284651,0.69284651,0.69284651
1691665107000,0.69284648,0.69284648,0.69284648
1691665108000,0.69284651,0.69284651,0.69284651
1691665109000,0.69288931,0.69288931,0.69288931
1691665110000,0.69288931,0.69288931,0.69288931
1691665111000,0.69288934,0.69288934,0.69288934
1691665112000,0.69288934,0.69288934,0.69288934
1691665113000,0.69288931,0.69288931,0.69288931
1691665114000,0.69288288,0.69288288,0.69288288
1691665115000,0.69288288,0.69288288,0.69288288
1691665116000,0.69289683,0.69289683,0.69289683
1691665117000,0.69289606,0.69289606,0.69289606
1691665118000,0.69289603,0.69289603,0.69289603
1691665119000,0.69289603,0.69289603,0.69289603
1691665120000,0.69289097,0.69289097,0.69289097
1691665121000,0.69289101,0.69289101,0.69289101
1691665122000,0.69289101,0.69289101,0.69289101
1691665123000,0.69289097,0.69289097,0.69289097
1691665124000,0.69289097,0.69289097,0.69289097
1691665125000,0.69288393,0.69288393,0.69288393
1691665126000,0.6928839,0.6928839,0.6928839
1691665127000,0.6928847,0.6928847,0.6928847
1691665128000,0.6929,0.6929,0.6929
1691665129000,0.6929,0.6929,0.6929
1691665130000,0.6929,0.6929,0.6929
1691665131000,0.6929,0.6929,0.6929
1691665132000,0.6929,0.6929,0.6929
1691665133000,0.69289181,0.69289181,0.69289181
1691665134000,0.69289243,0.69289243,0.69289243
1691665135000,0.6929,0.6929,0.6929
1691665136000,0.6929,0.6929,0.6929
1691665137000,0.6929,0.6929,0.6929
1691665138000,0.69287341,0.69287341,0.69287341
1691665139000,0.6928726,0.6928726,0.6928726
1691665140000,0.69287884,0.69287884,0.69287884
1691665141000,0.69288218,0.69288218,0.69288218
1691665142000,0.69288218,0.69288218,0.69288218
1691665143000,0.69288298,0.69288298,0.69288298
1691665144000,0.69284175,0.69284175,0.69284175
1691665145000,0.69284175,0.69284175,0.69284175
1691665146000,0.69283775,0.69283775,0.69283775
1691665147000,0.69287705,0.69287705,0.69287705
1691665148000,0.69287705,0.69287705,0.69287705
1691665149000,0.6929,0.6929,0.6929
1691665150000,0.6929,0.6929,0.6929
1691665151000,0.6929,0.6929,0.6929
1691665152000,0.6929,0.6929,0.6929
1691665153000,0.69292246,0.69292246,0.69292246
1691665154000,0.69292246,0.69292246,0.69292246
1691665155000,0.69292246,0.69292246,0.69292246
1691665156000,0.69292211,0.69292211,0.69292211
1691665157000,0.69292211,0.69292211,0.69292211
1691665158000,0.69292208,0.69292208,0.69292208
1691665159000,0.69292208,0.69292208,0.69292208
1691665160000,0.69292208,0.69292208,0.69292208
1691665161000,0.69291949,0.69291949,0.69291949
1691665162000,0.69291949,0.69291949,0.69291949
1691665163000,0.69291869,0.69291869,0.69291869
1691665164000,0.69291869,0.69291869,0.69291869
1691665165000,0.69291869,0.69291869,0.69291869
1691665166000,0.69291868,0.69291868,0.69291868
1691665167000,0.69291868,0.69291868,0.69291868
1691665168000,0.69291868,0.69291868,0.69291868
1691665169000,0.69291868,0.69291868,0.69291868
1691665170000,0.69291868,0.69291868,0.69291868
1691665171000,0.69291868,0.69291868,0.69291868
1691665172000,0.6929,0.6929,0.6929
1691665173000,0.69291672,0.69291672,0.69291672
1691665174000,0.69291672,0.69291672,0.69291672
1691665175000,0.69291669,0.69291669,0.69291669
1691665176000,0.69291591,0.69291591,0.69291591
1691665177000,0.69291364,0.69291364,0.69291364
1691665178000,0.69291364,0.69291364,0.69291364
1691665179000,0.69291364,0.69291364,0.69291364
1691665180000,0.69291364,0.69291364,0.69291364
1691665181000,0.69291364,0.69291364,0.69291364
1691665182000,0.69291606,0.69291606,0.69291606
1691665183000,0.69291606,0.69291606,0.69291606
1691665184000,0.69293195,0.69293195,0.69293195
1691665185000,0.69293118,0.69293118,0.69293118
1691665186000,0.69293199,0.69293199,0.69293199
1691665187000,0.69303479,0.69303479,0.69303479
1691665188000,0.6931,0.6931,0.6931
1691665189000,0.69303475,0.69303475,0.69303475
1691665190000,0.69294293,0.69294293,0.69294293
1691665191000,0.69294314,0.69294314,0.69294314
1691665192000,0.69293876,0.69293876,0.69293876
1691665193000,0.69293876,0.69293876,0.69293876
1691665194000,0.69293178,0.69293178,0.69293178
1691665195000,0.69293178,0.69293178,0.69293178
1691665196000,0.69293265,0.69293265,0.69293265
1691665197000,0.69293182,0.69293182,0.69293182
1691665198000,0.69292766,0.69292766,0.69292766
1691665199000,0.693,0.693,0.693
1691665200000,0.693,0.693,0.693
1691665201000,0.693,0.693,0.693
1691665202000,0.693,0.693,0.693
1691665203000,0.693,0.693,0.693
1691665204000,0.693,0.693,0.693
1691665205000,0.693,0.693,0.693
1691665206000,0.693,0.693,0.693
1691665207000,0.693,0.693,0.693
1691665208000,0.693,0.693,0.693
1691665209000,0.6931,0.6931,0.6931
1691665210000,0.693,0.693,0.693
1691665211000,0.693,0.693,0.693
1691665212000,0.693,0.693,0.693
1691665213000,0.6932,0.6932,0.6932
1691665214000,0.6932,0.6932,0.6932
1691665215000,0.6931,0.6931,0.6931
1691665216000,0.6932,0.6932,0.6932
1691665217000,0.6932,0.6932,0.6932
1691665218000,0.6932,0.6932,0.6932
1691665219000,0.6932,0.6932,0.6932
1691665220000,0.6931,0.6931,0.6931
1691665221000,0.6931,0.6931,0.6931
1691665222000,0.6931,0.6931,0.6931
1691665223000,0.6931,0.6931,0.6931
1691665224000,0.6931,0.6931,0.6931
1691665225000,0.693,0.693,0.693
1691665226000,0.693,0.693,0.693
1691665227000,0.6931,0.6931,0.6931
1691665228000,0.6931,0.6931,0.6931
1691665229000,0.6931,0.6931,0.6931
1691665230000,0.6931,0.6931,0.6931
1691665231000,0.6931,0.6931,0.6931
1691665232000,0.6931,0.6931,0.6931
1691665233000,0.6931,0.6931,0.6931
1691665234000,0.6931,0.6931,0.6931
1691665235000,0.6931,0.6931,0.6931
1691665236000,0.6932,0.6932,0.6932
1691665237000,0.6933,0.6933,0.6933
1691665238000,0.6932,0.6932,0.6932
1691665239000,0.6932,0.6932,0.6932
1691665240000,0.6932,0.6932,0.6932
1691665241000,0.6933,0.6933,0.6933
1691665242000,0.6933,0.6933,0.6933
1691665243000,0.6933,0.6933,0.6933
1691665244000,0.6932,0.6932,0.6932
1691665245000,0.6933,0.6933,0.6933
1691665246000,0.6932,0.6932,0.6932
1691665247000,0.6932,0.6932,0.6932
1691665248000,0.6933,0.6933,0.6933
1691665249000,0.6933,0.6933,0.6933
1691665250000,0.6933,0.6933,0.6933
1691665251000,0.6933,0.6933,0.6933
1691665252000,0.6932,0.6932,0.6932
1691665253000,0.6932,0.6932,0.6932
1691665254000,0.6932,0.6932,0.6932
1691665255000,0.6932,0.6932,0.6932
1691665256000,0.6933,0.6933,0.6933
1691665257000,0.6933,0.6933,0.6933
1691665258000,0.6932,0.6932,0.6932
1691665259000,0.6933,0.6933,0.6933
1691665260000,0.6933,0.6933,0.6933
1691665261000,0.6932,0.6932,0.6932
1691665262000,0.6932,0.6932,0.6932
1691665263000,0.6933,0.6933,0.6933
1691665264000,0.6933,0.6933,0.6933
1691665265000,0.6933,0.6933,0.6933
1691665266000,0.6932,0.6932,0.6932
1691665267000,0.6932,0.6932,0.6932
1691665268000,0.69311175,0.69311175,0.69311175
1691665269000,0.69316512,0.69316512,0.69316512
1691665270000,0.6932,0.6932,0.6932
1691665271000,0.6932,0.6932,0.6932
1691665272000,0.6932,0.6932,0.6932
1691665273000,0.6932,0.6932,0.6932
1691665274000,0.69316486,0.69316486,0.69316486
1691665275000,0.69316203,0.69316203,0.69316203
1691665276000,0.69316207,0.69316207,0.69316207
1691665277000,0.69316207,0.69316207,0.69316207
1691665278000,0.6932,0.6932,0.6932
1691665279000,0.6932,0.6932,0.6932
1691665280000,0.6932,0.6932,0.6932
1691665281000,0.6932,0.6932,0.6932
1691665282000,0.6932,0.6932,0.6932
1691665283000,0.6932,0.6932,0.6932
1691665284000,0.6932,0.6932,0.6932
1691665285000,0.69316521,0.69316521,0.69316521
1691665286000,0.69316691,0.69316691,0.69316691
1691665287000,0.69305606,0.69305606,0.69305606
1691665288000,0.69294244,0.69294244,0.69294244
1691665289000,0.69294244,0.69294244,0.69294244
1691665290000,0.69294244,0.69294244,0.69294244
1691665291000,0.6928,0.6928,0.6928
1691665292000,0.6928,0.6928,0.6928
1691665293000,0.6928,0.6928,0.6928
1691665294000,0.6928,0.6928,0.6928
1691665295000,0.6928,0.6928,0.6928
1691665296000,0.6928,0.6928,0.6928
1691665297000,0.6929,0.6929,0.6929
1691665298000,0.6928,0.6928,0.6928
1691665299000,0.6928,0.6928,0.6928
1691665300000,0.6928,0.6928,0.6928
1691665301000,0.6928,0.6928,0.6928
1691665302000,0.6929,0.6929,0.6929
1691665303000,0.6928,0.6928,0.6928
1691665304000,0.6929,0.6929,0.6929
1691665305000,0.6929,0.6929,0.6929
1691665306000,0.6929,0.6929,0.6929
1691665307000,0.6929,0.6929,0.6929
1691665308000,0.6929,0.6929,0.6929
1691665309000,0.6929,0.6929,0.6929
1691665310000,0.69283229,0.69283229,0.69283229
1691665311000,0.6929,0.6929,0.6929
1691665312000,0.6929,0.6929,0.6929
1691665313000,0.6929,0.6929,0.6929
1691665314000,0.69283297,0.69283297,0.69283297
1691665315000,0.69277952,0.69277952,0.69277952
1691665316000,0.69277952,0.69277952,0.69277952
1691665317000,0.69278016,0.69278016,0.69278016
1691665318000,0.69272517,0.69272517,0.69272517
1691665319000,0.69272363,0.69272363,0.69272363
1691665320000,0.69272363,0.69272363,0.69272363
1691665321000,0.6925,0.6925,0.6925
1691665322000,0.6925,0.6925,0.6925
1691665323000,0.6925,0.6925,0.6925
1691665324000,0.69242283,0.69242283,0.69242283
1691665325000,0.69242473,0.69242473,0.69242473
1691665326000,0.69242507,0.69242507,0.69242507
1691665327000,0.69242519,0.69242519,0.69242519
1691665328000,0.69242519,0.69242519,0.69242519
1691665329000,0.69242519,0.69242519,0.69242519
1691665330000,0.69242458,0.69242458,0.69242458
1691665331000,0.69242462,0.69242462,0.69242462
1691665332000,0.6925,0.6925,0.6925
1691665333000,0.6925,0.6925,0.6925
1691665334000,0.69242559,0.69242559,0.69242559
1691665335000,0.69242559,0.69242559,0.69242559
1691665336000,0.69242559,0.69242559,0.69242559
1691665337000,0.6926,0.6926,0.6926
1691665338000,0.6925,0.6925,0.6925
1691665339000,0.6926,0.6926,0.6926
1691665340000,0.6926,0.6926,0.6926
1691665341000,0.6926,0.6926,0.6926
1691665342000,0.6926,0.6926,0.6926
1691665343000,0.6926,0.6926,0.6926
1691665344000,0.6926,0.6926,0.6926
1691665345000,0.6927,0.6927,0.6927
1691665346000,0.6927,0.6927,0.6927
1691665347000,0.6927,0.6927,0.6927
1691665348000,0.6927,0.6927,0.6927
1691665349000,0.6926,0.6926,0.6926
1691665350000,0.6927,0.6927,0.6927
1691665351000,0.6926,0.6926,0.6926
1691665352000,0.6927,0.6927,0.6927
1691665353000,0.6927,0.6927,0.6927
1691665354000,0.6926,0.6926,0.6926
1691665355000,0.6926,0.6926,0.6926
1691665356000,0.6926,0.6926,0.6926
1691665357000,0.6926,0.6926,0.6926
1691665358000,0.6926,0.6926,0.6926
1691665359000,0.6926,0.6926,0.6926
1691665360000,0.6926,0.6926,0.6926
1691665361000,0.6926,0.6926,0.6926
1691665362000,0.6927,0.6927,0.6927
1691665363000,0.6927,0.6927,0.6927
1691665364000,0.6927,0.6927,0.6927
1691665365000,0.6927,0.6927,0.6927
1691665366000,0.6927,0.6927,0.6927
1691665367000,0.6927,0.6927,0.6927
1691665368000,0.6926,0.6926,0.6926
1691665369000,0.6926,0.6926,0.6926
1691665370000,0.6926,0.6926,0.6926
1691665371000,0.6925992,0.6925992,0.6925992
1691665372000,0.6925992,0.6925992,0.6925992
1691665373000,0.69259827,0.69259827,0.69259827
1691665374000,0.6926,0.6926,0.6926
1691665375000,0.6926,0.6926,0.6926
1691665376000,0.69259818,0.69259818,0.69259818
1691665377000,0.69259818,0.69259818,0.69259818
1691665378000,0.6926,0.6926,0.6926
1691665379000,0.6926,0.6926,0.6926
1691665380000,0.6926,0.6926,0.6926
1691665381000,0.69254311,0.69254311,0.69254311
1691665382000,0.69254311,0.69254311,0.69254311
1691665383000,0.69254315,0.69254315,0.69254315
1691665384000,0.69254347,0.69254347,0.69254347
1691665385000,0.69254437,0.69254437,0.69254437
1691665386000,0.69254299,0.69254299,0.69254299
1691665387000,0.6925,0.6925,0.6925
1691665388000,0.6925,0.6925,0.6925
1691665389000,0.6925,0.6925,0.6925
1691665390000,0.6925,0.6925,0.6925
1691665391000,0.6925,0.6925,0.6925
1691665392000,0.69244048,0.69244048,0.69244048
1691665393000,0.6925,0.6925,0.6925
1691665394000,0.6925,0.6925,0.6925
1691665395000,0.6925,0.6925,0.6925
1691665396000,0.6925,0.6925,0.6925
1691665397000,0.6925,0.6925,0.6925
1691665398000,0.6925,0.6925,0.6925
1691665399000,0.6925,0.6925,0.6925
1691665400000,0.6925,0.6925,0.6925
1691665401000,0.69250001,0.69250001,0.69250001
1691665402000,0.6926,0.6926,0.6926
1691665403000,0.6926,0.6926,0.6926
1691665404000,0.6926,0.6926,0.6926
1691665405000,0.6926,0.6926,0.6926
1691665406000,0.6926,0.6926,0.6926
1691665407000,0.6926,0.6926,0.6926
1691665408000,0.6926,0.6926,0.6926
1691665409000,0.6926,0.6926,0.6926
1691665410000,0.6926,0.6926,0.6926
1691665411000,0.6926,0.6926,0.6926
1691665412000,0.6926,0.6926,0.6926
1691665413000,0.6926,0.6926,0.6926
1691665414000,0.6926,0.6926,0.6926
1691665415000,0.6926,0.6926,0.6926
1691665416000,0.69250554,0.69250554,0.69250554
1691665417000,0.6926,0.6926,0.6926
1691665418000,0.6925046,0.6925046,0.6925046
1691665419000,0.69250464,0.69250464,0.69250464
1691665420000,0.69250464,0.69250464,0.69250464
1691665421000,0.69250907,0.69250907,0.69250907
1691665422000,0.69250882,0.69250882,0.69250882
1691665423000,0.69250972,0.69250972,0.69250972
1691665424000,0.6926,0.6926,0.6926
1691665425000,0.69250976,0.69250976,0.69250976
1691665426000,0.6926,0.6926,0.6926
1691665427000,0.6926,0.6926,0.6926
1691665428000,0.6927,0.6927,0.6927
1691665429000,0.6926,0.6926,0.6926
1691665430000,0.6926,0.6926,0.6926
1691665431000,0.6926,0.6926,0.6926
1691665432000,0.6926,0.6926,0.6926
1691665433000,0.6926,0.6926,0.6926
1691665434000,0.6926,0.6926,0.6926
1691665435000,0.6926,0.6926,0.6926
1691665436000,0.6926,0.6926,0.6926
1691665437000,0.6927,0.6927,0.6927
1691665438000,0.6927,0.6927,0.6927
1691665439000,0.6927,0.6927,0.6927
1691665440000,0.6927,0.6927,0.6927
1691665441000,0.6926,0.6926,0.6926
1691665442000,0.6926,0.6926,0.6926
1691665443000,0.69252207,0.69252207,0.69252207
1691665444000,0.6926,0.6926,0.6926
1691665445000,0.6926,0.6926,0.6926
1691665446000,0.69253153,0.69253153,0.69253153
1691665447000,0.69253117,0.69253117,0.69253117
1691665448000,0.6926,0.6926,0.6926
1691665449000,0.69253113,0.69253113,0.69253113
1691665450000,0.69258522,0.69258522,0.69258522
1691665451000,0.69258522,0.69258522,0.69258522
1691665452000,0.6926,0.6926,0.6926
1691665453000,0.6926,0.6926,0.6926
1691665454000,0.6928,0.6928,0.6928
1691665455000,0.6927,0.6927,0.6927
1691665456000,0.6927,0.6927,0.6927
1691665457000,0.6927,0.6927,0.6927
1691665458000,0.6927,0.6927,0.6927
1691665459000,0.6928,0.6928,0.6928
1691665460000,0.6928,0.6928,0.6928
1691665461000,0.6928,0.6928,0.6928
1691665462000,0.6928,0.6928,0.6928
1691665463000,0.6928,0.6928,0.6928
1691665464000,0.6929,0.6929,0.6929
1691665465000,0.6929,0.6929,0.6929
1691665466000,0.6929,0.6929,0.6929
1691665467000,0.693,0.693,0.693
1691665468000,0.693,0.693,0.693
1691665469000,0.6929,0.6929,0.6929
1691665470000,0.6929,0.6929,0.6929
1691665471000,0.693,0.693,0.693
1691665472000,0.6929,0.6929,0.6929
1691665473000,0.6929,0.6929,0.6929
1691665474000,0.693,0.693,0.693
1691665475000,0.693,0.693,0.693
1691665476000,0.693,0.693,0.693
1691665477000,0.693,0.693,0.693
1691665478000,0.69316226,0.69316226,0.69316226
1691665479000,0.6933,0.6933,0.6933
1691665480000,0.6933,0.6933,0.6933
1691665481000,0.6933,0.6933,0.6933
1691665482000,0.6933,0.6933,0.6933
1691665483000,0.6933,0.6933,0.6933
1691665484000,0.6933,0.6933,0.6933
1691665485000,0.69339994,0.69339994,0.69339994
1691665486000,0.6934,0.6934,0.6934
1691665487000,0.6934,0.6934,0.6934
1691665488000,0.6934,0.6934,0.6934
1691665489000,0.6934,0.6934,0.6934
1691665490000,0.6934,0.6934,0.6934
1691665491000,0.6933,0.6933,0.6933
1691665492000,0.6934,0.6934,0.6934
1691665493000,0.6934,0.6934,0.6934
1691665494000,0.6933,0.6933,0.6933
1691665495000,0.6933,0.6933,0.6933
1691665496000,0.6934,0.6934,0.6934
1691665497000,0.6934,0.6934,0.6934
1691665498000,0.6934,0.6934,0.6934
1691665499000,0.6934,0.6934,0.6934
1691665500000,0.6934,0.6934,0.6934
1691665501000,0.6934,0.6934,0.6934
1691665502000,0.6934,0.6934,0.6934
1691665503000,0.6934,0.6934,0.6934
1691665504000,0.6933,0.6933,0.6933
1691665505000,0.6933,0.6933,0.6933
1691665506000,0.6933,0.6933,0.6933
1691665507000,0.6933,0.6933,0.6933
1691665508000,0.69316024,0.69316024,0.69316024
1691665509000,0.69316322,0.69316322,0.69316322
1691665510000,0.69316179,0.69316179,0.69316179
1691665511000,0.69315485,0.69315485,0.69315485
1691665512000,0.69315485,0.69315485,0.69315485
1691665513000,0.69315485,0.69315485,0.69315485
1691665514000,0.6932,0.6932,0.6932
1691665515000,0.6932,0.6932,0.6932
1691665516000,0.6933,0.6933,0.6933
1691665517000,0.6933,0.6933,0.6933
1691665518000,0.6933,0.6933,0.6933
1691665519000,0.6933,0.6933,0.6933
1691665520000,0.6933,0.6933,0.6933
1691665521000,0.6933,0.6933,0.6933
1691665522000,0.6933,0.6933,0.6933
1691665523000,0.6933,0.6933,0.6933
1691665524000,0.6933,0.6933,0.6933
1691665525000,0.6932,0.6932,0.6932
1691665526000,0.6932,0.6932,0.6932
1691665527000,0.6933,0.6933,0.6933
1691665528000,0.6933,0.6933,0.6933
1691665529000,0.6933,0.6933,0.6933
1691665530000,0.6933,0.6933,0.6933
1691665531000,0.6933,0.6933,0.6933
1691665532000,0.6932,0.6932,0.6932
1691665533000,0.6932,0.6932,0.6932
1691665534000,0.69315363,0.69315363,0.69315363
1691665535000,0.69315566,0.69315566,0.69315566
1691665536000,0.69310799,0.69310799,0.69310799
1691665537000,0.69310802,0.69310802,0.69310802
1691665538000,0.69310718,0.69310718,0.69310718
1691665539000,0.69310421,0.69310421,0.69310421
1691665540000,0.69310228,0.69310228,0.69310228
1691665541000,0.69314879,0.69314879,0.69314879
1691665542000,0.69310228,0.69310228,0.69310228
1691665543000,0.69310228,0.69310228,0.69310228
1691665544000,0.69310207,0.69310207,0.69310207
1691665545000,0.6931,0.6931,0.6931
1691665546000,0.6931,0.6931,0.6931
1691665547000,0.69305555,0.69305555,0.69305555
1691665548000,0.69305555,0.69305555,0.69305555
1691665549000,0.69305321,0.69305321,0.69305321
1691665550000,0.69305048,0.69305048,0.69305048
1691665551000,0.69305051,0.69305051,0.69305051
1691665552000,0.69305051,0.69305051,0.69305051
1691665553000,0.69305051,0.69305051,0.69305051
1691665554000,0.69305048,0.69305048,0.69305048
1691665555000,0.69305072,0.69305072,0.69305072
1691665556000,0.69304584,0.69304584,0.69304584
1691665557000,0.69300013,0.69300013,0.69300013
1691665558000,0.6930001,0.6930001,0.6930001
1691665559000,0.6930001,0.6930001,0.6930001
1691665560000,0.69299832,0.69299832,0.69299832
1691665561000,0.69299369,0.69299369,0.69299369
1691665562000,0.69299291,0.69299291,0.69299291
1691665563000,0.69299291,0.69299291,0.69299291
1691665564000,0.69299288,0.69299288,0.69299288
1691665565000,0.69299046,0.69299046,0.69299046
1691665566000,0.6929448,0.6929448,0.6929448
1691665567000,0.6929448,0.6929448,0.6929448
1691665568000,0.6929448,0.6929448,0.6929448
1691665569000,0.693,0.693,0.693
1691665570000,0.69293873,0.69293873,0.69293873
1691665571000,0.69293956,0.69293956,0.69293956
1691665572000,0.69294037,0.69294037,0.69294037
1691665573000,0.69294037,0.69294037,0.69294037
1691665574000,0.69294037,0.69294037,0.69294037
1691665575000,0.69293866,0.69293866,0.69293866
1691665576000,0.69293803,0.69293803,0.69293803
1691665577000,0.69293803,0.69293803,0.69293803
1691665578000,0.69298454,0.69298454,0.69298454
1691665579000,0.69298454,0.69298454,0.69298454
1691665580000,0.69298454,0.69298454,0.69298454
1691665581000,0.69293712,0.69293712,0.69293712
1691665582000,0.69293712,0.69293712,0.69293712
1691665583000,0.69293712,0.69293712,0.69293712
1691665584000,0.69293712,0.69293712,0.69293712
1691665585000,0.69293653,0.69293653,0.69293653
1691665586000,0.69292959,0.69292959,0.69292959
1691665587000,0.69292846,0.69292846,0.69292846
1691665588000,0.6929753,0.6929753,0.6929753
1691665589000,0.6929753,0.6929753,0.6929753
1691665590000,0.6929747,0.6929747,0.6929747
1691665591000,0.6929747,0.6929747,0.6929747
1691665592000,0.69297613,0.69297613,0.69297613
1691665593000,0.69297532,0.69297532,0.69297532
1691665594000,0.69297532,0.69297532,0.69297532
1691665595000,0.69297613,0.69297613,0.69297613
1691665596000,0.69297613,0.69297613,0.69297613
1691665597000,0.69297392,0.69297392,0.69297392
1691665598000,0.69297389,0.69297389,0.69297389
1691665599000,0.69297389,0.69297389,0.69297389
1691665600000,0.69297392,0.69297392,0.69297392
1691665601000,0.69297392,0.69297392,0.69297392
1691665602000,0.69297199,0.69297199,0.69297199
1691665603000,0.69291149,0.69291149,0.69291149
1691665604000,0.69291152,0.69291152,0.69291152
1691665605000,0.69291152,0.69291152,0.69291152
1691665606000,0.69295762,0.69295762,0.69295762
1691665607000,0.69295652,0.69295652,0.69295652
1691665608000,0.69295652,0.69295652,0.69295652
1691665609000,0.69295649,0.69295649,0.69295649
1691665610000,0.69295649,0.69295649,0.69295649
1691665611000,0.69295589,0.69295589,0.69295589
1691665612000,0.69295589,0.69295589,0.69295589
1691665613000,0.69295477,0.69295477,0.69295477
1691665614000,0.69290749,0.69290749,0.69290749
1691665615000,0.69290749,0.69290749,0.69290749
1691665616000,0.69290745,0.69290745,0.69290745
1691665617000,0.69295393,0.69295393,0.69295393
1691665618000,0.69295442,0.69295442,0.69295442
1691665619000,0.69295442,0.69295442,0.69295442
1691665620000,0.69295445,0.69295445,0.69295445
1691665621000,0.69295445,0.69295445,0.69295445
1691665622000,0.69295403,0.69295403,0.69295403
1691665623000,0.69291102,0.69291102,0.69291102
1691665624000,0.69291102,0.69291102,0.69291102
1691665625000,0.69291102,0.69291102,0.69291102
1691665626000,0.69291102,0.69291102,0.69291102
1691665627000,0.6929107,0.6929107,0.6929107
1691665628000,0.69291035,0.69291035,0.69291035
1691665629000,0.69291035,0.69291035,0.69291035
1691665630000,0.69290999,0.69290999,0.69290999
1691665631000,0.6929095,0.6929095,0.6929095
1691665632000,0.6929095,0.6929095,0.6929095
1691665633000,0.69290834,0.69290834,0.69290834
1691665634000,0.69290831,0.69290831,0.69290831
1691665635000,0.69290834,0.69290834,0.69290834
1691665636000,0.69290834,0.69290834,0.69290834
1691665637000,0.69290922,0.69290922,0.69290922
1691665638000,0.69291057,0.69291057,0.69291057
1691665639000,0.69291057,0.69291057,0.69291057
1691665640000,0.69292533,0.69292533,0.69292533
1691665641000,0.69292449,0.69292449,0.69292449
1691665642000,0.6929701,0.6929701,0.6929701
1691665643000,0.69297013,0.69297013,0.69297013
1691665644000,0.69296975,0.69296975,0.69296975
1691665645000,0.69296979,0.69296979,0.69296979
1691665646000,0.69296975,0.69296975,0.69296975
1691665647000,0.69297031,0.69297031,0.69297031
1691665648000,0.69297031,0.69297031,0.69297031
1691665649000,0.69292186,0.69292186,0.69292186
1691665650000,0.69283349,0.69283349,0.69283349
1691665651000,0.6927457,0.6927457,0.6927457
1691665652000,0.69274019,0.69274019,0.69274019
1691665653000,0.69274019,0.69274019,0.69274019
1691665654000,0.6927347,0.6927347,0.6927347
1691665655000,0.6927339,0.6927339,0.6927339
1691665656000,0.69271994,0.69271994,0.69271994
1691665657000,0.69272176,0.69272176,0.69272176
1691665658000,0.69272173,0.69272173,0.69272173
1691665659000,0.69272202,0.69272202,0.69272202
1691665660000,0.69272202,0.69272202,0.69272202
1691665661000,0.69272286,0.69272286,0.69272286
1691665662000,0.69272286,0.69272286,0.69272286
1691665663000,0.69272028,0.69272028,0.69272028
1691665664000,0.69271984,0.69271984,0.69271984
1691665665000,0.69271984,0.69271984,0.69271984
1691665666000,0.69271984,0.69271984,0.69271984
1691665667000,0.69271984,0.69271984,0.69271984
1691665668000,0.69267389,0.69267389,0.69267389
1691665669000,0.69267392,0.69267392,0.69267392
1691665670000,0.69267189,0.69267189,0.69267189
1691665671000,0.6927,0.6927,0.6927
1691665672000,0.69265096,0.69265096,0.69265096
1691665673000,0.69264932,0.69264932,0.69264932
1691665674000,0.69265013,0.69265013,0.69265013
1691665675000,0.69265707,0.69265707,0.69265707
1691665676000,0.69265707,0.69265707,0.69265707
1691665677000,0.69265707,0.69265707,0.69265707
1691665678000,0.69269584,0.69269584,0.69269584
1691665679000,0.69269584,0.69269584,0.69269584
1691665680000,0.69269566,0.69269566,0.69269566
1691665681000,0.69269566,0.69269566,0.69269566
1691665682000,0.69269566,0.69269566,0.69269566
1691665683000,0.69269409,0.69269409,0.69269409
1691665684000,0.69269409,0.69269409,0.69269409
1691665685000,0.69269317,0.69269317,0.69269317
1691665686000,0.69259317,0.69259317,0.69259317
1691665687000,0.6926,0.6926,0.6926
1691665688000,0.69263958,0.69263958,0.69263958
1691665689000,0.69263955,0.69263955,0.69263955
1691665690000,0.6927,0.6927,0.6927
1691665691000,0.69263966,0.69263966,0.69263966
1691665692000,0.6927001,0.6927001,0.6927001
1691665693000,0.69269898,0.69269898,0.69269898
1691665694000,0.69269814,0.69269814,0.69269814
1691665695000,0.69269817,0.69269817,0.69269817
1691665696000,0.69270053,0.69270053,0.69270053
1691665697000,0.69270053,0.69270053,0.69270053
1691665698000,0.69270053,0.69270053,0.69270053
1691665699000,0.693,0.693,0.693
1691665700000,0.6931,0.6931,0.6931
1691665701000,0.6931,0.6931,0.6931
1691665702000,0.6931,0.6931,0.6931
1691665703000,0.6931,0.6931,0.6931
1691665704000,0.6931,0.6931,0.6931
1691665705000,0.6932,0.6932,0.6932
1691665706000,0.6932,0.6932,0.6932
1691665707000,0.6932,0.6932,0.6932
1691665708000,0.6932,0.6932,0.6932
1691665709000,0.6931,0.6931,0.6931
1691665710000,0.6931,0.6931,0.6931
1691665711000,0.6931,0.6931,0.6931
1691665712000,0.6931,0.6931,0.6931
1691665713000,0.6932,0.6932,0.6932
1691665714000,0.6932,0.6932,0.6932
1691665715000,0.6931,0.6931,0.6931
1691665716000,0.6931,0.6931,0.6931
1691665717000,0.6931,0.6931,0.6931
1691665718000,0.6931,0.6931,0.6931
1691665719000,0.6932,0.6932,0.6932
1691665720000,0.6932,0.6932,0.6932
1691665721000,0.6932,0.6932,0.6932
1691665722000,0.6932,0.6932,0.6932
1691665723000,0.6932,0.6932,0.6932
1691665724000,0.6932,0.6932,0.6932
1691665725000,0.6931,0.6931,0.6931
1691665726000,0.6931,0.6931,0.6931
1691665727000,0.6931,0.6931,0.6931
1691665728000,0.6931,0.6931,0.6931
1691665729000,0.6931,0.6931,0.6931
1691665730000,0.6931,0.6931,0.6931
1691665731000,0.6931,0.6931,0.6931
1691665732000,0.6931,0.6931,0.6931
1691665733000,0.69309614,0.69309614,0.69309614
1691665734000,0.69304882,0.69304882,0.69304882
1691665735000,0.69304882,0.69304882,0.69304882
1691665736000,0.69304966,0.69304966,0.69304966
1691665737000,0.69304801,0.69304801,0.69304801
1691665738000,0.6931,0.6931,0.6931
1691665739000,0.6931,0.6931,0.6931
1691665740000,0.6931,0.6931,0.6931
1691665741000,0.6931,0.6931,0.6931
1691665742000,0.6931,0.6931,0.6931
1691665743000,0.6931,0.6931,0.6931
1691665744000,0.6931,0.6931,0.6931
1691665745000,0.6931,0.6931,0.6931
1691665746000,0.6931,0.6931,0.6931
1691665747000,0.6931,0.6931,0.6931
1691665748000,0.6931,0.6931,0.6931
1691665749000,0.6931,0.6931,0.6931
1691665750000,0.69308312,0.69308312,0.69308312
1691665751000,0.69308312,0.69308312,0.69308312
1691665752000,0.69308312,0.69308312,0.69308312
1691665753000,0.69308358,0.69308358,0.69308358
1691665754000,0.69308358,0.69308358,0.69308358
1691665755000,0.69308358,0.69308358,0.69308358
1691665756000,0.69309754,0.69309754,0.69309754
1691665757000,0.69309754,0.69309754,0.69309754
1691665758000,0.69309473,0.69309473,0.69309473
1691665759000,0.6933,0.6933,0.6933
1691665760000,0.69311065,0.69311065,0.69311065
1691665761000,0.69311065,0.69311065,0.69311065
1691665762000,0.69311068,0.69311068,0.69311068
1691665763000,0.69310788,0.69310788,0.69310788
1691665764000,0.69310788,0.69310788,0.69310788
1691665765000,0.69310694,0.69310694,0.69310694
1691665766000,0.69310694,0.69310694,0.69310694
1691665767000,0.69310694,0.69310694,0.69310694
1691665768000,0.69307621,0.69307621,0.69307621
1691665769000,0.6930754,0.6930754,0.6930754
1691665770000,0.69307502,0.69307502,0.69307502
1691665771000,0.69302931,0.69302931,0.69302931
1691665772000,0.69302934,0.69302934,0.69302934
1691665773000,0.69307278,0.69307278,0.69307278
1691665774000,0.69307275,0.69307275,0.69307275
1691665775000,0.69307275,0.69307275,0.69307275
1691665776000,0.69307152,0.69307152,0.69307152
1691665777000,0.69307152,0.69307152,0.69307152
1691665778000,0.6931,0.6931,0.6931
1691665779000,0.6931,0.6931,0.6931
1691665780000,0.69307054,0.69307054,0.69307054
1691665781000,0.69307054,0.69307054,0.69307054
1691665782000,0.69307131,0.69307131,0.69307131
1691665783000,0.69307131,0.69307131,0.69307131
1691665784000,0.6930686,0.6930686,0.6930686
1691665785000,0.69302178,0.69302178,0.69302178
1691665786000,0.69302181,0.69302181,0.69302181
1691665787000,0.69302181,0.69302181,0.69302181
1691665788000,0.69301483,0.69301483,0.69301483
1691665789000,0.69301056,0.69301056,0.69301056
1691665790000,0.69301001,0.69301001,0.69301001
1691665791000,0.69301001,0.69301001,0.69301001
1691665792000,0.69301001,0.69301001,0.69301001
1691665793000,0.6931,0.6931,0.6931
1691665794000,0.6931,0.6931,0.6931
1691665795000,0.6931,0.6931,0.6931
1691665796000,0.6931,0.6931,0.6931
1691665797000,0.6931,0.6931,0.6931
1691665798000,0.6931,0.6931,0.6931
1691665799000,0.6931,0.6931,0.6931
1691665800000,0.69300412,0.69300412,0.69300412
1691665801000,0.6931,0.6931,0.6931
1691665802000,0.6931,0.6931,0.6931
1691665803000,0.6931,0.6931,0.6931
1691665804000,0.69274319,0.69274319,0.69274319
1691665805000,0.69274319,0.69274319,0.69274319
1691665806000,0.6927354,0.6927354,0.6927354
1691665807000,0.6927354,0.6927354,0.6927354
1691665808000,0.69273537,0.69273537,0.69273537
1691665809000,0.69273537,0.69273537,0.69273537
1691665810000,0.6926845,0.6926845,0.6926845
1691665811000,0.69273091,0.69273091,0.69273091
1691665812000,0.69273171,0.69273171,0.69273171
1691665813000,0.69271779,0.69271779,0.69271779
1691665814000,0.69271779,0.69271779,0.69271779
1691665815000,0.69271569,0.69271569,0.69271569
1691665816000,0.69271139,0.69271139,0.69271139
1691665817000,0.69275343,0.69275343,0.69275343
1691665818000,0.69275343,0.69275343,0.69275343
1691665819000,0.69275263,0.69275263,0.69275263
1691665820000,0.69274883,0.69274883,0.69274883
1691665821000,0.6928,0.6928,0.6928
1691665822000,0.6929,0.6929,0.6929
1691665823000,0.6929,0.6929,0.6929
1691665824000,0.6929,0.6929,0.6929
1691665825000,0.6929,0.6929,0.6929
1691665826000,0.6929,0.6929,0.6929
1691665827000,0.6929,0.6929,0.6929
1691665828000,0.693,0.693,0.693
1691665829000,0.6931,0.6931,0.6931
1691665830000,0.6932,0.6932,0.6932
1691665831000,0.6932,0.6932,0.6932
1691665832000,0.6932,0.6932,0.6932
1691665833000,0.6932,0.6932,0.6932
1691665834000,0.6932,0.6932,0.6932
1691665835000,0.6932,0.6932,0.6932
1691665836000,0.6932,0.6932,0.6932
1691665837000,0.6932,0.6932,0.6932
1691665838000,0.6932,0.6932,0.6932
1691665839000,0.6931,0.6931,0.6931
1691665840000,0.6931,0.6931,0.6931
1691665841000,0.6931,0.6931,0.6931
1691665842000,0.6931,0.6931,0.6931
1691665843000,0.6931,0.6931,0.6931
1691665844000,0.6932,0.6932,0.6932
1691665845000,0.6932,0.6932,0.6932
1691665846000,0.6932,0.6932,0.6932
1691665847000,0.6932,0.6932,0.6932
1691665848000,0.6932,0.6932,0.6932
1691665849000,0.6932,0.6932,0.6932
1691665850000,0.6932,0.6932,0.6932
1691665851000,0.6932,0.6932,0.6932
1691665852000,0.6932,0.6932,0.6932
1691665853000,0.6933,0.6933,0.6933
1691665854000,0.6932,0.6932,0.6932
1691665855000,0.6932,0.6932,0.6932
1691665856000,0.6932,0.6932,0.6932
1691665857000,0.6932,0.6932,0.6932
1691665858000,0.6932,0.6932,0.6932
1691665859000,0.6932,0.6932,0.6932
1691665860000,0.6933,0.6933,0.6933
1691665861000,0.6933,0.6933,0.6933
1691665862000,0.6933,0.6933,0.6933
1691665863000,0.6933,0.6933,0.6933
1691665864000,0.6932,0.6932,0.6932
1691665865000,0.6932,0.6932,0.6932
1691665866000,0.6932,0.6932,0.6932
1691665867000,0.6932,0.6932,0.6932
1691665868000,0.6932,0.6932,0.6932
1691665869000,0.6932,0.6932,0.6932
1691665870000,0.6932,0.6932,0.6932
1691665871000,0.6932,0.6932,0.6932
1691665872000,0.6933,0.6933,0.6933
1691665873000,0.6932,0.6932,0.6932
1691665874000,0.6932,0.6932,0.6932
1691665875000,0.6932,0.6932,0.6932
1691665876000,0.6932,0.6932,0.6932
1691665877000,0.6933,0.6933,0.6933
1691665878000,0.6933,0.6933,0.6933
1691665879000,0.6933,0.6933,0.6933
1691665880000,0.6932,0.6932,0.6932
1691665881000,0.6932,0.6932,0.6932
1691665882000,0.6932,0.6932,0.6932
1691665883000,0.6932,0.6932,0.6932
1691665884000,0.6932,0.6932,0.6932
1691665885000,0.6932,0.6932,0.6932
1691665886000,0.6932,0.6932,0.6932
1691665887000,0.6932,0.6932,0.6932
1691665888000,0.6932,0.6932,0.6932
1691665889000,0.6932,0.6932,0.6932
1691665890000,0.6932,0.6932,0.6932
1691665891000,0.6932,0.6932,0.6932
1691665892000,0.6932,0.6932,0.6932
1691665893000,0.6932,0.6932,0.6932
1691665894000,0.6932,0.6932,0.6932
1691665895000,0.6932,0.6932,0.6932
1691665896000,0.6932,0.6932,0.6932
1691665897000,0.6932,0.6932,0.6932
1691665898000,0.6933,0.6933,0.6933
1691665899000,0.6933,0.6933,0.6933
1691665900000,0.6933,0.6933,0.6933
1691665901000,0.6933,0.6933,0.6933
1691665902000,0.6933,0.6933,0.6933
1691665903000,0.6932,0.6932,0.6932
1691665904000,0.6933,0.6933,0.6933
1691665905000,0.6933,0.6933,0.6933
1691665906000,0.6932,0.6932,0.6932
1691665907000,0.6932,0.6932,0.6932
1691665908000,0.6932,0.6932,0.6932
1691665909000,0.6932,0.6932,0.6932
1691665910000,0.6932,0.6932,0.6932
1691665911000,0.6932,0.6932,0.6932
1691665912000,0.6932,0.6932,0.6932
1691665913000,0.6932,0.6932,0.6932
1691665914000,0.6932,0.6932,0.6932
1691665915000,0.6932,0.6932,0.6932
1691665916000,0.6932,0.6932,0.6932
1691665917000,0.6932,0.6932,0.6932
1691665918000,0.6932,0.6932,0.6932
1691665919000,0.6932,0.6932,0.6932
1691665920000,0.6932,0.6932,0.6932
1691665921000,0.6932,0.6932,0.6932
1691665922000,0.6932,0.6932,0.6932
1691665923000,0.69322619,0.69322619,0.69322619
1691665924000,0.69322897,0.69322897,0.69322897
1691665925000,0.69322897,0.69322897,0.69322897
1691665926000,0.69322894,0.69322894,0.69322894
1691665927000,0.69322978,0.69322978,0.69322978
1691665928000,0.69322894,0.69322894,0.69322894
1691665929000,0.69322941,0.69322941,0.69322941
1691665930000,0.69322941,0.69322941,0.69322941
1691665931000,0.69322941,0.69322941,0.69322941
1691665932000,0.69322941,0.69322941,0.69322941
1691665933000,0.6933,0.6933,0.6933
1691665934000,0.69322905,0.69322905,0.69322905
1691665935000,0.69322908,0.69322908,0.69322908
1691665936000,0.6933,0.6933,0.6933
1691665937000,0.69322905,0.69322905,0.69322905
1691665938000,0.69322827,0.69322827,0.69322827
1691665939000,0.69322953,0.69322953,0.69322953
1691665940000,0.69322953,0.69322953,0.69322953
1691665941000,0.69323033,0.69323033,0.69323033
1691665942000,0.69322953,0.69322953,0.69322953
1691665943000,0.69323036,0.69323036,0.69323036
1691665944000,0.6933,0.6933,0.6933
1691665945000,0.6933,0.6933,0.6933
1691665946000,0.6933,0.6933,0.6933
1691665947000,0.69322452,0.69322452,0.69322452
1691665948000,0.6933,0.6933,0.6933
1691665949000,0.6933,0.6933,0.6933
1691665950000,0.6933,0.6933,0.6933
1691665951000,0.6933,0.6933,0.6933
1691665952000,0.6933,0.6933,0.6933
1691665953000,0.69322774,0.69322774,0.69322774
1691665954000,0.6933,0.6933,0.6933
1691665955000,0.6933,0.6933,0.6933
1691665956000,0.6933,0.6933,0.6933
1691665957000,0.69323407,0.69323407,0.69323407
1691665958000,0.69323407,0.69323407,0.69323407
1691665959000,0.6933,0.6933,0.6933
1691665960000,0.6933,0.6933,0.6933
1691665961000,0.6933,0.6933,0.6933
1691665962000,0.6932,0.6932,0.6932
1691665963000,0.6932,0.6932,0.6932
1691665964000,0.6932,0.6932,0.6932
1691665965000,0.6932,0.6932,0.6932
1691665966000,0.6933,0.6933,0.6933
1691665967000,0.6933,0.6933,0.6933
1691665968000,0.6933,0.6933,0.6933
1691665969000,0.6933,0.6933,0.6933
1691665970000,0.6933,0.6933,0.6933
1691665971000,0.6933,0.6933,0.6933
1691665972000,0.6933,0.6933,0.6933
1691665973000,0.6933,0.6933,0.6933
1691665974000,0.6933,0.6933,0.6933
1691665975000,0.6933,0.6933,0.6933
1691665976000,0.6933,0.6933,0.6933
1691665977000,0.6933,0.6933,0.6933
1691665978000,0.6933,0.6933,0.6933
1691665979000,0.69320215,0.69320215,0.69320215
1691665980000,0.69320194,0.69320194,0.69320194
1691665981000,0.6932057,0.6932057,0.6932057
1691665982000,0.69320489,0.69320489,0.69320489
1691665983000,0.69320489,0.69320489,0.69320489
1691665984000,0.69320207,0.69320207,0.69320207
1691665985000,0.69320189,0.69320189,0.69320189
1691665986000,0.69320552,0.69320552,0.69320552
1691665987000,0.6933,0.6933,0.6933
1691665988000,0.6933,0.6933,0.6933
1691665989000,0.6933,0.6933,0.6933
1691665990000,0.6933,0.6933,0.6933
1691665991000,0.6933,0.6933,0.6933
1691665992000,0.6933,0.6933,0.6933
1691665993000,0.6933,0.6933,0.6933
1691665994000,0.6933,0.6933,0.6933
1691665995000,0.6933,0.6933,0.6933
1691665996000,0.69325008,0.69325008,0.69325008
1691665997000,0.69323583,0.69323583,0.69323583
1691665998000,0.69331251,0.69331251,0.69331251
1691665999000,0.69331255,0.69331255,0.69331255
1691666000000,0.69331255,0.69331255,0.69331255
1691666001000,0.69325826,0.69325826,0.69325826
1691666002000,0.69325822,0.69325822,0.69325822
1691666003000,0.69327443,0.69327443,0.69327443
1691666004000,0.69327443,0.69327443,0.69327443
1691666005000,0.69327443,0.69327443,0.69327443
1691666006000,0.69327443,0.69327443,0.69327443
1691666007000,0.69327339,0.69327339,0.69327339
1691666008000,0.69327339,0.69327339,0.69327339
1691666009000,0.69332744,0.69332744,0.69332744
1691666010000,0.69332744,0.69332744,0.69332744
1691666011000,0.69332744,0.69332744,0.69332744
1691666012000,0.69332473,0.69332473,0.69332473
1691666013000,0.69332473,0.69332473,0.69332473
1691666014000,0.69332473,0.69332473,0.69332473
1691666015000,0.69332473,0.69332473,0.69332473
1691666016000,0.69332473,0.69332473,0.69332473
1691666017000,0.69332203,0.69332203,0.69332203
1691666018000,0.69332203,0.69332203,0.69332203
1691666019000,0.69332203,0.69332203,0.69332203
1691666020000,0.69332203,0.69332203,0.69332203
1691666021000,0.69332203,0.69332203,0.69332203
1691666022000,0.69332053,0.69332053,0.69332053
1691666023000,0.69332053,0.69332053,0.69332053
1691666024000,0.69332053,0.69332053,0.69332053
1691666025000,0.69332053,0.69332053,0.69332053
1691666026000,0.69331959,0.69331959,0.69331959
1691666027000,0.69331982,0.69331982,0.69331982
1691666028000,0.69331978,0.69331978,0.69331978
1691666029000,0.69331888,0.69331888,0.69331888
1691666030000,0.69331888,0.69331888,0.69331888
1691666031000,0.69326483,0.69326483,0.69326483
1691666032000,0.69326479,0.69326479,0.69326479
1691666033000,0.69331809,0.69331809,0.69331809
1691666034000,0.69331809,0.69331809,0.69331809
1691666035000,0.69326501,0.69326501,0.69326501
1691666036000,0.69326497,0.69326497,0.69326497
1691666037000,0.69326497,0.69326497,0.69326497
1691666038000,0.6933,0.6933,0.6933
1691666039000,0.69326507,0.69326507,0.69326507
1691666040000,0.69326507,0.69326507,0.69326507
1691666041000,0.69327571,0.69327571,0.69327571
1691666042000,0.69327571,0.69327571,0.69327571
1691666043000,0.69333064,0.69333064,0.69333064
1691666044000,0.69331536,0.69331536,0.69331536
1691666045000,0.69330879,0.69330879,0.69330879
1691666046000,0.69330814,0.69330814,0.69330814
1691666047000,0.69330326,0.69330326,0.69330326
1691666048000,0.69330176,0.69330176,0.69330176
1691666049000,0.69324591,0.69324591,0.69324591
1691666050000,0.69324418,0.69324418,0.69324418
1691666051000,0.69326036,0.69326036,0.69326036
1691666052000,0.69326036,0.69326036,0.69326036
1691666053000,0.69326005,0.69326005,0.69326005
1691666054000,0.69326001,0.69326001,0.69326001
1691666055000,0.69326001,0.69326001,0.69326001
1691666056000,0.69326001,0.69326001,0.69326001
1691666057000,0.69325904,0.69325904,0.69325904
1691666058000,0.69325904,0.69325904,0.69325904
1691666059000,0.69325751,0.69325751,0.69325751
1691666060000,0.69325747,0.69325747,0.69325747
1691666061000,0.69331156,0.69331156,0.69331156
1691666062000,0.69325751,0.69325751,0.69325751
1691666063000,0.69325751,0.69325751,0.69325751
1691666064000,0.69331119,0.69331119,0.69331119
1691666065000,0.6937,0.6937,0.6937
1691666066000,0.6938,0.6938,0.6938
1691666067000,0.6937,0.6937,0.6937
1691666068000,0.6938,0.6938,0.6938
1691666069000,0.69370091,0.69370091,0.69370091
1691666070000,0.6938,0.6938,0.6938
1691666071000,0.6938,0.6938,0.6938
1691666072000,0.6938,0.6938,0.6938
1691666073000,0.6938,0.6938,0.6938
1691666074000,0.69370361,0.69370361,0.69370361
1691666075000,0.69370361,0.69370361,0.69370361
1691666076000,0.6937,0.6937,0.6937
1691666077000,0.6937,0.6937,0.6937
1691666078000,0.6937,0.6937,0.6937
1691666079000,0.6937,0.6937,0.6937
1691666080000,0.6937,0.6937,0.6937
1691666081000,0.6937,0.6937,0.6937
1691666082000,0.6937,0.6937,0.6937
1691666083000,0.69364874,0.69364874,0.69364874
1691666084000,0.69365078,0.69365078,0.69365078
1691666085000,0.69370479,0.69370479,0.69370479
1691666086000,0.69370389,0.69370389,0.69370389
1691666087000,0.69370254,0.69370254,0.69370254
1691666088000,0.69370254,0.69370254,0.69370254
1691666089000,0.6937025,0.6937025,0.6937025
1691666090000,0.69370188,0.69370188,0.69370188
1691666091000,0.6938,0.6938,0.6938
1691666092000,0.6938,0.6938,0.6938
1691666093000,0.6938,0.6938,0.6938
1691666094000,0.6938,0.6938,0.6938
1691666095000,0.6938,0.6938,0.6938
1691666096000,0.6938,0.6938,0.6938
1691666097000,0.6938,0.6938,0.6938
1691666098000,0.69370207,0.69370207,0.69370207
1691666099000,0.6938,0.6938,0.6938
1691666100000,0.6938,0.6938,0.6938
1691666101000,0.6939,0.6939,0.6939
1691666102000,0.6939,0.6939,0.6939
1691666103000,0.6939,0.6939,0.6939
1691666104000,0.6939,0.6939,0.6939
1691666105000,0.6938,0.6938,0.6938
1691666106000,0.6938,0.6938,0.6938
1691666107000,0.6939,0.6939,0.6939
1691666108000,0.6939,0.6939,0.6939
1691666109000,0.6939,0.6939,0.6939
1691666110000,0.6939,0.6939,0.6939
1691666111000,0.6938,0.6938,0.6938
1691666112000,0.6938,0.6938,0.6938
1691666113000,0.6939,0.6939,0.6939
1691666114000,0.6938,0.6938,0.6938
1691666115000,0.69383012,0.69383012,0.69383012
1691666116000,0.69383543,0.69383543,0.69383543
1691666117000,0.6938,0.6938,0.6938
1691666118000,0.6939,0.6939,0.6939
1691666119000,0.6939,0.6939,0.6939
1691666120000,0.69388604,0.69388604,0.69388604
1691666121000,0.6939,0.6939,0.6939
1691666122000,0.6939,0.6939,0.6939
1691666123000,0.6939,0.6939,0.6939
1691666124000,0.6939,0.6939,0.6939
1691666125000,0.6939,0.6939,0.6939
1691666126000,0.6939,0.6939,0.6939
1691666127000,0.6939,0.6939,0.6939
1691666128000,0.694,0.694,0.694
1691666129000,0.694,0.694,0.694
1691666130000,0.6939,0.6939,0.6939
1691666131000,0.694,0.694,0.694
1691666132000,0.6939,0.6939,0.6939
1691666133000,0.6939,0.6939,0.6939
1691666134000,0.6939,0.6939,0.6939
1691666135000,0.6939,0.6939,0.6939
1691666136000,0.6939,0.6939,0.6939
1691666137000,0.6939,0.6939,0.6939
1691666138000,0.69383773,0.69383773,0.69383773
1691666139000,0.69383773,0.69383773,0.69383773
1691666140000,0.69383496,0.69383496,0.69383496
1691666141000,0.69383496,0.69383496,0.69383496
1691666142000,0.69383465,0.69383465,0.69383465
1691666143000,0.69382564,0.69382564,0.69382564
1691666144000,0.6939,0.6939,0.6939
1691666145000,0.6939,0.6939,0.6939
1691666146000,0.69382763,0.69382763,0.69382763
1691666147000,0.69382656,0.69382656,0.69382656
1691666148000,0.69375358,0.69375358,0.69375358
1691666149000,0.69375131,0.69375131,0.69375131
1691666150000,0.69375131,0.69375131,0.69375131
1691666151000,0.69375135,0.69375135,0.69375135
1691666152000,0.69369421,0.69369421,0.69369421
1691666153000,0.69369421,0.69369421,0.69369421
1691666154000,0.69369226,0.69369226,0.69369226
1691666155000,0.69369226,0.69369226,0.69369226
1691666156000,0.69374534,0.69374534,0.69374534
1691666157000,0.69374247,0.69374247,0.69374247
1691666158000,0.69374247,0.69374247,0.69374247
1691666159000,0.69367061,0.69367061,0.69367061
1691666160000,0.69367061,0.69367061,0.69367061
1691666161000,0.69367061,0.69367061,0.69367061
1691666162000,0.69365064,0.69365064,0.69365064
1691666163000,0.69364932,0.69364932,0.69364932
1691666164000,0.69364932,0.69364932,0.69364932
1691666165000,0.69359503,0.69359503,0.69359503
1691666166000,0.69359503,0.69359503,0.69359503
1691666167000,0.69359161,0.69359161,0.69359161
1691666168000,0.69359161,0.69359161,0.69359161
1691666169000,0.69358829,0.69358829,0.69358829
1691666170000,0.69358829,0.69358829,0.69358829
1691666171000,0.69358829,0.69358829,0.69358829
1691666172000,0.69364234,0.69364234,0.69364234
1691666173000,0.69363896,0.69363896,0.69363896
1691666174000,0.6936399,0.6936399,0.6936399
1691666175000,0.6936399,0.6936399,0.6936399
1691666176000,0.69358487,0.69358487,0.69358487
1691666177000,0.69358487,0.69358487,0.69358487
1691666178000,0.69358169,0.69358169,0.69358169
1691666179000,0.69358165,0.69358165,0.69358165
1691666180000,0.69357897,0.69357897,0.69357897
1691666181000,0.69357901,0.69357901,0.69357901
1691666182000,0.69362688,0.69362688,0.69362688
1691666183000,0.69362115,0.69362115,0.69362115
1691666184000,0.69362115,0.69362115,0.69362115
1691666185000,0.69360287,0.69360287,0.69360287
1691666186000,0.69354788,0.69354788,0.69354788
1691666187000,0.69354788,0.69354788,0.69354788
1691666188000,0.69354247,0.69354247,0.69354247
1691666189000,0.69354247,0.69354247,0.69354247
1691666190000,0.69354198,0.69354198,0.69354198
1691666191000,0.69354198,0.69354198,0.69354198
1691666192000,0.69354198,0.69354198,0.69354198
1691666193000,0.69353769,0.69353769,0.69353769
1691666194000,0.69353769,0.69353769,0.69353769
1691666195000,0.69359174,0.69359174,0.69359174
1691666196000,0.69359004,0.69359004,0.69359004
1691666197000,0.69353595,0.69353595,0.69353595
1691666198000,0.6935281,0.6935281,0.6935281
1691666199000,0.69351999,0.69351999,0.69351999
1691666200000,0.69351999,0.69351999,0.69351999
1691666201000,0.69343173,0.69343173,0.69343173
1691666202000,0.69341547,0.69341547,0.69341547
1691666203000,0.69341637,0.69341637,0.69341637
1691666204000,0.69341011,0.69341011,0.69341011
1691666205000,0.69341011,0.69341011,0.69341011
1691666206000,0.69335508,0.69335508,0.69335508
1691666207000,0.69335512,0.69335512,0.69335512
1691666208000,0.6931148,0.6931148,0.6931148
1691666209000,0.69310945,0.69310945,0.69310945
1691666210000,0.6931015,0.6931015,0.6931015
1691666211000,0.6931015,0.6931015,0.6931015
1691666212000,0.69310154,0.69310154,0.69310154
1691666213000,0.6931015,0.6931015,0.6931015
1691666214000,0.69309933,0.69309933,0.69309933
1691666215000,0.6931,0.6931,0.6931
1691666216000,0.69301023,0.69301023,0.69301023
1691666217000,0.69301015,0.69301015,0.69301015
1691666218000,0.69301015,0.69301015,0.69301015
1691666219000,0.69306204,0.69306204,0.69306204
1691666220000,0.69300799,0.69300799,0.69300799
1691666221000,0.69300426,0.69300426,0.69300426
1691666222000,0.6930052,0.6930052,0.6930052
1691666223000,0.6930052,0.6930052,0.6930052
1691666224000,0.69291543,0.69291543,0.69291543
1691666225000,0.69291543,0.69291543,0.69291543
1691666226000,0.69291547,0.69291547,0.69291547
1691666227000,0.69277557,0.69277557,0.69277557
1691666228000,0.69282208,0.69282208,0.69282208
1691666229000,0.69282289,0.69282289,0.69282289
1691666230000,0.69282105,0.69282105,0.69282105
1691666231000,0.69281411,0.69281411,0.69281411
1691666232000,0.69281411,0.69281411,0.69281411
1691666233000,0.69281411,0.69281411,0.69281411
1691666234000,0.69281408,0.69281408,0.69281408
1691666235000,0.69281213,0.69281213,0.69281213
1691666236000,0.69281213,0.69281213,0.69281213
1691666237000,0.69281136,0.69281136,0.69281136
1691666238000,0.69281136,0.69281136,0.69281136
1691666239000,0.69276485,0.69276485,0.69276485
1691666240000,0.69276135,0.69276135,0.69276135
1691666241000,0.69276135,0.69276135,0.69276135
1691666242000,0.69280864,0.69280864,0.69280864
1691666243000,0.69280137,0.69280137,0.69280137
1691666244000,0.69276648,0.69276648,0.69276648
1691666245000,0.69271726,0.69271726,0.69271726
1691666246000,0.6927143,0.6927143,0.6927143
1691666247000,0.69271433,0.69271433,0.69271433
1691666248000,0.69271433,0.69271433,0.69271433
1691666249000,0.6927143,0.6927143,0.6927143
1691666250000,0.69271052,0.69271052,0.69271052
1691666251000,0.69271052,0.69271052,0.69271052
1691666252000,0.6927092,0.6927092,0.6927092
1691666253000,0.6927092,0.6927092,0.6927092
1691666254000,0.6927092,0.6927092,0.6927092
1691666255000,0.69270923,0.69270923,0.69270923
1691666256000,0.6927043,0.6927043,0.6927043
1691666257000,0.6927043,0.6927043,0.6927043
1691666258000,0.69270451,0.69270451,0.69270451
1691666259000,0.69270448,0.69270448,0.69270448
1691666260000,0.69270448,0.69270448,0.69270448
1691666261000,0.6926999,0.6926999,0.6926999
1691666262000,0.6926999,0.6926999,0.6926999
1691666263000,0.69274697,0.69274697,0.69274697
1691666264000,0.69274694,0.69274694,0.69274694
1691666265000,0.69274616,0.69274616,0.69274616
1691666266000,0.69274341,0.69274341,0.69274341
1691666267000,0.69274292,0.69274292,0.69274292
1691666268000,0.69274292,0.69274292,0.69274292
1691666269000,0.69274292,0.69274292,0.69274292
1691666270000,0.69274296,0.69274296,0.69274296
1691666271000,0.69269897,0.69269897,0.69269897
1691666272000,0.69269897,0.69269897,0.69269897
1691666273000,0.69269768,0.69269768,0.69269768
1691666274000,0.69269612,0.69269612,0.69269612
1691666275000,0.69269612,0.69269612,0.69269612
1691666276000,0.69273136,0.69273136,0.69273136
1691666277000,0.69268534,0.69268534,0.69268534
1691666278000,0.69258766,0.69258766,0.69258766
1691666279000,0.69255975,0.69255975,0.69255975
1691666280000,0.69251292,0.69251292,0.69251292
1691666281000,0.69250894,0.69250894,0.69250894
1691666282000,0.69250626,0.69250626,0.69250626
1691666283000,0.69250626,0.69250626,0.69250626
1691666284000,0.69253959,0.69253959,0.69253959
1691666285000,0.69261401,0.69261401,0.69261401
1691666286000,0.6927,0.6927,0.6927
1691666287000,0.69267288,0.69267288,0.69267288
1691666288000,0.69267288,0.69267288,0.69267288
1691666289000,0.69267291,0.69267291,0.69267291
1691666290000,0.6927,0.6927,0.6927
1691666291000,0.6928,0.6928,0.6928
1691666292000,0.6928,0.6928,0.6928
1691666293000,0.6929,0.6929,0.6929
1691666294000,0.6929,0.6929,0.6929
1691666295000,0.6929,0.6929,0.6929
1691666296000,0.69281807,0.69281807,0.69281807
1691666297000,0.6928175,0.6928175,0.6928175
1691666298000,0.69282099,0.69282099,0.69282099
1691666299000,0.69283526,0.69283526,0.69283526
1691666300000,0.69283526,0.69283526,0.69283526
1691666301000,0.69283529,0.69283529,0.69283529
1691666302000,0.69283409,0.69283409,0.69283409
1691666303000,0.6928343,0.6928343,0.6928343
1691666304000,0.6929,0.6929,0.6929
1691666305000,0.6929,0.6929,0.6929
1691666306000,0.6929,0.6929,0.6929
1691666307000,0.6929,0.6929,0.6929
1691666308000,0.6928,0.6928,0.6928
1691666309000,0.6929,0.6929,0.6929
1691666310000,0.6929,0.6929,0.6929
1691666311000,0.6929,0.6929,0.6929
1691666312000,0.6928,0.6928,0.6928
1691666313000,0.6929,0.6929,0.6929
1691666314000,0.6929,0.6929,0.6929
1691666315000,0.6928,0.6928,0.6928
1691666316000,0.6928,0.6928,0.6928
1691666317000,0.6929,0.6929,0.6929
1691666318000,0.6929,0.6929,0.6929
1691666319000,0.6929,0.6929,0.6929
1691666320000,0.6929,0.6929,0.6929
1691666321000,0.69283765,0.69283765,0.69283765
1691666322000,0.69283765,0.69283765,0.69283765
1691666323000,0.692838,0.692838,0.692838
1691666324000,0.6929,0.6929,0.6929
1691666325000,0.6929,0.6929,0.6929
1691666326000,0.6929,0.6929,0.6929
1691666327000,0.6929,0.6929,0.6929
1691666328000,0.6929,0.6929,0.6929
1691666329000,0.6929,0.6929,0.6929
1691666330000,0.6928,0.6928,0.6928
1691666331000,0.6929,0.6929,0.6929
1691666332000,0.6929,0.6929,0.6929
1691666333000,0.6928,0.6928,0.6928
1691666334000,0.6928,0.6928,0.6928
1691666335000,0.6928,0.6928,0.6928
1691666336000,0.6928,0.6928,0.6928
1691666337000,0.6928,0.6928,0.6928
1691666338000,0.6928,0.6928,0.6928
1691666339000,0.6928,0.6928,0.6928
1691666340000,0.6928,0.6928,0.6928
1691666341000,0.6928,0.6928,0.6928
1691666342000,0.6928,0.6928,0.6928
1691666343000,0.6928,0.6928,0.6928
1691666344000,0.6928,0.6928,0.6928
1691666345000,0.6929,0.6929,0.6929
1691666346000,0.6928,0.6928,0.6928
1691666347000,0.6929,0.6929,0.6929
1691666348000,0.6929,0.6929,0.6929
1691666349000,0.6928,0.6928,0.6928
1691666350000,0.6928,0.6928,0.6928
1691666351000,0.6928,0.6928,0.6928
1691666352000,0.69276231,0.69276231,0.69276231
1691666353000,0.69276231,0.69276231,0.69276231
1691666354000,0.6927625,0.6927625,0.6927625
1691666355000,0.6927625,0.6927625,0.6927625
1691666356000,0.69276166,0.69276166,0.69276166
1691666357000,0.69276166,0.69276166,0.69276166
1691666358000,0.69273375,0.69273375,0.69273375
1691666359000,0.6927,0.6927,0.6927
1691666360000,0.6927,0.6927,0.6927
1691666361000,0.6927,0.6927,0.6927
1691666362000,0.6927,0.6927,0.6927
1691666363000,0.6927,0.6927,0.6927
1691666364000,0.6927,0.6927,0.6927
1691666365000,0.6927,0.6927,0.6927
1691666366000,0.69268848,0.69268848,0.69268848
1691666367000,0.69268767,0.69268767,0.69268767
1691666368000,0.6926877,0.6926877,0.6926877
1691666369000,0.69268645,0.69268645,0.69268645
1691666370000,0.69268326,0.69268326,0.69268326
1691666371000,0.69268326,0.69268326,0.69268326
1691666372000,0.6926,0.6926,0.6926
1691666373000,0.6926,0.6926,0.6926
1691666374000,0.69258825,0.69258825,0.69258825
1691666375000,0.69258546,0.69258546,0.69258546
1691666376000,0.69257072,0.69257072,0.69257072
1691666377000,0.69257153,0.69257153,0.69257153
1691666378000,0.69257153,0.69257153,0.69257153
1691666379000,0.69257153,0.69257153,0.69257153
1691666380000,0.69247265,0.69247265,0.69247265
1691666381000,0.69247268,0.69247268,0.69247268
1691666382000,0.69247268,0.69247268,0.69247268
1691666383000,0.69247265,0.69247265,0.69247265
1691666384000,0.69247265,0.69247265,0.69247265
1691666385000,0.69245589,0.69245589,0.69245589
1691666386000,0.6925,0.6925,0.6925
1691666387000,0.6925,0.6925,0.6925
1691666388000,0.6925,0.6925,0.6925
1691666389000,0.6925,0.6925,0.6925
1691666390000,0.6925,0.6925,0.6925
1691666391000,0.6926,0.6926,0.6926
1691666392000,0.6926,0.6926,0.6926
1691666393000,0.6926,0.6926,0.6926
1691666394000,0.6926,0.6926,0.6926
1691666395000,0.6926,0.6926,0.6926
1691666396000,0.6926,0.6926,0.6926
1691666397000,0.6926,0.6926,0.6926
1691666398000,0.6926,0.6926,0.6926
1691666399000,0.6925,0.6925,0.6925
1691666400000,0.69245457,0.69245457,0.69245457
1691666401000,0.6924513,0.6924513,0.6924513
1691666402000,0.69245127,0.69245127,0.69245127
1691666403000,0.69245127,0.69245127,0.69245127
1691666404000,0.69245127,0.69245127,0.69245127
1691666405000,0.69243732,0.69243732,0.69243732
1691666406000,0.6924346,0.6924346,0.6924346
1691666407000,0.6924354,0.6924354,0.6924354
1691666408000,0.6925,0.6925,0.6925
1691666409000,0.6925,0.6925,0.6925
1691666410000,0.6925,0.6925,0.6925
1691666411000,0.6926,0.6926,0.6926
1691666412000,0.6926,0.6926,0.6926
1691666413000,0.6926,0.6926,0.6926
1691666414000,0.6926,0.6926,0.6926
1691666415000,0.6927,0.6927,0.6927
1691666416000,0.6927,0.6927,0.6927
1691666417000,0.6927,0.6927,0.6927
1691666418000,0.6927,0.6927,0.6927
1691666419000,0.6927,0.6927,0.6927
1691666420000,0.6927,0.6927,0.6927
1691666421000,0.6927,0.6927,0.6927
1691666422000,0.6927,0.6927,0.6927
1691666423000,0.6926,0.6926,0.6926
1691666424000,0.69319307,0.69319307,0.69319307
1691666425000,0.6932,0.6932,0.6932
1691666426000,0.6932,0.6932,0.6932
1691666427000,0.6932,0.6932,0.6932
1691666428000,0.6932,0.6932,0.6932
1691666429000,0.6933,0.6933,0.6933
1691666430000,0.6933,0.6933,0.6933
1691666431000,0.69303665,0.69303665,0.69303665
1691666432000,0.69303713,0.69303713,0.69303713
1691666433000,0.69303473,0.69303473,0.69303473
1691666434000,0.69303396,0.69303396,0.69303396
1691666435000,0.69303396,0.69303396,0.69303396
1691666436000,0.693,0.693,0.693
1691666437000,0.693,0.693,0.693
1691666438000,0.693,0.693,0.693
1691666439000,0.693,0.693,0.693
1691666440000,0.693,0.693,0.693
1691666441000,0.693,0.693,0.693
1691666442000,0.693,0.693,0.693
1691666443000,0.693,0.693,0.693
1691666444000,0.693,0.693,0.693
1691666445000,0.69296191,0.69296191,0.69296191
1691666446000,0.6929,0.6929,0.6929
1691666447000,0.6929,0.6929,0.6929
1691666448000,0.6929,0.6929,0.6929
1691666449000,0.6929,0.6929,0.6929
1691666450000,0.6929,0.6929,0.6929
1691666451000,0.6929,0.6929,0.6929
1691666452000,0.69270022,0.69270022,0.69270022
1691666453000,0.6927,0.6927,0.6927
1691666454000,0.6927,0.6927,0.6927
1691666455000,0.6927,0.6927,0.6927
1691666456000,0.6927,0.6927,0.6927
1691666457000,0.6927,0.6927,0.6927
1691666458000,0.69267239,0.69267239,0.69267239
1691666459000,0.6927,0.6927,0.6927
1691666460000,0.6927,0.6927,0.6927
1691666461000,0.69262588,0.69262588,0.69262588
1691666462000,0.69262581,0.69262581,0.69262581
1691666463000,0.69262632,0.69262632,0.69262632
1691666464000,0.69262632,0.69262632,0.69262632
1691666465000,0.69264105,0.69264105,0.69264105
1691666466000,0.69264105,0.69264105,0.69264105
1691666467000,0.69263979,0.69263979,0.69263979
1691666468000,0.6927,0.6927,0.6927
1691666469000,0.6927,0.6927,0.6927
1691666470000,0.6928,0.6928,0.6928
1691666471000,0.6928,0.6928,0.6928
1691666472000,0.6928,0.6928,0.6928
1691666473000,0.6931,0.6931,0.6931
1691666474000,0.6931,0.6931,0.6931
1691666475000,0.6931,0.6931,0.6931
1691666476000,0.6931,0.6931,0.6931
1691666477000,0.6931,0.6931,0.6931
1691666478000,0.6931,0.6931,0.6931
1691666479000,0.693,0.693,0.693
1691666480000,0.693,0.693,0.693
1691666481000,0.693,0.693,0.693
1691666482000,0.693,0.693,0.693
1691666483000,0.693,0.693,0.693
1691666484000,0.693,0.693,0.693
1691666485000,0.6931,0.6931,0.6931
1691666486000,0.6931,0.6931,0.6931
1691666487000,0.6931,0.6931,0.6931
1691666488000,0.693,0.693,0.693
1691666489000,0.6931,0.6931,0.6931
1691666490000,0.6931,0.6931,0.6931
1691666491000,0.6931,0.6931,0.6931
1691666492000,0.6931,0.6931,0.6931
1691666493000,0.6931,0.6931,0.6931
1691666494000,0.693,0.693,0.693
1691666495000,0.693,0.693,0.693
1691666496000,0.693,0.693,0.693
1691666497000,0.693,0.693,0.693
1691666498000,0.693,0.693,0.693
1691666499000,0.693,0.693,0.693
1691666500000,0.693,0.693,0.693
1691666501000,0.693,0.693,0.693
1691666502000,0.6931,0.6931,0.6931
1691666503000,0.6931,0.6931,0.6931
1691666504000,0.6931,0.6931,0.6931
1691666505000,0.6931,0.6931,0.6931
1691666506000,0.6931,0.6931,0.6931
1691666507000,0.693,0.693,0.693
1691666508000,0.693,0.693,0.693
1691666509000,0.693,0.693,0.693
1691666510000,0.693,0.693,0.693
1691666511000,0.693,0.693,0.693
1691666512000,0.693,0.693,0.693
1691666513000,0.693,0.693,0.693
1691666514000,0.693,0.693,0.693
1691666515000,0.693,0.693,0.693
1691666516000,0.693,0.693,0.693
1691666517000,0.693,0.693,0.693
1691666518000,0.693,0.693,0.693
1691666519000,0.6931,0.6931,0.6931
1691666520000,0.6931,0.6931,0.6931
1691666521000,0.6931,0.6931,0.6931
1691666522000,0.6931,0.6931,0.6931
1691666523000,0.6931,0.6931,0.6931
1691666524000,0.6931,0.6931,0.6931
1691666525000,0.6931,0.6931,0.6931
1691666526000,0.6931,0.6931,0.6931
1691666527000,0.6931,0.6931,0.6931
1691666528000,0.6931,0.6931,0.6931
1691666529000,0.6931,0.6931,0.6931
1691666530000,0.6931,0.6931,0.6931
1691666531000,0.6931,0.6931,0.6931
1691666532000,0.69309815,0.69309815,0.69309815
1691666533000,0.6931,0.6931,0.6931
1691666534000,0.6931,0.6931,0.6931
1691666535000,0.6931,0.6931,0.6931
1691666536000,0.6931003,0.6931003,0.6931003
1691666537000,0.6931003,0.6931003,0.6931003
1691666538000,0.6931003,0.6931003,0.6931003
1691666539000,0.69312406,0.69312406,0.69312406
1691666540000,0.69312406,0.69312406,0.69312406
1691666541000,0.69312502,0.69312502,0.69312502
1691666542000,0.69312502,0.69312502,0.69312502
1691666543000,0.69312502,0.69312502,0.69312502
1691666544000,0.69312502,0.69312502,0.69312502
1691666545000,0.69312539,0.69312539,0.69312539
1691666546000,0.69312473,0.69312473,0.69312473
1691666547000,0.69312473,0.69312473,0.69312473
1691666548000,0.69307681,0.69307681,0.69307681
1691666549000,0.69307681,0.69307681,0.69307681
1691666550000,0.69307632,0.69307632,0.69307632
1691666551000,0.69307628,0.69307628,0.69307628
1691666552000,0.6931,0.6931,0.6931
1691666553000,0.69307854,0.69307854,0.69307854
1691666554000,0.69307895,0.69307895,0.69307895
1691666555000,0.69307988,0.69307988,0.69307988
1691666556000,0.69307965,0.69307965,0.69307965
1691666557000,0.69308187,0.69308187,0.69308187
1691666558000,0.69308098,0.69308098,0.69308098
1691666559000,0.6931,0.6931,0.6931
1691666560000,0.6931,0.6931,0.6931
1691666561000,0.6931,0.6931,0.6931
1691666562000,0.6931,0.6931,0.6931
1691666563000,0.6932,0.6932,0.6932
1691666564000,0.6931,0.6931,0.6931
1691666565000,0.6931,0.6931,0.6931
1691666566000,0.6931,0.6931,0.6931
1691666567000,0.69313699,0.69313699,0.69313699
1691666568000,0.69313699,0.69313699,0.69313699
1691666569000,0.6931,0.6931,0.6931
1691666570000,0.6932,0.6932,0.6932
1691666571000,0.6932,0.6932,0.6932
1691666572000,0.69314286,0.69314286,0.69314286
1691666573000,0.69314193,0.69314193,0.69314193
1691666574000,0.69314193,0.69314193,0.69314193
1691666575000,0.69314302,0.69314302,0.69314302
1691666576000,0.69314302,0.69314302,0.69314302
1691666577000,0.69314607,0.69314607,0.69314607
1691666578000,0.69314607,0.69314607,0.69314607
1691666579000,0.69314628,0.69314628,0.69314628
1691666580000,0.69314628,0.69314628,0.69314628
1691666581000,0.69314628,0.69314628,0.69314628
1691666582000,0.69314628,0.69314628,0.69314628
1691666583000,0.69314804,0.69314804,0.69314804
1691666584000,0.6931102,0.6931102,0.6931102
1691666585000,0.69310975,0.69310975,0.69310975
1691666586000,0.69310975,0.69310975,0.69310975
1691666587000,0.69310975,0.69310975,0.69310975
1691666588000,0.69311222,0.69311222,0.69311222
1691666589000,0.69311316,0.69311316,0.69311316
1691666590000,0.69311336,0.69311336,0.69311336
1691666591000,0.6932,0.6932,0.6932
1691666592000,0.6932,0.6932,0.6932
1691666593000,0.6932,0.6932,0.6932
1691666594000,0.6932,0.6932,0.6932
1691666595000,0.69311924,0.69311924,0.69311924
1691666596000,0.69311924,0.69311924,0.69311924
1691666597000,0.69311924,0.69311924,0.69311924
1691666598000,0.6932,0.6932,0.6932
1691666599000,0.69311958,0.69311958,0.69311958
1691666600000,0.6932,0.6932,0.6932
1691666601000,0.6931,0.6931,0.6931
1691666602000,0.6931,0.6931,0.6931
1691666603000,0.6932,0.6932,0.6932
1691666604000,0.6932,0.6932,0.6932
1691666605000,0.6932,0.6932,0.6932
1691666606000,0.6932,0.6932,0.6932
1691666607000,0.6932,0.6932,0.6932
1691666608000,0.6932,0.6932,0.6932
1691666609000,0.6932,0.6932,0.6932
1691666610000,0.6932,0.6932,0.6932
1691666611000,0.6932,0.6932,0.6932
1691666612000,0.6932,0.6932,0.6932
1691666613000,0.6932,0.6932,0.6932
1691666614000,0.6932,0.6932,0.6932
1691666615000,0.6932,0.6932,0.6932
1691666616000,0.6932,0.6932,0.6932
1691666617000,0.6932,0.6932,0.6932
1691666618000,0.6932,0.6932,0.6932
1691666619000,0.693124,0.693124,0.693124
1691666620000,0.69310535,0.69310535,0.69310535
1691666621000,0.69310535,0.69310535,0.69310535
1691666622000,0.69310441,0.69310441,0.69310441
1691666623000,0.69310437,0.69310437,0.69310437
1691666624000,0.69310414,0.69310414,0.69310414
1691666625000,0.6931582,0.6931582,0.6931582
1691666626000,0.69315913,0.69315913,0.69315913
1691666627000,0.69315913,0.69315913,0.69315913
1691666628000,0.6931213,0.6931213,0.6931213
1691666629000,0.6932,0.6932,0.6932
1691666630000,0.6932,0.6932,0.6932
1691666631000,0.69317407,0.69317407,0.69317407
1691666632000,0.69317407,0.69317407,0.69317407
1691666633000,0.69317407,0.69317407,0.69317407
1691666634000,0.69317501,0.69317501,0.69317501
1691666635000,0.69317358,0.69317358,0.69317358
1691666636000,0.69319037,0.69319037,0.69319037
1691666637000,0.69319037,0.69319037,0.69319037
1691666638000,0.69319037,0.69319037,0.69319037
1691666639000,0.69317322,0.69317322,0.69317322
1691666640000,0.69311867,0.69311867,0.69311867
1691666641000,0.69311944,0.69311944,0.69311944
1691666642000,0.69311948,0.69311948,0.69311948
1691666643000,0.69311948,0.69311948,0.69311948
1691666644000,0.69311899,0.69311899,0.69311899
1691666645000,0.69311873,0.69311873,0.69311873
1691666646000,0.69311873,0.69311873,0.69311873
1691666647000,0.69317299,0.69317299,0.69317299
1691666648000,0.6932,0.6932,0.6932
1691666649000,0.6932,0.6932,0.6932
1691666650000,0.6932,0.6932,0.6932
1691666651000,0.6932,0.6932,0.6932
1691666652000,0.6932,0.6932,0.6932
1691666653000,0.6932,0.6932,0.6932
1691666654000,0.6932,0.6932,0.6932
1691666655000,0.6932,0.6932,0.6932
1691666656000,0.6932,0.6932,0.6932
1691666657000,0.69318684,0.69318684,0.69318684
1691666658000,0.6932,0.6932,0.6932
1691666659000,0.6932,0.6932,0.6932
1691666660000,0.6932,0.6932,0.6932
1691666661000,0.6932,0.6932,0.6932
1691666662000,0.6932,0.6932,0.6932
1691666663000,0.6932,0.6932,0.6932
1691666664000,0.69319158,0.69319158,0.69319158
1691666665000,0.69319158,0.69319158,0.69319158
1691666666000,0.69319145,0.69319145,0.69319145
1691666667000,0.69319197,0.69319197,0.69319197
1691666668000,0.69319197,0.69319197,0.69319197
1691666669000,0.69319197,0.69319197,0.69319197
1691666670000,0.69319197,0.69319197,0.69319197
1691666671000,0.69319276,0.69319276,0.69319276
1691666672000,0.69313506,0.69313506,0.69313506
1691666673000,0.69313506,0.69313506,0.69313506
1691666674000,0.69313316,0.69313316,0.69313316
1691666675000,0.69313409,0.69313409,0.69313409
1691666676000,0.69313403,0.69313403,0.69313403
1691666677000,0.69313403,0.69313403,0.69313403
1691666678000,0.6932,0.6932,0.6932
1691666679000,0.6932,0.6932,0.6932
1691666680000,0.69313322,0.69313322,0.69313322
1691666681000,0.69313328,0.69313328,0.69313328
1691666682000,0.69313389,0.69313389,0.69313389
1691666683000,0.69313389,0.69313389,0.69313389
1691666684000,0.6932,0.6932,0.6932
1691666685000,0.6932,0.6932,0.6932
1691666686000,0.69313389,0.69313389,0.69313389
1691666687000,0.69312791,0.69312791,0.69312791
1691666688000,0.6931,0.6931,0.6931
1691666689000,0.6931,0.6931,0.6931
1691666690000,0.6932,0.6932,0.6932
1691666691000,0.6932,0.6932,0.6932
1691666692000,0.6932,0.6932,0.6932
1691666693000,0.6932,0.6932,0.6932
1691666694000,0.6932,0.6932,0.6932
1691666695000,0.6933,0.6933,0.6933
1691666696000,0.6933,0.6933,0.6933
1691666697000,0.6933,0.6933,0.6933
1691666698000,0.6933,0.6933,0.6933
1691666699000,0.6933,0.6933,0.6933
1691666700000,0.6933,0.6933,0.6933
1691666701000,0.6932,0.6932,0.6932
1691666702000,0.6932,0.6932,0.6932
1691666703000,0.6932,0.6932,0.6932
1691666704000,0.69311094,0.69311094,0.69311094
1691666705000,0.69311094,0.69311094,0.69311094
1691666706000,0.69311188,0.69311188,0.69311188
1691666707000,0.69311185,0.69311185,0.69311185
1691666708000,0.69310933,0.69310933,0.69310933
1691666709000,0.69310933,0.69310933,0.69310933
1691666710000,0.69316338,0.69316338,0.69316338
1691666711000,0.69316338,0.69316338,0.69316338
1691666712000,0.69316432,0.69316432,0.69316432
1691666713000,0.69316177,0.69316177,0.69316177
1691666714000,0.69310771,0.69310771,0.69310771
1691666715000,0.69310771,0.69310771,0.69310771
1691666716000,0.69310771,0.69310771,0.69310771
1691666717000,0.69310771,0.69310771,0.69310771
1691666718000,0.69321391,0.69321391,0.69321391
1691666719000,0.69323086,0.69323086,0.69323086
1691666720000,0.6933,0.6933,0.6933
1691666721000,0.69323082,0.69323082,0.69323082
1691666722000,0.69323082,0.69323082,0.69323082
1691666723000,0.6932,0.6932,0.6932
1691666724000,0.6932,0.6932,0.6932
1691666725000,0.6932,0.6932,0.6932
1691666726000,0.6932,0.6932,0.6932
1691666727000,0.6932,0.6932,0.6932
1691666728000,0.6932,0.6932,0.6932
1691666729000,0.6933,0.6933,0.6933
1691666730000,0.6933,0.6933,0.6933
1691666731000,0.6933,0.6933,0.6933
1691666732000,0.6932,0.6932,0.6932
1691666733000,0.6932,0.6932,0.6932
1691666734000,0.6932,0.6932,0.6932
1691666735000,0.6932,0.6932,0.6932
1691666736000,0.6932,0.6932,0.6932
1691666737000,0.6931666,0.6931666,0.6931666
1691666738000,0.6932,0.6932,0.6932
1691666739000,0.69317104,0.69317104,0.69317104
1691666740000,0.69316969,0.69316969,0.69316969
1691666741000,0.69316969,0.69316969,0.69316969
1691666742000,0.69316876,0.69316876,0.69316876
1691666743000,0.69316681,0.69316681,0.69316681
1691666744000,0.69316745,0.69316745,0.69316745
1691666745000,0.69316507,0.69316507,0.69316507
1691666746000,0.69316507,0.69316507,0.69316507
1691666747000,0.69316507,0.69316507,0.69316507
1691666748000,0.69316604,0.69316604,0.69316604
1691666749000,0.6931649,0.6931649,0.6931649
1691666750000,0.69311076,0.69311076,0.69311076
1691666751000,0.69311076,0.69311076,0.69311076
1691666752000,0.69311076,0.69311076,0.69311076
1691666753000,0.69311073,0.69311073,0.69311073
1691666754000,0.6930911,0.6930911,0.6930911
1691666755000,0.69314519,0.69314519,0.69314519
1691666756000,0.69314519,0.69314519,0.69314519
1691666757000,0.69320015,0.69320015,0.69320015
1691666758000,0.69319921,0.69319921,0.69319921
1691666759000,0.69320245,0.69320245,0.69320245
1691666760000,0.69320245,0.69320245,0.69320245
1691666761000,0.69320249,0.69320249,0.69320249
1691666762000,0.69320249,0.69320249,0.69320249
1691666763000,0.6933,0.6933,0.6933
1691666764000,0.69320325,0.69320325,0.69320325
1691666765000,0.69320576,0.69320576,0.69320576
1691666766000,0.69320576,0.69320576,0.69320576
1691666767000,0.6933,0.6933,0.6933
1691666768000,0.69325457,0.69325457,0.69325457
1691666769000,0.69325457,0.69325457,0.69325457
1691666770000,0.69320101,0.69320101,0.69320101
1691666771000,0.69320198,0.69320198,0.69320198
1691666772000,0.69320194,0.69320194,0.69320194
1691666773000,0.69320194,0.69320194,0.69320194
1691666774000,0.69320215,0.69320215,0.69320215
1691666775000,0.69320069,0.69320069,0.69320069
1691666776000,0.69320069,0.69320069,0.69320069
1691666777000,0.69320069,0.69320069,0.69320069
1691666778000,0.69320069,0.69320069,0.69320069
1691666779000,0.69320098,0.69320098,0.69320098
1691666780000,0.6932,0.6932,0.6932
1691666781000,0.6932,0.6932,0.6932
1691666782000,0.69319769,0.69319769,0.69319769
1691666783000,0.69319863,0.69319863,0.69319863
1691666784000,0.69319863,0.69319863,0.69319863
1691666785000,0.69319358,0.69319358,0.69319358
1691666786000,0.69319354,0.69319354,0.69319354
1691666787000,0.69319358,0.69319358,0.69319358
1691666788000,0.6932,0.6932,0.6932
1691666789000,0.6932,0.6932,0.6932
1691666790000,0.6932,0.6932,0.6932
1691666791000,0.69320998,0.69320998,0.69320998
1691666792000,0.69320998,0.69320998,0.69320998
1691666793000,0.69321002,0.69321002,0.69321002
1691666794000,0.69321002,0.69321002,0.69321002
1691666795000,0.69316826,0.69316826,0.69316826
1691666796000,0.69316429,0.69316429,0.69316429
1691666797000,0.69316335,0.69316335,0.69316335
1691666798000,0.6932,0.6932,0.6932
1691666799000,0.69316335,0.69316335,0.69316335
1691666800000,0.6932,0.6932,0.6932
1691666801000,0.6932,0.6932,0.6932
1691666802000,0.6931623,0.6931623,0.6931623
1691666803000,0.6932,0.6932,0.6932
1691666804000,0.69310821,0.69310821,0.69310821
1691666805000,0.69310821,0.69310821,0.69310821
1691666806000,0.69310768,0.69310768,0.69310768
1691666807000,0.69310865,0.69310865,0.69310865
1691666808000,0.69315648,0.69315648,0.69315648
1691666809000,0.69315648,0.69315648,0.69315648
1691666810000,0.69315397,0.69315397,0.69315397
1691666811000,0.6931049,0.6931049,0.6931049
1691666812000,0.6931049,0.6931049,0.6931049
1691666813000,0.69310486,0.69310486,0.69310486
1691666814000,0.69310486,0.69310486,0.69310486
1691666815000,0.6931032,0.6931032,0.6931032
1691666816000,0.69309828,0.69309828,0.69309828
1691666817000,0.69309828,0.69309828,0.69309828
1691666818000,0.69309832,0.69309832,0.69309832
1691666819000,0.69309925,0.69309925,0.69309925
1691666820000,0.69304398,0.69304398,0.69304398
1691666821000,0.69304274,0.69304274,0.69304274
1691666822000,0.6934,0.6934,0.6934
1691666823000,0.6933,0.6933,0.6933
1691666824000,0.6933,0.6933,0.6933
1691666825000,0.6933,0.6933,0.6933
1691666826000,0.6933,0.6933,0.6933
1691666827000,0.6933,0.6933,0.6933
1691666828000,0.6933,0.6933,0.6933
1691666829000,0.6933,0.6933,0.6933
1691666830000,0.6933,0.6933,0.6933
1691666831000,0.6933,0.6933,0.6933
1691666832000,0.6933,0.6933,0.6933
1691666833000,0.6933,0.6933,0.6933
1691666834000,0.6934,0.6934,0.6934
1691666835000,0.6934,0.6934,0.6934
1691666836000,0.6933,0.6933,0.6933
1691666837000,0.6932992,0.6932992,0.6932992
1691666838000,0.69331542,0.69331542,0.69331542
1691666839000,0.69325997,0.69325997,0.69325997
1691666840000,0.69325997,0.69325997,0.69325997
1691666841000,0.69322738,0.69322738,0.69322738
1691666842000,0.69311896,0.69311896,0.69311896
1691666843000,0.69310181,0.69310181,0.69310181
1691666844000,0.69310181,0.69310181,0.69310181
1691666845000,0.69310181,0.69310181,0.69310181
1691666846000,0.69309711,0.69309711,0.69309711
1691666847000,0.69309611,0.69309611,0.69309611
1691666848000,0.69304205,0.69304205,0.69304205
1691666849000,0.69304112,0.69304112,0.69304112
1691666850000,0.69304112,0.69304112,0.69304112
1691666851000,0.69304108,0.69304108,0.69304108
1691666852000,0.69304108,0.69304108,0.69304108
1691666853000,0.69304122,0.69304122,0.69304122
1691666854000,0.69304122,0.69304122,0.69304122
1691666855000,0.69304118,0.69304118,0.69304118
1691666856000,0.69302509,0.69302509,0.69302509
1691666857000,0.69302509,0.69302509,0.69302509
1691666858000,0.69302426,0.69302426,0.69302426
1691666859000,0.69302336,0.69302336,0.69302336
1691666860000,0.69302332,0.69302332,0.69302332
1691666861000,0.69302117,0.69302117,0.69302117
1691666862000,0.69301978,0.69301978,0.69301978
1691666863000,0.69301756,0.69301756,0.69301756
1691666864000,0.69301756,0.69301756,0.69301756
1691666865000,0.6930176,0.6930176,0.6930176
1691666866000,0.69301756,0.69301756,0.69301756
1691666867000,0.69301748,0.69301748,0.69301748
1691666868000,0.69301369,0.69301369,0.69301369
1691666869000,0.69301369,0.69301369,0.69301369
1691666870000,0.69301369,0.69301369,0.69301369
1691666871000,0.69301373,0.69301373,0.69301373
1691666872000,0.69301223,0.69301223,0.69301223
1691666873000,0.69301006,0.69301006,0.69301006
1691666874000,0.69306509,0.69306509,0.69306509
1691666875000,0.69306509,0.69306509,0.69306509
1691666876000,0.69306505,0.69306505,0.69306505
1691666877000,0.6931,0.6931,0.6931
1691666878000,0.6931,0.6931,0.6931
1691666879000,0.6931,0.6931,0.6931
1691666880000,0.6931,0.6931,0.6931
1691666881000,0.6931,0.6931,0.6931
1691666882000,0.6931,0.6931,0.6931
1691666883000,0.6931,0.6931,0.6931
1691666884000,0.69309748,0.69309748,0.69309748
1691666885000,0.69309744,0.69309744,0.69309744
1691666886000,0.6931,0.6931,0.6931
1691666887000,0.69315275,0.69315275,0.69315275
1691666888000,0.69315275,0.69315275,0.69315275
1691666889000,0.69315013,0.69315013,0.69315013
1691666890000,0.69315017,0.69315017,0.69315017
1691666891000,0.69315017,0.69315017,0.69315017
1691666892000,0.6931509,0.6931509,0.6931509
1691666893000,0.6931509,0.6931509,0.6931509
1691666894000,0.69314739,0.69314739,0.69314739
1691666895000,0.69314833,0.69314833,0.69314833
1691666896000,0.69314833,0.69314833,0.69314833
1691666897000,0.69309427,0.69309427,0.69309427
1691666898000,0.6931,0.6931,0.6931
1691666899000,0.6931,0.6931,0.6931
1691666900000,0.6931,0.6931,0.6931
1691666901000,0.69314585,0.69314585,0.69314585
1691666902000,0.69314491,0.69314491,0.69314491
1691666903000,0.69314556,0.69314556,0.69314556
1691666904000,0.69314556,0.69314556,0.69314556
1691666905000,0.693144,0.693144,0.693144
1691666906000,0.693144,0.693144,0.693144
1691666907000,0.693144,0.693144,0.693144
1691666908000,0.69314152,0.69314152,0.69314152
1691666909000,0.69314152,0.69314152,0.69314152
1691666910000,0.69313646,0.69313646,0.69313646
1691666911000,0.69313646,0.69313646,0.69313646
1691666912000,0.6931374,0.6931374,0.6931374
1691666913000,0.69313898,0.69313898,0.69313898
1691666914000,0.69313898,0.69313898,0.69313898
1691666915000,0.69313649,0.69313649,0.69313649
1691666916000,0.69313649,0.69313649,0.69313649
1691666917000,0.69313649,0.69313649,0.69313649
1691666918000,0.69313576,0.69313576,0.69313576
1691666919000,0.69313576,0.69313576,0.69313576
1691666920000,0.6931316,0.6931316,0.6931316
1691666921000,0.69313062,0.69313062,0.69313062
1691666922000,0.69313066,0.69313066,0.69313066
1691666923000,0.69313066,0.69313066,0.69313066
1691666924000,0.69313095,0.69313095,0.69313095
1691666925000,0.69312984,0.69312984,0.69312984
1691666926000,0.69312984,0.69312984,0.69312984
1691666927000,0.69312984,0.69312984,0.69312984
1691666928000,0.69312984,0.69312984,0.69312984
1691666929000,0.69313049,0.69313049,0.69313049
1691666930000,0.69311404,0.69311404,0.69311404
1691666931000,0.69311404,0.69311404,0.69311404
1691666932000,0.69311404,0.69311404,0.69311404
1691666933000,0.69311498,0.69311498,0.69311498
1691666934000,0.69311526,0.69311526,0.69311526
1691666935000,0.6931,0.6931,0.6931
1691666936000,0.69309736,0.69309736,0.69309736
1691666937000,0.69309736,0.69309736,0.69309736
1691666938000,0.69309671,0.69309671,0.69309671
1691666939000,0.69309671,0.69309671,0.69309671
1691666940000,0.69309671,0.69309671,0.69309671
1691666941000,0.69309463,0.69309463,0.69309463
1691666942000,0.69309463,0.69309463,0.69309463
1691666943000,0.69309479,0.69309479,0.69309479
1691666944000,0.69309475,0.69309475,0.69309475
1691666945000,0.69309475,0.69309475,0.69309475
1691666946000,0.69309272,0.69309272,0.69309272
1691666947000,0.69309276,0.69309276,0.69309276
1691666948000,0.6931,0.6931,0.6931
1691666949000,0.6931,0.6931,0.6931
1691666950000,0.69309292,0.69309292,0.69309292
1691666951000,0.69309047,0.69309047,0.69309047
1691666952000,0.69309047,0.69309047,0.69309047
1691666953000,0.69309047,0.69309047,0.69309047
1691666954000,0.6931,0.6931,0.6931
1691666955000,0.693091,0.693091,0.693091
1691666956000,0.6931,0.6931,0.6931
1691666957000,0.6931,0.6931,0.6931
1691666958000,0.6931,0.6931,0.6931
1691666959000,0.6931,0.6931,0.6931
1691666960000,0.69303419,0.69303419,0.69303419
1691666961000,0.69303461,0.69303461,0.69303461
1691666962000,0.69303466,0.69303466,0.69303466
1691666963000,0.69308868,0.69308868,0.69308868
1691666964000,0.6930899,0.6930899,0.6930899
1691666965000,0.69308993,0.69308993,0.69308993
1691666966000,0.6930899,0.6930899,0.6930899
1691666967000,0.69308996,0.69308996,0.69308996
1691666968000,0.69308996,0.69308996,0.69308996
1691666969000,0.6931,0.6931,0.6931
1691666970000,0.6931,0.6931,0.6931
1691666971000,0.6931,0.6931,0.6931
1691666972000,0.69308994,0.69308994,0.69308994
1691666973000,0.69308855,0.69308855,0.69308855
1691666974000,0.6931,0.6931,0.6931
1691666975000,0.69308773,0.69308773,0.69308773
1691666976000,0.69308773,0.69308773,0.69308773
1691666977000,0.69308762,0.69308762,0.69308762
1691666978000,0.6931,0.6931,0.6931
1691666979000,0.6931,0.6931,0.6931
1691666980000,0.6931,0.6931,0.6931
1691666981000,0.6931,0.6931,0.6931
1691666982000,0.6931,0.6931,0.6931
1691666983000,0.6931,0.6931,0.6931
1691666984000,0.69303326,0.69303326,0.69303326
1691666985000,0.6930333,0.6930333,0.6930333
1691666986000,0.69303326,0.69303326,0.69303326
1691666987000,0.69303326,0.69303326,0.69303326
1691666988000,0.69303068,0.69303068,0.69303068
1691666989000,0.69303068,0.69303068,0.69303068
1691666990000,0.69302955,0.69302955,0.69302955
1691666991000,0.69302951,0.69302951,0.69302951
1691666992000,0.6931,0.6931,0.6931
1691666993000,0.6931,0.6931,0.6931
1691666994000,0.6931,0.6931,0.6931
1691666995000,0.6931,0.6931,0.6931
1691666996000,0.69302629,0.69302629,0.69302629
1691666997000,0.6931,0.6931,0.6931
1691666998000,0.6931,0.6931,0.6931
1691666999000,0.6931,0.6931,0.6931
1691667000000,0.6931,0.6931,0.6931
1691667001000,0.6931,0.6931,0.6931
1691667002000,0.6931,0.6931,0.6931
1691667003000,0.69302956,0.69302956,0.69302956
1691667004000,0.6931,0.6931,0.6931
1691667005000,0.69310157,0.69310157,0.69310157
1691667006000,0.69310157,0.69310157,0.69310157
1691667007000,0.6931,0.6931,0.6931
1691667008000,0.6931,0.6931,0.6931
1691667009000,0.6931,0.6931,0.6931
1691667010000,0.6931,0.6931,0.6931
1691667011000,0.6931,0.6931,0.6931
1691667012000,0.69307545,0.69307545,0.69307545
1691667013000,0.69308352,0.69308352,0.69308352
1691667014000,0.69308376,0.69308376,0.69308376
1691667015000,0.69308429,0.69308429,0.69308429
1691667016000,0.6931,0.6931,0.6931
1691667017000,0.69308433,0.69308433,0.69308433
1691667018000,0.69306717,0.69306717,0.69306717
1691667019000,0.6933,0.6933,0.6933
1691667020000,0.6932,0.6932,0.6932
1691667021000,0.6932,0.6932,0.6932
1691667022000,0.6932,0.6932,0.6932
1691667023000,0.69320936,0.69320936,0.69320936
1691667024000,0.6933,0.6933,0.6933
1691667025000,0.6933,0.6933,0.6933
1691667026000,0.6933,0.6933,0.6933
1691667027000,0.6933,0.6933,0.6933
1691667028000,0.6934,0.6934,0.6934
1691667029000,0.6934,0.6934,0.6934
1691667030000,0.6934,0.6934,0.6934
1691667031000,0.6933,0.6933,0.6933
1691667032000,0.6934,0.6934,0.6934
1691667033000,0.6933,0.6933,0.6933
1691667034000,0.69325327,0.69325327,0.69325327
1691667035000,0.6932,0.6932,0.6932
1691667036000,0.6932,0.6932,0.6932
1691667037000,0.6933,0.6933,0.6933
1691667038000,0.6933,0.6933,0.6933
1691667039000,0.6932,0.6932,0.6932
1691667040000,0.6933,0.6933,0.6933
1691667041000,0.6933,0.6933,0.6933
1691667042000,0.6933,0.6933,0.6933
1691667043000,0.6933,0.6933,0.6933
1691667044000,0.6933,0.6933,0.6933
1691667045000,0.6933,0.6933,0.6933
1691667046000,0.6933,0.6933,0.6933
1691667047000,0.6933,0.6933,0.6933
1691667048000,0.6933,0.6933,0.6933
1691667049000,0.6933,0.6933,0.6933
1691667050000,0.6933,0.6933,0.6933
1691667051000,0.6933,0.6933,0.6933
1691667052000,0.6933,0.6933,0.6933
1691667053000,0.6933,0.6933,0.6933
1691667054000,0.6933,0.6933,0.6933
1691667055000,0.6933,0.6933,0.6933
1691667056000,0.6933,0.6933,0.6933
1691667057000,0.6933,0.6933,0.6933
1691667058000,0.6933,0.6933,0.6933
1691667059000,0.6933,0.6933,0.6933
1691667060000,0.6932,0.6932,0.6932
1691667061000,0.6932,0.6932,0.6932
1691667062000,0.6932,0.6932,0.6932
1691667063000,0.69317588,0.69317588,0.69317588
1691667064000,0.69317588,0.69317588,0.69317588
1691667065000,0.69317356,0.69317356,0.69317356
1691667066000,0.69317262,0.69317262,0.69317262
1691667067000,0.6931736,0.6931736,0.6931736
1691667068000,0.69317266,0.69317266,0.69317266
1691667069000,0.69317262,0.69317262,0.69317262
1691667070000,0.69317266,0.69317266,0.69317266
1691667071000,0.69316995,0.69316995,0.69316995
1691667072000,0.6932,0.6932,0.6932
1691667073000,0.6932,0.6932,0.6932
1691667074000,0.6931,0.6931,0.6931
1691667075000,0.693,0.693,0.693
1691667076000,0.69298969,0.69298969,0.69298969
1691667077000,0.69294271,0.69294271,0.69294271
1691667078000,0.69294271,0.69294271,0.69294271
1691667079000,0.69294275,0.69294275,0.69294275
1691667080000,0.69294275,0.69294275,0.69294275
1691667081000,0.69293902,0.69293902,0.69293902
1691667082000,0.69293882,0.69293882,0.69293882
1691667083000,0.69293882,0.69293882,0.69293882
1691667084000,0.69293886,0.69293886,0.69293886
1691667085000,0.6929,0.6929,0.6929
1691667086000,0.69292005,0.69292005,0.69292005
1691667087000,0.6929,0.6929,0.6929
1691667088000,0.6929,0.6929,0.6929
1691667089000,0.69291924,0.69291924,0.69291924
1691667090000,0.69292017,0.69292017,0.69292017
1691667091000,0.69291684,0.69291684,0.69291684
1691667092000,0.69291416,0.69291416,0.69291416
1691667093000,0.69291416,0.69291416,0.69291416
1691667094000,0.69291416,0.69291416,0.69291416
1691667095000,0.69291416,0.69291416,0.69291416
1691667096000,0.69286011,0.69286011,0.69286011
1691667097000,0.69285898,0.69285898,0.69285898
1691667098000,0.69285858,0.69285858,0.69285858
1691667099000,0.69285858,0.69285858,0.69285858
1691667100000,0.69285768,0.69285768,0.69285768
1691667101000,0.69285858,0.69285858,0.69285858
1691667102000,0.69285412,0.69285412,0.69285412
1691667103000,0.69285291,0.69285291,0.69285291
1691667104000,0.69285291,0.69285291,0.69285291
1691667105000,0.69283669,0.69283669,0.69283669
1691667106000,0.69283673,0.69283673,0.69283673
1691667107000,0.69283368,0.69283368,0.69283368
1691667108000,0.69283364,0.69283364,0.69283364
1691667109000,0.69283364,0.69283364,0.69283364
1691667110000,0.69287054,0.69287054,0.69287054
1691667111000,0.69287054,0.69287054,0.69287054
1691667112000,0.69286895,0.69286895,0.69286895
1691667113000,0.69286777,0.69286777,0.69286777
1691667114000,0.69286777,0.69286777,0.69286777
1691667115000,0.69286777,0.69286777,0.69286777
1691667116000,0.69286777,0.69286777,0.69286777
1691667117000,0.69286701,0.69286701,0.69286701
1691667118000,0.69286559,0.69286559,0.69286559
1691667119000,0.69286559,0.69286559,0.69286559
1691667120000,0.69286559,0.69286559,0.69286559
1691667121000,0.69286657,0.69286657,0.69286657
1691667122000,0.69286489,0.69286489,0.69286489
1691667123000,0.6929,0.6929,0.6929
1691667124000,0.6929266,0.6929266,0.6929266
1691667125000,0.6929266,0.6929266,0.6929266
1691667126000,0.6929266,0.6929266,0.6929266
1691667127000,0.69297968,0.69297968,0.69297968
1691667128000,0.693,0.693,0.693
1691667129000,0.693,0.693,0.693
1691667130000,0.69297882,0.69297882,0.69297882
1691667131000,0.6929798,0.6929798,0.6929798
1691667132000,0.69297882,0.69297882,0.69297882
1691667133000,0.69297849,0.69297849,0.69297849
1691667134000,0.69297849,0.69297849,0.69297849
1691667135000,0.69296729,0.69296729,0.69296729
1691667136000,0.69296729,0.69296729,0.69296729
1691667137000,0.69296729,0.69296729,0.69296729
1691667138000,0.69296351,0.69296351,0.69296351
1691667139000,0.69297977,0.69297977,0.69297977
1691667140000,0.693,0.693,0.693
1691667141000,0.693,0.693,0.693
1691667142000,0.693,0.693,0.693
1691667143000,0.693,0.693,0.693
1691667144000,0.693,0.693,0.693
1691667145000,0.693,0.693,0.693
1691667146000,0.693,0.693,0.693
1691667147000,0.693,0.693,0.693
1691667148000,0.69292706,0.69292706,0.69292706
1691667149000,0.69292706,0.69292706,0.69292706
1691667150000,0.6929,0.6929,0.6929
1691667151000,0.6929,0.6929,0.6929
1691667152000,0.6929,0.6929,0.6929
1691667153000,0.6929,0.6929,0.6929
1691667154000,0.6929,0.6929,0.6929
1691667155000,0.6929,0.6929,0.6929
1691667156000,0.6929,0.6929,0.6929
1691667157000,0.6929,0.6929,0.6929
1691667158000,0.69286845,0.69286845,0.69286845
1691667159000,0.69286782,0.69286782,0.69286782
1691667160000,0.69286774,0.69286774,0.69286774
1691667161000,0.69286778,0.69286778,0.69286778
1691667162000,0.69286681,0.69286681,0.69286681
1691667163000,0.6928,0.6928,0.6928
1691667164000,0.6928,0.6928,0.6928
1691667165000,0.69265768,0.69265768,0.69265768
1691667166000,0.69264957,0.69264957,0.69264957
1691667167000,0.69264957,0.69264957,0.69264957
1691667168000,0.69264957,0.69264957,0.69264957
1691667169000,0.69243067,0.69243067,0.69243067
1691667170000,0.69242477,0.69242477,0.69242477
1691667171000,0.69242477,0.69242477,0.69242477
1691667172000,0.6924257,0.6924257,0.6924257
1691667173000,0.69242477,0.69242477,0.69242477
1691667174000,0.69242158,0.69242158,0.69242158
1691667175000,0.6924,0.6924,0.6924
1691667176000,0.6924,0.6924,0.6924
1691667177000,0.6924,0.6924,0.6924
1691667178000,0.6924,0.6924,0.6924
1691667179000,0.6924,0.6924,0.6924
1691667180000,0.6924,0.6924,0.6924
1691667181000,0.6924,0.6924,0.6924
1691667182000,0.6924,0.6924,0.6924
1691667183000,0.6924,0.6924,0.6924
1691667184000,0.69237164,0.69237164,0.69237164
1691667185000,0.69237105,0.69237105,0.69237105
1691667186000,0.69237105,0.69237105,0.69237105
1691667187000,0.69231695,0.69231695,0.69231695
1691667188000,0.69231602,0.69231602,0.69231602
1691667189000,0.69231379,0.69231379,0.69231379
1691667190000,0.6923,0.6923,0.6923
1691667191000,0.69229497,0.69229497,0.69229497
1691667192000,0.6923,0.6923,0.6923
1691667193000,0.69229493,0.69229493,0.69229493
1691667194000,0.69229493,0.69229493,0.69229493
1691667195000,0.69229292,0.69229292,0.69229292
1691667196000,0.69226142,0.69226142,0.69226142
1691667197000,0.69226146,0.69226146,0.69226146
1691667198000,0.69226146,0.69226146,0.69226146
1691667199000,0.69226146,0.69226146,0.69226146
1691667200000,0.69225952,0.69225952,0.69225952
1691667201000,0.69225949,0.69225949,0.69225949
1691667202000,0.6923,0.6923,0.6923
1691667203000,0.6923,0.6923,0.6923
1691667204000,0.6923,0.6923,0.6923
1691667205000,0.6923,0.6923,0.6923
1691667206000,0.6923,0.6923,0.6923
1691667207000,0.6923,0.6923,0.6923
1691667208000,0.6923,0.6923,0.6923
1691667209000,0.6922791,0.6922791,0.6922791
1691667210000,0.69227768,0.69227768,0.69227768
1691667211000,0.69228037,0.69228037,0.69228037
1691667212000,0.69228034,0.69228034,0.69228034
1691667213000,0.69228034,0.69228034,0.69228034
1691667214000,0.69228037,0.69228037,0.69228037
1691667215000,0.6922792,0.6922792,0.6922792
1691667216000,0.69227906,0.69227906,0.69227906
1691667217000,0.6923,0.6923,0.6923
1691667218000,0.69227906,0.69227906,0.69227906
1691667219000,0.6922791,0.6922791,0.6922791
1691667220000,0.69227987,0.69227987,0.69227987
1691667221000,0.6922797,0.6922797,0.6922797
1691667222000,0.6922797,0.6922797,0.6922797
1691667223000,0.69227966,0.69227966,0.69227966
1691667224000,0.69227966,0.69227966,0.69227966
1691667225000,0.69227966,0.69227966,0.69227966
1691667226000,0.69227856,0.69227856,0.69227856
1691667227000,0.69227762,0.69227762,0.69227762
1691667228000,0.69227762,0.69227762,0.69227762
1691667229000,0.69227766,0.69227766,0.69227766
1691667230000,0.69227766,0.69227766,0.69227766
1691667231000,0.69227694,0.69227694,0.69227694
1691667232000,0.69227694,0.69227694,0.69227694
1691667233000,0.69220569,0.69220569,0.69220569
1691667234000,0.69220569,0.69220569,0.69220569
1691667235000,0.69220531,0.69220531,0.69220531
1691667236000,0.69220305,0.69220305,0.69220305
1691667237000,0.69220025,0.69220025,0.69220025
1691667238000,0.69220025,0.69220025,0.69220025
1691667239000,0.69219936,0.69219936,0.69219936
1691667240000,0.69219936,0.69219936,0.69219936
1691667241000,0.69215157,0.69215157,0.69215157
1691667242000,0.69209477,0.69209477,0.69209477
1691667243000,0.69209477,0.69209477,0.69209477
1691667244000,0.69209477,0.69209477,0.69209477
1691667245000,0.69209435,0.69209435,0.69209435
1691667246000,0.69209435,0.69209435,0.69209435
1691667247000,0.69208546,0.69208546,0.69208546
1691667248000,0.69204716,0.69204716,0.69204716
1691667249000,0.69204716,0.69204716,0.69204716
1691667250000,0.69203943,0.69203943,0.69203943
1691667251000,0.69203943,0.69203943,0.69203943
1691667252000,0.69203667,0.69203667,0.69203667
1691667253000,0.69203636,0.69203636,0.69203636
1691667254000,0.6921,0.6921,0.6921
1691667255000,0.69203632,0.69203632,0.69203632
1691667256000,0.69203555,0.69203555,0.69203555
1691667257000,0.69203537,0.69203537,0.69203537
1691667258000,0.69203537,0.69203537,0.69203537
1691667259000,0.69203537,0.69203537,0.69203537
1691667260000,0.6921,0.6921,0.6921
1691667261000,0.69203631,0.69203631,0.69203631
1691667262000,0.69203691,0.69203691,0.69203691
1691667263000,0.6921,0.6921,0.6921
1691667264000,0.6921,0.6921,0.6921
1691667265000,0.69207279,0.69207279,0.69207279
1691667266000,0.69207279,0.69207279,0.69207279
1691667267000,0.69207113,0.69207113,0.69207113
1691667268000,0.69206964,0.69206964,0.69206964
1691667269000,0.69206871,0.69206871,0.69206871
1691667270000,0.69206871,0.69206871,0.69206871
1691667271000,0.69206867,0.69206867,0.69206867
1691667272000,0.69206867,0.69206867,0.69206867
1691667273000,0.69206623,0.69206623,0.69206623
1691667274000,0.69206623,0.69206623,0.69206623
1691667275000,0.69206623,0.69206623,0.69206623
1691667276000,0.6921,0.6921,0.6921
1691667277000,0.69206546,0.69206546,0.69206546
1691667278000,0.69206469,0.69206469,0.69206469
1691667279000,0.6921,0.6921,0.6921
1691667280000,0.6921,0.6921,0.6921
1691667281000,0.6922,0.6922,0.6922
1691667282000,0.6922,0.6922,0.6922
1691667283000,0.6921,0.6921,0.6921
1691667284000,0.6922,0.6922,0.6922
1691667285000,0.69248166,0.69248166,0.69248166
1691667286000,0.6925,0.6925,0.6925
1691667287000,0.6925,0.6925,0.6925
1691667288000,0.6926,0.6926,0.6926
1691667289000,0.6926,0.6926,0.6926
1691667290000,0.6925,0.6925,0.6925
1691667291000,0.6925,0.6925,0.6925
1691667292000,0.6925,0.6925,0.6925
1691667293000,0.6925,0.6925,0.6925
1691667294000,0.6925,0.6925,0.6925
1691667295000,0.6925,0.6925,0.6925
1691667296000,0.6925,0.6925,0.6925
1691667297000,0.69240478,0.69240478,0.69240478
1691667298000,0.69240385,0.69240385,0.69240385
1691667299000,0.6925,0.6925,0.6925
1691667300000,0.69240415,0.69240415,0.69240415
1691667301000,0.69240415,0.69240415,0.69240415
1691667302000,0.69240483,0.69240483,0.69240483
1691667303000,0.6925,0.6925,0.6925
1691667304000,0.6925,0.6925,0.6925
1691667305000,0.6924043,0.6924043,0.6924043
1691667306000,0.6923489,0.6923489,0.6923489
1691667307000,0.6923457,0.6923457,0.6923457
1691667308000,0.69234574,0.69234574,0.69234574
1691667309000,0.6923432,0.6923432,0.6923432
1691667310000,0.6923432,0.6923432,0.6923432
1691667311000,0.69234324,0.69234324,0.69234324
1691667312000,0.69234405,0.69234405,0.69234405
1691667313000,0.69234498,0.69234498,0.69234498
1691667314000,0.6923,0.6923,0.6923
1691667315000,0.69228809,0.69228809,0.69228809
1691667316000,0.69228809,0.69228809,0.69228809
1691667317000,0.6922,0.6922,0.6922
1691667318000,0.69218615,0.69218615,0.69218615
1691667319000,0.69218311,0.69218311,0.69218311
1691667320000,0.69218123,0.69218123,0.69218123
1691667321000,0.69218123,0.69218123,0.69218123
1691667322000,0.69218123,0.69218123,0.69218123
1691667323000,0.69206546,0.69206546,0.69206546
1691667324000,0.69201144,0.69201144,0.69201144
1691667325000,0.69200688,0.69200688,0.69200688
1691667326000,0.69200692,0.69200692,0.69200692
1691667327000,0.69200692,0.69200692,0.69200692
1691667328000,0.6921,0.6921,0.6921
1691667329000,0.6920072,0.6920072,0.6920072
1691667330000,0.69200364,0.69200364,0.69200364
1691667331000,0.6921,0.6921,0.6921
1691667332000,0.6921,0.6921,0.6921
1691667333000,0.692,0.692,0.692
1691667334000,0.69199738,0.69199738,0.69199738
1691667335000,0.69199557,0.69199557,0.69199557
1691667336000,0.69199428,0.69199428,0.69199428
1691667337000,0.6922,0.6922,0.6922
1691667338000,0.6922,0.6922,0.6922
1691667339000,0.6921,0.6921,0.6921
1691667340000,0.6921,0.6921,0.6921
1691667341000,0.6921,0.6921,0.6921
1691667342000,0.6921,0.6921,0.6921
1691667343000,0.6921,0.6921,0.6921
1691667344000,0.692,0.692,0.692
1691667345000,0.692,0.692,0.692
1691667346000,0.692,0.692,0.692
1691667347000,0.692,0.692,0.692
1691667348000,0.69197301,0.69197301,0.69197301
1691667349000,0.69197029,0.69197029,0.69197029
1691667350000,0.69202528,0.69202528,0.69202528
1691667351000,0.69202175,0.69202175,0.69202175
1691667352000,0.69202175,0.69202175,0.69202175
1691667353000,0.69202159,0.69202159,0.69202159
1691667354000,0.69202249,0.69202249,0.69202249
1691667355000,0.69202249,0.69202249,0.69202249
1691667356000,0.69201905,0.69201905,0.69201905
1691667357000,0.69201905,0.69201905,0.69201905
1691667358000,0.69203527,0.69203527,0.69203527
1691667359000,0.69203515,0.69203515,0.69203515
1691667360000,0.69198016,0.69198016,0.69198016
1691667361000,0.6921,0.6921,0.6921
1691667362000,0.6921,0.6921,0.6921
1691667363000,0.6921,0.6921,0.6921
1691667364000,0.6919,0.6919,0.6919
1691667365000,0.692,0.692,0.692
1691667366000,0.692,0.692,0.692
1691667367000,0.692,0.692,0.692
1691667368000,0.692,0.692,0.692
1691667369000,0.6919,0.6919,0.6919
1691667370000,0.6919,0.6919,0.6919
1691667371000,0.6919,0.6919,0.6919
1691667372000,0.6919,0.6919,0.6919
1691667373000,0.6919,0.6919,0.6919
1691667374000,0.6919,0.6919,0.6919
1691667375000,0.6919,0.6919,0.6919
1691667376000,0.6919,0.6919,0.6919
1691667377000,0.6919,0.6919,0.6919
1691667378000,0.6919,0.6919,0.6919
1691667379000,0.692,0.692,0.692
1691667380000,0.692,0.692,0.692
1691667381000,0.692,0.692,0.692
1691667382000,0.6919,0.6919,0.6919
1691667383000,0.6918,0.6918,0.6918
1691667384000,0.6918,0.6918,0.6918
1691667385000,0.6917069,0.6917069,0.6917069
1691667386000,0.69170693,0.69170693,0.69170693
1691667387000,0.69170717,0.69170717,0.69170717
1691667388000,0.6918,0.6918,0.6918
1691667389000,0.6918,0.6918,0.6918
1691667390000,0.6918,0.6918,0.6918
1691667391000,0.69170713,0.69170713,0.69170713
1691667392000,0.6917,0.6917,0.6917
1691667393000,0.69162318,0.69162318,0.69162318
1691667394000,0.69162322,0.69162322,0.69162322
1691667395000,0.69162322,0.69162322,0.69162322
1691667396000,0.6916,0.6916,0.6916
1691667397000,0.6916,0.6916,0.6916
1691667398000,0.6916,0.6916,0.6916
1691667399000,0.6916,0.6916,0.6916
1691667400000,0.6917,0.6917,0.6917
1691667401000,0.6916,0.6916,0.6916
1691667402000,0.6916,0.6916,0.6916
1691667403000,0.6916,0.6916,0.6916
1691667404000,0.69154531,0.69154531,0.69154531
1691667405000,0.6915,0.6915,0.6915
1691667406000,0.69141963,0.69141963,0.69141963
1691667407000,0.6915,0.6915,0.6915
1691667408000,0.6913868,0.6913868,0.6913868
1691667409000,0.6913,0.6913,0.6913
1691667410000,0.69117409,0.69117409,0.69117409
1691667411000,0.6911,0.6911,0.6911
1691667412000,0.69114702,0.69114702,0.69114702
1691667413000,0.6913,0.6913,0.6913
1691667414000,0.6912,0.6912,0.6912
1691667415000,0.6912,0.6912,0.6912
1691667416000,0.6913,0.6913,0.6913
1691667417000,0.6912,0.6912,0.6912
1691667418000,0.6912,0.6912,0.6912
1691667419000,0.6912,0.6912,0.6912
1691667420000,0.6912,0.6912,0.6912
1691667421000,0.6912,0.6912,0.6912
1691667422000,0.6913,0.6913,0.6913
1691667423000,0.6913,0.6913,0.6913
1691667424000,0.6912,0.6912,0.6912
1691667425000,0.6912,0.6912,0.6912
1691667426000,0.6912,0.6912,0.6912
1691667427000,0.69116343,0.69116343,0.69116343
1691667428000,0.69116343,0.69116343,0.69116343
1691667429000,0.6912,0.6912,0.6912
1691667430000,0.6912,0.6912,0.6912
1691667431000,0.6913,0.6913,0.6913
1691667432000,0.6912,0.6912,0.6912
1691667433000,0.6913,0.6913,0.6913
1691667434000,0.6913,0.6913,0.6913
1691667435000,0.6913,0.6913,0.6913
1691667436000,0.6913,0.6913,0.6913
1691667437000,0.6913,0.6913,0.6913
1691667438000,0.6913,0.6913,0.6913
1691667439000,0.6912,0.6912,0.6912
1691667440000,0.6912,0.6912,0.6912
1691667441000,0.6912,0.6912,0.6912
1691667442000,0.6912,0.6912,0.6912
1691667443000,0.6912,0.6912,0.6912
1691667444000,0.6912,0.6912,0.6912
1691667445000,0.6912,0.6912,0.6912
1691667446000,0.6913,0.6913,0.6913
1691667447000,0.69110707,0.69110707,0.69110707
1691667448000,0.69110704,0.69110704,0.69110704
1691667449000,0.6912,0.6912,0.6912
1691667450000,0.6912,0.6912,0.6912
1691667451000,0.6913,0.6913,0.6913
1691667452000,0.6912,0.6912,0.6912
1691667453000,0.6912,0.6912,0.6912
1691667454000,0.6912,0.6912,0.6912
1691667455000,0.6912,0.6912,0.6912
1691667456000,0.6912,0.6912,0.6912
1691667457000,0.6913,0.6913,0.6913
1691667458000,0.6913,0.6913,0.6913
1691667459000,0.6913,0.6913,0.6913
1691667460000,0.6912,0.6912,0.6912
1691667461000,0.6911,0.6911,0.6911
1691667462000,0.6911,0.6911,0.6911
1691667463000,0.6911,0.6911,0.6911
1691667464000,0.6911,0.6911,0.6911
1691667465000,0.6911,0.6911,0.6911
1691667466000,0.6911,0.6911,0.6911
1691667467000,0.6911,0.6911,0.6911
1691667468000,0.69103027,0.69103027,0.69103027
1691667469000,0.69103027,0.69103027,0.69103027
1691667470000,0.6911,0.6911,0.6911
1691667471000,0.6911,0.6911,0.6911
1691667472000,0.69103079,0.69103079,0.69103079
1691667473000,0.69103079,0.69103079,0.69103079
1691667474000,0.6911,0.6911,0.6911
1691667475000,0.6911,0.6911,0.6911
1691667476000,0.6911,0.6911,0.6911
1691667477000,0.6911,0.6911,0.6911
1691667478000,0.6911,0.6911,0.6911
1691667479000,0.6911,0.6911,0.6911
1691667480000,0.6911,0.6911,0.6911
1691667481000,0.69103313,0.69103313,0.69103313
1691667482000,0.691,0.691,0.691
1691667483000,0.69097838,0.69097838,0.69097838
1691667484000,0.691,0.691,0.691
1691667485000,0.691,0.691,0.691
1691667486000,0.691,0.691,0.691
1691667487000,0.69095879,0.69095879,0.69095879
1691667488000,0.69095883,0.69095883,0.69095883
1691667489000,0.69095879,0.69095879,0.69095879
1691667490000,0.691,0.691,0.691
1691667491000,0.6911,0.6911,0.6911
1691667492000,0.6911,0.6911,0.6911
1691667493000,0.6912,0.6912,0.6912
1691667494000,0.6912,0.6912,0.6912
1691667495000,0.6912,0.6912,0.6912
1691667496000,0.6911,0.6911,0.6911
1691667497000,0.69107572,0.69107572,0.69107572
1691667498000,0.69107572,0.69107572,0.69107572
1691667499000,0.69102166,0.69102166,0.69102166
1691667500000,0.691,0.691,0.691
1691667501000,0.691,0.691,0.691
1691667502000,0.691,0.691,0.691
1691667503000,0.6911,0.6911,0.6911
1691667504000,0.6911,0.6911,0.6911
1691667505000,0.6912,0.6912,0.6912
1691667506000,0.6912,0.6912,0.6912
1691667507000,0.6912,0.6912,0.6912
1691667508000,0.6914,0.6914,0.6914
1691667509000,0.6915,0.6915,0.6915
1691667510000,0.6915,0.6915,0.6915
1691667511000,0.6915,0.6915,0.6915
1691667512000,0.6915,0.6915,0.6915
1691667513000,0.6915,0.6915,0.6915
1691667514000,0.6914,0.6914,0.6914
1691667515000,0.6914,0.6914,0.6914
1691667516000,0.6914,0.6914,0.6914
1691667517000,0.6914,0.6914,0.6914
1691667518000,0.6915,0.6915,0.6915
1691667519000,0.69166748,0.69166748,0.69166748
1691667520000,0.6917,0.6917,0.6917
1691667521000,0.6917,0.6917,0.6917
1691667522000,0.6917,0.6917,0.6917
1691667523000,0.6917,0.6917,0.6917
1691667524000,0.6917,0.6917,0.6917
1691667525000,0.6917,0.6917,0.6917
1691667526000,0.6918,0.6918,0.6918
1691667527000,0.6919,0.6919,0.6919
1691667528000,0.692,0.692,0.692
1691667529000,0.692,0.692,0.692
1691667530000,0.692,0.692,0.692
1691667531000,0.6919,0.6919,0.6919
1691667532000,0.6919,0.6919,0.6919
1691667533000,0.6919,0.6919,0.6919
1691667534000,0.6918,0.6918,0.6918
1691667535000,0.6918,0.6918,0.6918
1691667536000,0.6918,0.6918,0.6918
1691667537000,0.6918,0.6918,0.6918
1691667538000,0.6918,0.6918,0.6918
1691667539000,0.6918,0.6918,0.6918
1691667540000,0.69173805,0.69173805,0.69173805
1691667541000,0.69173805,0.69173805,0.69173805
1691667542000,0.69173801,0.69173801,0.69173801
1691667543000,0.69174058,0.69174058,0.69174058
1691667544000,0.69173974,0.69173974,0.69173974
1691667545000,0.69173978,0.69173978,0.69173978
1691667546000,0.69174058,0.69174058,0.69174058
1691667547000,0.69174058,0.69174058,0.69174058
1691667548000,0.69174541,0.69174541,0.69174541
1691667549000,0.69174541,0.69174541,0.69174541
1691667550000,0.69174538,0.69174538,0.69174538
1691667551000,0.69174538,0.69174538,0.69174538
1691667552000,0.69174538,0.69174538,0.69174538
1691667553000,0.69174562,0.69174562,0.69174562
1691667554000,0.69174642,0.69174642,0.69174642
1691667555000,0.69174645,0.69174645,0.69174645
1691667556000,0.69175343,0.69175343,0.69175343
1691667557000,0.6917534,0.6917534,0.6917534
1691667558000,0.6917534,0.6917534,0.6917534
1691667559000,0.69175458,0.69175458,0.69175458
1691667560000,0.69170807,0.69170807,0.69170807
1691667561000,0.69170807,0.69170807,0.69170807
1691667562000,0.69170807,0.69170807,0.69170807
1691667563000,0.6918,0.6918,0.6918
1691667564000,0.6918,0.6918,0.6918
1691667565000,0.6918,0.6918,0.6918
1691667566000,0.6918,0.6918,0.6918
1691667567000,0.6918,0.6918,0.6918
1691667568000,0.6918,0.6918,0.6918
1691667569000,0.6918,0.6918,0.6918
1691667570000,0.6919,0.6919,0.6919
1691667571000,0.6919,0.6919,0.6919
1691667572000,0.6919,0.6919,0.6919
1691667573000,0.6919,0.6919,0.6919
1691667574000,0.6919,0.6919,0.6919
1691667575000,0.6919,0.6919,0.6919
1691667576000,0.692,0.692,0.692
1691667577000,0.692,0.692,0.692
1691667578000,0.692,0.692,0.692
1691667579000,0.692,0.692,0.692
1691667580000,0.692,0.692,0.692
1691667581000,0.692,0.692,0.692
1691667582000,0.692,0.692,0.692
1691667583000,0.692,0.692,0.692
1691667584000,0.692,0.692,0.692
1691667585000,0.692,0.692,0.692
1691667586000,0.692,0.692,0.692
1691667587000,0.692,0.692,0.692
1691667588000,0.692,0.692,0.692
1691667589000,0.692,0.692,0.692
1691667590000,0.692,0.692,0.692
1691667591000,0.692,0.692,0.692
1691667592000,0.692,0.692,0.692
1691667593000,0.6919,0.6919,0.6919
1691667594000,0.69182493,0.69182493,0.69182493
1691667595000,0.69182581,0.69182581,0.69182581
1691667596000,0.69182697,0.69182697,0.69182697
1691667597000,0.69182701,0.69182701,0.69182701
1691667598000,0.69182701,0.69182701,0.69182701
1691667599000,0.69182676,0.69182676,0.69182676
1691667600000,0.6918268,0.6918268,0.6918268
1691667601000,0.6918,0.6918,0.6918
1691667602000,0.6919,0.6919,0.6919
1691667603000,0.692,0.692,0.692
1691667604000,0.6919,0.6919,0.6919
1691667605000,0.692,0.692,0.692
1691667606000,0.692,0.692,0.692
1691667607000,0.692,0.692,0.692
1691667608000,0.692,0.692,0.692
1691667609000,0.692,0.692,0.692
1691667610000,0.6918,0.6918,0.6918
1691667611000,0.6918,0.6918,0.6918
1691667612000,0.6918,0.6918,0.6918
1691667613000,0.6918,0.6918,0.6918
1691667614000,0.6918,0.6918,0.6918
1691667615000,0.6918,0.6918,0.6918
1691667616000,0.6918,0.6918,0.6918
1691667617000,0.6919,0.6919,0.6919
1691667618000,0.6919,0.6919,0.6919
1691667619000,0.6918,0.6918,0.6918
1691667620000,0.69182205,0.69182205,0.69182205
1691667621000,0.69182668,0.69182668,0.69182668
1691667622000,0.69182668,0.69182668,0.69182668
1691667623000,0.69182671,0.69182671,0.69182671
1691667624000,0.69182671,0.69182671,0.69182671
1691667625000,0.69179182,0.69179182,0.69179182
1691667626000,0.6917,0.6917,0.6917
1691667627000,0.691635,0.691635,0.691635
1691667628000,0.69163577,0.69163577,0.69163577
1691667629000,0.6917,0.6917,0.6917
1691667630000,0.6917,0.6917,0.6917
1691667631000,0.6917,0.6917,0.6917
1691667632000,0.6917,0.6917,0.6917
1691667633000,0.69164877,0.69164877,0.69164877
1691667634000,0.69169528,0.69169528,0.69169528
1691667635000,0.69169402,0.69169402,0.69169402
1691667636000,0.69169583,0.69169583,0.69169583
1691667637000,0.69169583,0.69169583,0.69169583
1691667638000,0.69169583,0.69169583,0.69169583
1691667639000,0.69164928,0.69164928,0.69164928
1691667640000,0.69164928,0.69164928,0.69164928
1691667641000,0.69162287,0.69162287,0.69162287
1691667642000,0.69162342,0.69162342,0.69162342
1691667643000,0.6917,0.6917,0.6917
1691667644000,0.6917,0.6917,0.6917
1691667645000,0.6917,0.6917,0.6917
1691667646000,0.6917,0.6917,0.6917
1691667647000,0.6917,0.6917,0.6917
1691667648000,0.6917,0.6917,0.6917
1691667649000,0.6917,0.6917,0.6917
1691667650000,0.6917,0.6917,0.6917
1691667651000,0.6917,0.6917,0.6917
1691667652000,0.6917,0.6917,0.6917
1691667653000,0.6917,0.6917,0.6917
1691667654000,0.6917,0.6917,0.6917
1691667655000,0.6917,0.6917,0.6917
1691667656000,0.691674,0.691674,0.691674
1691667657000,0.69154995,0.69154995,0.69154995
1691667658000,0.69154995,0.69154995,0.69154995
1691667659000,0.69154995,0.69154995,0.69154995
1691667660000,0.69154995,0.69154995,0.69154995
1691667661000,0.6915222,0.6915222,0.6915222
1691667662000,0.6915206,0.6915206,0.6915206
1691667663000,0.69152063,0.69152063,0.69152063
1691667664000,0.69152063,0.69152063,0.69152063
1691667665000,0.6915183,0.6915183,0.6915183
1691667666000,0.69151816,0.69151816,0.69151816
1691667667000,0.69151816,0.69151816,0.69151816
1691667668000,0.69151444,0.69151444,0.69151444
1691667669000,0.6914679,0.6914679,0.6914679
1691667670000,0.6914679,0.6914679,0.6914679
1691667671000,0.69146709,0.69146709,0.69146709
1691667672000,0.69146709,0.69146709,0.69146709
1691667673000,0.69146409,0.69146409,0.69146409
1691667674000,0.6915,0.6915,0.6915
1691667675000,0.6915,0.6915,0.6915
1691667676000,0.6915,0.6915,0.6915
1691667677000,0.6915,0.6915,0.6915
1691667678000,0.6915,0.6915,0.6915
1691667679000,0.6915,0.6915,0.6915
1691667680000,0.6915,0.6915,0.6915
1691667681000,0.6916,0.6916,0.6916
1691667682000,0.6916,0.6916,0.6916
1691667683000,0.6915,0.6915,0.6915
1691667684000,0.6916,0.6916,0.6916
1691667685000,0.6916,0.6916,0.6916
1691667686000,0.6916,0.6916,0.6916
1691667687000,0.6916,0.6916,0.6916
1691667688000,0.6916,0.6916,0.6916
1691667689000,0.6916,0.6916,0.6916
1691667690000,0.6916,0.6916,0.6916
1691667691000,0.6916,0.6916,0.6916
1691667692000,0.6916,0.6916,0.6916
1691667693000,0.69161014,0.69161014,0.69161014
1691667694000,0.69161346,0.69161346,0.69161346
1691667695000,0.69161346,0.69161346,0.69161346
1691667696000,0.6916,0.6916,0.6916
1691667697000,0.6916136,0.6916136,0.6916136
1691667698000,0.69161279,0.69161279,0.69161279
1691667699000,0.69153733,0.69153733,0.69153733
1691667700000,0.69153737,0.69153737,0.69153737
1691667701000,0.69149082,0.69149082,0.69149082
1691667702000,0.69148709,0.69148709,0.69148709
1691667703000,0.69148793,0.69148793,0.69148793
1691667704000,0.69143759,0.69143759,0.69143759
1691667705000,0.69148406,0.69148406,0.69148406
1691667706000,0.69148406,0.69148406,0.69148406
1691667707000,0.69149758,0.69149758,0.69149758
1691667708000,0.69149835,0.69149835,0.69149835
1691667709000,0.69149935,0.69149935,0.69149935
1691667710000,0.6915,0.6915,0.6915
1691667711000,0.69149938,0.69149938,0.69149938
1691667712000,0.69149833,0.69149833,0.69149833
1691667713000,0.69149833,0.69149833,0.69149833
1691667714000,0.69145637,0.69145637,0.69145637
1691667715000,0.69145637,0.69145637,0.69145637
1691667716000,0.69145637,0.69145637,0.69145637
1691667717000,0.69145612,0.69145612,0.69145612
1691667718000,0.69145693,0.69145693,0.69145693
1691667719000,0.69145427,0.69145427,0.69145427
1691667720000,0.69145427,0.69145427,0.69145427
1691667721000,0.6916,0.6916,0.6916
1691667722000,0.6916,0.6916,0.6916
1691667723000,0.6916,0.6916,0.6916
1691667724000,0.6916,0.6916,0.6916
1691667725000,0.6916,0.6916,0.6916
1691667726000,0.6915,0.6915,0.6915
1691667727000,0.6915,0.6915,0.6915
1691667728000,0.6915,0.6915,0.6915
1691667729000,0.6915,0.6915,0.6915
1691667730000,0.6915,0.6915,0.6915
1691667731000,0.6915,0.6915,0.6915
1691667732000,0.6915,0.6915,0.6915
1691667733000,0.6915,0.6915,0.6915
1691667734000,0.6916,0.6916,0.6916
1691667735000,0.6916,0.6916,0.6916
1691667736000,0.6915,0.6915,0.6915
1691667737000,0.6915,0.6915,0.6915
1691667738000,0.6915,0.6915,0.6915
1691667739000,0.6915,0.6915,0.6915
1691667740000,0.6915,0.6915,0.6915
1691667741000,0.6915,0.6915,0.6915
1691667742000,0.6915,0.6915,0.6915
1691667743000,0.6915,0.6915,0.6915
1691667744000,0.69146227,0.69146227,0.69146227
1691667745000,0.69141475,0.69141475,0.69141475
1691667746000,0.69146046,0.69146046,0.69146046
1691667747000,0.69146123,0.69146123,0.69146123
1691667748000,0.69141458,0.69141458,0.69141458
1691667749000,0.69141461,0.69141461,0.69141461
1691667750000,0.69141261,0.69141261,0.69141261
1691667751000,0.69141152,0.69141152,0.69141152
1691667752000,0.69141152,0.69141152,0.69141152
1691667753000,0.69140724,0.69140724,0.69140724
1691667754000,0.69140727,0.69140727,0.69140727
1691667755000,0.69140724,0.69140724,0.69140724
1691667756000,0.69134865,0.69134865,0.69134865
1691667757000,0.69134829,0.69134829,0.69134829
1691667758000,0.69134829,0.69134829,0.69134829
1691667759000,0.69138208,0.69138208,0.69138208
1691667760000,0.69137943,0.69137943,0.69137943
1691667761000,0.6913765,0.6913765,0.6913765
1691667762000,0.69137647,0.69137647,0.69137647
1691667763000,0.69137668,0.69137668,0.69137668
1691667764000,0.69137668,0.69137668,0.69137668
1691667765000,0.69137668,0.69137668,0.69137668
1691667766000,0.69136294,0.69136294,0.69136294
1691667767000,0.69136294,0.69136294,0.69136294
1691667768000,0.69136294,0.69136294,0.69136294
1691667769000,0.69135267,0.69135267,0.69135267
1691667770000,0.69135267,0.69135267,0.69135267
1691667771000,0.69134592,0.69134592,0.69134592
1691667772000,0.69134366,0.69134366,0.69134366
1691667773000,0.69134108,0.69134108,0.69134108
1691667774000,0.69129481,0.69129481,0.69129481
1691667775000,0.69129481,0.69129481,0.69129481
1691667776000,0.69129485,0.69129485,0.69129485
1691667777000,0.69129174,0.69129174,0.69129174
1691667778000,0.69127126,0.69127126,0.69127126
1691667779000,0.69127126,0.69127126,0.69127126
1691667780000,0.69118748,0.69118748,0.69118748
1691667781000,0.69118748,0.69118748,0.69118748
1691667782000,0.6911929,0.6911929,0.6911929
1691667783000,0.69119293,0.69119293,0.69119293
1691667784000,0.69119293,0.69119293,0.69119293
1691667785000,0.69119126,0.69119126,0.69119126
1691667786000,0.69119126,0.69119126,0.69119126
1691667787000,0.69119004,0.69119004,0.69119004
1691667788000,0.69119008,0.69119008,0.69119008
1691667789000,0.69119008,0.69119008,0.69119008
1691667790000,0.69119039,0.69119039,0.69119039
1691667791000,0.69104152,0.69104152,0.69104152
1691667792000,0.69103862,0.69103862,0.69103862
1691667793000,0.69103862,0.69103862,0.69103862
1691667794000,0.69103862,0.69103862,0.69103862
1691667795000,0.69103942,0.69103942,0.69103942
1691667796000,0.6910859,0.6910859,0.6910859
1691667797000,0.69108407,0.69108407,0.69108407
1691667798000,0.69108407,0.69108407,0.69108407
1691667799000,0.69108327,0.69108327,0.69108327
1691667800000,0.69108324,0.69108324,0.69108324
1691667801000,0.69108324,0.69108324,0.69108324
1691667802000,0.69108324,0.69108324,0.69108324
1691667803000,0.69108049,0.69108049,0.69108049
1691667804000,0.69108049,0.69108049,0.69108049
1691667805000,0.69108049,0.69108049,0.69108049
1691667806000,0.69103401,0.69103401,0.69103401
1691667807000,0.69103398,0.69103398,0.69103398
1691667808000,0.69103218,0.69103218,0.69103218
1691667809000,0.69103218,0.69103218,0.69103218
1691667810000,0.6911,0.6911,0.6911
1691667811000,0.6911,0.6911,0.6911
1691667812000,0.6911,0.6911,0.6911
1691667813000,0.6911,0.6911,0.6911
1691667814000,0.6911,0.6911,0.6911
1691667815000,0.6911,0.6911,0.6911
1691667816000,0.69103795,0.69103795,0.69103795
1691667817000,0.6911,0.6911,0.6911
1691667818000,0.69108113,0.69108113,0.69108113
1691667819000,0.6911,0.6911,0.6911
1691667820000,0.69092868,0.69092868,0.69092868
1691667821000,0.69087462,0.69087462,0.69087462
1691667822000,0.69087462,0.69087462,0.69087462
1691667823000,0.69083658,0.69083658,0.69083658
1691667824000,0.6909,0.6909,0.6909
1691667825000,0.6909,0.6909,0.6909
1691667826000,0.6909,0.6909,0.6909
1691667827000,0.6909,0.6909,0.6909
1691667828000,0.69083432,0.69083432,0.69083432
1691667829000,0.69083436,0.69083436,0.69083436
1691667830000,0.69083436,0.69083436,0.69083436
1691667831000,0.69083428,0.69083428,0.69083428
1691667832000,0.69083339,0.69083339,0.69083339
1691667833000,0.69079485,0.69079485,0.69079485
1691667834000,0.69073271,0.69073271,0.69073271
1691667835000,0.69077845,0.69077845,0.69077845
1691667836000,0.6908,0.6908,0.6908
1691667837000,0.6908,0.6908,0.6908
1691667838000,0.69073194,0.69073194,0.69073194
1691667839000,0.6908,0.6908,0.6908
1691667840000,0.6908,0.6908,0.6908
1691667841000,0.6908,0.6908,0.6908
1691667842000,0.6908,0.6908,0.6908
1691667843000,0.6908,0.6908,0.6908
1691667844000,0.6908,0.6908,0.6908
1691667845000,0.6908,0.6908,0.6908
1691667846000,0.6908,0.6908,0.6908
1691667847000,0.6908,0.6908,0.6908
1691667848000,0.6908,0.6908,0.6908
1691667849000,0.6908,0.6908,0.6908
1691667850000,0.6908,0.6908,0.6908
1691667851000,0.6908,0.6908,0.6908
1691667852000,0.6908,0.6908,0.6908
1691667853000,0.6908,0.6908,0.6908
1691667854000,0.6907,0.6907,0.6907
1691667855000,0.69073502,0.69073502,0.69073502
1691667856000,0.69073498,0.69073498,0.69073498
1691667857000,0.69073502,0.69073502,0.69073502
1691667858000,0.69073502,0.69073502,0.69073502
1691667859000,0.69073502,0.69073502,0.69073502
1691667860000,0.69073514,0.69073514,0.69073514
1691667861000,0.6907351,0.6907351,0.6907351
1691667862000,0.6907351,0.6907351,0.6907351
1691667863000,0.6908,0.6908,0.6908
1691667864000,0.69073514,0.69073514,0.69073514
1691667865000,0.6907346,0.6907346,0.6907346
1691667866000,0.6908,0.6908,0.6908
1691667867000,0.6907346,0.6907346,0.6907346
1691667868000,0.6907346,0.6907346,0.6907346
1691667869000,0.6907,0.6907,0.6907
1691667870000,0.6907,0.6907,0.6907
1691667871000,0.6907,0.6907,0.6907
1691667872000,0.6907,0.6907,0.6907
1691667873000,0.69068756,0.69068756,0.69068756
1691667874000,0.69068753,0.69068753,0.69068753
1691667875000,0.69068444,0.69068444,0.69068444
1691667876000,0.6907,0.6907,0.6907
1691667877000,0.6907,0.6907,0.6907
1691667878000,0.6907,0.6907,0.6907
1691667879000,0.6907,0.6907,0.6907
1691667880000,0.6907,0.6907,0.6907
1691667881000,0.6907,0.6907,0.6907
1691667882000,0.6908,0.6908,0.6908
1691667883000,0.6908,0.6908,0.6908
1691667884000,0.6908,0.6908,0.6908
1691667885000,0.6908,0.6908,0.6908
1691667886000,0.6908,0.6908,0.6908
1691667887000,0.6908,0.6908,0.6908
1691667888000,0.6908,0.6908,0.6908
1691667889000,0.6908,0.6908,0.6908
1691667890000,0.69071899,0.69071899,0.69071899
1691667891000,0.69071847,0.69071847,0.69071847
1691667892000,0.69071847,0.69071847,0.69071847
1691667893000,0.69071153,0.69071153,0.69071153
1691667894000,0.69071153,0.69071153,0.69071153
1691667895000,0.69071149,0.69071149,0.69071149
1691667896000,0.69071099,0.69071099,0.69071099
1691667897000,0.6907567,0.6907567,0.6907567
1691667898000,0.6907567,0.6907567,0.6907567
1691667899000,0.691,0.691,0.691
1691667900000,0.691,0.691,0.691
1691667901000,0.691,0.691,0.691
1691667902000,0.691,0.691,0.691
1691667903000,0.6911,0.6911,0.6911
1691667904000,0.6911,0.6911,0.6911
1691667905000,0.69090195,0.69090195,0.69090195
1691667906000,0.6911,0.6911,0.6911
1691667907000,0.6911,0.6911,0.6911
1691667908000,0.691,0.691,0.691
1691667909000,0.6911,0.6911,0.6911
1691667910000,0.6911,0.6911,0.6911
1691667911000,0.6911,0.6911,0.6911
1691667912000,0.6911,0.6911,0.6911
1691667913000,0.691,0.691,0.691
1691667914000,0.691,0.691,0.691
1691667915000,0.6911,0.6911,0.6911
1691667916000,0.6911,0.6911,0.6911
1691667917000,0.6911,0.6911,0.6911
1691667918000,0.6911,0.6911,0.6911
1691667919000,0.6911,0.6911,0.6911
1691667920000,0.691,0.691,0.691
1691667921000,0.691,0.691,0.691
1691667922000,0.691,0.691,0.691
1691667923000,0.691,0.691,0.691
1691667924000,0.691,0.691,0.691
1691667925000,0.691,0.691,0.691
1691667926000,0.691,0.691,0.691
1691667927000,0.691,0.691,0.691
1691667928000,0.691,0.691,0.691
1691667929000,0.691,0.691,0.691
1691667930000,0.691,0.691,0.691
1691667931000,0.691,0.691,0.691
1691667932000,0.6911,0.6911,0.6911
1691667933000,0.6911,0.6911,0.6911
1691667934000,0.6911,0.6911,0.6911
1691667935000,0.6911,0.6911,0.6911
1691667936000,0.6911,0.6911,0.6911
1691667937000,0.691,0.691,0.691
1691667938000,0.691,0.691,0.691
1691667939000,0.691,0.691,0.691
1691667940000,0.691,0.691,0.691
1691667941000,0.691,0.691,0.691
1691667942000,0.691,0.691,0.691
1691667943000,0.691,0.691,0.691
1691667944000,0.6911,0.6911,0.6911
1691667945000,0.691,0.691,0.691
1691667946000,0.691,0.691,0.691
1691667947000,0.691,0.691,0.691
1691667948000,0.691,0.691,0.691
1691667949000,0.691,0.691,0.691
1691667950000,0.6911,0.6911,0.6911
1691667951000,0.6911,0.6911,0.6911
1691667952000,0.6911,0.6911,0.6911
1691667953000,0.6911,0.6911,0.6911
1691667954000,0.691,0.691,0.691
1691667955000,0.691,0.691,0.691
1691667956000,0.691,0.691,0.691
1691667957000,0.691,0.691,0.691
1691667958000,0.691,0.691,0.691
1691667959000,0.691,0.691,0.691
1691667960000,0.691,0.691,0.691
1691667961000,0.691,0.691,0.691
1691667962000,0.6911,0.6911,0.6911
1691667963000,0.6911,0.6911,0.6911
1691667964000,0.6911,0.6911,0.6911
1691667965000,0.6911,0.6911,0.6911
1691667966000,0.6912,0.6912,0.6912
1691667967000,0.6912,0.6912,0.6912
1691667968000,0.6912,0.6912,0.6912
1691667969000,0.6913,0.6913,0.6913
1691667970000,0.6913,0.6913,0.6913
1691667971000,0.6913,0.6913,0.6913
1691667972000,0.6914,0.6914,0.6914
1691667973000,0.6914,0.6914,0.6914
1691667974000,0.6914,0.6914,0.6914
1691667975000,0.6914,0.6914,0.6914
1691667976000,0.69140529,0.69140529,0.69140529
1691667977000,0.6914,0.6914,0.6914
1691667978000,0.6914,0.6914,0.6914
1691667979000,0.6914,0.6914,0.6914
1691667980000,0.69141648,0.69141648,0.69141648
1691667981000,0.6913,0.6913,0.6913
1691667982000,0.6913,0.6913,0.6913
1691667983000,0.6913,0.6913,0.6913
1691667984000,0.6913,0.6913,0.6913
1691667985000,0.6914,0.6914,0.6914
1691667986000,0.6914,0.6914,0.6914
1691667987000,0.6914,0.6914,0.6914
1691667988000,0.6914,0.6914,0.6914
1691667989000,0.6914,0.6914,0.6914
1691667990000,0.6914,0.6914,0.6914
1691667991000,0.6914,0.6914,0.6914
1691667992000,0.6914,0.6914,0.6914
1691667993000,0.6914,0.6914,0.6914
1691667994000,0.6914,0.6914,0.6914
1691667995000,0.6914,0.6914,0.6914
1691667996000,0.6914,0.6914,0.6914
1691667997000,0.6914,0.6914,0.6914
1691667998000,0.6914,0.6914,0.6914
1691667999000,0.6915,0.6915,0.6915
1691668000000,0.6915,0.6915,0.6915
1691668001000,0.6915,0.6915,0.6915
1691668002000,0.6915,0.6915,0.6915
1691668003000,0.6915,0.6915,0.6915
1691668004000,0.6915,0.6915,0.6915
1691668005000,0.6915,0.6915,0.6915
1691668006000,0.6915,0.6915,0.6915
1691668007000,0.6915,0.6915,0.6915
1691668008000,0.6915,0.6915,0.6915
1691668009000,0.6914,0.6914,0.6914
1691668010000,0.6914,0.6914,0.6914
1691668011000,0.6914,0.6914,0.6914
1691668012000,0.6914,0.6914,0.6914
1691668013000,0.6914,0.6914,0.6914
1691668014000,0.6915,0.6915,0.6915
1691668015000,0.6914,0.6914,0.6914
1691668016000,0.6916,0.6916,0.6916
1691668017000,0.6916,0.6916,0.6916
1691668018000,0.6916,0.6916,0.6916
1691668019000,0.6916,0.6916,0.6916
1691668020000,0.6916,0.6916,0.6916
1691668021000,0.6916,0.6916,0.6916
1691668022000,0.6916,0.6916,0.6916
1691668023000,0.69155765,0.69155765,0.69155765
1691668024000,0.69155894,0.69155894,0.69155894
1691668025000,0.69155893,0.69155893,0.69155893
1691668026000,0.6916,0.6916,0.6916
1691668027000,0.6915,0.6915,0.6915
1691668028000,0.6915,0.6915,0.6915
1691668029000,0.6915,0.6915,0.6915
1691668030000,0.6915,0.6915,0.6915
1691668031000,0.6916,0.6916,0.6916
1691668032000,0.6916,0.6916,0.6916
1691668033000,0.6916,0.6916,0.6916
1691668034000,0.6916,0.6916,0.6916
1691668035000,0.6916,0.6916,0.6916
1691668036000,0.6916,0.6916,0.6916
1691668037000,0.69164023,0.69164023,0.69164023
1691668038000,0.6916,0.6916,0.6916
1691668039000,0.6916,0.6916,0.6916
1691668040000,0.6916,0.6916,0.6916
1691668041000,0.6917,0.6917,0.6917
1691668042000,0.6917,0.6917,0.6917
1691668043000,0.6917,0.6917,0.6917
1691668044000,0.6917,0.6917,0.6917
1691668045000,0.6917,0.6917,0.6917
1691668046000,0.6916,0.6916,0.6916
1691668047000,0.6916,0.6916,0.6916
1691668048000,0.6916,0.6916,0.6916
1691668049000,0.6916,0.6916,0.6916
1691668050000,0.6916,0.6916,0.6916
1691668051000,0.6916,0.6916,0.6916
1691668052000,0.6916,0.6916,0.6916
1691668053000,0.6916,0.6916,0.6916
1691668054000,0.6916,0.6916,0.6916
1691668055000,0.6916,0.6916,0.6916
1691668056000,0.6916,0.6916,0.6916
1691668057000,0.6916,0.6916,0.6916
1691668058000,0.6916,0.6916,0.6916
1691668059000,0.6916,0.6916,0.6916
1691668060000,0.6915,0.6915,0.6915
1691668061000,0.6915,0.6915,0.6915
1691668062000,0.6915,0.6915,0.6915
1691668063000,0.6915,0.6915,0.6915
1691668064000,0.6915,0.6915,0.6915
1691668065000,0.6915,0.6915,0.6915
1691668066000,0.6916,0.6916,0.6916
1691668067000,0.6916,0.6916,0.6916
1691668068000,0.6916,0.6916,0.6916
1691668069000,0.6915,0.6915,0.6915
1691668070000,0.6915,0.6915,0.6915
1691668071000,0.6915,0.6915,0.6915
1691668072000,0.6915,0.6915,0.6915
1691668073000,0.6915,0.6915,0.6915
1691668074000,0.6915,0.6915,0.6915
1691668075000,0.69146454,0.69146454,0.69146454
1691668076000,0.691418,0.691418,0.691418
1691668077000,0.69142157,0.69142157,0.69142157
1691668078000,0.69142157,0.69142157,0.69142157
1691668079000,0.69142238,0.69142238,0.69142238
1691668080000,0.69142238,0.69142238,0.69142238
1691668081000,0.6915,0.6915,0.6915
1691668082000,0.6915,0.6915,0.6915
1691668083000,0.69147234,0.69147234,0.69147234
1691668084000,0.69147234,0.69147234,0.69147234
1691668085000,0.69147234,0.69147234,0.69147234
1691668086000,0.69147234,0.69147234,0.69147234
1691668087000,0.69142583,0.69142583,0.69142583
1691668088000,0.6914294,0.6914294,0.6914294
1691668089000,0.6914302,0.6914302,0.6914302
1691668090000,0.6915,0.6915,0.6915
1691668091000,0.6915,0.6915,0.6915
1691668092000,0.69142943,0.69142943,0.69142943
1691668093000,0.69148192,0.69148192,0.69148192
1691668094000,0.6916,0.6916,0.6916
1691668095000,0.6916,0.6916,0.6916
1691668096000,0.6916,0.6916,0.6916
1691668097000,0.6916,0.6916,0.6916
1691668098000,0.6917,0.6917,0.6917
1691668099000,0.6917,0.6917,0.6917
1691668100000,0.6917,0.6917,0.6917
1691668101000,0.6918,0.6918,0.6918
1691668102000,0.6918,0.6918,0.6918
1691668103000,0.6918,0.6918,0.6918
1691668104000,0.6918,0.6918,0.6918
1691668105000,0.6918,0.6918,0.6918
1691668106000,0.6918,0.6918,0.6918
1691668107000,0.69182718,0.69182718,0.69182718
1691668108000,0.692,0.692,0.692
1691668109000,0.6921,0.6921,0.6921
1691668110000,0.6921,0.6921,0.6921
1691668111000,0.6921,0.6921,0.6921
1691668112000,0.6921,0.6921,0.6921
1691668113000,0.692,0.692,0.692
1691668114000,0.692,0.692,0.692
1691668115000,0.692,0.692,0.692
1691668116000,0.692,0.692,0.692
1691668117000,0.692,0.692,0.692
1691668118000,0.692,0.692,0.692
1691668119000,0.692,0.692,0.692
1691668120000,0.692,0.692,0.692
1691668121000,0.692,0.692,0.692
1691668122000,0.692,0.692,0.692
1691668123000,0.692,0.692,0.692
1691668124000,0.692,0.692,0.692
1691668125000,0.692,0.692,0.692
1691668126000,0.692,0.692,0.692
1691668127000,0.692,0.692,0.692
1691668128000,0.692,0.692,0.692
1691668129000,0.692,0.692,0.692
1691668130000,0.69197044,0.69197044,0.69197044
1691668131000,0.69197044,0.69197044,0.69197044
1691668132000,0.6919704,0.6919704,0.6919704
1691668133000,0.69215498,0.69215498,0.69215498
1691668134000,0.69215708,0.69215708,0.69215708
1691668135000,0.69215568,0.69215568,0.69215568
1691668136000,0.69215568,0.69215568,0.69215568
1691668137000,0.69221366,0.69221366,0.69221366
1691668138000,0.6922146,0.6922146,0.6922146
1691668139000,0.69221463,0.69221463,0.69221463
1691668140000,0.69221446,0.69221446,0.69221446
1691668141000,0.69221349,0.69221349,0.69221349
1691668142000,0.69221349,0.69221349,0.69221349
1691668143000,0.69221488,0.69221488,0.69221488
1691668144000,0.69221492,0.69221492,0.69221492
1691668145000,0.69221377,0.69221377,0.69221377
1691668146000,0.69226973,0.69226973,0.69226973
1691668147000,0.69226973,0.69226973,0.69226973
1691668148000,0.69220959,0.69220959,0.69220959
1691668149000,0.69220698,0.69220698,0.69220698
1691668150000,0.69220736,0.69220736,0.69220736
1691668151000,0.69220871,0.69220871,0.69220871
1691668152000,0.69220871,0.69220871,0.69220871
1691668153000,0.69220871,0.69220871,0.69220871
1691668154000,0.69220944,0.69220944,0.69220944
1691668155000,0.69221096,0.69221096,0.69221096
1691668156000,0.69221003,0.69221003,0.69221003
1691668157000,0.69221003,0.69221003,0.69221003
1691668158000,0.69221911,0.69221911,0.69221911
1691668159000,0.69222094,0.69222094,0.69222094
1691668160000,0.6922224,0.6922224,0.6922224
1691668161000,0.6922765,0.6922765,0.6922765
1691668162000,0.69222147,0.69222147,0.69222147
1691668163000,0.69222139,0.69222139,0.69222139
1691668164000,0.69222139,0.69222139,0.69222139
1691668165000,0.69222179,0.69222179,0.69222179
1691668166000,0.69222179,0.69222179,0.69222179
1691668167000,0.69227682,0.69227682,0.69227682
1691668168000,0.69228083,0.69228083,0.69228083
1691668169000,0.6923,0.6923,0.6923
1691668170000,0.6923,0.6923,0.6923
1691668171000,0.6923,0.6923,0.6923
1691668172000,0.6923,0.6923,0.6923
1691668173000,0.6923,0.6923,0.6923
1691668174000,0.69228765,0.69228765,0.69228765
1691668175000,0.69228765,0.69228765,0.69228765
1691668176000,0.69229056,0.69229056,0.69229056
1691668177000,0.6922906,0.6922906,0.6922906
1691668178000,0.6923,0.6923,0.6923
1691668179000,0.6923,0.6923,0.6923
1691668180000,0.6923,0.6923,0.6923
1691668181000,0.6923,0.6923,0.6923
1691668182000,0.6923,0.6923,0.6923
1691668183000,0.69229293,0.69229293,0.69229293
1691668184000,0.69227582,0.69227582,0.69227582
1691668185000,0.69223799,0.69223799,0.69223799
1691668186000,0.6922392,0.6922392,0.6922392
1691668187000,0.69224018,0.69224018,0.69224018
1691668188000,0.69224018,0.69224018,0.69224018
1691668189000,0.69224018,0.69224018,0.69224018
1691668190000,0.69234014,0.69234014,0.69234014
1691668191000,0.6923382,0.6923382,0.6923382
1691668192000,0.69233726,0.69233726,0.69233726
1691668193000,0.6923373,0.6923373,0.6923373
1691668194000,0.6923373,0.6923373,0.6923373
1691668195000,0.69233803,0.69233803,0.69233803
1691668196000,0.69233803,0.69233803,0.69233803
1691668197000,0.69228507,0.69228507,0.69228507
1691668198000,0.69228507,0.69228507,0.69228507
1691668199000,0.69226922,0.69226922,0.69226922
1691668200000,0.69226922,0.69226922,0.69226922
1691668201000,0.69226922,0.69226922,0.69226922
1691668202000,0.69226604,0.69226604,0.69226604
1691668203000,0.69226604,0.69226604,0.69226604
1691668204000,0.69226714,0.69226714,0.69226714
1691668205000,0.69226625,0.69226625,0.69226625
1691668206000,0.69226718,0.69226718,0.69226718
1691668207000,0.69226381,0.69226381,0.69226381
1691668208000,0.69226288,0.69226288,0.69226288
1691668209000,0.69226227,0.69226227,0.69226227
1691668210000,0.69226223,0.69226223,0.69226223
1691668211000,0.69226317,0.69226317,0.69226317
1691668212000,0.69226269,0.69226269,0.69226269
1691668213000,0.69226134,0.69226134,0.69226134
1691668214000,0.69226134,0.69226134,0.69226134
1691668215000,0.69226117,0.69226117,0.69226117
1691668216000,0.69226028,0.69226028,0.69226028
1691668217000,0.69225981,0.69225981,0.69225981
1691668218000,0.69225981,0.69225981,0.69225981
1691668219000,0.69225981,0.69225981,0.69225981
1691668220000,0.6922596,0.6922596,0.6922596
1691668221000,0.69227676,0.69227676,0.69227676
1691668222000,0.69227582,0.69227582,0.69227582
1691668223000,0.69227459,0.69227459,0.69227459
1691668224000,0.69227459,0.69227459,0.69227459
1691668225000,0.69227317,0.69227317,0.69227317
1691668226000,0.69227317,0.69227317,0.69227317
1691668227000,0.69227372,0.69227372,0.69227372
1691668228000,0.69227059,0.69227059,0.69227059
1691668229000,0.69227059,0.69227059,0.69227059
1691668230000,0.69227139,0.69227139,0.69227139
1691668231000,0.69227142,0.69227142,0.69227142
1691668232000,0.69227045,0.69227045,0.69227045
1691668233000,0.69227068,0.69227068,0.69227068
1691668234000,0.69227065,0.69227065,0.69227065
1691668235000,0.69227121,0.69227121,0.69227121
1691668236000,0.69232616,0.69232616,0.69232616
1691668237000,0.69232616,0.69232616,0.69232616
1691668238000,0.69232541,0.69232541,0.69232541
1691668239000,0.69232639,0.69232639,0.69232639
1691668240000,0.69232639,0.69232639,0.69232639
1691668241000,0.69232818,0.69232818,0.69232818
1691668242000,0.69232818,0.69232818,0.69232818
1691668243000,0.6923291,0.6923291,0.6923291
1691668244000,0.6923291,0.6923291,0.6923291
1691668245000,0.69233008,0.69233008,0.69233008
1691668246000,0.69233008,0.69233008,0.69233008
1691668247000,0.69233008,0.69233008,0.69233008
1691668248000,0.69232934,0.69232934,0.69232934
1691668249000,0.69232841,0.69232841,0.69232841
1691668250000,0.69232841,0.69232841,0.69232841
1691668251000,0.69232841,0.69232841,0.69232841
1691668252000,0.69232748,0.69232748,0.69232748
1691668253000,0.69232841,0.69232841,0.69232841
1691668254000,0.69232766,0.69232766,0.69232766
1691668255000,0.69232864,0.69232864,0.69232864
1691668256000,0.69232864,0.69232864,0.69232864
1691668257000,0.69235342,0.69235342,0.69235342
1691668258000,0.69229936,0.69229936,0.69229936
1691668259000,0.6922986,0.6922986,0.6922986
1691668260000,0.69225062,0.69225062,0.69225062
1691668261000,0.69225066,0.69225066,0.69225066
1691668262000,0.69225066,0.69225066,0.69225066
1691668263000,0.69225066,0.69225066,0.69225066
1691668264000,0.69225191,0.69225191,0.69225191
1691668265000,0.6923,0.6923,0.6923
1691668266000,0.6923,0.6923,0.6923
1691668267000,0.6923,0.6923,0.6923
1691668268000,0.6923,0.6923,0.6923
1691668269000,0.6923,0.6923,0.6923
1691668270000,0.6923,0.6923,0.6923
1691668271000,0.6923,0.6923,0.6923
1691668272000,0.6923,0.6923,0.6923
1691668273000,0.6923,0.6923,0.6923
1691668274000,0.69216332,0.69216332,0.69216332
1691668275000,0.69215927,0.69215927,0.69215927
1691668276000,0.69215294,0.69215294,0.69215294
1691668277000,0.69215388,0.69215388,0.69215388
1691668278000,0.69215294,0.69215294,0.69215294
1691668279000,0.69215294,0.69215294,0.69215294
1691668280000,0.6921463,0.6921463,0.6921463
1691668281000,0.69214602,0.69214602,0.69214602
1691668282000,0.69214602,0.69214602,0.69214602
1691668283000,0.69214598,0.69214598,0.69214598
1691668284000,0.69214602,0.69214602,0.69214602
1691668285000,0.69214078,0.69214078,0.69214078
1691668286000,0.69210008,0.69210008,0.69210008
1691668287000,0.69210008,0.69210008,0.69210008
1691668288000,0.69210008,0.69210008,0.69210008
1691668289000,0.69210008,0.69210008,0.69210008
1691668290000,0.69208472,0.69208472,0.69208472
1691668291000,0.69208459,0.69208459,0.69208459
1691668292000,0.6921,0.6921,0.6921
1691668293000,0.6921,0.6921,0.6921
1691668294000,0.6921,0.6921,0.6921
1691668295000,0.6921,0.6921,0.6921
1691668296000,0.6921,0.6921,0.6921
1691668297000,0.6921,0.6921,0.6921
1691668298000,0.69202761,0.69202761,0.69202761
1691668299000,0.69202765,0.69202765,0.69202765
1691668300000,0.692025,0.692025,0.692025
1691668301000,0.692025,0.692025,0.692025
1691668302000,0.69202622,0.69202622,0.69202622
1691668303000,0.69202622,0.69202622,0.69202622
1691668304000,0.69202626,0.69202626,0.69202626
1691668305000,0.69207599,0.69207599,0.69207599
1691668306000,0.69207538,0.69207538,0.69207538
1691668307000,0.69207542,0.69207542,0.69207542
1691668308000,0.69207542,0.69207542,0.69207542
1691668309000,0.69207542,0.69207542,0.69207542
1691668310000,0.69207542,0.69207542,0.69207542
1691668311000,0.69206723,0.69206723,0.69206723
1691668312000,0.69206723,0.69206723,0.69206723
1691668313000,0.69206719,0.69206719,0.69206719
1691668314000,0.69206719,0.69206719,0.69206719
1691668315000,0.69206723,0.69206723,0.69206723
1691668316000,0.6920604,0.6920604,0.6920604
1691668317000,0.6920595,0.6920595,0.6920595
1691668318000,0.69206044,0.69206044,0.69206044
1691668319000,0.69206044,0.69206044,0.69206044
1691668320000,0.6920595,0.6920595,0.6920595
1691668321000,0.69205422,0.69205422,0.69205422
1691668322000,0.6921,0.6921,0.6921
1691668323000,0.6921,0.6921,0.6921
1691668324000,0.6921,0.6921,0.6921
1691668325000,0.6921,0.6921,0.6921
1691668326000,0.6921,0.6921,0.6921
1691668327000,0.6921,0.6921,0.6921
1691668328000,0.6921,0.6921,0.6921
1691668329000,0.6921,0.6921,0.6921
1691668330000,0.69209957,0.69209957,0.69209957
1691668331000,0.69209468,0.69209468,0.69209468
1691668332000,0.69209471,0.69209471,0.69209471
1691668333000,0.69209471,0.69209471,0.69209471
1691668334000,0.69209471,0.69209471,0.69209471
1691668335000,0.69209471,0.69209471,0.69209471
1691668336000,0.69209471,0.69209471,0.69209471
1691668337000,0.69209004,0.69209004,0.69209004
1691668338000,0.69208911,0.69208911,0.69208911
1691668339000,0.69203506,0.69203506,0.69203506
1691668340000,0.69204313,0.69204313,0.69204313
1691668341000,0.69204313,0.69204313,0.69204313
1691668342000,0.69203626,0.69203626,0.69203626
1691668343000,0.69203626,0.69203626,0.69203626
1691668344000,0.69203626,0.69203626,0.69203626
1691668345000,0.69203626,0.69203626,0.69203626
1691668346000,0.69203626,0.69203626,0.69203626
1691668347000,0.69202654,0.69202654,0.69202654
1691668348000,0.69202654,0.69202654,0.69202654
1691668349000,0.69202654,0.69202654,0.69202654
1691668350000,0.69202654,0.69202654,0.69202654
1691668351000,0.69190044,0.69190044,0.69190044
1691668352000,0.69189428,0.69189428,0.69189428
1691668353000,0.69189068,0.69189068,0.69189068
1691668354000,0.69187442,0.69187442,0.69187442
1691668355000,0.69187442,0.69187442,0.69187442
1691668356000,0.69187307,0.69187307,0.69187307
1691668357000,0.69186466,0.69186466,0.69186466
1691668358000,0.69186466,0.69186466,0.69186466
1691668359000,0.6917493,0.6917493,0.6917493
1691668360000,0.6917493,0.6917493,0.6917493
1691668361000,0.6917493,0.6917493,0.6917493
1691668362000,0.69174344,0.69174344,0.69174344
1691668363000,0.69174344,0.69174344,0.69174344
1691668364000,0.69174279,0.69174279,0.69174279
1691668365000,0.692,0.692,0.692
1691668366000,0.69201893,0.69201893,0.69201893
1691668367000,0.69201893,0.69201893,0.69201893
1691668368000,0.69202196,0.69202196,0.69202196
1691668369000,0.69203327,0.69203327,0.69203327
1691668370000,0.69203331,0.69203331,0.69203331
1691668371000,0.69203327,0.69203327,0.69203327
1691668372000,0.69203327,0.69203327,0.69203327
1691668373000,0.69208681,0.69208681,0.69208681
1691668374000,0.69208681,0.69208681,0.69208681
1691668375000,0.6921,0.6921,0.6921
1691668376000,0.6921,0.6921,0.6921
1691668377000,0.6921,0.6921,0.6921
1691668378000,0.6922,0.6922,0.6922
1691668379000,0.6922,0.6922,0.6922
1691668380000,0.6922,0.6922,0.6922
1691668381000,0.6922,0.6922,0.6922
1691668382000,0.6922,0.6922,0.6922
1691668383000,0.69239106,0.69239106,0.69239106
1691668384000,0.6925,0.6925,0.6925
1691668385000,0.6925,0.6925,0.6925
1691668386000,0.6925,0.6925,0.6925
1691668387000,0.6925,0.6925,0.6925
1691668388000,0.6925,0.6925,0.6925
1691668389000,0.6925,0.6925,0.6925
1691668390000,0.6925,0.6925,0.6925
1691668391000,0.6925,0.6925,0.6925
1691668392000,0.6925,0.6925,0.6925
1691668393000,0.6925,0.6925,0.6925
1691668394000,0.6924,0.6924,0.6924
1691668395000,0.6924,0.6924,0.6924
1691668396000,0.6924,0.6924,0.6924
1691668397000,0.6924,0.6924,0.6924
1691668398000,0.6923,0.6923,0.6923
1691668399000,0.6923,0.6923,0.6923
1691668400000,0.6923,0.6923,0.6923
1691668401000,0.6924,0.6924,0.6924
1691668402000,0.6924,0.6924,0.6924
1691668403000,0.6924,0.6924,0.6924
1691668404000,0.6924,0.6924,0.6924
1691668405000,0.6925,0.6925,0.6925
1691668406000,0.69228603,0.69228603,0.69228603
1691668407000,0.69191548,0.69191548,0.69191548
1691668408000,0.69191451,0.69191451,0.69191451
1691668409000,0.69187878,0.69187878,0.69187878
1691668410000,0.69187878,0.69187878,0.69187878
1691668411000,0.69177691,0.69177691,0.69177691
1691668412000,0.69177691,0.69177691,0.69177691
1691668413000,0.69172286,0.69172286,0.69172286
1691668414000,0.69171729,0.69171729,0.69171729
1691668415000,0.691737,0.691737,0.691737
1691668416000,0.691737,0.691737,0.691737
1691668417000,0.69179105,0.69179105,0.69179105
1691668418000,0.69179101,0.69179101,0.69179101
1691668419000,0.69178297,0.69178297,0.69178297
1691668420000,0.69172891,0.69172891,0.69172891
1691668421000,0.69172891,0.69172891,0.69172891
1691668422000,0.69186681,0.69186681,0.69186681
1691668423000,0.69186681,0.69186681,0.69186681
1691668424000,0.69186576,0.69186576,0.69186576
1691668425000,0.69186338,0.69186338,0.69186338
1691668426000,0.69186341,0.69186341,0.69186341
1691668427000,0.69186564,0.69186564,0.69186564
1691668428000,0.69186564,0.69186564,0.69186564
1691668429000,0.6918641,0.6918641,0.6918641
1691668430000,0.69200227,0.69200227,0.69200227
1691668431000,0.69204878,0.69204878,0.69204878
1691668432000,0.69204882,0.69204882,0.69204882
1691668433000,0.69204878,0.69204878,0.69204878
1691668434000,0.69204878,0.69204878,0.69204878
1691668435000,0.6923,0.6923,0.6923
1691668436000,0.6923,0.6923,0.6923
1691668437000,0.6923,0.6923,0.6923
1691668438000,0.6924,0.6924,0.6924
1691668439000,0.6924,0.6924,0.6924
1691668440000,0.6924,0.6924,0.6924
1691668441000,0.69246554,0.69246554,0.69246554
1691668442000,0.69246554,0.69246554,0.69246554
1691668443000,0.69246554,0.69246554,0.69246554
1691668444000,0.69246626,0.69246626,0.69246626
1691668445000,0.69246879,0.69246879,0.69246879
1691668446000,0.69247248,0.69247248,0.69247248
1691668447000,0.69247455,0.69247455,0.69247455
1691668448000,0.69252109,0.69252109,0.69252109
1691668449000,0.69252106,0.69252106,0.69252106
1691668450000,0.69252183,0.69252183,0.69252183
1691668451000,0.6925,0.6925,0.6925
1691668452000,0.6925,0.6925,0.6925
1691668453000,0.69247796,0.69247796,0.69247796
1691668454000,0.692478,0.692478,0.692478
1691668455000,0.69247953,0.69247953,0.69247953
1691668456000,0.69247765,0.69247765,0.69247765
1691668457000,0.6925,0.6925,0.6925
1691668458000,0.6925,0.6925,0.6925
1691668459000,0.69247684,0.69247684,0.69247684
1691668460000,0.6925,0.6925,0.6925
1691668461000,0.692477,0.692477,0.692477
1691668462000,0.69247703,0.69247703,0.69247703
1691668463000,0.69247703,0.69247703,0.69247703
1691668464000,0.69252354,0.69252354,0.69252354
1691668465000,0.69252442,0.69252442,0.69252442
1691668466000,0.69252175,0.69252175,0.69252175
1691668467000,0.69252258,0.69252258,0.69252258
1691668468000,0.69252258,0.69252258,0.69252258
1691668469000,0.69252178,0.69252178,0.69252178
1691668470000,0.69252332,0.69252332,0.69252332
1691668471000,0.69251966,0.69251966,0.69251966
1691668472000,0.6925205,0.6925205,0.6925205
1691668473000,0.69252047,0.69252047,0.69252047
1691668474000,0.69252047,0.69252047,0.69252047
1691668475000,0.69247395,0.69247395,0.69247395
1691668476000,0.69247083,0.69247083,0.69247083
1691668477000,0.69247083,0.69247083,0.69247083
1691668478000,0.69247083,0.69247083,0.69247083
1691668479000,0.69247083,0.69247083,0.69247083
1691668480000,0.69247086,0.69247086,0.69247086
1691668481000,0.69247083,0.69247083,0.69247083
1691668482000,0.69231856,0.69231856,0.69231856
1691668483000,0.692318,0.692318,0.692318
1691668484000,0.692318,0.692318,0.692318
1691668485000,0.692318,0.692318,0.692318
1691668486000,0.6923165,0.6923165,0.6923165
1691668487000,0.69231475,0.69231475,0.69231475
1691668488000,0.6923,0.6923,0.6923
1691668489000,0.6923,0.6923,0.6923
1691668490000,0.6923,0.6923,0.6923
1691668491000,0.6923,0.6923,0.6923
1691668492000,0.6925,0.6925,0.6925
1691668493000,0.6925,0.6925,0.6925
1691668494000,0.6925,0.6925,0.6925
1691668495000,0.6925,0.6925,0.6925
1691668496000,0.6926,0.6926,0.6926
1691668497000,0.6925001,0.6925001,0.6925001
1691668498000,0.69250006,0.69250006,0.69250006
1691668499000,0.6925001,0.6925001,0.6925001
1691668500000,0.6925001,0.6925001,0.6925001
1691668501000,0.6925,0.6925,0.6925
1691668502000,0.6925,0.6925,0.6925
1691668503000,0.69245117,0.69245117,0.69245117
1691668504000,0.6924504,0.6924504,0.6924504
1691668505000,0.6925,0.6925,0.6925
1691668506000,0.6926,0.6926,0.6926
1691668507000,0.6925004,0.6925004,0.6925004
1691668508000,0.69250196,0.69250196,0.69250196
1691668509000,0.6926,0.6926,0.6926
1691668510000,0.69250193,0.69250193,0.69250193
1691668511000,0.6926,0.6926,0.6926
1691668512000,0.6926,0.6926,0.6926
1691668513000,0.69252952,0.69252952,0.69252952
1691668514000,0.69252955,0.69252955,0.69252955
1691668515000,0.6926,0.6926,0.6926
1691668516000,0.6926,0.6926,0.6926
1691668517000,0.6926,0.6926,0.6926
1691668518000,0.6926,0.6926,0.6926
1691668519000,0.6926,0.6926,0.6926
1691668520000,0.6926,0.6926,0.6926
1691668521000,0.69253205,0.69253205,0.69253205
1691668522000,0.6926,0.6926,0.6926
1691668523000,0.6926,0.6926,0.6926
1691668524000,0.6926,0.6926,0.6926
1691668525000,0.6926,0.6926,0.6926
1691668526000,0.6926,0.6926,0.6926
1691668527000,0.6926,0.6926,0.6926
1691668528000,0.69258149,0.69258149,0.69258149
1691668529000,0.69257371,0.69257371,0.69257371
1691668530000,0.69257371,0.69257371,0.69257371
1691668531000,0.69251419,0.69251419,0.69251419
1691668532000,0.69251419,0.69251419,0.69251419
1691668533000,0.69251073,0.69251073,0.69251073
1691668534000,0.69251153,0.69251153,0.69251153
1691668535000,0.69251073,0.69251073,0.69251073
1691668536000,0.69246418,0.69246418,0.69246418
1691668537000,0.69246254,0.69246254,0.69246254
1691668538000,0.69246251,0.69246251,0.69246251
1691668539000,0.69245743,0.69245743,0.69245743
1691668540000,0.69245743,0.69245743,0.69245743
1691668541000,0.6924574,0.6924574,0.6924574
1691668542000,0.69245722,0.69245722,0.69245722
1691668543000,0.69241071,0.69241071,0.69241071
1691668544000,0.69240653,0.69240653,0.69240653
1691668545000,0.69240657,0.69240657,0.69240657
1691668546000,0.69240734,0.69240734,0.69240734
1691668547000,0.69240535,0.69240535,0.69240535
1691668548000,0.69240451,0.69240451,0.69240451
1691668549000,0.69240363,0.69240363,0.69240363
1691668550000,0.69240363,0.69240363,0.69240363
1691668551000,0.69240283,0.69240283,0.69240283
1691668552000,0.69240283,0.69240283,0.69240283
1691668553000,0.6924044,0.6924044,0.6924044
1691668554000,0.69240192,0.69240192,0.69240192
1691668555000,0.69240272,0.69240272,0.69240272
1691668556000,0.69240272,0.69240272,0.69240272
1691668557000,0.69240272,0.69240272,0.69240272
1691668558000,0.69240217,0.69240217,0.69240217
1691668559000,0.69240049,0.69240049,0.69240049
1691668560000,0.6924013,0.6924013,0.6924013
1691668561000,0.6924013,0.6924013,0.6924013
1691668562000,0.69240049,0.69240049,0.69240049
1691668563000,0.69240022,0.69240022,0.69240022
1691668564000,0.69244673,0.69244673,0.69244673
1691668565000,0.69244373,0.69244373,0.69244373
1691668566000,0.69244373,0.69244373,0.69244373
1691668567000,0.6925,0.6925,0.6925
1691668568000,0.69253797,0.69253797,0.69253797
1691668569000,0.6925,0.6925,0.6925
1691668570000,0.6925,0.6925,0.6925
1691668571000,0.6925,0.6925,0.6925
1691668572000,0.6926,0.6926,0.6926
1691668573000,0.6926,0.6926,0.6926
1691668574000,0.6926,0.6926,0.6926
1691668575000,0.6926,0.6926,0.6926
1691668576000,0.6926,0.6926,0.6926
1691668577000,0.6926,0.6926,0.6926
1691668578000,0.6926,0.6926,0.6926
1691668579000,0.69249764,0.69249764,0.69249764
1691668580000,0.69249895,0.69249895,0.69249895
1691668581000,0.69249899,0.69249899,0.69249899
1691668582000,0.69249976,0.69249976,0.69249976
1691668583000,0.69249766,0.69249766,0.69249766
1691668584000,0.69249766,0.69249766,0.69249766
1691668585000,0.69249635,0.69249635,0.69249635
1691668586000,0.69249635,0.69249635,0.69249635
1691668587000,0.69249635,0.69249635,0.69249635
1691668588000,0.69240266,0.69240266,0.69240266
1691668589000,0.69240266,0.69240266,0.69240266
1691668590000,0.69249319,0.69249319,0.69249319
1691668591000,0.6925,0.6925,0.6925
1691668592000,0.6926,0.6926,0.6926
1691668593000,0.6926,0.6926,0.6926
1691668594000,0.6926,0.6926,0.6926
1691668595000,0.6926,0.6926,0.6926
1691668596000,0.6926,0.6926,0.6926
1691668597000,0.6926,0.6926,0.6926
1691668598000,0.6926,0.6926,0.6926
1691668599000,0.6926,0.6926,0.6926
1691668600000,0.6926,0.6926,0.6926
1691668601000,0.6926,0.6926,0.6926
1691668602000,0.6926,0.6926,0.6926
1691668603000,0.692508,0.692508,0.692508
1691668604000,0.69251095,0.69251095,0.69251095
1691668605000,0.69251098,0.69251098,0.69251098
1691668606000,0.6926,0.6926,0.6926
1691668607000,0.69251813,0.69251813,0.69251813
1691668608000,0.6926,0.6926,0.6926
1691668609000,0.6926,0.6926,0.6926
1691668610000,0.69256776,0.69256776,0.69256776
1691668611000,0.69258162,0.69258162,0.69258162
1691668612000,0.69258175,0.69258175,0.69258175
1691668613000,0.6926,0.6926,0.6926
1691668614000,0.6926,0.6926,0.6926
1691668615000,0.6926,0.6926,0.6926
1691668616000,0.69253624,0.69253624,0.69253624
1691668617000,0.6925366,0.6925366,0.6925366
1691668618000,0.69253741,0.69253741,0.69253741
1691668619000,0.69253741,0.69253741,0.69253741
1691668620000,0.69253663,0.69253663,0.69253663
1691668621000,0.69253663,0.69253663,0.69253663
1691668622000,0.6925,0.6925,0.6925
1691668623000,0.6925346,0.6925346,0.6925346
1691668624000,0.6925346,0.6925346,0.6925346
1691668625000,0.69253376,0.69253376,0.69253376
1691668626000,0.6925625,0.6925625,0.6925625
1691668627000,0.69255095,0.69255095,0.69255095
1691668628000,0.69255095,0.69255095,0.69255095
1691668629000,0.6926,0.6926,0.6926
1691668630000,0.6926,0.6926,0.6926
1691668631000,0.6926,0.6926,0.6926
1691668632000,0.6926,0.6926,0.6926
1691668633000,0.69254012,0.69254012,0.69254012
1691668634000,0.69253934,0.69253934,0.69253934
1691668635000,0.69253934,0.69253934,0.69253934
1691668636000,0.69253934,0.69253934,0.69253934
1691668637000,0.69254048,0.69254048,0.69254048
1691668638000,0.69254051,0.69254051,0.69254051
1691668639000,0.6926,0.6926,0.6926
1691668640000,0.6926,0.6926,0.6926
1691668641000,0.69254062,0.69254062,0.69254062
1691668642000,0.6925,0.6925,0.6925
1691668643000,0.6925,0.6925,0.6925
1691668644000,0.6925,0.6925,0.6925
1691668645000,0.69249574,0.69249574,0.69249574
1691668646000,0.69249574,0.69249574,0.69249574
1691668647000,0.69249574,0.69249574,0.69249574
1691668648000,0.69249691,0.69249691,0.69249691
1691668649000,0.6925,0.6925,0.6925
1691668650000,0.69254282,0.69254282,0.69254282
1691668651000,0.69254282,0.69254282,0.69254282
1691668652000,0.69254282,0.69254282,0.69254282
1691668653000,0.69254279,0.69254279,0.69254279
1691668654000,0.69249508,0.69249508,0.69249508
1691668655000,0.69249112,0.69249112,0.69249112
1691668656000,0.69243884,0.69243884,0.69243884
1691668657000,0.69243815,0.69243815,0.69243815
1691668658000,0.69239209,0.69239209,0.69239209
1691668659000,0.69239209,0.69239209,0.69239209
1691668660000,0.69239209,0.69239209,0.69239209
1691668661000,0.69238766,0.69238766,0.69238766
1691668662000,0.69238763,0.69238763,0.69238763
1691668663000,0.69238618,0.69238618,0.69238618
1691668664000,0.69238353,0.69238353,0.69238353
1691668665000,0.69238098,0.69238098,0.69238098
1691668666000,0.69229261,0.69229261,0.69229261
1691668667000,0.69229258,0.69229258,0.69229258
1691668668000,0.69228286,0.69228286,0.69228286
1691668669000,0.69228289,0.69228289,0.69228289
1691668670000,0.69228495,0.69228495,0.69228495
1691668671000,0.69228495,0.69228495,0.69228495
1691668672000,0.69228495,0.69228495,0.69228495
1691668673000,0.69228148,0.69228148,0.69228148
1691668674000,0.69232715,0.69232715,0.69232715
1691668675000,0.69232628,0.69232628,0.69232628
1691668676000,0.69232631,0.69232631,0.69232631
1691668677000,0.69232628,0.69232628,0.69232628
1691668678000,0.69232631,0.69232631,0.69232631
1691668679000,0.69232301,0.69232301,0.69232301
1691668680000,0.69235092,0.69235092,0.69235092
1691668681000,0.69235005,0.69235005,0.69235005
1691668682000,0.69235005,0.69235005,0.69235005
1691668683000,0.69235085,0.69235085,0.69235085
1691668684000,0.69230058,0.69230058,0.69230058
1691668685000,0.69230054,0.69230054,0.69230054
1691668686000,0.69230103,0.69230103,0.69230103
1691668687000,0.69230103,0.69230103,0.69230103
1691668688000,0.69230026,0.69230026,0.69230026
1691668689000,0.69224668,0.69224668,0.69224668
1691668690000,0.69224668,0.69224668,0.69224668
1691668691000,0.69224365,0.69224365,0.69224365
1691668692000,0.69224448,0.69224448,0.69224448
1691668693000,0.69220333,0.69220333,0.69220333
1691668694000,0.69219626,0.69219626,0.69219626
1691668695000,0.69219626,0.69219626,0.69219626
1691668696000,0.69219671,0.69219671,0.69219671
1691668697000,0.69219671,0.69219671,0.69219671
1691668698000,0.6922,0.6922,0.6922
1691668699000,0.6923,0.6923,0.6923
1691668700000,0.6923,0.6923,0.6923
1691668701000,0.6923,0.6923,0.6923
1691668702000,0.69224564,0.69224564,0.69224564
1691668703000,0.69224564,0.69224564,0.69224564
1691668704000,0.69224259,0.69224259,0.69224259
1691668705000,0.69224259,0.69224259,0.69224259
1691668706000,0.69224218,0.69224218,0.69224218
1691668707000,0.69224218,0.69224218,0.69224218
1691668708000,0.69224221,0.69224221,0.69224221
1691668709000,0.69224221,0.69224221,0.69224221
1691668710000,0.69223839,0.69223839,0.69223839
1691668711000,0.6924,0.6924,0.6924
1691668712000,0.6924,0.6924,0.6924
1691668713000,0.6924,0.6924,0.6924
1691668714000,0.69233316,0.69233316,0.69233316
1691668715000,0.69233563,0.69233563,0.69233563
1691668716000,0.69233752,0.69233752,0.69233752
1691668717000,0.69233752,0.69233752,0.69233752
1691668718000,0.69235147,0.69235147,0.69235147
1691668719000,0.69235151,0.69235151,0.69235151
1691668720000,0.6924,0.6924,0.6924
1691668721000,0.69242098,0.69242098,0.69242098
1691668722000,0.69241946,0.69241946,0.69241946
1691668723000,0.69241946,0.69241946,0.69241946
1691668724000,0.69241943,0.69241943,0.69241943
1691668725000,0.69242342,0.69242342,0.69242342
1691668726000,0.69242342,0.69242342,0.69242342
1691668727000,0.6925,0.6925,0.6925
1691668728000,0.6924,0.6924,0.6924
1691668729000,0.6924,0.6924,0.6924
1691668730000,0.6924,0.6924,0.6924
1691668731000,0.6924,0.6924,0.6924
1691668732000,0.6924,0.6924,0.6924
1691668733000,0.6924,0.6924,0.6924
1691668734000,0.6924,0.6924,0.6924
1691668735000,0.69243191,0.69243191,0.69243191
1691668736000,0.69242921,0.69242921,0.69242921
1691668737000,0.6925,0.6925,0.6925
1691668738000,0.6925,0.6925,0.6925
1691668739000,0.6925,0.6925,0.6925
1691668740000,0.6924,0.6924,0.6924
1691668741000,0.6924,0.6924,0.6924
1691668742000,0.6924,0.6924,0.6924
1691668743000,0.69238324,0.69238324,0.69238324
1691668744000,0.69238324,0.69238324,0.69238324
1691668745000,0.69238324,0.69238324,0.69238324
1691668746000,0.69237905,0.69237905,0.69237905
1691668747000,0.69237326,0.69237326,0.69237326
1691668748000,0.69237326,0.69237326,0.69237326
1691668749000,0.69237326,0.69237326,0.69237326
1691668750000,0.69213713,0.69213713,0.69213713
1691668751000,0.69217795,0.69217795,0.69217795
1691668752000,0.69217295,0.69217295,0.69217295
1691668753000,0.69217295,0.69217295,0.69217295
1691668754000,0.69217095,0.69217095,0.69217095
1691668755000,0.69210118,0.69210118,0.69210118
1691668756000,0.6921,0.6921,0.6921
1691668757000,0.6921,0.6921,0.6921
1691668758000,0.69209768,0.69209768,0.69209768
1691668759000,0.69204803,0.69204803,0.69204803
1691668760000,0.69204807,0.69204807,0.69204807
1691668761000,0.69198325,0.69198325,0.69198325
1691668762000,0.6919814,0.6919814,0.6919814
1691668763000,0.69198143,0.69198143,0.69198143
1691668764000,0.69198143,0.69198143,0.69198143
1691668765000,0.6919814,0.6919814,0.6919814
1691668766000,0.6919814,0.6919814,0.6919814
1691668767000,0.6919789,0.6919789,0.6919789
1691668768000,0.69202556,0.69202556,0.69202556
1691668769000,0.69197904,0.69197904,0.69197904
1691668770000,0.69193253,0.69193253,0.69193253
1691668771000,0.69193137,0.69193137,0.69193137
1691668772000,0.69192801,0.69192801,0.69192801
1691668773000,0.69192431,0.69192431,0.69192431
1691668774000,0.69192428,0.69192428,0.69192428
1691668775000,0.69192428,0.69192428,0.69192428
1691668776000,0.69192428,0.69192428,0.69192428
1691668777000,0.6919219,0.6919219,0.6919219
1691668778000,0.69192197,0.69192197,0.69192197
1691668779000,0.69192197,0.69192197,0.69192197
1691668780000,0.69192197,0.69192197,0.69192197
1691668781000,0.69192197,0.69192197,0.69192197
1691668782000,0.69192038,0.69192038,0.69192038
1691668783000,0.69192038,0.69192038,0.69192038
1691668784000,0.69191888,0.69191888,0.69191888
1691668785000,0.69191888,0.69191888,0.69191888
1691668786000,0.69191888,0.69191888,0.69191888
1691668787000,0.69190253,0.69190253,0.69190253
1691668788000,0.69190253,0.69190253,0.69190253
1691668789000,0.69194688,0.69194688,0.69194688
1691668790000,0.69194688,0.69194688,0.69194688
1691668791000,0.69194688,0.69194688,0.69194688
1691668792000,0.69194688,0.69194688,0.69194688
1691668793000,0.69194001,0.69194001,0.69194001
1691668794000,0.6918943,0.6918943,0.6918943
1691668795000,0.6918943,0.6918943,0.6918943
1691668796000,0.6918943,0.6918943,0.6918943
1691668797000,0.69194081,0.69194081,0.69194081
1691668798000,0.69193696,0.69193696,0.69193696
1691668799000,0.69193696,0.69193696,0.69193696
1691668800000,0.69193615,0.69193615,0.69193615
1691668801000,0.69193619,0.69193619,0.69193619
1691668802000,0.69188964,0.69188964,0.69188964
1691668803000,0.69188728,0.69188728,0.69188728
1691668804000,0.69188728,0.69188728,0.69188728
1691668805000,0.6918863,0.6918863,0.6918863
1691668806000,0.6919,0.6919,0.6919
1691668807000,0.6919,0.6919,0.6919
1691668808000,0.69188225,0.69188225,0.69188225
1691668809000,0.69179002,0.69179002,0.69179002
1691668810000,0.69174351,0.69174351,0.69174351
1691668811000,0.69173903,0.69173903,0.69173903
1691668812000,0.69167704,0.69167704,0.69167704
1691668813000,0.69167113,0.69167113,0.69167113
1691668814000,0.69172378,0.69172378,0.69172378
1691668815000,0.69169588,0.69169588,0.69169588
1691668816000,0.69170983,0.69170983,0.69170983
1691668817000,0.69170986,0.69170986,0.69170986
1691668818000,0.69171789,0.69171789,0.69171789
1691668819000,0.6918,0.6918,0.6918
1691668820000,0.69175891,0.69175891,0.69175891
1691668821000,0.6918,0.6918,0.6918
1691668822000,0.6917,0.6917,0.6917
1691668823000,0.6917,0.6917,0.6917
1691668824000,0.69169523,0.69169523,0.69169523
1691668825000,0.6917,0.6917,0.6917
1691668826000,0.6917,0.6917,0.6917
1691668827000,0.69169526,0.69169526,0.69169526
1691668828000,0.69169523,0.69169523,0.69169523
1691668829000,0.69164291,0.69164291,0.69164291
1691668830000,0.69164291,0.69164291,0.69164291
1691668831000,0.69168942,0.69168942,0.69168942
1691668832000,0.69168945,0.69168945,0.69168945
1691668833000,0.69169025,0.69169025,0.69169025
1691668834000,0.69168924,0.69168924,0.69168924
1691668835000,0.6916875,0.6916875,0.6916875
1691668836000,0.6916883,0.6916883,0.6916883
1691668837000,0.69164179,0.69164179,0.69164179
1691668838000,0.69164062,0.69164062,0.69164062
1691668839000,0.6917,0.6917,0.6917
1691668840000,0.6918,0.6918,0.6918
1691668841000,0.6917,0.6917,0.6917
1691668842000,0.6917,0.6917,0.6917
1691668843000,0.69173342,0.69173342,0.69173342
1691668844000,0.69173662,0.69173662,0.69173662
1691668845000,0.6919,0.6919,0.6919
1691668846000,0.6919,0.6919,0.6919
1691668847000,0.6919,0.6919,0.6919
1691668848000,0.6919,0.6919,0.6919
1691668849000,0.6919,0.6919,0.6919
1691668850000,0.6919,0.6919,0.6919
1691668851000,0.692,0.692,0.692
1691668852000,0.6919,0.6919,0.6919
1691668853000,0.6919,0.6919,0.6919
1691668854000,0.6918,0.6918,0.6918
1691668855000,0.6918,0.6918,0.6918
1691668856000,0.6918,0.6918,0.6918
1691668857000,0.6918,0.6918,0.6918
1691668858000,0.6918,0.6918,0.6918
1691668859000,0.6918,0.6918,0.6918
1691668860000,0.6918,0.6918,0.6918
1691668861000,0.6918,0.6918,0.6918
1691668862000,0.6918,0.6918,0.6918
1691668863000,0.6918,0.6918,0.6918
1691668864000,0.6918,0.6918,0.6918
1691668865000,0.6918,0.6918,0.6918
1691668866000,0.69175047,0.69175047,0.69175047
1691668867000,0.69175047,0.69175047,0.69175047
1691668868000,0.6917,0.6917,0.6917
1691668869000,0.6917,0.6917,0.6917
1691668870000,0.6918,0.6918,0.6918
1691668871000,0.6917,0.6917,0.6917
1691668872000,0.6918,0.6918,0.6918
1691668873000,0.6917,0.6917,0.6917
1691668874000,0.6917,0.6917,0.6917
1691668875000,0.6917,0.6917,0.6917
1691668876000,0.6917,0.6917,0.6917
1691668877000,0.6918,0.6918,0.6918
1691668878000,0.6918,0.6918,0.6918
1691668879000,0.6918,0.6918,0.6918
1691668880000,0.6918,0.6918,0.6918
1691668881000,0.6918,0.6918,0.6918
1691668882000,0.6918,0.6918,0.6918
1691668883000,0.6918,0.6918,0.6918
1691668884000,0.6918,0.6918,0.6918
1691668885000,0.6918,0.6918,0.6918
1691668886000,0.6918,0.6918,0.6918
1691668887000,0.6918,0.6918,0.6918
1691668888000,0.6919,0.6919,0.6919
1691668889000,0.6919,0.6919,0.6919
1691668890000,0.6919,0.6919,0.6919
1691668891000,0.6919,0.6919,0.6919
1691668892000,0.6918,0.6918,0.6918
1691668893000,0.6918,0.6918,0.6918
1691668894000,0.6918,0.6918,0.6918
1691668895000,0.6919,0.6919,0.6919
1691668896000,0.6919,0.6919,0.6919
1691668897000,0.6919,0.6919,0.6919
1691668898000,0.6918,0.6918,0.6918
1691668899000,0.6918,0.6918,0.6918
1691668900000,0.6918,0.6918,0.6918
1691668901000,0.6918,0.6918,0.6918
1691668902000,0.6918,0.6918,0.6918
1691668903000,0.6918,0.6918,0.6918
1691668904000,0.6918,0.6918,0.6918
1691668905000,0.6918,0.6918,0.6918
1691668906000,0.6918,0.6918,0.6918
1691668907000,0.6918,0.6918,0.6918
1691668908000,0.6918,0.6918,0.6918
1691668909000,0.6918,0.6918,0.6918
1691668910000,0.6918,0.6918,0.6918
1691668911000,0.6919,0.6919,0.6919
1691668912000,0.6919,0.6919,0.6919
1691668913000,0.6919,0.6919,0.6919
1691668914000,0.6918,0.6918,0.6918
1691668915000,0.6918,0.6918,0.6918
1691668916000,0.6919,0.6919,0.6919
1691668917000,0.6918,0.6918,0.6918
1691668918000,0.6918,0.6918,0.6918
1691668919000,0.6918,0.6918,0.6918
1691668920000,0.6918,0.6918,0.6918
1691668921000,0.6918,0.6918,0.6918
1691668922000,0.6918,0.6918,0.6918
1691668923000,0.69171326,0.69171326,0.69171326
1691668924000,0.6918,0.6918,0.6918
1691668925000,0.6917,0.6917,0.6917
1691668926000,0.6917,0.6917,0.6917
1691668927000,0.6917,0.6917,0.6917
1691668928000,0.6917,0.6917,0.6917
1691668929000,0.6918,0.6918,0.6918
1691668930000,0.6917,0.6917,0.6917
1691668931000,0.6918,0.6918,0.6918
1691668932000,0.6917,0.6917,0.6917
1691668933000,0.6917,0.6917,0.6917
1691668934000,0.6917,0.6917,0.6917
1691668935000,0.6917,0.6917,0.6917
1691668936000,0.6917,0.6917,0.6917
1691668937000,0.6917,0.6917,0.6917
1691668938000,0.6917,0.6917,0.6917
1691668939000,0.6917,0.6917,0.6917
1691668940000,0.6918,0.6918,0.6918
1691668941000,0.6917,0.6917,0.6917
1691668942000,0.6917,0.6917,0.6917
1691668943000,0.6917,0.6917,0.6917
1691668944000,0.6917,0.6917,0.6917
1691668945000,0.6918,0.6918,0.6918
1691668946000,0.6917,0.6917,0.6917
1691668947000,0.6917,0.6917,0.6917
1691668948000,0.6917,0.6917,0.6917
1691668949000,0.6918,0.6918,0.6918
1691668950000,0.6918,0.6918,0.6918
1691668951000,0.6918,0.6918,0.6918
1691668952000,0.6918,0.6918,0.6918
1691668953000,0.6917,0.6917,0.6917
1691668954000,0.6917,0.6917,0.6917
1691668955000,0.6918,0.6918,0.6918
1691668956000,0.6918,0.6918,0.6918
1691668957000,0.6918,0.6918,0.6918
1691668958000,0.6918,0.6918,0.6918
1691668959000,0.6918,0.6918,0.6918
1691668960000,0.6918,0.6918,0.6918
1691668961000,0.6918,0.6918,0.6918
1691668962000,0.6918,0.6918,0.6918
1691668963000,0.6918,0.6918,0.6918
1691668964000,0.6918,0.6918,0.6918
1691668965000,0.6918,0.6918,0.6918
1691668966000,0.6918,0.6918,0.6918
1691668967000,0.6918,0.6918,0.6918
1691668968000,0.6918,0.6918,0.6918
1691668969000,0.6918,0.6918,0.6918
1691668970000,0.6918,0.6918,0.6918
1691668971000,0.6918,0.6918,0.6918
1691668972000,0.69217136,0.69217136,0.69217136
1691668973000,0.6922,0.6922,0.6922
1691668974000,0.6921,0.6921,0.6921
1691668975000,0.6921,0.6921,0.6921
1691668976000,0.6919313,0.6919313,0.6919313
1691668977000,0.69182413,0.69182413,0.69182413
1691668978000,0.6919,0.6919,0.6919
1691668979000,0.6919,0.6919,0.6919
1691668980000,0.6919,0.6919,0.6919
1691668981000,0.6919,0.6919,0.6919
1691668982000,0.6918,0.6918,0.6918
1691668983000,0.6918,0.6918,0.6918
1691668984000,0.6918,0.6918,0.6918
1691668985000,0.6918,0.6918,0.6918
1691668986000,0.6918,0.6918,0.6918
1691668987000,0.6918,0.6918,0.6918
1691668988000,0.6918,0.6918,0.6918
1691668989000,0.692,0.692,0.692
1691668990000,0.692,0.692,0.692
1691668991000,0.692,0.692,0.692
1691668992000,0.6921,0.6921,0.6921
1691668993000,0.6921,0.6921,0.6921
1691668994000,0.6921,0.6921,0.6921
1691668995000,0.6921,0.6921,0.6921
1691668996000,0.6921,0.6921,0.6921
1691668997000,0.6921,0.6921,0.6921
1691668998000,0.6922,0.6922,0.6922
1691668999000,0.6923,0.6923,0.6923
1691669000000,0.6923,0.6923,0.6923
1691669001000,0.6923,0.6923,0.6923
1691669002000,0.6923,0.6923,0.6923
1691669003000,0.6922,0.6922,0.6922
1691669004000,0.6922,0.6922,0.6922
1691669005000,0.6923,0.6923,0.6923
1691669006000,0.6923,0.6923,0.6923
1691669007000,0.6923,0.6923,0.6923
1691669008000,0.6923,0.6923,0.6923
1691669009000,0.6923,0.6923,0.6923
1691669010000,0.6923,0.6923,0.6923
1691669011000,0.6923,0.6923,0.6923
1691669012000,0.6922,0.6922,0.6922
1691669013000,0.6922,0.6922,0.6922
1691669014000,0.6922,0.6922,0.6922
1691669015000,0.6922,0.6922,0.6922
1691669016000,0.6922,0.6922,0.6922
1691669017000,0.6922,0.6922,0.6922
1691669018000,0.6922,0.6922,0.6922
1691669019000,0.6922,0.6922,0.6922
1691669020000,0.6922,0.6922,0.6922
1691669021000,0.6922,0.6922,0.6922
1691669022000,0.6922,0.6922,0.6922
1691669023000,0.6923,0.6923,0.6923
1691669024000,0.6923,0.6923,0.6923
1691669025000,0.6923,0.6923,0.6923
1691669026000,0.6922,0.6922,0.6922
1691669027000,0.6922,0.6922,0.6922
1691669028000,0.6922,0.6922,0.6922
1691669029000,0.6923,0.6923,0.6923
1691669030000,0.6923,0.6923,0.6923
1691669031000,0.6923,0.6923,0.6923
1691669032000,0.6923,0.6923,0.6923
1691669033000,0.6923,0.6923,0.6923
1691669034000,0.6923,0.6923,0.6923
1691669035000,0.6923,0.6923,0.6923
1691669036000,0.6923,0.6923,0.6923
1691669037000,0.6923,0.6923,0.6923
1691669038000,0.6923,0.6923,0.6923
1691669039000,0.6923,0.6923,0.6923
1691669040000,0.6923,0.6923,0.6923
1691669041000,0.6923,0.6923,0.6923
1691669042000,0.6923,0.6923,0.6923
1691669043000,0.6923,0.6923,0.6923
1691669044000,0.6923,0.6923,0.6923
1691669045000,0.6923,0.6923,0.6923
1691669046000,0.6922,0.6922,0.6922
1691669047000,0.6923,0.6923,0.6923
1691669048000,0.6922,0.6922,0.6922
1691669049000,0.6922,0.6922,0.6922
1691669050000,0.6923,0.6923,0.6923
1691669051000,0.6923,0.6923,0.6923
1691669052000,0.6923,0.6923,0.6923
1691669053000,0.6922,0.6922,0.6922
1691669054000,0.6922,0.6922,0.6922
1691669055000,0.6922,0.6922,0.6922
1691669056000,0.6923,0.6923,0.6923
1691669057000,0.69210256,0.69210256,0.69210256
1691669058000,0.6921,0.6921,0.6921
1691669059000,0.6921,0.6921,0.6921
1691669060000,0.6921,0.6921,0.6921
1691669061000,0.6921,0.6921,0.6921
1691669062000,0.6921,0.6921,0.6921
1691669063000,0.6921,0.6921,0.6921
1691669064000,0.6921,0.6921,0.6921
1691669065000,0.6921,0.6921,0.6921
1691669066000,0.6921,0.6921,0.6921
1691669067000,0.6921,0.6921,0.6921
1691669068000,0.6921,0.6921,0.6921
1691669069000,0.6921,0.6921,0.6921
1691669070000,0.6921,0.6921,0.6921
1691669071000,0.6921,0.6921,0.6921
1691669072000,0.6921,0.6921,0.6921
1691669073000,0.6921,0.6921,0.6921
1691669074000,0.6921,0.6921,0.6921
1691669075000,0.6921,0.6921,0.6921
1691669076000,0.6921,0.6921,0.6921
1691669077000,0.6921,0.6921,0.6921
1691669078000,0.692,0.692,0.692
1691669079000,0.692,0.692,0.692
1691669080000,0.692,0.692,0.692
1691669081000,0.692,0.692,0.692
1691669082000,0.692,0.692,0.692
1691669083000,0.6921,0.6921,0.6921
1691669084000,0.6921,0.6921,0.6921
1691669085000,0.6921,0.6921,0.6921
1691669086000,0.6921,0.6921,0.6921
1691669087000,0.6921,0.6921,0.6921
1691669088000,0.6921,0.6921,0.6921
1691669089000,0.6921,0.6921,0.6921
1691669090000,0.6921,0.6921,0.6921
1691669091000,0.6921,0.6921,0.6921
1691669092000,0.69200072,0.69200072,0.69200072
1691669093000,0.69200609,0.69200609,0.69200609
1691669094000,0.69200613,0.69200613,0.69200613
1691669095000,0.6921,0.6921,0.6921
1691669096000,0.6921,0.6921,0.6921
1691669097000,0.6921,0.6921,0.6921
1691669098000,0.6921,0.6921,0.6921
1691669099000,0.6921,0.6921,0.6921
1691669100000,0.6921,0.6921,0.6921
1691669101000,0.6922,0.6922,0.6922
1691669102000,0.6923,0.6923,0.6923
1691669103000,0.6923,0.6923,0.6923
1691669104000,0.6922,0.6922,0.6922
1691669105000,0.6923,0.6923,0.6923
1691669106000,0.6922,0.6922,0.6922
1691669107000,0.6922,0.6922,0.6922
1691669108000,0.6923,0.6923,0.6923
1691669109000,0.6923,0.6923,0.6923
1691669110000,0.6923,0.6923,0.6923
1691669111000,0.6923,0.6923,0.6923
1691669112000,0.6923,0.6923,0.6923
1691669113000,0.6923,0.6923,0.6923
1691669114000,0.6923,0.6923,0.6923
1691669115000,0.6923,0.6923,0.6923
1691669116000,0.6923,0.6923,0.6923
1691669117000,0.6923,0.6923,0.6923
1691669118000,0.6923,0.6923,0.6923
1691669119000,0.6923,0.6923,0.6923
1691669120000,0.6923,0.6923,0.6923
1691669121000,0.6923,0.6923,0.6923
1691669122000,0.69221125,0.69221125,0.69221125
1691669123000,0.69221128,0.69221128,0.69221128
1691669124000,0.69221328,0.69221328,0.69221328
1691669125000,0.69221328,0.69221328,0.69221328
1691669126000,0.6922,0.6922,0.6922
1691669127000,0.6922,0.6922,0.6922
1691669128000,0.6922,0.6922,0.6922
1691669129000,0.6922,0.6922,0.6922
1691669130000,0.6923,0.6923,0.6923
1691669131000,0.69221926,0.69221926,0.69221926
1691669132000,0.6922,0.6922,0.6922
1691669133000,0.6922,0.6922,0.6922
1691669134000,0.6922,0.6922,0.6922
1691669135000,0.6923,0.6923,0.6923
1691669136000,0.6923,0.6923,0.6923
1691669137000,0.6923,0.6923,0.6923
1691669138000,0.6922,0.6922,0.6922
1691669139000,0.6923,0.6923,0.6923
1691669140000,0.6922,0.6922,0.6922
1691669141000,0.6923,0.6923,0.6923
1691669142000,0.6923,0.6923,0.6923
1691669143000,0.6923,0.6923,0.6923
1691669144000,0.6923,0.6923,0.6923
1691669145000,0.6923,0.6923,0.6923
1691669146000,0.69231172,0.69231172,0.69231172
1691669147000,0.69231172,0.69231172,0.69231172
1691669148000,0.69236602,0.69236602,0.69236602
1691669149000,0.69236602,0.69236602,0.69236602
1691669150000,0.69236492,0.69236492,0.69236492
1691669151000,0.69236488,0.69236488,0.69236488
1691669152000,0.69236413,0.69236413,0.69236413
1691669153000,0.69236417,0.69236417,0.69236417
1691669154000,0.69236413,0.69236413,0.69236413
1691669155000,0.69236024,0.69236024,0.69236024
1691669156000,0.69235927,0.69235927,0.69235927
1691669157000,0.69235927,0.69235927,0.69235927
1691669158000,0.6923598,0.6923598,0.6923598
1691669159000,0.69236073,0.69236073,0.69236073
1691669160000,0.69236073,0.69236073,0.69236073
1691669161000,0.69236411,0.69236411,0.69236411
1691669162000,0.69236415,0.69236415,0.69236415
1691669163000,0.69236346,0.69236346,0.69236346
1691669164000,0.69236346,0.69236346,0.69236346
1691669165000,0.69230941,0.69230941,0.69230941
1691669166000,0.69231015,0.69231015,0.69231015
1691669167000,0.69231015,0.69231015,0.69231015
1691669168000,0.69231259,0.69231259,0.69231259
1691669169000,0.6924,0.6924,0.6924
1691669170000,0.6924,0.6924,0.6924
1691669171000,0.69231186,0.69231186,0.69231186
1691669172000,0.69231158,0.69231158,0.69231158
1691669173000,0.6924,0.6924,0.6924
1691669174000,0.6924,0.6924,0.6924
1691669175000,0.6924,0.6924,0.6924
1691669176000,0.6924,0.6924,0.6924
1691669177000,0.69233328,0.69233328,0.69233328
1691669178000,0.69233433,0.69233433,0.69233433
1691669179000,0.6924,0.6924,0.6924
1691669180000,0.6923,0.6923,0.6923
1691669181000,0.69233641,0.69233641,0.69233641
1691669182000,0.69233641,0.69233641,0.69233641
1691669183000,0.6924,0.6924,0.6924
1691669184000,0.6924,0.6924,0.6924
1691669185000,0.69233648,0.69233648,0.69233648
1691669186000,0.69233485,0.69233485,0.69233485
1691669187000,0.69233485,0.69233485,0.69233485
1691669188000,0.6923249,0.6923249,0.6923249
1691669189000,0.69232494,0.69232494,0.69232494
1691669190000,0.6923249,0.6923249,0.6923249
1691669191000,0.69232494,0.69232494,0.69232494
1691669192000,0.69232437,0.69232437,0.69232437
1691669193000,0.69232372,0.69232372,0.69232372
1691669194000,0.69232372,0.69232372,0.69232372
1691669195000,0.69232376,0.69232376,0.69232376
1691669196000,0.69232372,0.69232372,0.69232372
1691669197000,0.69232493,0.69232493,0.69232493
1691669198000,0.69232566,0.69232566,0.69232566
1691669199000,0.69232566,0.69232566,0.69232566
1691669200000,0.6924,0.6924,0.6924
1691669201000,0.6924,0.6924,0.6924
1691669202000,0.6924,0.6924,0.6924
1691669203000,0.6924,0.6924,0.6924
1691669204000,0.6924,0.6924,0.6924
1691669205000,0.6924,0.6924,0.6924
1691669206000,0.6924,0.6924,0.6924
1691669207000,0.6923,0.6923,0.6923
1691669208000,0.6923,0.6923,0.6923
1691669209000,0.6923,0.6923,0.6923
1691669210000,0.6923,0.6923,0.6923
1691669211000,0.6923,0.6923,0.6923
1691669212000,0.6923,0.6923,0.6923
1691669213000,0.6923,0.6923,0.6923
1691669214000,0.6923,0.6923,0.6923
1691669215000,0.6923,0.6923,0.6923
1691669216000,0.6924,0.6924,0.6924
1691669217000,0.6924,0.6924,0.6924
1691669218000,0.6925,0.6925,0.6925
1691669219000,0.6924,0.6924,0.6924
1691669220000,0.6925,0.6925,0.6925
1691669221000,0.6926,0.6926,0.6926
1691669222000,0.6926,0.6926,0.6926
1691669223000,0.6926,0.6926,0.6926
1691669224000,0.6926,0.6926,0.6926
1691669225000,0.6926,0.6926,0.6926
1691669226000,0.6926,0.6926,0.6926
1691669227000,0.69263062,0.69263062,0.69263062
1691669228000,0.69262067,0.69262067,0.69262067
1691669229000,0.69262067,0.69262067,0.69262067
1691669230000,0.6926,0.6926,0.6926
1691669231000,0.6926,0.6926,0.6926
1691669232000,0.6926,0.6926,0.6926
1691669233000,0.69256751,0.69256751,0.69256751
1691669234000,0.69256564,0.69256564,0.69256564
1691669235000,0.69256564,0.69256564,0.69256564
1691669236000,0.692517,0.692517,0.692517
1691669237000,0.69234084,0.69234084,0.69234084
1691669238000,0.69228324,0.69228324,0.69228324
1691669239000,0.69224485,0.69224485,0.69224485
1691669240000,0.69226107,0.69226107,0.69226107
1691669241000,0.69226107,0.69226107,0.69226107
1691669242000,0.69226111,0.69226111,0.69226111
1691669243000,0.69226174,0.69226174,0.69226174
1691669244000,0.69224539,0.69224539,0.69224539
1691669245000,0.69224539,0.69224539,0.69224539
1691669246000,0.6924,0.6924,0.6924
1691669247000,0.6924,0.6924,0.6924
1691669248000,0.6924,0.6924,0.6924
1691669249000,0.6924,0.6924,0.6924
1691669250000,0.69241245,0.69241245,0.69241245
1691669251000,0.69241245,0.69241245,0.69241245
1691669252000,0.6925,0.6925,0.6925
1691669253000,0.6925,0.6925,0.6925
1691669254000,0.6925,0.6925,0.6925
1691669255000,0.6925,0.6925,0.6925
1691669256000,0.6925,0.6925,0.6925
1691669257000,0.6925,0.6925,0.6925
1691669258000,0.6925,0.6925,0.6925
1691669259000,0.6925,0.6925,0.6925
1691669260000,0.6925,0.6925,0.6925
1691669261000,0.6925,0.6925,0.6925
1691669262000,0.6925,0.6925,0.6925
1691669263000,0.6926,0.6926,0.6926
1691669264000,0.6926,0.6926,0.6926
1691669265000,0.6926,0.6926,0.6926
1691669266000,0.6925,0.6925,0.6925
1691669267000,0.6925,0.6925,0.6925
1691669268000,0.6925,0.6925,0.6925
1691669269000,0.6926,0.6926,0.6926
1691669270000,0.6926,0.6926,0.6926
1691669271000,0.6926,0.6926,0.6926
1691669272000,0.69262777,0.69262777,0.69262777
1691669273000,0.69262777,0.69262777,0.69262777
1691669274000,0.6926,0.6926,0.6926
1691669275000,0.6926,0.6926,0.6926
1691669276000,0.6926,0.6926,0.6926
1691669277000,0.6926,0.6926,0.6926
1691669278000,0.6926,0.6926,0.6926
1691669279000,0.6926,0.6926,0.6926
1691669280000,0.6926,0.6926,0.6926
1691669281000,0.6927,0.6927,0.6927
1691669282000,0.6926,0.6926,0.6926
1691669283000,0.6926,0.6926,0.6926
1691669284000,0.6926,0.6926,0.6926
1691669285000,0.6926,0.6926,0.6926
1691669286000,0.6926,0.6926,0.6926
1691669287000,0.6926,0.6926,0.6926
1691669288000,0.6926,0.6926,0.6926
1691669289000,0.6926,0.6926,0.6926
1691669290000,0.6926,0.6926,0.6926
1691669291000,0.6926,0.6926,0.6926
1691669292000,0.69261364,0.69261364,0.69261364
1691669293000,0.6927,0.6927,0.6927
1691669294000,0.6927,0.6927,0.6927
1691669295000,0.6927,0.6927,0.6927
1691669296000,0.6927,0.6927,0.6927
1691669297000,0.6927,0.6927,0.6927
1691669298000,0.6927,0.6927,0.6927
1691669299000,0.6927,0.6927,0.6927
1691669300000,0.6927,0.6927,0.6927
1691669301000,0.6927,0.6927,0.6927
1691669302000,0.69260048,0.69260048,0.69260048
1691669303000,0.6929,0.6929,0.6929
1691669304000,0.69281531,0.69281531,0.69281531
1691669305000,0.69281531,0.69281531,0.69281531
1691669306000,0.69281865,0.69281865,0.69281865
1691669307000,0.6929,0.6929,0.6929
1691669308000,0.6928,0.6928,0.6928
1691669309000,0.6928,0.6928,0.6928
1691669310000,0.6928,0.6928,0.6928
1691669311000,0.6928,0.6928,0.6928
1691669312000,0.6928,0.6928,0.6928
1691669313000,0.6928,0.6928,0.6928
1691669314000,0.6928,0.6928,0.6928
1691669315000,0.6928,0.6928,0.6928
1691669316000,0.69282028,0.69282028,0.69282028
1691669317000,0.69282028,0.69282028,0.69282028
1691669318000,0.69282028,0.69282028,0.69282028
1691669319000,0.6929,0.6929,0.6929
1691669320000,0.6929,0.6929,0.6929
1691669321000,0.6929,0.6929,0.6929
1691669322000,0.6929,0.6929,0.6929
1691669323000,0.6928,0.6928,0.6928
1691669324000,0.6928,0.6928,0.6928
1691669325000,0.6928,0.6928,0.6928
1691669326000,0.6928,0.6928,0.6928
1691669327000,0.6928,0.6928,0.6928
1691669328000,0.6928,0.6928,0.6928
1691669329000,0.6928,0.6928,0.6928
1691669330000,0.6928,0.6928,0.6928
1691669331000,0.6928,0.6928,0.6928
1691669332000,0.6928,0.6928,0.6928
1691669333000,0.6928,0.6928,0.6928
1691669334000,0.6928,0.6928,0.6928
1691669335000,0.6928,0.6928,0.6928
1691669336000,0.6928,0.6928,0.6928
1691669337000,0.6928,0.6928,0.6928
1691669338000,0.69271826,0.69271826,0.69271826
1691669339000,0.69271826,0.69271826,0.69271826
1691669340000,0.69277138,0.69277138,0.69277138
1691669341000,0.69277138,0.69277138,0.69277138
1691669342000,0.69276705,0.69276705,0.69276705
1691669343000,0.69276705,0.69276705,0.69276705
1691669344000,0.69276705,0.69276705,0.69276705
1691669345000,0.69276705,0.69276705,0.69276705
1691669346000,0.69276799,0.69276799,0.69276799
1691669347000,0.69276479,0.69276479,0.69276479
1691669348000,0.69273235,0.69273235,0.69273235
1691669349000,0.6927,0.6927,0.6927
1691669350000,0.69274763,0.69274763,0.69274763
1691669351000,0.69274763,0.69274763,0.69274763
1691669352000,0.69274814,0.69274814,0.69274814
1691669353000,0.69274903,0.69274903,0.69274903
1691669354000,0.6929,0.6929,0.6929
1691669355000,0.6929,0.6929,0.6929
1691669356000,0.6929,0.6929,0.6929
1691669357000,0.6929,0.6929,0.6929
1691669358000,0.6929,0.6929,0.6929
1691669359000,0.6929,0.6929,0.6929
1691669360000,0.6929,0.6929,0.6929
1691669361000,0.6929,0.6929,0.6929
1691669362000,0.6929,0.6929,0.6929
1691669363000,0.6929,0.6929,0.6929
1691669364000,0.6929,0.6929,0.6929
1691669365000,0.6928,0.6928,0.6928
1691669366000,0.6928,0.6928,0.6928
1691669367000,0.6928,0.6928,0.6928
1691669368000,0.6928,0.6928,0.6928
1691669369000,0.6928,0.6928,0.6928
1691669370000,0.6928,0.6928,0.6928
1691669371000,0.6929,0.6929,0.6929
1691669372000,0.6928,0.6928,0.6928
1691669373000,0.6928,0.6928,0.6928
1691669374000,0.6928,0.6928,0.6928
1691669375000,0.6928,0.6928,0.6928
1691669376000,0.6928,0.6928,0.6928
1691669377000,0.6928,0.6928,0.6928
1691669378000,0.6929,0.6929,0.6929
1691669379000,0.6929,0.6929,0.6929
1691669380000,0.6928,0.6928,0.6928
1691669381000,0.6929,0.6929,0.6929
1691669382000,0.6929,0.6929,0.6929
1691669383000,0.6929,0.6929,0.6929
1691669384000,0.6929,0.6929,0.6929
1691669385000,0.6929,0.6929,0.6929
1691669386000,0.6929,0.6929,0.6929
1691669387000,0.6929,0.6929,0.6929
1691669388000,0.6929,0.6929,0.6929
1691669389000,0.6929,0.6929,0.6929
1691669390000,0.6929,0.6929,0.6929
1691669391000,0.6928,0.6928,0.6928
1691669392000,0.6928,0.6928,0.6928
1691669393000,0.6928,0.6928,0.6928
1691669394000,0.6928,0.6928,0.6928
1691669395000,0.6928,0.6928,0.6928
1691669396000,0.6928,0.6928,0.6928
1691669397000,0.6928,0.6928,0.6928
1691669398000,0.6928,0.6928,0.6928
1691669399000,0.6928,0.6928,0.6928
1691669400000,0.6929,0.6929,0.6929
1691669401000,0.6928,0.6928,0.6928
1691669402000,0.6928,0.6928,0.6928
1691669403000,0.6931,0.6931,0.6931
1691669404000,0.6931,0.6931,0.6931
1691669405000,0.69312149,0.69312149,0.69312149
1691669406000,0.6932,0.6932,0.6932
1691669407000,0.6932,0.6932,0.6932
1691669408000,0.6932,0.6932,0.6932
1691669409000,0.69312288,0.69312288,0.69312288
1691669410000,0.69312288,0.69312288,0.69312288
1691669411000,0.69306214,0.69306214,0.69306214
1691669412000,0.69306214,0.69306214,0.69306214
1691669413000,0.6929182,0.6929182,0.6929182
1691669414000,0.69291507,0.69291507,0.69291507
1691669415000,0.69291503,0.69291503,0.69291503
1691669416000,0.69291507,0.69291507,0.69291507
1691669417000,0.69291503,0.69291503,0.69291503
1691669418000,0.69285079,0.69285079,0.69285079
1691669419000,0.6927752,0.6927752,0.6927752
1691669420000,0.69278839,0.69278839,0.69278839
1691669421000,0.69278839,0.69278839,0.69278839
1691669422000,0.69271808,0.69271808,0.69271808
1691669423000,0.69272124,0.69272124,0.69272124
1691669424000,0.69272027,0.69272027,0.69272027
1691669425000,0.6927186,0.6927186,0.6927186
1691669426000,0.69278887,0.69278887,0.69278887
1691669427000,0.69278887,0.69278887,0.69278887
1691669428000,0.69278725,0.69278725,0.69278725
1691669429000,0.69278544,0.69278544,0.69278544
1691669430000,0.69275748,0.69275748,0.69275748
1691669431000,0.69275752,0.69275752,0.69275752
1691669432000,0.69275826,0.69275826,0.69275826
1691669433000,0.6927583,0.6927583,0.6927583
1691669434000,0.69275721,0.69275721,0.69275721
1691669435000,0.69275591,0.69275591,0.69275591
1691669436000,0.69275591,0.69275591,0.69275591
1691669437000,0.69275591,0.69275591,0.69275591
1691669438000,0.69275035,0.69275035,0.69275035
1691669439000,0.69269159,0.69269159,0.69269159
1691669440000,0.69267319,0.69267319,0.69267319
1691669441000,0.69267319,0.69267319,0.69267319
1691669442000,0.69267413,0.69267413,0.69267413
1691669443000,0.69267409,0.69267409,0.69267409
1691669444000,0.69267315,0.69267315,0.69267315
1691669445000,0.69267113,0.69267113,0.69267113
1691669446000,0.69261708,0.69261708,0.69261708
1691669447000,0.6926702,0.6926702,0.6926702
1691669448000,0.69267113,0.69267113,0.69267113
1691669449000,0.69267109,0.69267109,0.69267109
1691669450000,0.69267113,0.69267113,0.69267113
1691669451000,0.6926735,0.6926735,0.6926735
1691669452000,0.6926735,0.6926735,0.6926735
1691669453000,0.69267354,0.69267354,0.69267354
1691669454000,0.6926735,0.6926735,0.6926735
1691669455000,0.69267354,0.69267354,0.69267354
1691669456000,0.69267139,0.69267139,0.69267139
1691669457000,0.69267142,0.69267142,0.69267142
1691669458000,0.69261733,0.69261733,0.69261733
1691669459000,0.69261733,0.69261733,0.69261733
1691669460000,0.69261733,0.69261733,0.69261733
1691669461000,0.69267198,0.69267198,0.69267198
1691669462000,0.69267105,0.69267105,0.69267105
1691669463000,0.69267109,0.69267109,0.69267109
1691669464000,0.69267109,0.69267109,0.69267109
1691669465000,0.69267109,0.69267109,0.69267109
1691669466000,0.69266465,0.69266465,0.69266465
1691669467000,0.69266465,0.69266465,0.69266465
1691669468000,0.69266559,0.69266559,0.69266559
1691669469000,0.69266559,0.69266559,0.69266559
1691669470000,0.69268181,0.69268181,0.69268181
1691669471000,0.69267799,0.69267799,0.69267799
1691669472000,0.6926239,0.6926239,0.6926239
1691669473000,0.69262296,0.69262296,0.69262296
1691669474000,0.69267701,0.69267701,0.69267701
1691669475000,0.69267511,0.69267511,0.69267511
1691669476000,0.69267511,0.69267511,0.69267511
1691669477000,0.69267171,0.69267171,0.69267171
1691669478000,0.69267167,0.69267167,0.69267167
1691669479000,0.69267171,0.69267171,0.69267171
1691669480000,0.69267171,0.69267171,0.69267171
1691669481000,0.69263855,0.69263855,0.69263855
1691669482000,0.69261944,0.69261944,0.69261944
1691669483000,0.69261948,0.69261948,0.69261948
1691669484000,0.69261948,0.69261948,0.69261948
1691669485000,0.6925104,0.6925104,0.6925104
1691669486000,0.69249321,0.69249321,0.69249321
1691669487000,0.69249077,0.69249077,0.69249077
1691669488000,0.69249167,0.69249167,0.69249167
1691669489000,0.69249167,0.69249167,0.69249167
1691669490000,0.69248648,0.69248648,0.69248648
1691669491000,0.69248648,0.69248648,0.69248648
1691669492000,0.69243641,0.69243641,0.69243641
1691669493000,0.69243547,0.69243547,0.69243547
1691669494000,0.69243544,0.69243544,0.69243544
1691669495000,0.69231932,0.69231932,0.69231932
1691669496000,0.69231929,0.69231929,0.69231929
1691669497000,0.69226068,0.69226068,0.69226068
1691669498000,0.69210209,0.69210209,0.69210209
1691669499000,0.69210209,0.69210209,0.69210209
1691669500000,0.69209673,0.69209673,0.69209673
1691669501000,0.6920967,0.6920967,0.6920967
1691669502000,0.6920967,0.6920967,0.6920967
1691669503000,0.69204643,0.69204643,0.69204643
1691669504000,0.69204643,0.69204643,0.69204643
1691669505000,0.69204302,0.69204302,0.69204302
1691669506000,0.69204306,0.69204306,0.69204306
1691669507000,0.69204306,0.69204306,0.69204306
1691669508000,0.69204136,0.69204136,0.69204136
1691669509000,0.69209538,0.69209538,0.69209538
1691669510000,0.69209538,0.69209538,0.69209538
1691669511000,0.69208187,0.69208187,0.69208187
1691669512000,0.69208183,0.69208183,0.69208183
1691669513000,0.6920783,0.6920783,0.6920783
1691669514000,0.6921307,0.6921307,0.6921307
1691669515000,0.69231523,0.69231523,0.69231523
1691669516000,0.69231394,0.69231394,0.69231394
1691669517000,0.69231394,0.69231394,0.69231394
1691669518000,0.69231174,0.69231174,0.69231174
1691669519000,0.69231251,0.69231251,0.69231251
1691669520000,0.69231254,0.69231254,0.69231254
1691669521000,0.69231533,0.69231533,0.69231533
1691669522000,0.69237074,0.69237074,0.69237074
1691669523000,0.6923668,0.6923668,0.6923668
1691669524000,0.69237447,0.69237447,0.69237447
1691669525000,0.69237447,0.69237447,0.69237447
1691669526000,0.69237876,0.69237876,0.69237876
1691669527000,0.69237879,0.69237879,0.69237879
1691669528000,0.69237616,0.69237616,0.69237616
1691669529000,0.69237616,0.69237616,0.69237616
1691669530000,0.6923,0.6923,0.6923
1691669531000,0.6923,0.6923,0.6923
1691669532000,0.6923,0.6923,0.6923
1691669533000,0.6923,0.6923,0.6923
1691669534000,0.6923,0.6923,0.6923
1691669535000,0.6924,0.6924,0.6924
1691669536000,0.6923,0.6923,0.6923
1691669537000,0.6923,0.6923,0.6923
1691669538000,0.6924,0.6924,0.6924
1691669539000,0.6923,0.6923,0.6923
1691669540000,0.6923,0.6923,0.6923
1691669541000,0.6923,0.6923,0.6923
1691669542000,0.69228331,0.69228331,0.69228331
1691669543000,0.69228334,0.69228334,0.69228334
1691669544000,0.69228293,0.69228293,0.69228293
1691669545000,0.69228293,0.69228293,0.69228293
1691669546000,0.69228493,0.69228493,0.69228493
1691669547000,0.6922849,0.6922849,0.6922849
1691669548000,0.6922849,0.6922849,0.6922849
1691669549000,0.69228424,0.69228424,0.69228424
1691669550000,0.69228427,0.69228427,0.69228427
1691669551000,0.69228431,0.69228431,0.69228431
1691669552000,0.69228427,0.69228427,0.69228427
1691669553000,0.69228431,0.69228431,0.69228431
1691669554000,0.69228302,0.69228302,0.69228302
1691669555000,0.69228382,0.69228382,0.69228382
1691669556000,0.69228382,0.69228382,0.69228382
1691669557000,0.69230542,0.69230542,0.69230542
1691669558000,0.69230542,0.69230542,0.69230542
1691669559000,0.69230414,0.69230414,0.69230414
1691669560000,0.69230333,0.69230333,0.69230333
1691669561000,0.69230333,0.69230333,0.69230333
1691669562000,0.69230417,0.69230417,0.69230417
1691669563000,0.69225763,0.69225763,0.69225763
1691669564000,0.69225763,0.69225763,0.69225763
1691669565000,0.6923,0.6923,0.6923
1691669566000,0.6923,0.6923,0.6923
1691669567000,0.6923,0.6923,0.6923
1691669568000,0.6923,0.6923,0.6923
1691669569000,0.6923,0.6923,0.6923
1691669570000,0.6923,0.6923,0.6923
1691669571000,0.6924,0.6924,0.6924
1691669572000,0.6925,0.6925,0.6925
1691669573000,0.6925,0.6925,0.6925
1691669574000,0.69245765,0.69245765,0.69245765
1691669575000,0.69246666,0.69246666,0.69246666
1691669576000,0.69246666,0.69246666,0.69246666
1691669577000,0.69246889,0.69246889,0.69246889
1691669578000,0.69247483,0.69247483,0.69247483
1691669579000,0.69247402,0.69247402,0.69247402
1691669580000,0.69247212,0.69247212,0.69247212
1691669581000,0.69248691,0.69248691,0.69248691
1691669582000,0.69271767,0.69271767,0.69271767
1691669583000,0.6928,0.6928,0.6928
1691669584000,0.6928,0.6928,0.6928
1691669585000,0.69271565,0.69271565,0.69271565
1691669586000,0.69271565,0.69271565,0.69271565
1691669587000,0.69270664,0.69270664,0.69270664
1691669588000,0.69270664,0.69270664,0.69270664
1691669589000,0.69270664,0.69270664,0.69270664
1691669590000,0.69267873,0.69267873,0.69267873
1691669591000,0.6927,0.6927,0.6927
1691669592000,0.6927,0.6927,0.6927
1691669593000,0.6927,0.6927,0.6927
1691669594000,0.6927,0.6927,0.6927
1691669595000,0.6927,0.6927,0.6927
1691669596000,0.6927,0.6927,0.6927
1691669597000,0.6927,0.6927,0.6927
1691669598000,0.6926724,0.6926724,0.6926724
1691669599000,0.6926724,0.6926724,0.6926724
1691669600000,0.69261197,0.69261197,0.69261197
1691669601000,0.6927,0.6927,0.6927
1691669602000,0.6927,0.6927,0.6927
1691669603000,0.69273521,0.69273521,0.69273521
1691669604000,0.6927,0.6927,0.6927
1691669605000,0.6927,0.6927,0.6927
1691669606000,0.69273443,0.69273443,0.69273443
1691669607000,0.69273443,0.69273443,0.69273443
1691669608000,0.69273547,0.69273547,0.69273547
1691669609000,0.69273467,0.69273467,0.69273467
1691669610000,0.69273551,0.69273551,0.69273551
1691669611000,0.6928,0.6928,0.6928
1691669612000,0.6928,0.6928,0.6928
1691669613000,0.6928,0.6928,0.6928
1691669614000,0.6928,0.6928,0.6928
1691669615000,0.6928,0.6928,0.6928
1691669616000,0.6928,0.6928,0.6928
1691669617000,0.6929,0.6929,0.6929
1691669618000,0.6929,0.6929,0.6929
1691669619000,0.6929,0.6929,0.6929
1691669620000,0.6929,0.6929,0.6929
1691669621000,0.6929,0.6929,0.6929
1691669622000,0.6929,0.6929,0.6929
1691669623000,0.6929,0.6929,0.6929
1691669624000,0.6929,0.6929,0.6929
1691669625000,0.6929,0.6929,0.6929
1691669626000,0.6929,0.6929,0.6929
1691669627000,0.6929,0.6929,0.6929
1691669628000,0.6929,0.6929,0.6929
1691669629000,0.6929,0.6929,0.6929
1691669630000,0.6929,0.6929,0.6929
1691669631000,0.693,0.693,0.693
1691669632000,0.693,0.693,0.693
1691669633000,0.6931,0.6931,0.6931
1691669634000,0.69324604,0.69324604,0.69324604
1691669635000,0.6932,0.6932,0.6932
1691669636000,0.6931,0.6931,0.6931
1691669637000,0.6931,0.6931,0.6931
1691669638000,0.6932,0.6932,0.6932
1691669639000,0.6932,0.6932,0.6932
1691669640000,0.6932,0.6932,0.6932
1691669641000,0.6932,0.6932,0.6932
1691669642000,0.6932,0.6932,0.6932
1691669643000,0.6932,0.6932,0.6932
1691669644000,0.6932,0.6932,0.6932
1691669645000,0.6933,0.6933,0.6933
1691669646000,0.6933,0.6933,0.6933
1691669647000,0.6934,0.6934,0.6934
1691669648000,0.6934,0.6934,0.6934
1691669649000,0.6934,0.6934,0.6934
1691669650000,0.6933,0.6933,0.6933
1691669651000,0.6934,0.6934,0.6934
1691669652000,0.6934,0.6934,0.6934
1691669653000,0.6934,0.6934,0.6934
1691669654000,0.69345012,0.69345012,0.69345012
1691669655000,0.69345012,0.69345012,0.69345012
1691669656000,0.6934,0.6934,0.6934
1691669657000,0.69345089,0.69345089,0.69345089
1691669658000,0.69345088,0.69345088,0.69345088
1691669659000,0.69345339,0.69345339,0.69345339
1691669660000,0.6934,0.6934,0.6934
1691669661000,0.6934,0.6934,0.6934
1691669662000,0.6934,0.6934,0.6934
1691669663000,0.6934,0.6934,0.6934
1691669664000,0.69348132,0.69348132,0.69348132
1691669665000,0.69349527,0.69349527,0.69349527
1691669666000,0.6935,0.6935,0.6935
1691669667000,0.6936,0.6936,0.6936
1691669668000,0.6936,0.6936,0.6936
1691669669000,0.6936,0.6936,0.6936
1691669670000,0.6937,0.6937,0.6937
1691669671000,0.6936,0.6936,0.6936
1691669672000,0.6936,0.6936,0.6936
1691669673000,0.6936,0.6936,0.6936
1691669674000,0.6936,0.6936,0.6936
1691669675000,0.6937,0.6937,0.6937
1691669676000,0.6936,0.6936,0.6936
1691669677000,0.6936,0.6936,0.6936
1691669678000,0.6937,0.6937,0.6937
1691669679000,0.6937,0.6937,0.6937
1691669680000,0.6936,0.6936,0.6936
1691669681000,0.6936,0.6936,0.6936
1691669682000,0.6936,0.6936,0.6936
1691669683000,0.6936,0.6936,0.6936
1691669684000,0.6937,0.6937,0.6937
1691669685000,0.6937,0.6937,0.6937
1691669686000,0.6937,0.6937,0.6937
1691669687000,0.6936,0.6936,0.6936
1691669688000,0.6936,0.6936,0.6936
1691669689000,0.6936,0.6936,0.6936
1691669690000,0.6936,0.6936,0.6936
1691669691000,0.6936,0.6936,0.6936
1691669692000,0.6936,0.6936,0.6936
1691669693000,0.6937,0.6937,0.6937
1691669694000,0.6936,0.6936,0.6936
1691669695000,0.6936,0.6936,0.6936
1691669696000,0.6937,0.6937,0.6937
1691669697000,0.6937,0.6937,0.6937
1691669698000,0.6937,0.6937,0.6937
1691669699000,0.6936,0.6936,0.6936
1691669700000,0.6936,0.6936,0.6936
1691669701000,0.6937,0.6937,0.6937
1691669702000,0.6937,0.6937,0.6937
1691669703000,0.6937,0.6937,0.6937
1691669704000,0.6937,0.6937,0.6937
1691669705000,0.6937,0.6937,0.6937
1691669706000,0.6937,0.6937,0.6937
1691669707000,0.6938,0.6938,0.6938
1691669708000,0.6938,0.6938,0.6938
1691669709000,0.6938,0.6938,0.6938
1691669710000,0.6937,0.6937,0.6937
1691669711000,0.6938,0.6938,0.6938
1691669712000,0.6937,0.6937,0.6937
1691669713000,0.6937,0.6937,0.6937
1691669714000,0.6938,0.6938,0.6938
1691669715000,0.6938,0.6938,0.6938
1691669716000,0.6937574,0.6937574,0.6937574
1691669717000,0.6937574,0.6937574,0.6937574
1691669718000,0.6938,0.6938,0.6938
1691669719000,0.6938,0.6938,0.6938
1691669720000,0.6938,0.6938,0.6938
1691669721000,0.6938,0.6938,0.6938
1691669722000,0.6939,0.6939,0.6939
1691669723000,0.6939,0.6939,0.6939
1691669724000,0.694,0.694,0.694
1691669725000,0.694,0.694,0.694
1691669726000,0.694,0.694,0.694
1691669727000,0.694,0.694,0.694
1691669728000,0.6939,0.6939,0.6939
1691669729000,0.6939,0.6939,0.6939
1691669730000,0.6939,0.6939,0.6939
1691669731000,0.6939,0.6939,0.6939
1691669732000,0.694,0.694,0.694
1691669733000,0.69390594,0.69390594,0.69390594
1691669734000,0.694,0.694,0.694
1691669735000,0.694,0.694,0.694
1691669736000,0.694,0.694,0.694
1691669737000,0.694,0.694,0.694
1691669738000,0.694,0.694,0.694
1691669739000,0.694,0.694,0.694
1691669740000,0.69391652,0.69391652,0.69391652
1691669741000,0.694,0.694,0.694
1691669742000,0.69391855,0.69391855,0.69391855
1691669743000,0.694,0.694,0.694
1691669744000,0.69391855,0.69391855,0.69391855
1691669745000,0.694,0.694,0.694
1691669746000,0.6943,0.6943,0.6943
1691669747000,0.6942,0.6942,0.6942
1691669748000,0.6942,0.6942,0.6942
1691669749000,0.6943,0.6943,0.6943
1691669750000,0.6942,0.6942,0.6942
1691669751000,0.6943,0.6943,0.6943
1691669752000,0.6943,0.6943,0.6943
1691669753000,0.6944,0.6944,0.6944
1691669754000,0.6944,0.6944,0.6944
1691669755000,0.6944,0.6944,0.6944
1691669756000,0.6944,0.6944,0.6944
1691669757000,0.6943,0.6943,0.6943
1691669758000,0.6943,0.6943,0.6943
1691669759000,0.6944,0.6944,0.6944
1691669760000,0.6943,0.6943,0.6943
1691669761000,0.6944,0.6944,0.6944
1691669762000,0.6944,0.6944,0.6944
1691669763000,0.6944,0.6944,0.6944
1691669764000,0.6944,0.6944,0.6944
1691669765000,0.6944,0.6944,0.6944
1691669766000,0.6944,0.6944,0.6944
1691669767000,0.69432863,0.69432863,0.69432863
1691669768000,0.6944,0.6944,0.6944
1691669769000,0.69431548,0.69431548,0.69431548
1691669770000,0.69431548,0.69431548,0.69431548
1691669771000,0.6944,0.6944,0.6944
1691669772000,0.6944,0.6944,0.6944
1691669773000,0.69432005,0.69432005,0.69432005
1691669774000,0.6944,0.6944,0.6944
1691669775000,0.6947,0.6947,0.6947
1691669776000,0.6948,0.6948,0.6948
1691669777000,0.6948,0.6948,0.6948
1691669778000,0.6948,0.6948,0.6948
1691669779000,0.6948,0.6948,0.6948
1691669780000,0.69475003,0.69475003,0.69475003
1691669781000,0.69475003,0.69475003,0.69475003
1691669782000,0.69474805,0.69474805,0.69474805
1691669783000,0.69474889,0.69474889,0.69474889
1691669784000,0.69470154,0.69470154,0.69470154
1691669785000,0.69474805,0.69474805,0.69474805
1691669786000,0.69474886,0.69474886,0.69474886
1691669787000,0.69474822,0.69474822,0.69474822
1691669788000,0.69475148,0.69475148,0.69475148
1691669789000,0.69474447,0.69474447,0.69474447
1691669790000,0.69474447,0.69474447,0.69474447
1691669791000,0.69473752,0.69473752,0.69473752
1691669792000,0.69473972,0.69473972,0.69473972
1691669793000,0.6947428,0.6947428,0.6947428
1691669794000,0.6947428,0.6947428,0.6947428
1691669795000,0.69474277,0.69474277,0.69474277
1691669796000,0.69474361,0.69474361,0.69474361
1691669797000,0.695,0.695,0.695
1691669798000,0.6951,0.6951,0.6951
1691669799000,0.6951,0.6951,0.6951
1691669800000,0.6951,0.6951,0.6951
1691669801000,0.6951,0.6951,0.6951
1691669802000,0.6951,0.6951,0.6951
1691669803000,0.6952,0.6952,0.6952
1691669804000,0.6952,0.6952,0.6952
1691669805000,0.6952,0.6952,0.6952
1691669806000,0.6952,0.6952,0.6952
1691669807000,0.6953,0.6953,0.6953
1691669808000,0.6953,0.6953,0.6953
1691669809000,0.6952,0.6952,0.6952
1691669810000,0.6953,0.6953,0.6953
1691669811000,0.6953,0.6953,0.6953
1691669812000,0.6952,0.6952,0.6952
1691669813000,0.6948915,0.6948915,0.6948915
1691669814000,0.69489616,0.69489616,0.69489616
1691669815000,0.69494414,0.69494414,0.69494414
1691669816000,0.69494414,0.69494414,0.69494414
1691669817000,0.69485385,0.69485385,0.69485385
1691669818000,0.69485385,0.69485385,0.69485385
1691669819000,0.69490031,0.69490031,0.69490031
1691669820000,0.69490271,0.69490271,0.69490271
1691669821000,0.69490271,0.69490271,0.69490271
1691669822000,0.69490191,0.69490191,0.69490191
1691669823000,0.69490353,0.69490353,0.69490353
1691669824000,0.69490551,0.69490551,0.69490551
1691669825000,0.69490548,0.69490548,0.69490548
1691669826000,0.69490548,0.69490548,0.69490548
1691669827000,0.69490664,0.69490664,0.69490664
1691669828000,0.69490668,0.69490668,0.69490668
1691669829000,0.69486019,0.69486019,0.69486019
1691669830000,0.69486099,0.69486099,0.69486099
1691669831000,0.69486099,0.69486099,0.69486099
1691669832000,0.695,0.695,0.695
1691669833000,0.695,0.695,0.695
1691669834000,0.69494025,0.69494025,0.69494025
1691669835000,0.695,0.695,0.695
1691669836000,0.695,0.695,0.695
1691669837000,0.695,0.695,0.695
1691669838000,0.695,0.695,0.695
1691669839000,0.69493984,0.69493984,0.69493984
1691669840000,0.69493984,0.69493984,0.69493984
1691669841000,0.6949398,0.6949398,0.6949398
1691669842000,0.69492585,0.69492585,0.69492585
1691669843000,0.69492585,0.69492585,0.69492585
1691669844000,0.69492111,0.69492111,0.69492111
1691669845000,0.69492227,0.69492227,0.69492227
1691669846000,0.69492227,0.69492227,0.69492227
1691669847000,0.69487579,0.69487579,0.69487579
1691669848000,0.69492227,0.69492227,0.69492227
1691669849000,0.6949192,0.6949192,0.6949192
1691669850000,0.69491985,0.69491985,0.69491985
1691669851000,0.69491985,0.69491985,0.69491985
1691669852000,0.69491985,0.69491985,0.69491985
1691669853000,0.69491901,0.69491901,0.69491901
1691669854000,0.69491758,0.69491758,0.69491758
1691669855000,0.69491833,0.69491833,0.69491833
1691669856000,0.6949,0.6949,0.6949
1691669857000,0.6949,0.6949,0.6949
1691669858000,0.69491833,0.69491833,0.69491833
1691669859000,0.69491833,0.69491833,0.69491833
1691669860000,0.69491898,0.69491898,0.69491898
1691669861000,0.69491894,0.69491894,0.69491894
1691669862000,0.695,0.695,0.695
1691669863000,0.695,0.695,0.695
1691669864000,0.6949,0.6949,0.6949
1691669865000,0.6949,0.6949,0.6949
1691669866000,0.695,0.695,0.695
1691669867000,0.69492152,0.69492152,0.69492152
1691669868000,0.695,0.695,0.695
1691669869000,0.69493589,0.69493589,0.69493589
1691669870000,0.695,0.695,0.695
1691669871000,0.695,0.695,0.695
1691669872000,0.695,0.695,0.695
1691669873000,0.695,0.695,0.695
1691669874000,0.695,0.695,0.695
1691669875000,0.695,0.695,0.695
1691669876000,0.695,0.695,0.695
1691669877000,0.6951,0.6951,0.6951
1691669878000,0.6951,0.6951,0.6951
1691669879000,0.695,0.695,0.695
1691669880000,0.695,0.695,0.695
1691669881000,0.6951,0.6951,0.6951
1691669882000,0.6951,0.6951,0.6951
1691669883000,0.695,0.695,0.695
1691669884000,0.695,0.695,0.695
1691669885000,0.695,0.695,0.695
1691669886000,0.69500177,0.69500177,0.69500177
1691669887000,0.69500177,0.69500177,0.69500177
1691669888000,0.695,0.695,0.695
1691669889000,0.6951,0.6951,0.6951
1691669890000,0.6951,0.6951,0.6951
1691669891000,0.6951,0.6951,0.6951
1691669892000,0.69504794,0.69504794,0.69504794
1691669893000,0.6951,0.6951,0.6951
1691669894000,0.6951,0.6951,0.6951
1691669895000,0.6952,0.6952,0.6952
1691669896000,0.6952,0.6952,0.6952
1691669897000,0.6953,0.6953,0.6953
1691669898000,0.6953,0.6953,0.6953
1691669899000,0.69528905,0.69528905,0.69528905
1691669900000,0.6952,0.6952,0.6952
1691669901000,0.69528905,0.69528905,0.69528905
1691669902000,0.6953,0.6953,0.6953
1691669903000,0.6952,0.6952,0.6952
1691669904000,0.69514738,0.69514738,0.69514738
1691669905000,0.6951311,0.6951311,0.6951311
1691669906000,0.695,0.695,0.695
1691669907000,0.69497567,0.69497567,0.69497567
1691669908000,0.69519867,0.69519867,0.69519867
1691669909000,0.6952,0.6952,0.6952
1691669910000,0.6952,0.6952,0.6952
1691669911000,0.6951,0.6951,0.6951
1691669912000,0.6952,0.6952,0.6952
1691669913000,0.69513075,0.69513075,0.69513075
1691669914000,0.69513075,0.69513075,0.69513075
1691669915000,0.69512998,0.69512998,0.69512998
1691669916000,0.69512998,0.69512998,0.69512998
1691669917000,0.69512832,0.69512832,0.69512832
1691669918000,0.69512832,0.69512832,0.69512832
1691669919000,0.6950818,0.6950818,0.6950818
1691669920000,0.69508268,0.69508268,0.69508268
1691669921000,0.69508187,0.69508187,0.69508187
1691669922000,0.69508187,0.69508187,0.69508187
1691669923000,0.69508079,0.69508079,0.69508079
1691669924000,0.69508079,0.69508079,0.69508079
1691669925000,0.69503424,0.69503424,0.69503424
1691669926000,0.69508016,0.69508016,0.69508016
1691669927000,0.69508016,0.69508016,0.69508016
1691669928000,0.69507906,0.69507906,0.69507906
1691669929000,0.69508126,0.69508126,0.69508126
1691669930000,0.69508122,0.69508122,0.69508122
1691669931000,0.69508119,0.69508119,0.69508119
1691669932000,0.69508119,0.69508119,0.69508119
1691669933000,0.69503642,0.69503642,0.69503642
1691669934000,0.69503639,0.69503639,0.69503639
1691669935000,0.69503639,0.69503639,0.69503639
1691669936000,0.69503719,0.69503719,0.69503719
1691669937000,0.6950837,0.6950837,0.6950837
1691669938000,0.69508145,0.69508145,0.69508145
1691669939000,0.69510372,0.69510372,0.69510372
1691669940000,0.69510291,0.69510291,0.69510291
1691669941000,0.69510494,0.69510494,0.69510494
1691669942000,0.69510497,0.69510497,0.69510497
1691669943000,0.69510772,0.69510772,0.69510772
1691669944000,0.69511473,0.69511473,0.69511473
1691669945000,0.69511473,0.69511473,0.69511473
1691669946000,0.69511484,0.69511484,0.69511484
1691669947000,0.69511487,0.69511487,0.69511487
1691669948000,0.69511169,0.69511169,0.69511169
1691669949000,0.69520474,0.69520474,0.69520474
1691669950000,0.69520552,0.69520552,0.69520552
1691669951000,0.69520569,0.69520569,0.69520569
1691669952000,0.69521865,0.69521865,0.69521865
1691669953000,0.69521865,0.69521865,0.69521865
1691669954000,0.69521644,0.69521644,0.69521644
1691669955000,0.69521644,0.69521644,0.69521644
1691669956000,0.69521651,0.69521651,0.69521651
1691669957000,0.69521573,0.69521573,0.69521573
1691669958000,0.69521573,0.69521573,0.69521573
1691669959000,0.69521249,0.69521249,0.69521249
1691669960000,0.69521249,0.69521249,0.69521249
1691669961000,0.69518052,0.69518052,0.69518052
1691669962000,0.69518052,0.69518052,0.69518052
1691669963000,0.69516657,0.69516657,0.69516657
1691669964000,0.69516074,0.69516074,0.69516074
1691669965000,0.6951607,0.6951607,0.6951607
1691669966000,0.6953,0.6953,0.6953
1691669967000,0.6953,0.6953,0.6953
1691669968000,0.6953,0.6953,0.6953
1691669969000,0.6954,0.6954,0.6954
1691669970000,0.6955,0.6955,0.6955
1691669971000,0.69555842,0.69555842,0.69555842
1691669972000,0.69562699,0.69562699,0.69562699
1691669973000,0.6957,0.6957,0.6957
1691669974000,0.6957779,0.6957779,0.6957779
1691669975000,0.69584883,0.69584883,0.69584883
1691669976000,0.69584883,0.69584883,0.69584883
1691669977000,0.69585793,0.69585793,0.69585793
1691669978000,0.69585793,0.69585793,0.69585793
1691669979000,0.69585796,0.69585796,0.69585796
1691669980000,0.69585796,0.69585796,0.69585796
1691669981000,0.6958,0.6958,0.6958
1691669982000,0.69571754,0.69571754,0.69571754
1691669983000,0.69572997,0.69572997,0.69572997
1691669984000,0.69568269,0.69568269,0.69568269
1691669985000,0.69568081,0.69568081,0.69568081
1691669986000,0.69564038,0.69564038,0.69564038
1691669987000,0.69554199,0.69554199,0.69554199
1691669988000,0.69558769,0.69558769,0.69558769
1691669989000,0.69550031,0.69550031,0.69550031
1691669990000,0.6954964,0.6954964,0.6954964
1691669991000,0.69549965,0.69549965,0.69549965
1691669992000,0.69549923,0.69549923,0.69549923
1691669993000,0.69549923,0.69549923,0.69549923
1691669994000,0.69548528,0.69548528,0.69548528
1691669995000,0.69553293,0.69553293,0.69553293
1691669996000,0.69553293,0.69553293,0.69553293
1691669997000,0.69553273,0.69553273,0.69553273
1691669998000,0.69548852,0.69548852,0.69548852
1691669999000,0.69548852,0.69548852,0.69548852
1691670000000,0.69539906,0.69539906,0.69539906
1691670001000,0.69540001,0.69540001,0.69540001
1691670002000,0.69539978,0.69539978,0.69539978
1691670003000,0.69539981,0.69539981,0.69539981
1691670004000,0.695399,0.695399,0.695399
1691670005000,0.6954,0.6954,0.6954
1691670006000,0.69545114,0.69545114,0.69545114
1691670007000,0.69545114,0.69545114,0.69545114
1691670008000,0.69545145,0.69545145,0.69545145
1691670009000,0.69552203,0.69552203,0.69552203
1691670010000,0.69552203,0.69552203,0.69552203
1691670011000,0.69551633,0.69551633,0.69551633
1691670012000,0.69551552,0.69551552,0.69551552
1691670013000,0.69556265,0.69556265,0.69556265
1691670014000,0.69556265,0.69556265,0.69556265
1691670015000,0.69551614,0.69551614,0.69551614
1691670016000,0.69551408,0.69551408,0.69551408
1691670017000,0.69551408,0.69551408,0.69551408
1691670018000,0.69551411,0.69551411,0.69551411
1691670019000,0.69551273,0.69551273,0.69551273
1691670020000,0.69551273,0.69551273,0.69551273
1691670021000,0.69555798,0.69555798,0.69555798
1691670022000,0.69555798,0.69555798,0.69555798
1691670023000,0.6955877,0.6955877,0.6955877
1691670024000,0.6955877,0.6955877,0.6955877
1691670025000,0.69558686,0.69558686,0.69558686
1691670026000,0.69559068,0.69559068,0.69559068
1691670027000,0.69559065,0.69559065,0.69559065
1691670028000,0.69559026,0.69559026,0.69559026
1691670029000,0.69557196,0.69557196,0.69557196
1691670030000,0.69557196,0.69557196,0.69557196
1691670031000,0.69556703,0.69556703,0.69556703
1691670032000,0.69556703,0.69556703,0.69556703
1691670033000,0.69556703,0.69556703,0.69556703
1691670034000,0.69552041,0.69552041,0.69552041
1691670035000,0.69552119,0.69552119,0.69552119
1691670036000,0.69552122,0.69552122,0.69552122
1691670037000,0.69551784,0.69551784,0.69551784
1691670038000,0.69551784,0.69551784,0.69551784
1691670039000,0.69551865,0.69551865,0.69551865
1691670040000,0.69551865,0.69551865,0.69551865
1691670041000,0.69536995,0.69536995,0.69536995
1691670042000,0.69545456,0.69545456,0.69545456
1691670043000,0.69545456,0.69545456,0.69545456
1691670044000,0.69545128,0.69545128,0.69545128
1691670045000,0.69545044,0.69545044,0.69545044
1691670046000,0.69545044,0.69545044,0.69545044
1691670047000,0.69544471,0.69544471,0.69544471
1691670048000,0.69543251,0.69543251,0.69543251
1691670049000,0.6954317,0.6954317,0.6954317
1691670050000,0.6954317,0.6954317,0.6954317
1691670051000,0.69543251,0.69543251,0.69543251
1691670052000,0.69547524,0.69547524,0.69547524
1691670053000,0.69547524,0.69547524,0.69547524
1691670054000,0.69547304,0.69547304,0.69547304
1691670055000,0.69547308,0.69547308,0.69547308
1691670056000,0.69547308,0.69547308,0.69547308
1691670057000,0.69542034,0.69542034,0.69542034
1691670058000,0.69542111,0.69542111,0.69542111
1691670059000,0.69542111,0.69542111,0.69542111
1691670060000,0.69542111,0.69542111,0.69542111
1691670061000,0.69539016,0.69539016,0.69539016
1691670062000,0.69540447,0.69540447,0.69540447
1691670063000,0.695384,0.695384,0.695384
1691670064000,0.69538383,0.69538383,0.69538383
1691670065000,0.69533732,0.69533732,0.69533732
1691670066000,0.69523763,0.69523763,0.69523763
1691670067000,0.69523763,0.69523763,0.69523763
1691670068000,0.69522932,0.69522932,0.69522932
1691670069000,0.69522707,0.69522707,0.69522707
1691670070000,0.69527355,0.69527355,0.69527355
1691670071000,0.69527355,0.69527355,0.69527355
1691670072000,0.69527355,0.69527355,0.69527355
1691670073000,0.69526899,0.69526899,0.69526899
1691670074000,0.69526899,0.69526899,0.69526899
1691670075000,0.69526976,0.69526976,0.69526976
1691670076000,0.69526976,0.69526976,0.69526976
1691670077000,0.69523418,0.69523418,0.69523418
1691670078000,0.69522872,0.69522872,0.69522872
1691670079000,0.69518014,0.69518014,0.69518014
1691670080000,0.69518014,0.69518014,0.69518014
1691670081000,0.69522628,0.69522628,0.69522628
1691670082000,0.69520761,0.69520761,0.69520761
1691670083000,0.69520481,0.69520481,0.69520481
1691670084000,0.69509093,0.69509093,0.69509093
1691670085000,0.69508814,0.69508814,0.69508814
1691670086000,0.69500038,0.69500038,0.69500038
1691670087000,0.69499506,0.69499506,0.69499506
1691670088000,0.69499273,0.69499273,0.69499273
1691670089000,0.69499231,0.69499231,0.69499231
1691670090000,0.69503886,0.69503886,0.69503886
1691670091000,0.69503886,0.69503886,0.69503886
1691670092000,0.69500627,0.69500627,0.69500627
1691670093000,0.69500707,0.69500707,0.69500707
1691670094000,0.6950046,0.6950046,0.6950046
1691670095000,0.6950046,0.6950046,0.6950046
1691670096000,0.69500148,0.69500148,0.69500148
1691670097000,0.69500064,0.69500064,0.69500064
1691670098000,0.69500067,0.69500067,0.69500067
1691670099000,0.69499712,0.69499712,0.69499712
1691670100000,0.69499576,0.69499576,0.69499576
1691670101000,0.69500968,0.69500968,0.69500968
1691670102000,0.69505819,0.69505819,0.69505819
1691670103000,0.69505816,0.69505816,0.69505816
1691670104000,0.69505337,0.69505337,0.69505337
1691670105000,0.69505476,0.69505476,0.69505476
1691670106000,0.69505476,0.69505476,0.69505476
1691670107000,0.6950548,0.6950548,0.6950548
1691670108000,0.69505476,0.69505476,0.69505476
1691670109000,0.69504732,0.69504732,0.69504732
1691670110000,0.69503193,0.69503193,0.69503193
1691670111000,0.69503193,0.69503193,0.69503193
1691670112000,0.69501801,0.69501801,0.69501801
1691670113000,0.69501568,0.69501568,0.69501568
1691670114000,0.69501012,0.69501012,0.69501012
1691670115000,0.69501012,0.69501012,0.69501012
1691670116000,0.69500928,0.69500928,0.69500928
1691670117000,0.69500928,0.69500928,0.69500928
1691670118000,0.69497676,0.69497676,0.69497676
1691670119000,0.69502324,0.69502324,0.69502324
1691670120000,0.69492914,0.69492914,0.69492914
1691670121000,0.69492914,0.69492914,0.69492914
1691670122000,0.69500697,0.69500697,0.69500697
1691670123000,0.69505693,0.69505693,0.69505693
1691670124000,0.69506599,0.69506599,0.69506599
1691670125000,0.6951,0.6951,0.6951
1691670126000,0.69511317,0.69511317,0.69511317
1691670127000,0.69511317,0.69511317,0.69511317
1691670128000,0.6952,0.6952,0.6952
1691670129000,0.6952,0.6952,0.6952
1691670130000,0.6953,0.6953,0.6953
1691670131000,0.69511345,0.69511345,0.69511345
1691670132000,0.69511345,0.69511345,0.69511345
1691670133000,0.69511425,0.69511425,0.69511425
1691670134000,0.69511345,0.69511345,0.69511345
1691670135000,0.69520361,0.69520361,0.69520361
1691670136000,0.69520361,0.69520361,0.69520361
1691670137000,0.69520336,0.69520336,0.69520336
1691670138000,0.69521048,0.69521048,0.69521048
1691670139000,0.69525615,0.69525615,0.69525615
1691670140000,0.6952526,0.6952526,0.6952526
1691670141000,0.69525253,0.69525253,0.69525253
1691670142000,0.69525253,0.69525253,0.69525253
1691670143000,0.69528477,0.69528477,0.69528477
1691670144000,0.69523745,0.69523745,0.69523745
1691670145000,0.69523552,0.69523552,0.69523552
1691670146000,0.69522248,0.69522248,0.69522248
1691670147000,0.69522248,0.69522248,0.69522248
1691670148000,0.69526899,0.69526899,0.69526899
1691670149000,0.69526983,0.69526983,0.69526983
1691670150000,0.6953,0.6953,0.6953
1691670151000,0.6954746,0.6954746,0.6954746
1691670152000,0.69548936,0.69548936,0.69548936
1691670153000,0.69544732,0.69544732,0.69544732
1691670154000,0.69544732,0.69544732,0.69544732
1691670155000,0.69544728,0.69544728,0.69544728
1691670156000,0.69549956,0.69549956,0.69549956
1691670157000,0.6954996,0.6954996,0.6954996
1691670158000,0.6955,0.6955,0.6955
1691670159000,0.6955,0.6955,0.6955
1691670160000,0.6958,0.6958,0.6958
1691670161000,0.69581488,0.69581488,0.69581488
1691670162000,0.6959,0.6959,0.6959
1691670163000,0.6958,0.6958,0.6958
1691670164000,0.6958,0.6958,0.6958
1691670165000,0.6957182,0.6957182,0.6957182
1691670166000,0.69571915,0.69571915,0.69571915
1691670167000,0.6958,0.6958,0.6958
1691670168000,0.6958,0.6958,0.6958
1691670169000,0.6958,0.6958,0.6958
1691670170000,0.69570705,0.69570705,0.69570705
1691670171000,0.6958,0.6958,0.6958
1691670172000,0.6957058,0.6957058,0.6957058
1691670173000,0.6957058,0.6957058,0.6957058
1691670174000,0.6957058,0.6957058,0.6957058
1691670175000,0.6957058,0.6957058,0.6957058
1691670176000,0.69570827,0.69570827,0.69570827
1691670177000,0.6957,0.6957,0.6957
1691670178000,0.6957,0.6957,0.6957
1691670179000,0.6957,0.6957,0.6957
1691670180000,0.6957,0.6957,0.6957
1691670181000,0.69566218,0.69566218,0.69566218
1691670182000,0.6956,0.6956,0.6956
1691670183000,0.6956,0.6956,0.6956
1691670184000,0.6956,0.6956,0.6956
1691670185000,0.6956,0.6956,0.6956
1691670186000,0.6958715,0.6958715,0.6958715
1691670187000,0.6959,0.6959,0.6959
1691670188000,0.6959,0.6959,0.6959
1691670189000,0.6959,0.6959,0.6959
1691670190000,0.6959,0.6959,0.6959
1691670191000,0.6959,0.6959,0.6959
1691670192000,0.6959,0.6959,0.6959
1691670193000,0.6959,0.6959,0.6959
1691670194000,0.6958,0.6958,0.6958
1691670195000,0.6958,0.6958,0.6958
1691670196000,0.6958,0.6958,0.6958
1691670197000,0.69600988,0.69600988,0.69600988
1691670198000,0.6965,0.6965,0.6965
1691670199000,0.6964,0.6964,0.6964
1691670200000,0.6963,0.6963,0.6963
1691670201000,0.6963,0.6963,0.6963
1691670202000,0.6963,0.6963,0.6963
1691670203000,0.6962,0.6962,0.6962
1691670204000,0.6963,0.6963,0.6963
1691670205000,0.6963,0.6963,0.6963
1691670206000,0.6964,0.6964,0.6964
1691670207000,0.6964,0.6964,0.6964
1691670208000,0.69649059,0.69649059,0.69649059
1691670209000,0.6964,0.6964,0.6964
1691670210000,0.6964,0.6964,0.6964
1691670211000,0.6963,0.6963,0.6963
1691670212000,0.6963,0.6963,0.6963
1691670213000,0.6964,0.6964,0.6964
1691670214000,0.6964,0.6964,0.6964
1691670215000,0.6963,0.6963,0.6963
1691670216000,0.6963,0.6963,0.6963
1691670217000,0.6964,0.6964,0.6964
1691670218000,0.6963,0.6963,0.6963
1691670219000,0.6963,0.6963,0.6963
1691670220000,0.6963,0.6963,0.6963
1691670221000,0.6963,0.6963,0.6963
1691670222000,0.6963,0.6963,0.6963
1691670223000,0.6963,0.6963,0.6963
1691670224000,0.6964,0.6964,0.6964
1691670225000,0.6963,0.6963,0.6963
1691670226000,0.6963,0.6963,0.6963
1691670227000,0.6963,0.6963,0.6963
1691670228000,0.6964,0.6964,0.6964
1691670229000,0.6963,0.6963,0.6963
1691670230000,0.6964,0.6964,0.6964
1691670231000,0.6963,0.6963,0.6963
1691670232000,0.6963,0.6963,0.6963
1691670233000,0.69613001,0.69613001,0.69613001
1691670234000,0.69613142,0.69613142,0.69613142
1691670235000,0.69613142,0.69613142,0.69613142
1691670236000,0.69608494,0.69608494,0.69608494
1691670237000,0.6961,0.6961,0.6961
1691670238000,0.6962,0.6962,0.6962
1691670239000,0.6962,0.6962,0.6962
1691670240000,0.6962,0.6962,0.6962
1691670241000,0.6962,0.6962,0.6962
1691670242000,0.6962,0.6962,0.6962
1691670243000,0.6962,0.6962,0.6962
1691670244000,0.6962,0.6962,0.6962
1691670245000,0.6963,0.6963,0.6963
1691670246000,0.6962,0.6962,0.6962
1691670247000,0.6963,0.6963,0.6963
1691670248000,0.6963,0.6963,0.6963
1691670249000,0.6962,0.6962,0.6962
1691670250000,0.6961,0.6961,0.6961
1691670251000,0.69640661,0.69640661,0.69640661
1691670252000,0.6963,0.6963,0.6963
1691670253000,0.6963,0.6963,0.6963
1691670254000,0.6964,0.6964,0.6964
1691670255000,0.6968,0.6968,0.6968
1691670256000,0.697,0.697,0.697
1691670257000,0.697,0.697,0.697
1691670258000,0.697,0.697,0.697
1691670259000,0.6971,0.6971,0.6971
1691670260000,0.6969,0.6969,0.6969
1691670261000,0.69680152,0.69680152,0.69680152
1691670262000,0.69684327,0.69684327,0.69684327
1691670263000,0.69684327,0.69684327,0.69684327
1691670264000,0.6969,0.6969,0.6969
1691670265000,0.6969,0.6969,0.6969
1691670266000,0.6969,0.6969,0.6969
1691670267000,0.6969,0.6969,0.6969
1691670268000,0.6969,0.6969,0.6969
1691670269000,0.69682724,0.69682724,0.69682724
1691670270000,0.6969,0.6969,0.6969
1691670271000,0.6968,0.6968,0.6968
1691670272000,0.6969,0.6969,0.6969
1691670273000,0.6969,0.6969,0.6969
1691670274000,0.697,0.697,0.697
1691670275000,0.697,0.697,0.697
1691670276000,0.697,0.697,0.697
1691670277000,0.6969,0.6969,0.6969
1691670278000,0.6969,0.6969,0.6969
1691670279000,0.6968,0.6968,0.6968
1691670280000,0.6969,0.6969,0.6969
1691670281000,0.6968,0.6968,0.6968
1691670282000,0.69676171,0.69676171,0.69676171
1691670283000,0.6968,0.6968,0.6968
1691670284000,0.69675433,0.69675433,0.69675433
1691670285000,0.6968,0.6968,0.6968
1691670286000,0.6968,0.6968,0.6968
1691670287000,0.69670393,0.69670393,0.69670393
1691670288000,0.69665666,0.69665666,0.69665666
1691670289000,0.69665485,0.69665485,0.69665485
1691670290000,0.69665485,0.69665485,0.69665485
1691670291000,0.69665613,0.69665613,0.69665613
1691670292000,0.69665532,0.69665532,0.69665532
1691670293000,0.69670183,0.69670183,0.69670183
1691670294000,0.69670183,0.69670183,0.69670183
1691670295000,0.69670128,0.69670128,0.69670128
1691670296000,0.6968,0.6968,0.6968
1691670297000,0.697,0.697,0.697
1691670298000,0.697,0.697,0.697
1691670299000,0.6969,0.6969,0.6969
1691670300000,0.6969,0.6969,0.6969
1691670301000,0.697,0.697,0.697
1691670302000,0.697,0.697,0.697
1691670303000,0.6971,0.6971,0.6971
1691670304000,0.697,0.697,0.697
1691670305000,0.697,0.697,0.697
1691670306000,0.6971,0.6971,0.6971
1691670307000,0.6971,0.6971,0.6971
1691670308000,0.6973,0.6973,0.6973
1691670309000,0.69737093,0.69737093,0.69737093
1691670310000,0.69737086,0.69737086,0.69737086
1691670311000,0.69737089,0.69737089,0.69737089
1691670312000,0.6973,0.6973,0.6973
1691670313000,0.6973,0.6973,0.6973
1691670314000,0.697384,0.697384,0.697384
1691670315000,0.697,0.697,0.697
1691670316000,0.69696996,0.69696996,0.69696996
1691670317000,0.697,0.697,0.697
1691670318000,0.69692397,0.69692397,0.69692397
1691670319000,0.69692277,0.69692277,0.69692277
1691670320000,0.69692075,0.69692075,0.69692075
1691670321000,0.69692075,0.69692075,0.69692075
1691670322000,0.69692145,0.69692145,0.69692145
1691670323000,0.69696715,0.69696715,0.69696715
1691670324000,0.6971,0.6971,0.6971
1691670325000,0.6972,0.6972,0.6972
1691670326000,0.6972,0.6972,0.6972
1691670327000,0.6973,0.6973,0.6973
1691670328000,0.69738405,0.69738405,0.69738405
1691670329000,0.6973,0.6973,0.6973
1691670330000,0.6973,0.6973,0.6973
1691670331000,0.69738408,0.69738408,0.69738408
1691670332000,0.6973,0.6973,0.6973
1691670333000,0.6973,0.6973,0.6973
1691670334000,0.6973,0.6973,0.6973
1691670335000,0.6972,0.6972,0.6972
1691670336000,0.6972,0.6972,0.6972
1691670337000,0.6972,0.6972,0.6972
1691670338000,0.6971,0.6971,0.6971
1691670339000,0.6972,0.6972,0.6972
1691670340000,0.6972,0.6972,0.6972
1691670341000,0.6972,0.6972,0.6972
1691670342000,0.69708446,0.69708446,0.69708446
1691670343000,0.69704025,0.69704025,0.69704025
1691670344000,0.69708754,0.69708754,0.69708754
1691670345000,0.6971,0.6971,0.6971
1691670346000,0.6971,0.6971,0.6971
1691670347000,0.6971,0.6971,0.6971
1691670348000,0.6972,0.6972,0.6972
1691670349000,0.6972,0.6972,0.6972
1691670350000,0.6971,0.6971,0.6971
1691670351000,0.6971,0.6971,0.6971
1691670352000,0.6972,0.6972,0.6972
1691670353000,0.6972,0.6972,0.6972
1691670354000,0.6972,0.6972,0.6972
1691670355000,0.6971,0.6971,0.6971
1691670356000,0.69710042,0.69710042,0.69710042
1691670357000,0.69710042,0.69710042,0.69710042
1691670358000,0.6971044,0.6971044,0.6971044
1691670359000,0.6971044,0.6971044,0.6971044
1691670360000,0.69710437,0.69710437,0.69710437
1691670361000,0.69710437,0.69710437,0.69710437
1691670362000,0.69710437,0.69710437,0.69710437
1691670363000,0.69710828,0.69710828,0.69710828
1691670364000,0.69710909,0.69710909,0.69710909
1691670365000,0.69701522,0.69701522,0.69701522
1691670366000,0.69701522,0.69701522,0.69701522
1691670367000,0.6970128,0.6970128,0.6970128
1691670368000,0.6970128,0.6970128,0.6970128
1691670369000,0.69701951,0.69701951,0.69701951
1691670370000,0.6970187,0.6970187,0.6970187
1691670371000,0.6971,0.6971,0.6971
1691670372000,0.69711172,0.69711172,0.69711172
1691670373000,0.69711172,0.69711172,0.69711172
1691670374000,0.6972,0.6972,0.6972
1691670375000,0.69711836,0.69711836,0.69711836
1691670376000,0.6972,0.6972,0.6972
1691670377000,0.6971,0.6971,0.6971
1691670378000,0.6971,0.6971,0.6971
1691670379000,0.6971,0.6971,0.6971
1691670380000,0.6971,0.6971,0.6971
1691670381000,0.6971,0.6971,0.6971
1691670382000,0.6971,0.6971,0.6971
1691670383000,0.6971,0.6971,0.6971
1691670384000,0.6971,0.6971,0.6971
1691670385000,0.6971,0.6971,0.6971
1691670386000,0.69706816,0.69706816,0.69706816
1691670387000,0.69706816,0.69706816,0.69706816
1691670388000,0.69706816,0.69706816,0.69706816
1691670389000,0.69707141,0.69707141,0.69707141
1691670390000,0.69707141,0.69707141,0.69707141
1691670391000,0.6972,0.6972,0.6972
1691670392000,0.6972,0.6972,0.6972
1691670393000,0.69717732,0.69717732,0.69717732
1691670394000,0.6972,0.6972,0.6972
1691670395000,0.69718387,0.69718387,0.69718387
1691670396000,0.69709084,0.69709084,0.69709084
1691670397000,0.69709084,0.69709084,0.69709084
1691670398000,0.69709084,0.69709084,0.69709084
1691670399000,0.69684691,0.69684691,0.69684691
1691670400000,0.69684947,0.69684947,0.69684947
1691670401000,0.69684947,0.69684947,0.69684947
1691670402000,0.69684505,0.69684505,0.69684505
1691670403000,0.69684589,0.69684589,0.69684589
1691670404000,0.69679857,0.69679857,0.69679857
1691670405000,0.69679671,0.69679671,0.69679671
1691670406000,0.69678043,0.69678043,0.69678043
1691670407000,0.6967804,0.6967804,0.6967804
1691670408000,0.6967812,0.6967812,0.6967812
1691670409000,0.6967812,0.6967812,0.6967812
1691670410000,0.69678153,0.69678153,0.69678153
1691670411000,0.69672652,0.69672652,0.69672652
1691670412000,0.69672275,0.69672275,0.69672275
1691670413000,0.69672275,0.69672275,0.69672275
1691670414000,0.69666073,0.69666073,0.69666073
1691670415000,0.69664854,0.69664854,0.69664854
1691670416000,0.69664854,0.69664854,0.69664854
1691670417000,0.6966485,0.6966485,0.6966485
1691670418000,0.69664812,0.69664812,0.69664812
1691670419000,0.69664812,0.69664812,0.69664812
1691670420000,0.69665015,0.69665015,0.69665015
1691670421000,0.69664934,0.69664934,0.69664934
1691670422000,0.69664934,0.69664934,0.69664934
1691670423000,0.69664945,0.69664945,0.69664945
1691670424000,0.69664945,0.69664945,0.69664945
1691670425000,0.69664941,0.69664941,0.69664941
1691670426000,0.69665322,0.69665322,0.69665322
1691670427000,0.69665322,0.69665322,0.69665322
1691670428000,0.69651579,0.69651579,0.69651579
1691670429000,0.69656227,0.69656227,0.69656227
1691670430000,0.69656227,0.69656227,0.69656227
1691670431000,0.6965594,0.6965594,0.6965594
1691670432000,0.69651208,0.69651208,0.69651208
1691670433000,0.69656205,0.69656205,0.69656205
1691670434000,0.69648682,0.69648682,0.69648682
1691670435000,0.69648682,0.69648682,0.69648682
1691670436000,0.69653349,0.69653349,0.69653349
1691670437000,0.69653349,0.69653349,0.69653349
1691670438000,0.69647174,0.69647174,0.69647174
1691670439000,0.69647174,0.69647174,0.69647174
1691670440000,0.69635813,0.69635813,0.69635813
1691670441000,0.69635873,0.69635873,0.69635873
1691670442000,0.69635869,0.69635869,0.69635869
1691670443000,0.69635249,0.69635249,0.69635249
1691670444000,0.69635249,0.69635249,0.69635249
1691670445000,0.69629202,0.69629202,0.69629202
1691670446000,0.69633698,0.69633698,0.69633698
1691670447000,0.69624396,0.69624396,0.69624396
1691670448000,0.69621528,0.69621528,0.69621528
1691670449000,0.69621528,0.69621528,0.69621528
1691670450000,0.69621606,0.69621606,0.69621606
1691670451000,0.6961636,0.6961636,0.6961636
1691670452000,0.69616363,0.69616363,0.69616363
1691670453000,0.69616363,0.69616363,0.69616363
1691670454000,0.69612749,0.69612749,0.69612749
1691670455000,0.69612752,0.69612752,0.69612752
1691670456000,0.69612752,0.69612752,0.69612752
1691670457000,0.69612642,0.69612642,0.69612642
1691670458000,0.6962,0.6962,0.6962
1691670459000,0.6962,0.6962,0.6962
1691670460000,0.6963,0.6963,0.6963
1691670461000,0.69655357,0.69655357,0.69655357
1691670462000,0.6967,0.6967,0.6967
1691670463000,0.6967,0.6967,0.6967
1691670464000,0.69661635,0.69661635,0.69661635
1691670465000,0.69662392,0.69662392,0.69662392
1691670466000,0.6966,0.6966,0.6966
1691670467000,0.69659536,0.69659536,0.69659536
1691670468000,0.69659536,0.69659536,0.69659536
1691670469000,0.6965963,0.6965963,0.6965963
1691670470000,0.6966,0.6966,0.6966
1691670471000,0.69659627,0.69659627,0.69659627
1691670472000,0.69658487,0.69658487,0.69658487
1691670473000,0.69658487,0.69658487,0.69658487
1691670474000,0.69653874,0.69653874,0.69653874
1691670475000,0.69655273,0.69655273,0.69655273
1691670476000,0.69655273,0.69655273,0.69655273
1691670477000,0.69654537,0.69654537,0.69654537
1691670478000,0.69651949,0.69651949,0.69651949
1691670479000,0.69651949,0.69651949,0.69651949
1691670480000,0.6965197,0.6965197,0.6965197
1691670481000,0.69652051,0.69652051,0.69652051
1691670482000,0.6965197,0.6965197,0.6965197
1691670483000,0.69651994,0.69651994,0.69651994
1691670484000,0.69652075,0.69652075,0.69652075
1691670485000,0.6964748,0.6964748,0.6964748
1691670486000,0.6964748,0.6964748,0.6964748
1691670487000,0.6964748,0.6964748,0.6964748
1691670488000,0.69647235,0.69647235,0.69647235
1691670489000,0.6964729,0.6964729,0.6964729
1691670490000,0.69637988,0.69637988,0.69637988
1691670491000,0.69633336,0.69633336,0.69633336
1691670492000,0.69633336,0.69633336,0.69633336
1691670493000,0.69632581,0.69632581,0.69632581
1691670494000,0.69632658,0.69632658,0.69632658
1691670495000,0.69632658,0.69632658,0.69632658
1691670496000,0.69631689,0.69631689,0.69631689
1691670497000,0.69624631,0.69624631,0.69624631
1691670498000,0.69614812,0.69614812,0.69614812
1691670499000,0.69614812,0.69614812,0.69614812
1691670500000,0.69614721,0.69614721,0.69614721
1691670501000,0.69614728,0.69614728,0.69614728
1691670502000,0.69610158,0.69610158,0.69610158
1691670503000,0.6961,0.6961,0.6961
1691670504000,0.69613684,0.69613684,0.69613684
1691670505000,0.69613415,0.69613415,0.69613415
1691670506000,0.69610156,0.69610156,0.69610156
1691670507000,0.69610156,0.69610156,0.69610156
1691670508000,0.69608841,0.69608841,0.69608841
1691670509000,0.69608135,0.69608135,0.69608135
1691670510000,0.69608135,0.69608135,0.69608135
1691670511000,0.69607699,0.69607699,0.69607699
1691670512000,0.69607696,0.69607696,0.69607696
1691670513000,0.69607699,0.69607699,0.69607699
1691670514000,0.69608694,0.69608694,0.69608694
1691670515000,0.69613349,0.69613349,0.69613349
1691670516000,0.69613349,0.69613349,0.69613349
1691670517000,0.69614981,0.69614981,0.69614981
1691670518000,0.69614981,0.69614981,0.69614981
1691670519000,0.69611821,0.69611821,0.69611821
1691670520000,0.6960704,0.6960704,0.6960704
1691670521000,0.6960704,0.6960704,0.6960704
1691670522000,0.69607106,0.69607106,0.69607106
1691670523000,0.6960719,0.6960719,0.6960719
1691670524000,0.69606795,0.69606795,0.69606795
1691670525000,0.69611961,0.69611961,0.69611961
1691670526000,0.696127,0.696127,0.696127
1691670527000,0.696127,0.696127,0.696127
1691670528000,0.696127,0.696127,0.696127
1691670529000,0.69609107,0.69609107,0.69609107
1691670530000,0.69609153,0.69609153,0.69609153
1691670531000,0.69609072,0.69609072,0.69609072
1691670532000,0.69609075,0.69609075,0.69609075
1691670533000,0.69609072,0.69609072,0.69609072
1691670534000,0.69608869,0.69608869,0.69608869
1691670535000,0.6960953,0.6960953,0.6960953
1691670536000,0.6960953,0.6960953,0.6960953
1691670537000,0.69610922,0.69610922,0.69610922
1691670538000,0.69610922,0.69610922,0.69610922
1691670539000,0.69611006,0.69611006,0.69611006
1691670540000,0.69611101,0.69611101,0.69611101
1691670541000,0.69609674,0.69609674,0.69609674
1691670542000,0.69611069,0.69611069,0.69611069
1691670543000,0.69610985,0.69610985,0.69610985
1691670544000,0.6961,0.6961,0.6961
1691670545000,0.6961,0.6961,0.6961
1691670546000,0.6961,0.6961,0.6961
1691670547000,0.6960581,0.6960581,0.6960581
1691670548000,0.6961,0.6961,0.6961
1691670549000,0.6962,0.6962,0.6962
1691670550000,0.69624736,0.69624736,0.69624736
1691670551000,0.69624872,0.69624872,0.69624872
1691670552000,0.69629547,0.69629547,0.69629547
1691670553000,0.69629547,0.69629547,0.69629547
1691670554000,0.69629547,0.69629547,0.69629547
1691670555000,0.69622189,0.69622189,0.69622189
1691670556000,0.6962,0.6962,0.6962
1691670557000,0.69611489,0.69611489,0.69611489
1691670558000,0.6962,0.6962,0.6962
1691670559000,0.6962,0.6962,0.6962
1691670560000,0.6962,0.6962,0.6962
1691670561000,0.6962,0.6962,0.6962
1691670562000,0.6962,0.6962,0.6962
1691670563000,0.6962,0.6962,0.6962
1691670564000,0.69618956,0.69618956,0.69618956
1691670565000,0.69619765,0.69619765,0.69619765
1691670566000,0.69609302,0.69609302,0.69609302
1691670567000,0.69609302,0.69609302,0.69609302
1691670568000,0.69572172,0.69572172,0.69572172
1691670569000,0.69567266,0.69567266,0.69567266
1691670570000,0.69566091,0.69566091,0.69566091
1691670571000,0.69565127,0.69565127,0.69565127
1691670572000,0.69565127,0.69565127,0.69565127
1691670573000,0.69565127,0.69565127,0.69565127
1691670574000,0.69564773,0.69564773,0.69564773
1691670575000,0.69564705,0.69564705,0.69564705
1691670576000,0.6958,0.6958,0.6958
1691670577000,0.6958,0.6958,0.6958
1691670578000,0.6958,0.6958,0.6958
1691670579000,0.6957,0.6957,0.6957
1691670580000,0.69569736,0.69569736,0.69569736
1691670581000,0.69558966,0.69558966,0.69558966
1691670582000,0.69542135,0.69542135,0.69542135
1691670583000,0.69541865,0.69541865,0.69541865
1691670584000,0.69530767,0.69530767,0.69530767
1691670585000,0.69531617,0.69531617,0.69531617
1691670586000,0.69531109,0.69531109,0.69531109
1691670587000,0.6954,0.6954,0.6954
1691670588000,0.69530771,0.69530771,0.69530771
1691670589000,0.69531008,0.69531008,0.69531008
1691670590000,0.69531819,0.69531819,0.69531819
1691670591000,0.69531977,0.69531977,0.69531977
1691670592000,0.69531883,0.69531883,0.69531883
1691670593000,0.69532015,0.69532015,0.69532015
1691670594000,0.69532015,0.69532015,0.69532015
1691670595000,0.69531974,0.69531974,0.69531974
1691670596000,0.69531974,0.69531974,0.69531974
1691670597000,0.69530893,0.69530893,0.69530893
1691670598000,0.69536209,0.69536209,0.69536209
1691670599000,0.69536209,0.69536209,0.69536209
1691670600000,0.69519506,0.69519506,0.69519506
1691670601000,0.69560282,0.69560282,0.69560282
1691670602000,0.69626362,0.69626362,0.69626362
1691670603000,0.69593095,0.69593095,0.69593095
1691670604000,0.696,0.696,0.696
1691670605000,0.69569146,0.69569146,0.69569146
1691670606000,0.69569146,0.69569146,0.69569146
1691670607000,0.69523453,0.69523453,0.69523453
1691670608000,0.69556753,0.69556753,0.69556753
1691670609000,0.69628282,0.69628282,0.69628282
1691670610000,0.69628282,0.69628282,0.69628282
1691670611000,0.6964,0.6964,0.6964
1691670612000,0.6965,0.6965,0.6965
1691670613000,0.69622036,0.69622036,0.69622036
1691670614000,0.69593753,0.69593753,0.69593753
1691670615000,0.69593753,0.69593753,0.69593753
1691670616000,0.69530757,0.69530757,0.69530757
1691670617000,0.6952,0.6952,0.6952
1691670618000,0.6953,0.6953,0.6953
1691670619000,0.6954,0.6954,0.6954
1691670620000,0.69574318,0.69574318,0.69574318
1691670621000,0.6961696,0.6961696,0.6961696
1691670622000,0.6969,0.6969,0.6969
1691670623000,0.69688664,0.69688664,0.69688664
1691670624000,0.69749716,0.69749716,0.69749716
1691670625000,0.69730146,0.69730146,0.69730146
1691670626000,0.6972,0.6972,0.6972
1691670627000,0.69715814,0.69715814,0.69715814
1691670628000,0.69715814,0.69715814,0.69715814
1691670629000,0.6972,0.6972,0.6972
1691670630000,0.6971,0.6971,0.6971
1691670631000,0.69725107,0.69725107,0.69725107
1691670632000,0.69722827,0.69722827,0.69722827
1691670633000,0.69727677,0.69727677,0.69727677
1691670634000,0.6972,0.6972,0.6972
1691670635000,0.6968,0.6968,0.6968
1691670636000,0.6969,0.6969,0.6969
1691670637000,0.6968,0.6968,0.6968
1691670638000,0.6968786,0.6968786,0.6968786
1691670639000,0.69687859,0.69687859,0.69687859
1691670640000,0.69704365,0.69704365,0.69704365
1691670641000,0.69698119,0.69698119,0.69698119
1691670642000,0.69704247,0.69704247,0.69704247
1691670643000,0.69698681,0.69698681,0.69698681
1691670644000,0.69723552,0.69723552,0.69723552
1691670645000,0.69718626,0.69718626,0.69718626
1691670646000,0.69725532,0.69725532,0.69725532
1691670647000,0.69729502,0.69729502,0.69729502
1691670648000,0.69731762,0.69731762,0.69731762
1691670649000,0.6972,0.6972,0.6972
1691670650000,0.69720183,0.69720183,0.69720183
1691670651000,0.69735602,0.69735602,0.69735602
1691670652000,0.69789437,0.69789437,0.69789437
1691670653000,0.69837335,0.69837335,0.69837335
1691670654000,0.69981191,0.69981191,0.69981191
1691670655000,0.70060729,0.70060729,0.70060729
1691670656000,0.70103505,0.70103505,0.70103505
1691670657000,0.70086253,0.70086253,0.70086253
1691670658000,0.70070375,0.70070375,0.70070375
1691670659000,0.70031238,0.70031238,0.70031238
1691670660000,0.69989727,0.69989727,0.69989727
1691670661000,0.69987648,0.69987648,0.69987648
1691670662000,0.7002,0.7002,0.7002
1691670663000,0.701,0.701,0.701
1691670664000,0.7011,0.7011,0.7011
1691670665000,0.70079011,0.70079011,0.70079011
1691670666000,0.7006,0.7006,0.7006
1691670667000,0.70066573,0.70066573,0.70066573
1691670668000,0.70062233,0.70062233,0.70062233
1691670669000,0.7009,0.7009,0.7009
1691670670000,0.7009,0.7009,0.7009
1691670671000,0.70125426,0.70125426,0.70125426
1691670672000,0.70168918,0.70168918,0.70168918
1691670673000,0.70168917,0.70168917,0.70168917
1691670674000,0.70194128,0.70194128,0.70194128
1691670675000,0.70139092,0.70139092,0.70139092
1691670676000,0.70139092,0.70139092,0.70139092
1691670677000,0.70086936,0.70086936,0.70086936
1691670678000,0.70003892,0.70003892,0.70003892
1691670679000,0.70003892,0.70003892,0.70003892
1691670680000,0.69970398,0.69970398,0.69970398
1691670681000,0.69915313,0.69915313,0.69915313
1691670682000,0.69886105,0.69886105,0.69886105
1691670683000,0.69886105,0.69886105,0.69886105
1691670684000,0.6996,0.6996,0.6996
1691670685000,0.69955673,0.69955673,0.69955673
1691670686000,0.6993,0.6993,0.6993
1691670687000,0.69933196,0.69933196,0.69933196
1691670688000,0.69896349,0.69896349,0.69896349
1691670689000,0.69886313,0.69886313,0.69886313
1691670690000,0.69883299,0.69883299,0.69883299
1691670691000,0.69879871,0.69879871,0.69879871
1691670692000,0.69879871,0.69879871,0.69879871
1691670693000,0.6987,0.6987,0.6987
1691670694000,0.6989,0.6989,0.6989
1691670695000,0.6992,0.6992,0.6992
1691670696000,0.69905177,0.69905177,0.69905177
1691670697000,0.69905177,0.69905177,0.69905177
1691670698000,0.69890941,0.69890941,0.69890941
1691670699000,0.69887309,0.69887309,0.69887309
1691670700000,0.69885073,0.69885073,0.69885073
1691670701000,0.69885073,0.69885073,0.69885073
1691670702000,0.69907384,0.69907384,0.69907384
1691670703000,0.69916803,0.69916803,0.69916803
1691670704000,0.69914006,0.69914006,0.69914006
1691670705000,0.69906153,0.69906153,0.69906153
1691670706000,0.69908359,0.69908359,0.69908359
1691670707000,0.6991,0.6991,0.6991
1691670708000,0.6991758,0.6991758,0.6991758
1691670709000,0.6991758,0.6991758,0.6991758
1691670710000,0.69917583,0.69917583,0.69917583
1691670711000,0.69916903,0.69916903,0.69916903
1691670712000,0.69942735,0.69942735,0.69942735
1691670713000,0.69953379,0.69953379,0.69953379
1691670714000,0.6999,0.6999,0.6999
1691670715000,0.6999,0.6999,0.6999
1691670716000,0.6999,0.6999,0.6999
1691670717000,0.69988637,0.69988637,0.69988637
1691670718000,0.6999,0.6999,0.6999
1691670719000,0.7003,0.7003,0.7003
1691670720000,0.70028554,0.70028554,0.70028554
1691670721000,0.7003,0.7003,0.7003
1691670722000,0.7005,0.7005,0.7005
1691670723000,0.7007,0.7007,0.7007
1691670724000,0.701,0.701,0.701
1691670725000,0.70104354,0.70104354,0.70104354
1691670726000,0.7011,0.7011,0.7011
1691670727000,0.7006,0.7006,0.7006
1691670728000,0.7004,0.7004,0.7004
1691670729000,0.7002,0.7002,0.7002
1691670730000,0.7002,0.7002,0.7002
1691670731000,0.69991969,0.69991969,0.69991969
1691670732000,0.6997,0.6997,0.6997
1691670733000,0.69971762,0.69971762,0.69971762
1691670734000,0.69971762,0.69971762,0.69971762
1691670735000,0.69943948,0.69943948,0.69943948
1691670736000,0.699,0.699,0.699
1691670737000,0.69912193,0.69912193,0.69912193
1691670738000,0.69902017,0.69902017,0.69902017
1691670739000,0.6989,0.6989,0.6989
1691670740000,0.699,0.699,0.699
1691670741000,0.6992,0.6992,0.6992
1691670742000,0.699,0.699,0.699
1691670743000,0.6991,0.6991,0.6991
1691670744000,0.69894829,0.69894829,0.69894829
1691670745000,0.6988,0.6988,0.6988
1691670746000,0.6986,0.6986,0.6986
1691670747000,0.69843964,0.69843964,0.69843964
1691670748000,0.69843964,0.69843964,0.69843964
1691670749000,0.6987,0.6987,0.6987
1691670750000,0.6989,0.6989,0.6989
1691670751000,0.6987,0.6987,0.6987
1691670752000,0.69864722,0.69864722,0.69864722
1691670753000,0.69861773,0.69861773,0.69861773
1691670754000,0.6985,0.6985,0.6985
1691670755000,0.6986,0.6986,0.6986
1691670756000,0.6984346,0.6984346,0.6984346
1691670757000,0.69846497,0.69846497,0.69846497
1691670758000,0.6985,0.6985,0.6985
1691670759000,0.69840009,0.69840009,0.69840009
1691670760000,0.69830069,0.69830069,0.69830069
1691670761000,0.69829661,0.69829661,0.69829661
1691670762000,0.69832256,0.69832256,0.69832256
1691670763000,0.69832256,0.69832256,0.69832256
1691670764000,0.69832024,0.69832024,0.69832024
1691670765000,0.69817376,0.69817376,0.69817376
1691670766000,0.69817576,0.69817576,0.69817576
1691670767000,0.69827453,0.69827453,0.69827453
1691670768000,0.69830232,0.69830232,0.69830232
1691670769000,0.69830235,0.69830235,0.69830235
1691670770000,0.6987,0.6987,0.6987
1691670771000,0.6993,0.6993,0.6993
1691670772000,0.6994,0.6994,0.6994
1691670773000,0.6994,0.6994,0.6994
1691670774000,0.6994,0.6994,0.6994
1691670775000,0.6992,0.6992,0.6992
1691670776000,0.6993,0.6993,0.6993
1691670777000,0.6993,0.6993,0.6993
1691670778000,0.6993,0.6993,0.6993
1691670779000,0.6993,0.6993,0.6993
1691670780000,0.6993,0.6993,0.6993
1691670781000,0.6994,0.6994,0.6994
1691670782000,0.69971026,0.69971026,0.69971026
1691670783000,0.70001187,0.70001187,0.70001187
1691670784000,0.6998,0.6998,0.6998
1691670785000,0.6996,0.6996,0.6996
1691670786000,0.6997,0.6997,0.6997
1691670787000,0.6996,0.6996,0.6996
1691670788000,0.6995,0.6995,0.6995
1691670789000,0.6996,0.6996,0.6996
1691670790000,0.70035053,0.70035053,0.70035053
1691670791000,0.7003,0.7003,0.7003
1691670792000,0.70026236,0.70026236,0.70026236
1691670793000,0.7001,0.7001,0.7001
1691670794000,0.6998,0.6998,0.6998
1691670795000,0.6997,0.6997,0.6997
1691670796000,0.6996,0.6996,0.6996
1691670797000,0.6996,0.6996,0.6996
1691670798000,0.69967996,0.69967996,0.69967996
1691670799000,0.6995,0.6995,0.6995
1691670800000,0.6996,0.6996,0.6996
1691670801000,0.6997,0.6997,0.6997
1691670802000,0.6999,0.6999,0.6999
1691670803000,0.69996702,0.69996702,0.69996702
1691670804000,0.6999,0.6999,0.6999
1691670805000,0.6999,0.6999,0.6999
1691670806000,0.6995,0.6995,0.6995
1691670807000,0.6993,0.6993,0.6993
1691670808000,0.6999,0.6999,0.6999
1691670809000,0.6997,0.6997,0.6997
1691670810000,0.6998,0.6998,0.6998
1691670811000,0.6999,0.6999,0.6999
1691670812000,0.6998,0.6998,0.6998
1691670813000,0.6996,0.6996,0.6996
1691670814000,0.6996,0.6996,0.6996
1691670815000,0.6996,0.6996,0.6996
1691670816000,0.69986854,0.69986854,0.69986854
1691670817000,0.6996,0.6996,0.6996
1691670818000,0.6994,0.6994,0.6994
1691670819000,0.69977857,0.69977857,0.69977857
1691670820000,0.6999,0.6999,0.6999
1691670821000,0.69994838,0.69994838,0.69994838
1691670822000,0.69988637,0.69988637,0.69988637
1691670823000,0.6999794,0.6999794,0.6999794
1691670824000,0.7,0.7,0.7
1691670825000,0.6999,0.6999,0.6999
1691670826000,0.6997,0.6997,0.6997
1691670827000,0.6998,0.6998,0.6998
1691670828000,0.6997,0.6997,0.6997
1691670829000,0.69939369,0.69939369,0.69939369
1691670830000,0.6994,0.6994,0.6994
1691670831000,0.6992,0.6992,0.6992
1691670832000,0.6996,0.6996,0.6996
1691670833000,0.6993,0.6993,0.6993
1691670834000,0.6995,0.6995,0.6995
1691670835000,0.6995,0.6995,0.6995
1691670836000,0.6994,0.6994,0.6994
1691670837000,0.6994,0.6994,0.6994
1691670838000,0.6992,0.6992,0.6992
1691670839000,0.6992,0.6992,0.6992
1691670840000,0.6992,0.6992,0.6992
1691670841000,0.6995,0.6995,0.6995
1691670842000,0.6998,0.6998,0.6998
1691670843000,0.6995,0.6995,0.6995
1691670844000,0.6995,0.6995,0.6995
1691670845000,0.6999,0.6999,0.6999
1691670846000,0.6998,0.6998,0.6998
1691670847000,0.6998,0.6998,0.6998
1691670848000,0.6997,0.6997,0.6997
1691670849000,0.6996,0.6996,0.6996
1691670850000,0.6995,0.6995,0.6995
1691670851000,0.6995,0.6995,0.6995
1691670852000,0.69932388,0.69932388,0.69932388
1691670853000,0.69903058,0.69903058,0.69903058
1691670854000,0.69891375,0.69891375,0.69891375
1691670855000,0.69867988,0.69867988,0.69867988
1691670856000,0.69867406,0.69867406,0.69867406
1691670857000,0.69829017,0.69829017,0.69829017
1691670858000,0.6984,0.6984,0.6984
1691670859000,0.6983,0.6983,0.6983
1691670860000,0.6983,0.6983,0.6983
1691670861000,0.6983,0.6983,0.6983
1691670862000,0.6984,0.6984,0.6984
1691670863000,0.6987,0.6987,0.6987
1691670864000,0.69898815,0.69898815,0.69898815
1691670865000,0.6992,0.6992,0.6992
1691670866000,0.6995,0.6995,0.6995
1691670867000,0.69957658,0.69957658,0.69957658
1691670868000,0.6994,0.6994,0.6994
1691670869000,0.6994,0.6994,0.6994
1691670870000,0.6993,0.6993,0.6993
1691670871000,0.6993,0.6993,0.6993
1691670872000,0.6992,0.6992,0.6992
1691670873000,0.699,0.699,0.699
1691670874000,0.699,0.699,0.699
1691670875000,0.699,0.699,0.699
1691670876000,0.699,0.699,0.699
1691670877000,0.6991,0.6991,0.6991
1691670878000,0.6991,0.6991,0.6991
1691670879000,0.6993,0.6993,0.6993
1691670880000,0.6994,0.6994,0.6994
1691670881000,0.6994,0.6994,0.6994
1691670882000,0.6995,0.6995,0.6995
1691670883000,0.6996,0.6996,0.6996
1691670884000,0.6997,0.6997,0.6997
1691670885000,0.69972625,0.69972625,0.69972625
1691670886000,0.6998,0.6998,0.6998
1691670887000,0.6997,0.6997,0.6997
1691670888000,0.6997,0.6997,0.6997
1691670889000,0.6996,0.6996,0.6996
1691670890000,0.6996,0.6996,0.6996
1691670891000,0.6997,0.6997,0.6997
1691670892000,0.6996,0.6996,0.6996
1691670893000,0.6996,0.6996,0.6996
1691670894000,0.6997,0.6997,0.6997
1691670895000,0.6996,0.6996,0.6996
1691670896000,0.6996,0.6996,0.6996
1691670897000,0.6995,0.6995,0.6995
1691670898000,0.6993,0.6993,0.6993
1691670899000,0.6995,0.6995,0.6995
1691670900000,0.6990815,0.6990815,0.6990815
1691670901000,0.6989,0.6989,0.6989
1691670902000,0.6988,0.6988,0.6988
1691670903000,0.6989,0.6989,0.6989
1691670904000,0.6991,0.6991,0.6991
1691670905000,0.6991,0.6991,0.6991
1691670906000,0.6993,0.6993,0.6993
1691670907000,0.6994,0.6994,0.6994
1691670908000,0.6993,0.6993,0.6993
1691670909000,0.6993,0.6993,0.6993
1691670910000,0.6991,0.6991,0.6991
1691670911000,0.6992,0.6992,0.6992
1691670912000,0.6992,0.6992,0.6992
1691670913000,0.699,0.699,0.699
1691670914000,0.6991,0.6991,0.6991
1691670915000,0.6991,0.6991,0.6991
1691670916000,0.6991,0.6991,0.6991
1691670917000,0.6989,0.6989,0.6989
1691670918000,0.699,0.699,0.699
1691670919000,0.699,0.699,0.699
1691670920000,0.699,0.699,0.699
1691670921000,0.6988,0.6988,0.6988
1691670922000,0.6989,0.6989,0.6989
1691670923000,0.6988,0.6988,0.6988
1691670924000,0.6989,0.6989,0.6989
1691670925000,0.6989,0.6989,0.6989
1691670926000,0.6988,0.6988,0.6988
1691670927000,0.6988,0.6988,0.6988
1691670928000,0.6988,0.6988,0.6988
1691670929000,0.6987,0.6987,0.6987
1691670930000,0.6986,0.6986,0.6986
1691670931000,0.6986,0.6986,0.6986
1691670932000,0.6984,0.6984,0.6984
1691670933000,0.6984,0.6984,0.6984
1691670934000,0.6983573,0.6983573,0.6983573
1691670935000,0.69820526,0.69820526,0.69820526
1691670936000,0.6983,0.6983,0.6983
1691670937000,0.6982,0.6982,0.6982
1691670938000,0.6984,0.6984,0.6984
1691670939000,0.6984,0.6984,0.6984
1691670940000,0.6984,0.6984,0.6984
1691670941000,0.69830842,0.69830842,0.69830842
1691670942000,0.69820796,0.69820796,0.69820796
1691670943000,0.6985,0.6985,0.6985
1691670944000,0.69881277,0.69881277,0.69881277
1691670945000,0.6991,0.6991,0.6991
1691670946000,0.6991,0.6991,0.6991
1691670947000,0.6989,0.6989,0.6989
1691670948000,0.6988,0.6988,0.6988
1691670949000,0.6987,0.6987,0.6987
1691670950000,0.6987,0.6987,0.6987
1691670951000,0.6988,0.6988,0.6988
1691670952000,0.6988,0.6988,0.6988
1691670953000,0.6988,0.6988,0.6988
1691670954000,0.6988,0.6988,0.6988
1691670955000,0.6986,0.6986,0.6986
1691670956000,0.6987,0.6987,0.6987
1691670957000,0.6988,0.6988,0.6988
1691670958000,0.6987,0.6987,0.6987
1691670959000,0.6987,0.6987,0.6987
1691670960000,0.6987,0.6987,0.6987
1691670961000,0.699,0.699,0.699
1691670962000,0.6991,0.6991,0.6991
1691670963000,0.6993,0.6993,0.6993
1691670964000,0.6993,0.6993,0.6993
1691670965000,0.6993,0.6993,0.6993
1691670966000,0.6993,0.6993,0.6993
1691670967000,0.6992,0.6992,0.6992
1691670968000,0.6991,0.6991,0.6991
1691670969000,0.699,0.699,0.699
1691670970000,0.6991,0.6991,0.6991
1691670971000,0.699,0.699,0.699
1691670972000,0.6989,0.6989,0.6989
1691670973000,0.69886781,0.69886781,0.69886781
1691670974000,0.69871591,0.69871591,0.69871591
1691670975000,0.69872985,0.69872985,0.69872985
1691670976000,0.69872288,0.69872288,0.69872288
1691670977000,0.6987162,0.6987162,0.6987162
1691670978000,0.69866735,0.69866735,0.69866735
1691670979000,0.69851932,0.69851932,0.69851932
1691670980000,0.69858772,0.69858772,0.69858772
1691670981000,0.69858568,0.69858568,0.69858568
1691670982000,0.69858568,0.69858568,0.69858568
1691670983000,0.69858116,0.69858116,0.69858116
1691670984000,0.69865241,0.69865241,0.69865241
1691670985000,0.6986059,0.6986059,0.6986059
1691670986000,0.69881976,0.69881976,0.69881976
1691670987000,0.69882016,0.69882016,0.69882016
1691670988000,0.699,0.699,0.699
1691670989000,0.699,0.699,0.699
1691670990000,0.69903041,0.69903041,0.69903041
1691670991000,0.6991,0.6991,0.6991
1691670992000,0.6992,0.6992,0.6992
1691670993000,0.69901982,0.69901982,0.69901982
1691670994000,0.69892255,0.69892255,0.69892255
1691670995000,0.69892255,0.69892255,0.69892255
1691670996000,0.69883874,0.69883874,0.69883874
1691670997000,0.69879223,0.69879223,0.69879223
1691670998000,0.699,0.699,0.699
1691670999000,0.6991,0.6991,0.6991
1691671000000,0.69898526,0.69898526,0.69898526
1691671001000,0.699,0.699,0.699
1691671002000,0.699,0.699,0.699
1691671003000,0.6991,0.6991,0.6991
1691671004000,0.6991,0.6991,0.6991
1691671005000,0.6991,0.6991,0.6991
1691671006000,0.699,0.699,0.699
1691671007000,0.6989,0.6989,0.6989
1691671008000,0.69890028,0.69890028,0.69890028
1691671009000,0.699,0.699,0.699
1691671010000,0.699,0.699,0.699
1691671011000,0.699,0.699,0.699
1691671012000,0.69892667,0.69892667,0.69892667
1691671013000,0.69892667,0.69892667,0.69892667
1691671014000,0.69883361,0.69883361,0.69883361
1691671015000,0.69867716,0.69867716,0.69867716
1691671016000,0.69867483,0.69867483,0.69867483
1691671017000,0.69868903,0.69868903,0.69868903
1691671018000,0.69858857,0.69858857,0.69858857
1691671019000,0.69850125,0.69850125,0.69850125
1691671020000,0.69849943,0.69849943,0.69849943
1691671021000,0.69843676,0.69843676,0.69843676
1691671022000,0.69841839,0.69841839,0.69841839
1691671023000,0.69841839,0.69841839,0.69841839
1691671024000,0.69841924,0.69841924,0.69841924
1691671025000,0.69846571,0.69846571,0.69846571
1691671026000,0.69846571,0.69846571,0.69846571
1691671027000,0.6984,0.6984,0.6984
1691671028000,0.6984,0.6984,0.6984
1691671029000,0.6982,0.6982,0.6982
1691671030000,0.69815901,0.69815901,0.69815901
1691671031000,0.6981125,0.6981125,0.6981125
1691671032000,0.6981,0.6981,0.6981
1691671033000,0.6981,0.6981,0.6981
1691671034000,0.69802215,0.69802215,0.69802215
1691671035000,0.69802215,0.69802215,0.69802215
1691671036000,0.6982,0.6982,0.6982
1691671037000,0.6982,0.6982,0.6982
1691671038000,0.6982,0.6982,0.6982
1691671039000,0.6981,0.6981,0.6981
1691671040000,0.6981,0.6981,0.6981
1691671041000,0.6981,0.6981,0.6981
1691671042000,0.69803957,0.69803957,0.69803957
1691671043000,0.6981,0.6981,0.6981
1691671044000,0.698,0.698,0.698
1691671045000,0.697903,0.697903,0.697903
1691671046000,0.69774369,0.69774369,0.69774369
1691671047000,0.69774288,0.69774288,0.69774288
1691671048000,0.69774114,0.69774114,0.69774114
1691671049000,0.69766366,0.69766366,0.69766366
1691671050000,0.6977,0.6977,0.6977
1691671051000,0.69760897,0.69760897,0.69760897
1691671052000,0.6976069,0.6976069,0.6976069
1691671053000,0.69764162,0.69764162,0.69764162
1691671054000,0.69764159,0.69764159,0.69764159
1691671055000,0.69764159,0.69764159,0.69764159
1691671056000,0.69749156,0.69749156,0.69749156
1691671057000,0.69736484,0.69736484,0.69736484
1691671058000,0.69733451,0.69733451,0.69733451
1691671059000,0.69731091,0.69731091,0.69731091
1691671060000,0.69731037,0.69731037,0.69731037
1691671061000,0.6974,0.6974,0.6974
1691671062000,0.6974,0.6974,0.6974
1691671063000,0.6974,0.6974,0.6974
1691671064000,0.6977,0.6977,0.6977
1691671065000,0.6978,0.6978,0.6978
1691671066000,0.6977,0.6977,0.6977
1691671067000,0.6977,0.6977,0.6977
1691671068000,0.6977,0.6977,0.6977
1691671069000,0.6976,0.6976,0.6976
1691671070000,0.6976,0.6976,0.6976
1691671071000,0.6977,0.6977,0.6977
1691671072000,0.6978,0.6978,0.6978
1691671073000,0.6976,0.6976,0.6976
1691671074000,0.6975,0.6975,0.6975
1691671075000,0.6976,0.6976,0.6976
1691671076000,0.6977,0.6977,0.6977
1691671077000,0.6977,0.6977,0.6977
1691671078000,0.6976,0.6976,0.6976
1691671079000,0.6977,0.6977,0.6977
1691671080000,0.6978,0.6978,0.6978
1691671081000,0.6978,0.6978,0.6978
1691671082000,0.6977,0.6977,0.6977
1691671083000,0.6978,0.6978,0.6978
1691671084000,0.6977,0.6977,0.6977
1691671085000,0.6977,0.6977,0.6977
1691671086000,0.6976,0.6976,0.6976
1691671087000,0.6976,0.6976,0.6976
1691671088000,0.6977,0.6977,0.6977
1691671089000,0.6976,0.6976,0.6976
1691671090000,0.6977,0.6977,0.6977
1691671091000,0.69752199,0.69752199,0.69752199
1691671092000,0.69752199,0.69752199,0.69752199
1691671093000,0.6975153,0.6975153,0.6975153
1691671094000,0.69743084,0.69743084,0.69743084
1691671095000,0.69743084,0.69743084,0.69743084
1691671096000,0.69740851,0.69740851,0.69740851
1691671097000,0.69740851,0.69740851,0.69740851
1691671098000,0.6973988,0.6973988,0.6973988
1691671099000,0.69739795,0.69739795,0.69739795
1691671100000,0.69741001,0.69741001,0.69741001
1691671101000,0.69741001,0.69741001,0.69741001
1691671102000,0.69736269,0.69736269,0.69736269
1691671103000,0.69733013,0.69733013,0.69733013
1691671104000,0.6973119,0.6973119,0.6973119
1691671105000,0.69731044,0.69731044,0.69731044
1691671106000,0.69729652,0.69729652,0.69729652
1691671107000,0.69725466,0.69725466,0.69725466
1691671108000,0.69708917,0.69708917,0.69708917
1691671109000,0.69708998,0.69708998,0.69708998
1691671110000,0.69708153,0.69708153,0.69708153
1691671111000,0.69702828,0.69702828,0.69702828
1691671112000,0.69708953,0.69708953,0.69708953
1691671113000,0.69713607,0.69713607,0.69713607
1691671114000,0.69705785,0.69705785,0.69705785
1691671115000,0.69705132,0.69705132,0.69705132
1691671116000,0.69699496,0.69699496,0.69699496
1691671117000,0.6968432,0.6968432,0.6968432
1691671118000,0.69663739,0.69663739,0.69663739
1691671119000,0.69650128,0.69650128,0.69650128
1691671120000,0.6964324,0.6964324,0.6964324
1691671121000,0.69636164,0.69636164,0.69636164
1691671122000,0.69635942,0.69635942,0.69635942
1691671123000,0.6963059,0.6963059,0.6963059
1691671124000,0.6963059,0.6963059,0.6963059
1691671125000,0.69629102,0.69629102,0.69629102
1691671126000,0.69618292,0.69618292,0.69618292
1691671127000,0.69612345,0.69612345,0.69612345
1691671128000,0.69601768,0.69601768,0.69601768
1691671129000,0.69578539,0.69578539,0.69578539
1691671130000,0.69578539,0.69578539,0.69578539
1691671131000,0.69577715,0.69577715,0.69577715
1691671132000,0.69577715,0.69577715,0.69577715
1691671133000,0.69565544,0.69565544,0.69565544
1691671134000,0.69564115,0.69564115,0.69564115
1691671135000,0.69564115,0.69564115,0.69564115
1691671136000,0.69558142,0.69558142,0.69558142
1691671137000,0.69557364,0.69557364,0.69557364
1691671138000,0.69557364,0.69557364,0.69557364
1691671139000,0.69539299,0.69539299,0.69539299
1691671140000,0.69539299,0.69539299,0.69539299
1691671141000,0.69533557,0.69533557,0.69533557
1691671142000,0.69531229,0.69531229,0.69531229
1691671143000,0.69531229,0.69531229,0.69531229
1691671144000,0.69527016,0.69527016,0.69527016
1691671145000,0.69520656,0.69520656,0.69520656
1691671146000,0.69510505,0.69510505,0.69510505
1691671147000,0.69508229,0.69508229,0.69508229
1691671148000,0.69508229,0.69508229,0.69508229
1691671149000,0.69501113,0.69501113,0.69501113
1691671150000,0.69486528,0.69486528,0.69486528
1691671151000,0.69485274,0.69485274,0.69485274
1691671152000,0.69472062,0.69472062,0.69472062
1691671153000,0.69461052,0.69461052,0.69461052
1691671154000,0.69457734,0.69457734,0.69457734
1691671155000,0.69443189,0.69443189,0.69443189
1691671156000,0.69439612,0.69439612,0.69439612
1691671157000,0.69461902,0.69461902,0.69461902
1691671158000,0.69468955,0.69468955,0.69468955
1691671159000,0.69479082,0.69479082,0.69479082
1691671160000,0.69479082,0.69479082,0.69479082
1691671161000,0.69469396,0.69469396,0.69469396
1691671162000,0.6947,0.6947,0.6947
1691671163000,0.69499059,0.69499059,0.69499059
1691671164000,0.6951,0.6951,0.6951
1691671165000,0.6951,0.6951,0.6951
1691671166000,0.69529137,0.69529137,0.69529137
1691671167000,0.6954,0.6954,0.6954
1691671168000,0.6953,0.6953,0.6953
1691671169000,0.6952,0.6952,0.6952
1691671170000,0.6954,0.6954,0.6954
1691671171000,0.6951,0.6951,0.6951
1691671172000,0.69506289,0.69506289,0.69506289
1691671173000,0.6951,0.6951,0.6951
1691671174000,0.6952,0.6952,0.6952
1691671175000,0.6951,0.6951,0.6951
1691671176000,0.6951,0.6951,0.6951
1691671177000,0.6952,0.6952,0.6952
1691671178000,0.6954,0.6954,0.6954
1691671179000,0.6955,0.6955,0.6955
1691671180000,0.6956,0.6956,0.6956
1691671181000,0.6957,0.6957,0.6957
1691671182000,0.6957,0.6957,0.6957
1691671183000,0.6957,0.6957,0.6957
1691671184000,0.6956,0.6956,0.6956
1691671185000,0.6955,0.6955,0.6955
1691671186000,0.6954,0.6954,0.6954
1691671187000,0.6955,0.6955,0.6955
1691671188000,0.6954,0.6954,0.6954
1691671189000,0.6954,0.6954,0.6954
1691671190000,0.6954,0.6954,0.6954
1691671191000,0.6954,0.6954,0.6954
1691671192000,0.6955,0.6955,0.6955
1691671193000,0.6954,0.6954,0.6954
1691671194000,0.6953,0.6953,0.6953
1691671195000,0.6953,0.6953,0.6953
1691671196000,0.6953,0.6953,0.6953
1691671197000,0.6953,0.6953,0.6953
1691671198000,0.6953,0.6953,0.6953
1691671199000,0.6953,0.6953,0.6953
1691671200000,0.6953,0.6953,0.6953
1691671201000,0.6953,0.6953,0.6953
1691671202000,0.6952,0.6952,0.6952
1691671203000,0.6951,0.6951,0.6951
1691671204000,0.69496482,0.69496482,0.69496482
1691671205000,0.69492282,0.69492282,0.69492282
1691671206000,0.69486397,0.69486397,0.69486397
1691671207000,0.69485878,0.69485878,0.69485878
1691671208000,0.69476056,0.69476056,0.69476056
1691671209000,0.69475841,0.69475841,0.69475841
1691671210000,0.69475841,0.69475841,0.69475841
1691671211000,0.69478321,0.69478321,0.69478321
1691671212000,0.69470341,0.69470341,0.69470341
1691671213000,0.69470177,0.69470177,0.69470177
1691671214000,0.6949,0.6949,0.6949
1691671215000,0.69493742,0.69493742,0.69493742
1691671216000,0.6949,0.6949,0.6949
1691671217000,0.69482576,0.69482576,0.69482576
1691671218000,0.69447351,0.69447351,0.69447351
1691671219000,0.69447085,0.69447085,0.69447085
1691671220000,0.69447004,0.69447004,0.69447004
1691671221000,0.69437622,0.69437622,0.69437622
1691671222000,0.69425991,0.69425991,0.69425991
1691671223000,0.69424757,0.69424757,0.69424757
1691671224000,0.69422683,0.69422683,0.69422683
1691671225000,0.69422683,0.69422683,0.69422683
1691671226000,0.69412387,0.69412387,0.69412387
1691671227000,0.69406959,0.69406959,0.69406959
1691671228000,0.69400885,0.69400885,0.69400885
1691671229000,0.69403564,0.69403564,0.69403564
1691671230000,0.6941,0.6941,0.6941
1691671231000,0.69415642,0.69415642,0.69415642
1691671232000,0.69405744,0.69405744,0.69405744
1691671233000,0.69403014,0.69403014,0.69403014
1691671234000,0.69403114,0.69403114,0.69403114
1691671235000,0.69403114,0.69403114,0.69403114
1691671236000,0.69415826,0.69415826,0.69415826
1691671237000,0.69409934,0.69409934,0.69409934
1691671238000,0.69398785,0.69398785,0.69398785
1691671239000,0.69398785,0.69398785,0.69398785
1691671240000,0.69399436,0.69399436,0.69399436
1691671241000,0.69398934,0.69398934,0.69398934
1691671242000,0.69398934,0.69398934,0.69398934
1691671243000,0.69398934,0.69398934,0.69398934
1691671244000,0.6939824,0.6939824,0.6939824
1691671245000,0.69398158,0.69398158,0.69398158
1691671246000,0.69398158,0.69398158,0.69398158
1691671247000,0.694,0.694,0.694
1691671248000,0.69404205,0.69404205,0.69404205
1691671249000,0.6942,0.6942,0.6942
1691671250000,0.6943,0.6943,0.6943
1691671251000,0.6944,0.6944,0.6944
1691671252000,0.6943,0.6943,0.6943
1691671253000,0.6948,0.6948,0.6948
1691671254000,0.6947,0.6947,0.6947
1691671255000,0.6945,0.6945,0.6945
1691671256000,0.69448689,0.69448689,0.69448689
1691671257000,0.69442078,0.69442078,0.69442078
1691671258000,0.6943057,0.6943057,0.6943057
1691671259000,0.6943057,0.6943057,0.6943057
1691671260000,0.69429808,0.69429808,0.69429808
1691671261000,0.69415324,0.69415324,0.69415324
1691671262000,0.69415324,0.69415324,0.69415324
1691671263000,0.69397665,0.69397665,0.69397665
1691671264000,0.69396929,0.69396929,0.69396929
1691671265000,0.69396849,0.69396849,0.69396849
1691671266000,0.69395765,0.69395765,0.69395765
1691671267000,0.69386107,0.69386107,0.69386107
1691671268000,0.69386107,0.69386107,0.69386107
1691671269000,0.69391436,0.69391436,0.69391436
1691671270000,0.694,0.694,0.694
1691671271000,0.6941,0.6941,0.6941
1691671272000,0.6942,0.6942,0.6942
1691671273000,0.69422403,0.69422403,0.69422403
1691671274000,0.69422483,0.69422483,0.69422483
1691671275000,0.69422483,0.69422483,0.69422483
1691671276000,0.69413377,0.69413377,0.69413377
1691671277000,0.69413373,0.69413373,0.69413373
1691671278000,0.69413293,0.69413293,0.69413293
1691671279000,0.69413293,0.69413293,0.69413293
1691671280000,0.69408645,0.69408645,0.69408645
1691671281000,0.69412891,0.69412891,0.69412891
1691671282000,0.69412891,0.69412891,0.69412891
1691671283000,0.69417543,0.69417543,0.69417543
1691671284000,0.6942,0.6942,0.6942
1691671285000,0.69409672,0.69409672,0.69409672
1691671286000,0.6938,0.6938,0.6938
1691671287000,0.6938,0.6938,0.6938
1691671288000,0.69375235,0.69375235,0.69375235
1691671289000,0.6937,0.6937,0.6937
1691671290000,0.6936,0.6936,0.6936
1691671291000,0.6935,0.6935,0.6935
1691671292000,0.6934,0.6934,0.6934
1691671293000,0.6935,0.6935,0.6935
1691671294000,0.6937,0.6937,0.6937
1691671295000,0.6937,0.6937,0.6937
1691671296000,0.6938,0.6938,0.6938
1691671297000,0.6938,0.6938,0.6938
1691671298000,0.6938,0.6938,0.6938
1691671299000,0.6938,0.6938,0.6938
1691671300000,0.6938,0.6938,0.6938
1691671301000,0.6939,0.6939,0.6939
1691671302000,0.6937,0.6937,0.6937
1691671303000,0.6937,0.6937,0.6937
1691671304000,0.6938,0.6938,0.6938
1691671305000,0.6937,0.6937,0.6937
1691671306000,0.6936,0.6936,0.6936
1691671307000,0.6931,0.6931,0.6931
1691671308000,0.6931,0.6931,0.6931
1691671309000,0.693,0.693,0.693
1691671310000,0.6929,0.6929,0.6929
1691671311000,0.6929,0.6929,0.6929
1691671312000,0.6928,0.6928,0.6928
1691671313000,0.6927,0.6927,0.6927
1691671314000,0.6926,0.6926,0.6926
1691671315000,0.6926,0.6926,0.6926
1691671316000,0.6926,0.6926,0.6926
1691671317000,0.6926,0.6926,0.6926
1691671318000,0.6927,0.6927,0.6927
1691671319000,0.6927,0.6927,0.6927
1691671320000,0.6924725,0.6924725,0.6924725
1691671321000,0.6924,0.6924,0.6924
1691671322000,0.6923,0.6923,0.6923
1691671323000,0.6922,0.6922,0.6922
1691671324000,0.6922,0.6922,0.6922
1691671325000,0.69202364,0.69202364,0.69202364
1691671326000,0.6921,0.6921,0.6921
1691671327000,0.69194443,0.69194443,0.69194443
1691671328000,0.69194695,0.69194695,0.69194695
1691671329000,0.6919,0.6919,0.6919
1691671330000,0.6918646,0.6918646,0.6918646
1691671331000,0.69185759,0.69185759,0.69185759
1691671332000,0.6918176,0.6918176,0.6918176
1691671333000,0.69181672,0.69181672,0.69181672
1691671334000,0.6919,0.6919,0.6919
1691671335000,0.69170044,0.69170044,0.69170044
1691671336000,0.6918,0.6918,0.6918
1691671337000,0.6919,0.6919,0.6919
1691671338000,0.6918,0.6918,0.6918
1691671339000,0.69173947,0.69173947,0.69173947
1691671340000,0.69173947,0.69173947,0.69173947
1691671341000,0.6917383,0.6917383,0.6917383
1691671342000,0.692,0.692,0.692
1691671343000,0.6921,0.6921,0.6921
1691671344000,0.692,0.692,0.692
1691671345000,0.69190274,0.69190274,0.69190274
1691671346000,0.692,0.692,0.692
1691671347000,0.6921,0.6921,0.6921
1691671348000,0.69192902,0.69192902,0.69192902
1691671349000,0.6921,0.6921,0.6921
1691671350000,0.692,0.692,0.692
1691671351000,0.692,0.692,0.692
1691671352000,0.6921,0.6921,0.6921
1691671353000,0.6922,0.6922,0.6922
1691671354000,0.6921,0.6921,0.6921
1691671355000,0.6921,0.6921,0.6921
1691671356000,0.692,0.692,0.692
1691671357000,0.692,0.692,0.692
1691671358000,0.692,0.692,0.692
1691671359000,0.692,0.692,0.692
1691671360000,0.6921,0.6921,0.6921
1691671361000,0.692,0.692,0.692
1691671362000,0.692,0.692,0.692
1691671363000,0.692,0.692,0.692
1691671364000,0.692,0.692,0.692
1691671365000,0.692,0.692,0.692
1691671366000,0.692,0.692,0.692
1691671367000,0.692,0.692,0.692
1691671368000,0.6921,0.6921,0.6921
1691671369000,0.6921,0.6921,0.6921
1691671370000,0.6922,0.6922,0.6922
1691671371000,0.6924,0.6924,0.6924
1691671372000,0.6924,0.6924,0.6924
1691671373000,0.6924,0.6924,0.6924
1691671374000,0.6924,0.6924,0.6924
1691671375000,0.6925,0.6925,0.6925
1691671376000,0.6926,0.6926,0.6926
1691671377000,0.6927,0.6927,0.6927
1691671378000,0.6927,0.6927,0.6927
1691671379000,0.6925,0.6925,0.6925
1691671380000,0.6924,0.6924,0.6924
1691671381000,0.6925,0.6925,0.6925
1691671382000,0.69212424,0.69212424,0.69212424
1691671383000,0.6921,0.6921,0.6921
1691671384000,0.6922,0.6922,0.6922
1691671385000,0.6924,0.6924,0.6924
1691671386000,0.6924,0.6924,0.6924
1691671387000,0.6924,0.6924,0.6924
1691671388000,0.6924,0.6924,0.6924
1691671389000,0.6924,0.6924,0.6924
1691671390000,0.6924,0.6924,0.6924
1691671391000,0.6925,0.6925,0.6925
1691671392000,0.6924,0.6924,0.6924
1691671393000,0.6925,0.6925,0.6925
1691671394000,0.6926,0.6926,0.6926
1691671395000,0.6926,0.6926,0.6926
1691671396000,0.692746,0.692746,0.692746
1691671397000,0.6927,0.6927,0.6927
1691671398000,0.6927,0.6927,0.6927
1691671399000,0.69288261,0.69288261,0.69288261
1691671400000,0.69289395,0.69289395,0.69289395
1691671401000,0.69289395,0.69289395,0.69289395
1691671402000,0.6929,0.6929,0.6929
1691671403000,0.6929,0.6929,0.6929
1691671404000,0.6928,0.6928,0.6928
1691671405000,0.6928,0.6928,0.6928
1691671406000,0.6929,0.6929,0.6929
1691671407000,0.69297613,0.69297613,0.69297613
1691671408000,0.6929,0.6929,0.6929
1691671409000,0.69298127,0.69298127,0.69298127
1691671410000,0.69299085,0.69299085,0.69299085
1691671411000,0.6929,0.6929,0.6929
1691671412000,0.6929,0.6929,0.6929
1691671413000,0.6929,0.6929,0.6929
1691671414000,0.693,0.693,0.693
1691671415000,0.6931,0.6931,0.6931
1691671416000,0.6929,0.6929,0.6929
1691671417000,0.6931,0.6931,0.6931
1691671418000,0.69319847,0.69319847,0.69319847
1691671419000,0.69329727,0.69329727,0.69329727
1691671420000,0.69339107,0.69339107,0.69339107
1691671421000,0.6933,0.6933,0.6933
1691671422000,0.6929,0.6929,0.6929
1691671423000,0.6931,0.6931,0.6931
1691671424000,0.693,0.693,0.693
1691671425000,0.6931,0.6931,0.6931
1691671426000,0.693,0.693,0.693
1691671427000,0.6932,0.6932,0.6932
1691671428000,0.6931,0.6931,0.6931
1691671429000,0.6933,0.6933,0.6933
1691671430000,0.6933,0.6933,0.6933
1691671431000,0.6933,0.6933,0.6933
1691671432000,0.6934,0.6934,0.6934
1691671433000,0.6934,0.6934,0.6934
1691671434000,0.6934,0.6934,0.6934
1691671435000,0.69357549,0.69357549,0.69357549
1691671436000,0.69357549,0.69357549,0.69357549
1691671437000,0.6936,0.6936,0.6936
1691671438000,0.69379577,0.69379577,0.69379577
1691671439000,0.6938,0.6938,0.6938
1691671440000,0.6937,0.6937,0.6937
1691671441000,0.6936,0.6936,0.6936
1691671442000,0.6933,0.6933,0.6933
1691671443000,0.6933,0.6933,0.6933
1691671444000,0.6934,0.6934,0.6934
1691671445000,0.6933,0.6933,0.6933
1691671446000,0.6933,0.6933,0.6933
1691671447000,0.6935,0.6935,0.6935
1691671448000,0.6935,0.6935,0.6935
1691671449000,0.6934,0.6934,0.6934
1691671450000,0.6933,0.6933,0.6933
1691671451000,0.6934,0.6934,0.6934
1691671452000,0.6932,0.6932,0.6932
1691671453000,0.6934,0.6934,0.6934
1691671454000,0.6933,0.6933,0.6933
1691671455000,0.6934,0.6934,0.6934
1691671456000,0.6933,0.6933,0.6933
1691671457000,0.6933,0.6933,0.6933
1691671458000,0.6933,0.6933,0.6933
1691671459000,0.6933,0.6933,0.6933
1691671460000,0.6933,0.6933,0.6933
1691671461000,0.69322519,0.69322519,0.69322519
1691671462000,0.6931,0.6931,0.6931
1691671463000,0.6929,0.6929,0.6929
1691671464000,0.69287842,0.69287842,0.69287842
1691671465000,0.6928,0.6928,0.6928
1691671466000,0.6928,0.6928,0.6928
1691671467000,0.6928,0.6928,0.6928
1691671468000,0.693,0.693,0.693
1691671469000,0.6931,0.6931,0.6931
1691671470000,0.6932,0.6932,0.6932
1691671471000,0.6931,0.6931,0.6931
1691671472000,0.6931,0.6931,0.6931
1691671473000,0.693,0.693,0.693
1691671474000,0.69290501,0.69290501,0.69290501
1691671475000,0.6929,0.6929,0.6929
1691671476000,0.69282003,0.69282003,0.69282003
1691671477000,0.6929,0.6929,0.6929
1691671478000,0.6929,0.6929,0.6929
1691671479000,0.6929,0.6929,0.6929
1691671480000,0.6929,0.6929,0.6929
1691671481000,0.6929,0.6929,0.6929
1691671482000,0.693,0.693,0.693
1691671483000,0.6929,0.6929,0.6929
1691671484000,0.6928,0.6928,0.6928
1691671485000,0.6928,0.6928,0.6928
1691671486000,0.69274215,0.69274215,0.69274215
1691671487000,0.6928,0.6928,0.6928
1691671488000,0.69271505,0.69271505,0.69271505
1691671489000,0.6927134,0.6927134,0.6927134
1691671490000,0.69261553,0.69261553,0.69261553
1691671491000,0.69264809,0.69264809,0.69264809
1691671492000,0.6927,0.6927,0.6927
1691671493000,0.69263413,0.69263413,0.69263413
1691671494000,0.6925,0.6925,0.6925
1691671495000,0.69249568,0.69249568,0.69249568
1691671496000,0.6925,0.6925,0.6925
1691671497000,0.6926,0.6926,0.6926
1691671498000,0.6928,0.6928,0.6928
1691671499000,0.6928,0.6928,0.6928
1691671500000,0.6928,0.6928,0.6928
1691671501000,0.6928,0.6928,0.6928
1691671502000,0.6929,0.6929,0.6929
1691671503000,0.6928,0.6928,0.6928
1691671504000,0.693,0.693,0.693
1691671505000,0.6929,0.6929,0.6929
1691671506000,0.6929,0.6929,0.6929
1691671507000,0.6927,0.6927,0.6927
1691671508000,0.6925,0.6925,0.6925
1691671509000,0.6925,0.6925,0.6925
1691671510000,0.6925,0.6925,0.6925
1691671511000,0.69241259,0.69241259,0.69241259
1691671512000,0.69241259,0.69241259,0.69241259
1691671513000,0.69238135,0.69238135,0.69238135
1691671514000,0.69232464,0.69232464,0.69232464
1691671515000,0.69233804,0.69233804,0.69233804
1691671516000,0.69233881,0.69233881,0.69233881
1691671517000,0.69233881,0.69233881,0.69233881
1691671518000,0.69230403,0.69230403,0.69230403
1691671519000,0.69230403,0.69230403,0.69230403
1691671520000,0.69230312,0.69230312,0.69230312
1691671521000,0.69230312,0.69230312,0.69230312
1691671522000,0.69232249,0.69232249,0.69232249
1691671523000,0.69227514,0.69227514,0.69227514
1691671524000,0.69226843,0.69226843,0.69226843
1691671525000,0.69227316,0.69227316,0.69227316
1691671526000,0.69221294,0.69221294,0.69221294
1691671527000,0.6922,0.6922,0.6922
1691671528000,0.692242,0.692242,0.692242
1691671529000,0.69224281,0.69224281,0.69224281
1691671530000,0.69224764,0.69224764,0.69224764
1691671531000,0.69224764,0.69224764,0.69224764
1691671532000,0.69224845,0.69224845,0.69224845
1691671533000,0.69223453,0.69223453,0.69223453
1691671534000,0.69223369,0.69223369,0.69223369
1691671535000,0.69223456,0.69223456,0.69223456
1691671536000,0.69223657,0.69223657,0.69223657
1691671537000,0.69219005,0.69219005,0.69219005
1691671538000,0.69219002,0.69219002,0.69219002
1691671539000,0.69219002,0.69219002,0.69219002
1691671540000,0.6922,0.6922,0.6922
1691671541000,0.69219038,0.69219038,0.69219038
1691671542000,0.69239585,0.69239585,0.69239585
1691671543000,0.69234933,0.69234933,0.69234933
1691671544000,0.69235466,0.69235466,0.69235466
1691671545000,0.69236203,0.69236203,0.69236203
1691671546000,0.6923473,0.6923473,0.6923473
1691671547000,0.69234807,0.69234807,0.69234807
1691671548000,0.69228684,0.69228684,0.69228684
1691671549000,0.69228761,0.69228761,0.69228761
1691671550000,0.69228761,0.69228761,0.69228761
1691671551000,0.69220013,0.69220013,0.69220013
1691671552000,0.69220016,0.69220016,0.69220016
1691671553000,0.69220013,0.69220013,0.69220013
1691671554000,0.69221488,0.69221488,0.69221488
1691671555000,0.6921631,0.6921631,0.6921631
1691671556000,0.6921621,0.6921621,0.6921621
1691671557000,0.6921621,0.6921621,0.6921621
1691671558000,0.69211478,0.69211478,0.69211478
1691671559000,0.6921613,0.6921613,0.6921613
1691671560000,0.6921613,0.6921613,0.6921613
1691671561000,0.69227224,0.69227224,0.69227224
1691671562000,0.69227224,0.69227224,0.69227224
1691671563000,0.69227143,0.69227143,0.69227143
1691671564000,0.6923,0.6923,0.6923
1691671565000,0.69263688,0.69263688,0.69263688
1691671566000,0.6926,0.6926,0.6926
1691671567000,0.6926,0.6926,0.6926
1691671568000,0.6927,0.6927,0.6927
1691671569000,0.6926,0.6926,0.6926
1691671570000,0.6926173,0.6926173,0.6926173
1691671571000,0.6927,0.6927,0.6927
1691671572000,0.6927,0.6927,0.6927
1691671573000,0.6928,0.6928,0.6928
1691671574000,0.6928,0.6928,0.6928
1691671575000,0.6929,0.6929,0.6929
1691671576000,0.6929,0.6929,0.6929
1691671577000,0.6929,0.6929,0.6929
1691671578000,0.6928,0.6928,0.6928
1691671579000,0.693,0.693,0.693
1691671580000,0.693,0.693,0.693
1691671581000,0.6929,0.6929,0.6929
1691671582000,0.6929,0.6929,0.6929
1691671583000,0.6931,0.6931,0.6931
1691671584000,0.6932,0.6932,0.6932
1691671585000,0.6932,0.6932,0.6932
1691671586000,0.6932,0.6932,0.6932
1691671587000,0.6931,0.6931,0.6931
1691671588000,0.6932402,0.6932402,0.6932402
1691671589000,0.6933,0.6933,0.6933
1691671590000,0.6932,0.6932,0.6932
1691671591000,0.6932,0.6932,0.6932
1691671592000,0.6933,0.6933,0.6933
1691671593000,0.6933,0.6933,0.6933
1691671594000,0.6933,0.6933,0.6933
1691671595000,0.6933,0.6933,0.6933
1691671596000,0.6933,0.6933,0.6933
1691671597000,0.6933,0.6933,0.6933
1691671598000,0.69339118,0.69339118,0.69339118
1691671599000,0.6934,0.6934,0.6934
1691671600000,0.69348068,0.69348068,0.69348068
1691671601000,0.69348068,0.69348068,0.69348068
1691671602000,0.69348067,0.69348067,0.69348067
1691671603000,0.6934,0.6934,0.6934
1691671604000,0.6934807,0.6934807,0.6934807
1691671605000,0.69347989,0.69347989,0.69347989
1691671606000,0.6934807,0.6934807,0.6934807
1691671607000,0.6934807,0.6934807,0.6934807
1691671608000,0.69363111,0.69363111,0.69363111
1691671609000,0.6938483,0.6938483,0.6938483
1691671610000,0.6938954,0.6938954,0.6938954
1691671611000,0.6938954,0.6938954,0.6938954
1691671612000,0.69389539,0.69389539,0.69389539
1691671613000,0.6938,0.6938,0.6938
1691671614000,0.6936,0.6936,0.6936
1691671615000,0.6934,0.6934,0.6934
1691671616000,0.6934,0.6934,0.6934
1691671617000,0.6934,0.6934,0.6934
1691671618000,0.6934,0.6934,0.6934
1691671619000,0.69359372,0.69359372,0.69359372
1691671620000,0.69359372,0.69359372,0.69359372
1691671621000,0.69368597,0.69368597,0.69368597
1691671622000,0.69368674,0.69368674,0.69368674
1691671623000,0.6936,0.6936,0.6936
1691671624000,0.6936,0.6936,0.6936
1691671625000,0.6936,0.6936,0.6936
1691671626000,0.6936,0.6936,0.6936
1691671627000,0.6936,0.6936,0.6936
1691671628000,0.69343712,0.69343712,0.69343712
1691671629000,0.69343712,0.69343712,0.69343712
1691671630000,0.69353733,0.69353733,0.69353733
1691671631000,0.6935,0.6935,0.6935
1691671632000,0.6935,0.6935,0.6935
1691671633000,0.69339927,0.69339927,0.69339927
1691671634000,0.69331796,0.69331796,0.69331796
1691671635000,0.69331448,0.69331448,0.69331448
1691671636000,0.69331228,0.69331228,0.69331228
1691671637000,0.6933,0.6933,0.6933
1691671638000,0.6934,0.6934,0.6934
1691671639000,0.6935,0.6935,0.6935
1691671640000,0.6935,0.6935,0.6935
1691671641000,0.69365128,0.69365128,0.69365128
1691671642000,0.6937,0.6937,0.6937
1691671643000,0.6937,0.6937,0.6937
1691671644000,0.69386877,0.69386877,0.69386877
1691671645000,0.69397505,0.69397505,0.69397505
1691671646000,0.69397504,0.69397504,0.69397504
1691671647000,0.69397922,0.69397922,0.69397922
1691671648000,0.69397545,0.69397545,0.69397545
1691671649000,0.69400332,0.69400332,0.69400332
1691671650000,0.694,0.694,0.694
1691671651000,0.6939,0.6939,0.6939
1691671652000,0.6937,0.6937,0.6937
1691671653000,0.6937,0.6937,0.6937
1691671654000,0.6937,0.6937,0.6937
1691671655000,0.6939,0.6939,0.6939
1691671656000,0.6939,0.6939,0.6939
1691671657000,0.69395805,0.69395805,0.69395805
1691671658000,0.69395889,0.69395889,0.69395889
1691671659000,0.69395889,0.69395889,0.69395889
1691671660000,0.6939,0.6939,0.6939
1691671661000,0.69398679,0.69398679,0.69398679
1691671662000,0.6941,0.6941,0.6941
1691671663000,0.6941,0.6941,0.6941
1691671664000,0.69418241,0.69418241,0.69418241
1691671665000,0.69419055,0.69419055,0.69419055
1691671666000,0.69419055,0.69419055,0.69419055
1691671667000,0.69424636,0.69424636,0.69424636
1691671668000,0.6943,0.6943,0.6943
1691671669000,0.69429792,0.69429792,0.69429792
1691671670000,0.6942848,0.6942848,0.6942848
1691671671000,0.69428477,0.69428477,0.69428477
1691671672000,0.6942848,0.6942848,0.6942848
1691671673000,0.69428479,0.69428479,0.69428479
1691671674000,0.69433047,0.69433047,0.69433047
1691671675000,0.69446207,0.69446207,0.69446207
1691671676000,0.69448931,0.69448931,0.69448931
1691671677000,0.69455358,0.69455358,0.69455358
1691671678000,0.69455374,0.69455374,0.69455374
1691671679000,0.69455374,0.69455374,0.69455374
1691671680000,0.69455373,0.69455373,0.69455373
1691671681000,0.69461068,0.69461068,0.69461068
1691671682000,0.69461068,0.69461068,0.69461068
1691671683000,0.69477297,0.69477297,0.69477297
1691671684000,0.69481317,0.69481317,0.69481317
1691671685000,0.69493411,0.69493411,0.69493411
1691671686000,0.69488759,0.69488759,0.69488759
1691671687000,0.69488759,0.69488759,0.69488759
1691671688000,0.69488959,0.69488959,0.69488959
1691671689000,0.69490511,0.69490511,0.69490511
1691671690000,0.69490565,0.69490565,0.69490565
1691671691000,0.69490513,0.69490513,0.69490513
1691671692000,0.69491431,0.69491431,0.69491431
1691671693000,0.69491434,0.69491434,0.69491434
1691671694000,0.69491434,0.69491434,0.69491434
1691671695000,0.69490398,0.69490398,0.69490398
1691671696000,0.69470071,0.69470071,0.69470071
1691671697000,0.6948,0.6948,0.6948
1691671698000,0.6947,0.6947,0.6947
1691671699000,0.6947,0.6947,0.6947
1691671700000,0.6944,0.6944,0.6944
1691671701000,0.6945,0.6945,0.6945
1691671702000,0.6946,0.6946,0.6946
1691671703000,0.6945,0.6945,0.6945
1691671704000,0.6944,0.6944,0.6944
1691671705000,0.6944,0.6944,0.6944
1691671706000,0.6944,0.6944,0.6944
1691671707000,0.6944,0.6944,0.6944
1691671708000,0.6944,0.6944,0.6944
1691671709000,0.69455682,0.69455682,0.69455682
1691671710000,0.6947,0.6947,0.6947
1691671711000,0.6946,0.6946,0.6946
1691671712000,0.6945196,0.6945196,0.6945196
1691671713000,0.6944,0.6944,0.6944
1691671714000,0.6945,0.6945,0.6945
1691671715000,0.6945552,0.6945552,0.6945552
1691671716000,0.69461101,0.69461101,0.69461101
1691671717000,0.6946,0.6946,0.6946
1691671718000,0.69470844,0.69470844,0.69470844
1691671719000,0.69470843,0.69470843,0.69470843
1691671720000,0.6947,0.6947,0.6947
1691671721000,0.69470759,0.69470759,0.69470759
1691671722000,0.69470759,0.69470759,0.69470759
1691671723000,0.6948,0.6948,0.6948
1691671724000,0.69486272,0.69486272,0.69486272
1691671725000,0.69490946,0.69490946,0.69490946
1691671726000,0.69490869,0.69490869,0.69490869
1691671727000,0.69490869,0.69490869,0.69490869
1691671728000,0.6948982,0.6948982,0.6948982
1691671729000,0.6948,0.6948,0.6948
1691671730000,0.6947,0.6947,0.6947
1691671731000,0.6948,0.6948,0.6948
1691671732000,0.6948095,0.6948095,0.6948095
1691671733000,0.6948095,0.6948095,0.6948095
1691671734000,0.69480949,0.69480949,0.69480949
1691671735000,0.6949,0.6949,0.6949
1691671736000,0.69491481,0.69491481,0.69491481
1691671737000,0.69496209,0.69496209,0.69496209
1691671738000,0.69499283,0.69499283,0.69499283
1691671739000,0.69499286,0.69499286,0.69499286
1691671740000,0.69499367,0.69499367,0.69499367
1691671741000,0.69501113,0.69501113,0.69501113
1691671742000,0.69516539,0.69516539,0.69516539
1691671743000,0.695,0.695,0.695
1691671744000,0.69502008,0.69502008,0.69502008
1691671745000,0.69502004,0.69502004,0.69502004
1691671746000,0.69504604,0.69504604,0.69504604
1691671747000,0.6949,0.6949,0.6949
1691671748000,0.6949,0.6949,0.6949
1691671749000,0.69497245,0.69497245,0.69497245
1691671750000,0.69501896,0.69501896,0.69501896
1691671751000,0.695,0.695,0.695
1691671752000,0.69497244,0.69497244,0.69497244
1691671753000,0.69497244,0.69497244,0.69497244
1691671754000,0.69497247,0.69497247,0.69497247
1691671755000,0.69501898,0.69501898,0.69501898
1691671756000,0.69503293,0.69503293,0.69503293
1691671757000,0.69503296,0.69503296,0.69503296
1691671758000,0.695,0.695,0.695
1691671759000,0.69509635,0.69509635,0.69509635
1691671760000,0.69509551,0.69509551,0.69509551
1691671761000,0.69509415,0.69509415,0.69509415
1691671762000,0.69509415,0.69509415,0.69509415
1691671763000,0.6949977,0.6949977,0.6949977
1691671764000,0.6949977,0.6949977,0.6949977
1691671765000,0.695,0.695,0.695
1691671766000,0.6949969,0.6949969,0.6949969
1691671767000,0.69498294,0.69498294,0.69498294
1691671768000,0.69498294,0.69498294,0.69498294
1691671769000,0.69498524,0.69498524,0.69498524
1691671770000,0.6949745,0.6949745,0.6949745
1691671771000,0.6949737,0.6949737,0.6949737
1691671772000,0.6949737,0.6949737,0.6949737
1691671773000,0.6949745,0.6949745,0.6949745
1691671774000,0.69494177,0.69494177,0.69494177
1691671775000,0.69494181,0.69494181,0.69494181
1691671776000,0.69494261,0.69494261,0.69494261
1691671777000,0.69494261,0.69494261,0.69494261
1691671778000,0.69494261,0.69494261,0.69494261
1691671779000,0.69484551,0.69484551,0.69484551
1691671780000,0.69484554,0.69484554,0.69484554
1691671781000,0.69484554,0.69484554,0.69484554
1691671782000,0.69483814,0.69483814,0.69483814
1691671783000,0.69483814,0.69483814,0.69483814
1691671784000,0.69483761,0.69483761,0.69483761
1691671785000,0.69483761,0.69483761,0.69483761
1691671786000,0.6947911,0.6947911,0.6947911
1691671787000,0.69479191,0.69479191,0.69479191
1691671788000,0.69483761,0.69483761,0.69483761
1691671789000,0.69483884,0.69483884,0.69483884
1691671790000,0.69483884,0.69483884,0.69483884
1691671791000,0.69483884,0.69483884,0.69483884
1691671792000,0.69483881,0.69483881,0.69483881
1691671793000,0.69473503,0.69473503,0.69473503
1691671794000,0.69473503,0.69473503,0.69473503
1691671795000,0.69473731,0.69473731,0.69473731
1691671796000,0.69473728,0.69473728,0.69473728
1691671797000,0.69473812,0.69473812,0.69473812
1691671798000,0.69473495,0.69473495,0.69473495
1691671799000,0.69473573,0.69473573,0.69473573
1691671800000,0.69473474,0.69473474,0.69473474
1691671801000,0.69473551,0.69473551,0.69473551
1691671802000,0.69473555,0.69473555,0.69473555
1691671803000,0.69473555,0.69473555,0.69473555
1691671804000,0.69470802,0.69470802,0.69470802
1691671805000,0.69470396,0.69470396,0.69470396
1691671806000,0.69479699,0.69479699,0.69479699
1691671807000,0.69475048,0.69475048,0.69475048
1691671808000,0.69479699,0.69479699,0.69479699
1691671809000,0.69479699,0.69479699,0.69479699
1691671810000,0.69479259,0.69479259,0.69479259
1691671811000,0.69479262,0.69479262,0.69479262
1691671812000,0.69479259,0.69479259,0.69479259
1691671813000,0.69474611,0.69474611,0.69474611
1691671814000,0.69474611,0.69474611,0.69474611
1691671815000,0.69474612,0.69474612,0.69474612
1691671816000,0.69474612,0.69474612,0.69474612
1691671817000,0.69474612,0.69474612,0.69474612
1691671818000,0.69474612,0.69474612,0.69474612
1691671819000,0.69480045,0.69480045,0.69480045
1691671820000,0.69479961,0.69479961,0.69479961
1691671821000,0.69480756,0.69480756,0.69480756
1691671822000,0.69476185,0.69476185,0.69476185
1691671823000,0.69476185,0.69476185,0.69476185
1691671824000,0.69476105,0.69476105,0.69476105
1691671825000,0.69476105,0.69476105,0.69476105
1691671826000,0.6947623,0.6947623,0.6947623
1691671827000,0.69471336,0.69471336,0.69471336
1691671828000,0.69471336,0.69471336,0.69471336
1691671829000,0.69471417,0.69471417,0.69471417
1691671830000,0.6946715,0.6946715,0.6946715
1691671831000,0.69467313,0.69467313,0.69467313
1691671832000,0.69455491,0.69455491,0.69455491
1691671833000,0.69454212,0.69454212,0.69454212
1691671834000,0.69447086,0.69447086,0.69447086
1691671835000,0.69447086,0.69447086,0.69447086
1691671836000,0.69428711,0.69428711,0.69428711
1691671837000,0.69428714,0.69428714,0.69428714
1691671838000,0.69429926,0.69429926,0.69429926
1691671839000,0.69431288,0.69431288,0.69431288
1691671840000,0.69431288,0.69431288,0.69431288
1691671841000,0.69430616,0.69430616,0.69430616
1691671842000,0.69425965,0.69425965,0.69425965
1691671843000,0.6943062,0.6943062,0.6943062
1691671844000,0.69434922,0.69434922,0.69434922
1691671845000,0.69434922,0.69434922,0.69434922
1691671846000,0.694404,0.694404,0.694404
1691671847000,0.69443348,0.69443348,0.69443348
1691671848000,0.69443912,0.69443912,0.69443912
1691671849000,0.69443912,0.69443912,0.69443912
1691671850000,0.69443909,0.69443909,0.69443909
1691671851000,0.69457862,0.69457862,0.69457862
1691671852000,0.69458434,0.69458434,0.69458434
1691671853000,0.69458553,0.69458553,0.69458553
1691671854000,0.69458553,0.69458553,0.69458553
1691671855000,0.69458472,0.69458472,0.69458472
1691671856000,0.69458648,0.69458648,0.69458648
1691671857000,0.69459276,0.69459276,0.69459276
1691671858000,0.69459276,0.69459276,0.69459276
1691671859000,0.69459195,0.69459195,0.69459195
1691671860000,0.69459195,0.69459195,0.69459195
1691671861000,0.6946,0.6946,0.6946
1691671862000,0.6947165,0.6947165,0.6947165
1691671863000,0.69471712,0.69471712,0.69471712
1691671864000,0.6948,0.6948,0.6948
1691671865000,0.6948,0.6948,0.6948
1691671866000,0.69491018,0.69491018,0.69491018
1691671867000,0.6948,0.6948,0.6948
1691671868000,0.69490322,0.69490322,0.69490322
1691671869000,0.69490322,0.69490322,0.69490322
1691671870000,0.69490325,0.69490325,0.69490325
1691671871000,0.69485674,0.69485674,0.69485674
1691671872000,0.69485796,0.69485796,0.69485796
1691671873000,0.69477309,0.69477309,0.69477309
1691671874000,0.69477309,0.69477309,0.69477309
1691671875000,0.69476952,0.69476952,0.69476952
1691671876000,0.69475618,0.69475618,0.69475618
1691671877000,0.6947105,0.6947105,0.6947105
1691671878000,0.6947021,0.6947021,0.6947021
1691671879000,0.69469471,0.69469471,0.69469471
1691671880000,0.69469471,0.69469471,0.69469471
1691671881000,0.69462908,0.69462908,0.69462908
1691671882000,0.69462908,0.69462908,0.69462908
1691671883000,0.69453153,0.69453153,0.69453153
1691671884000,0.69453149,0.69453149,0.69453149
1691671885000,0.69448301,0.69448301,0.69448301
1691671886000,0.69447128,0.69447128,0.69447128
1691671887000,0.69447212,0.69447212,0.69447212
1691671888000,0.69443567,0.69443567,0.69443567
1691671889000,0.69443567,0.69443567,0.69443567
1691671890000,0.69443567,0.69443567,0.69443567
1691671891000,0.6945,0.6945,0.6945
1691671892000,0.69463335,0.69463335,0.69463335
1691671893000,0.69463497,0.69463497,0.69463497
1691671894000,0.69461874,0.69461874,0.69461874
1691671895000,0.69461874,0.69461874,0.69461874
1691671896000,0.69460985,0.69460985,0.69460985
1691671897000,0.69461119,0.69461119,0.69461119
1691671898000,0.69460584,0.69460584,0.69460584
1691671899000,0.69460584,0.69460584,0.69460584
1691671900000,0.6946063,0.6946063,0.6946063
1691671901000,0.69457687,0.69457687,0.69457687
1691671902000,0.69447955,0.69447955,0.69447955
1691671903000,0.69447955,0.69447955,0.69447955
1691671904000,0.6944739,0.6944739,0.6944739
1691671905000,0.69445998,0.69445998,0.69445998
1691671906000,0.69441266,0.69441266,0.69441266
1691671907000,0.69436612,0.69436612,0.69436612
1691671908000,0.69439868,0.69439868,0.69439868
1691671909000,0.69433352,0.69433352,0.69433352
1691671910000,0.69433352,0.69433352,0.69433352
1691671911000,0.69427291,0.69427291,0.69427291
1691671912000,0.69427291,0.69427291,0.69427291
1691671913000,0.69425117,0.69425117,0.69425117
1691671914000,0.69429094,0.69429094,0.69429094
1691671915000,0.69429014,0.69429014,0.69429014
1691671916000,0.6943,0.6943,0.6943
1691671917000,0.69447157,0.69447157,0.69447157
1691671918000,0.69447157,0.69447157,0.69447157
1691671919000,0.69449081,0.69449081,0.69449081
1691671920000,0.69448997,0.69448997,0.69448997
1691671921000,0.69444426,0.69444426,0.69444426
1691671922000,0.69439775,0.69439775,0.69439775
1691671923000,0.69434762,0.69434762,0.69434762
1691671924000,0.69434448,0.69434448,0.69434448
1691671925000,0.69434529,0.69434529,0.69434529
1691671926000,0.69434529,0.69434529,0.69434529
1691671927000,0.69405282,0.69405282,0.69405282
1691671928000,0.69405282,0.69405282,0.69405282
1691671929000,0.69393494,0.69393494,0.69393494
1691671930000,0.69393494,0.69393494,0.69393494
1691671931000,0.69366777,0.69366777,0.69366777
1691671932000,0.69365847,0.69365847,0.69365847
1691671933000,0.69365925,0.69365925,0.69365925
1691671934000,0.69346613,0.69346613,0.69346613
1691671935000,0.6934584,0.6934584,0.6934584
1691671936000,0.69345763,0.69345763,0.69345763
1691671937000,0.69345844,0.69345844,0.69345844
1691671938000,0.6934584,0.6934584,0.6934584
1691671939000,0.6934584,0.6934584,0.6934584
1691671940000,0.69344634,0.69344634,0.69344634
1691671941000,0.69344634,0.69344634,0.69344634
1691671942000,0.69344553,0.69344553,0.69344553
1691671943000,0.69344553,0.69344553,0.69344553
1691671944000,0.69344433,0.69344433,0.69344433
1691671945000,0.69343931,0.69343931,0.69343931
1691671946000,0.69343928,0.69343928,0.69343928
1691671947000,0.69342617,0.69342617,0.69342617
1691671948000,0.69342613,0.69342613,0.69342613
1691671949000,0.69342613,0.69342613,0.69342613
1691671950000,0.69341997,0.69341997,0.69341997
1691671951000,0.69347061,0.69347061,0.69347061
1691671952000,0.6937,0.6937,0.6937
1691671953000,0.6937,0.6937,0.6937
1691671954000,0.69389484,0.69389484,0.69389484
1691671955000,0.6938,0.6938,0.6938
1691671956000,0.6938,0.6938,0.6938
1691671957000,0.6938,0.6938,0.6938
1691671958000,0.6938,0.6938,0.6938
1691671959000,0.6938,0.6938,0.6938
1691671960000,0.69373591,0.69373591,0.69373591
1691671961000,0.69382662,0.69382662,0.69382662
1691671962000,0.69382662,0.69382662,0.69382662
1691671963000,0.6938,0.6938,0.6938
1691671964000,0.6938,0.6938,0.6938
1691671965000,0.69373441,0.69373441,0.69373441
1691671966000,0.69373091,0.69373091,0.69373091
1691671967000,0.6937301,0.6937301,0.6937301
1691671968000,0.69377739,0.69377739,0.69377739
1691671969000,0.6938,0.6938,0.6938
1691671970000,0.69377658,0.69377658,0.69377658
1691671971000,0.69378686,0.69378686,0.69378686
1691671972000,0.69374034,0.69374034,0.69374034
1691671973000,0.69373951,0.69373951,0.69373951
1691671974000,0.69374034,0.69374034,0.69374034
1691671975000,0.69374034,0.69374034,0.69374034
1691671976000,0.69373465,0.69373465,0.69373465
1691671977000,0.69352952,0.69352952,0.69352952
1691671978000,0.69352952,0.69352952,0.69352952
1691671979000,0.69348248,0.69348248,0.69348248
1691671980000,0.6933555,0.6933555,0.6933555
1691671981000,0.69330077,0.69330077,0.69330077
1691671982000,0.69330161,0.69330161,0.69330161
1691671983000,0.6933144,0.6933144,0.6933144
1691671984000,0.6933144,0.6933144,0.6933144
1691671985000,0.6933144,0.6933144,0.6933144
1691671986000,0.6932717,0.6932717,0.6932717
1691671987000,0.69325628,0.69325628,0.69325628
1691671988000,0.6932493,0.6932493,0.6932493
1691671989000,0.69324849,0.69324849,0.69324849
1691671990000,0.6930146,0.6930146,0.6930146
1691671991000,0.6930146,0.6930146,0.6930146
1691671992000,0.6929,0.6929,0.6929
1691671993000,0.69289396,0.69289396,0.69289396
1691671994000,0.69289396,0.69289396,0.69289396
1691671995000,0.69289396,0.69289396,0.69289396
1691671996000,0.69289043,0.69289043,0.69289043
1691671997000,0.6929,0.6929,0.6929
1691671998000,0.6929,0.6929,0.6929
1691671999000,0.6929,0.6929,0.6929
1691672000000,0.6929,0.6929,0.6929
1691672001000,0.693,0.693,0.693
1691672002000,0.69289818,0.69289818,0.69289818
1691672003000,0.69289818,0.69289818,0.69289818
1691672004000,0.69289737,0.69289737,0.69289737
1691672005000,0.69289737,0.69289737,0.69289737
1691672006000,0.6929,0.6929,0.6929
1691672007000,0.6929,0.6929,0.6929
1691672008000,0.6929,0.6929,0.6929
1691672009000,0.69290889,0.69290889,0.69290889
1691672010000,0.69290889,0.69290889,0.69290889
1691672011000,0.69290886,0.69290886,0.69290886
1691672012000,0.69290886,0.69290886,0.69290886
1691672013000,0.69292991,0.69292991,0.69292991
1691672014000,0.69292896,0.69292896,0.69292896
1691672015000,0.693,0.693,0.693
1691672016000,0.693,0.693,0.693
1691672017000,0.693,0.693,0.693
1691672018000,0.693,0.693,0.693
1691672019000,0.693,0.693,0.693
1691672020000,0.693,0.693,0.693
1691672021000,0.69293064,0.69293064,0.69293064
1691672022000,0.69283678,0.69283678,0.69283678
1691672023000,0.6929,0.6929,0.6929
1691672024000,0.6929,0.6929,0.6929
1691672025000,0.6928,0.6928,0.6928
1691672026000,0.6928,0.6928,0.6928
1691672027000,0.6928,0.6928,0.6928
1691672028000,0.6929,0.6929,0.6929
1691672029000,0.6929,0.6929,0.6929
1691672030000,0.6929,0.6929,0.6929
1691672031000,0.69284579,0.69284579,0.69284579
1691672032000,0.69284579,0.69284579,0.69284579
1691672033000,0.69284099,0.69284099,0.69284099
1691672034000,0.69284099,0.69284099,0.69284099
1691672035000,0.69284102,0.69284102,0.69284102
1691672036000,0.69283749,0.69283749,0.69283749
1691672037000,0.69283746,0.69283746,0.69283746
1691672038000,0.69288477,0.69288477,0.69288477
1691672039000,0.6929,0.6929,0.6929
1691672040000,0.693,0.693,0.693
1691672041000,0.693,0.693,0.693
1691672042000,0.6931,0.6931,0.6931
1691672043000,0.6931,0.6931,0.6931
1691672044000,0.693,0.693,0.693
1691672045000,0.6931,0.6931,0.6931
1691672046000,0.6932,0.6932,0.6932
1691672047000,0.6932,0.6932,0.6932
1691672048000,0.6932,0.6932,0.6932
1691672049000,0.6932,0.6932,0.6932
1691672050000,0.69293205,0.69293205,0.69293205
1691672051000,0.69293205,0.69293205,0.69293205
1691672052000,0.69293205,0.69293205,0.69293205
1691672053000,0.69293074,0.69293074,0.69293074
1691672054000,0.6929,0.6929,0.6929
1691672055000,0.69282946,0.69282946,0.69282946
1691672056000,0.69284264,0.69284264,0.69284264
1691672057000,0.69283351,0.69283351,0.69283351
1691672058000,0.69283435,0.69283435,0.69283435
1691672059000,0.69282538,0.69282538,0.69282538
1691672060000,0.69282538,0.69282538,0.69282538
1691672061000,0.69277355,0.69277355,0.69277355
1691672062000,0.69277439,0.69277439,0.69277439
1691672063000,0.69277439,0.69277439,0.69277439
1691672064000,0.69277422,0.69277422,0.69277422
1691672065000,0.6928,0.6928,0.6928
1691672066000,0.69284882,0.69284882,0.69284882
1691672067000,0.69284882,0.69284882,0.69284882
1691672068000,0.6929,0.6929,0.6929
1691672069000,0.6929,0.6929,0.6929
1691672070000,0.6929,0.6929,0.6929
1691672071000,0.69284907,0.69284907,0.69284907
1691672072000,0.69284907,0.69284907,0.69284907
1691672073000,0.6928491,0.6928491,0.6928491
1691672074000,0.69284907,0.69284907,0.69284907
1691672075000,0.6928,0.6928,0.6928
1691672076000,0.6928,0.6928,0.6928
1691672077000,0.6928,0.6928,0.6928
1691672078000,0.6929,0.6929,0.6929
1691672079000,0.6929,0.6929,0.6929
1691672080000,0.693,0.693,0.693
1691672081000,0.693,0.693,0.693
1691672082000,0.693,0.693,0.693
1691672083000,0.69293252,0.69293252,0.69293252
1691672084000,0.69293956,0.69293956,0.69293956
1691672085000,0.69294297,0.69294297,0.69294297
1691672086000,0.69294377,0.69294377,0.69294377
1691672087000,0.69294377,0.69294377,0.69294377
1691672088000,0.69294293,0.69294293,0.69294293
1691672089000,0.69294293,0.69294293,0.69294293
1691672090000,0.6929,0.6929,0.6929
1691672091000,0.6929,0.6929,0.6929
1691672092000,0.6929,0.6929,0.6929
1691672093000,0.69280378,0.69280378,0.69280378
1691672094000,0.69280378,0.69280378,0.69280378
1691672095000,0.69280382,0.69280382,0.69280382
1691672096000,0.69280343,0.69280343,0.69280343
1691672097000,0.69289445,0.69289445,0.69289445
1691672098000,0.69289445,0.69289445,0.69289445
1691672099000,0.69289445,0.69289445,0.69289445
1691672100000,0.6929,0.6929,0.6929
1691672101000,0.693,0.693,0.693
1691672102000,0.693,0.693,0.693
1691672103000,0.693,0.693,0.693
1691672104000,0.693,0.693,0.693
1691672105000,0.693,0.693,0.693
1691672106000,0.693,0.693,0.693
1691672107000,0.6931,0.6931,0.6931
1691672108000,0.693,0.693,0.693
1691672109000,0.693,0.693,0.693
1691672110000,0.693,0.693,0.693
1691672111000,0.69295276,0.69295276,0.69295276
1691672112000,0.69295276,0.69295276,0.69295276
1691672113000,0.69295273,0.69295273,0.69295273
1691672114000,0.69295276,0.69295276,0.69295276
1691672115000,0.6929198,0.6929198,0.6929198
1691672116000,0.69281905,0.69281905,0.69281905
1691672117000,0.69267429,0.69267429,0.69267429
1691672118000,0.69261896,0.69261896,0.69261896
1691672119000,0.69261976,0.69261976,0.69261976
1691672120000,0.6927,0.6927,0.6927
1691672121000,0.6927,0.6927,0.6927
1691672122000,0.6927,0.6927,0.6927
1691672123000,0.69264765,0.69264765,0.69264765
1691672124000,0.69264765,0.69264765,0.69264765
1691672125000,0.69264765,0.69264765,0.69264765
1691672126000,0.69268769,0.69268769,0.69268769
1691672127000,0.69268658,0.69268658,0.69268658
1691672128000,0.69268542,0.69268542,0.69268542
1691672129000,0.69268623,0.69268623,0.69268623
1691672130000,0.6926864,0.6926864,0.6926864
1691672131000,0.69264517,0.69264517,0.69264517
1691672132000,0.69264603,0.69264603,0.69264603
1691672133000,0.69264172,0.69264172,0.69264172
1691672134000,0.69264172,0.69264172,0.69264172
1691672135000,0.6926413,0.6926413,0.6926413
1691672136000,0.6926413,0.6926413,0.6926413
1691672137000,0.69254003,0.69254003,0.69254003
1691672138000,0.69244797,0.69244797,0.69244797
1691672139000,0.69244717,0.69244717,0.69244717
1691672140000,0.69244717,0.69244717,0.69244717
1691672141000,0.69243109,0.69243109,0.69243109
1691672142000,0.69243113,0.69243113,0.69243113
1691672143000,0.6924298,0.6924298,0.6924298
1691672144000,0.6924298,0.6924298,0.6924298
1691672145000,0.6924298,0.6924298,0.6924298
1691672146000,0.69243063,0.69243063,0.69243063
1691672147000,0.6925,0.6925,0.6925
1691672148000,0.6925,0.6925,0.6925
1691672149000,0.6925,0.6925,0.6925
1691672150000,0.6925,0.6925,0.6925
1691672151000,0.6925,0.6925,0.6925
1691672152000,0.6925,0.6925,0.6925
1691672153000,0.6925,0.6925,0.6925
1691672154000,0.6925,0.6925,0.6925
1691672155000,0.6926,0.6926,0.6926
1691672156000,0.6926,0.6926,0.6926
1691672157000,0.6926,0.6926,0.6926
1691672158000,0.6926,0.6926,0.6926
1691672159000,0.6926,0.6926,0.6926
1691672160000,0.6926,0.6926,0.6926
1691672161000,0.6926,0.6926,0.6926
1691672162000,0.6926,0.6926,0.6926
1691672163000,0.6925694,0.6925694,0.6925694
1691672164000,0.6927,0.6927,0.6927
1691672165000,0.6927,0.6927,0.6927
1691672166000,0.6929,0.6929,0.6929
1691672167000,0.6927,0.6927,0.6927
1691672168000,0.6927,0.6927,0.6927
1691672169000,0.6927,0.6927,0.6927
1691672170000,0.69267328,0.69267328,0.69267328
1691672171000,0.69250924,0.69250924,0.69250924
1691672172000,0.69250924,0.69250924,0.69250924
1691672173000,0.69240076,0.69240076,0.69240076
1691672174000,0.69240073,0.69240073,0.69240073
1691672175000,0.69240076,0.69240076,0.69240076
1691672176000,0.69240076,0.69240076,0.69240076
1691672177000,0.6924,0.6924,0.6924
1691672178000,0.69236899,0.69236899,0.69236899
1691672179000,0.6923716,0.6923716,0.6923716
1691672180000,0.6923716,0.6923716,0.6923716
1691672181000,0.69231666,0.69231666,0.69231666
1691672182000,0.69231746,0.69231746,0.69231746
1691672183000,0.69231746,0.69231746,0.69231746
1691672184000,0.69231793,0.69231793,0.69231793
1691672185000,0.69226733,0.69226733,0.69226733
1691672186000,0.69226817,0.69226817,0.69226817
1691672187000,0.69226817,0.69226817,0.69226817
1691672188000,0.69226095,0.69226095,0.69226095
1691672189000,0.69220088,0.69220088,0.69220088
1691672190000,0.6922939,0.6922939,0.6922939
1691672191000,0.6922939,0.6922939,0.6922939
1691672192000,0.69225071,0.69225071,0.69225071
1691672193000,0.69229918,0.69229918,0.69229918
1691672194000,0.69229341,0.69229341,0.69229341
1691672195000,0.69229341,0.69229341,0.69229341
1691672196000,0.69225075,0.69225075,0.69225075
1691672197000,0.69224567,0.69224567,0.69224567
1691672198000,0.69224648,0.69224648,0.69224648
1691672199000,0.6922435,0.6922435,0.6922435
1691672200000,0.69219596,0.69219596,0.69219596
1691672201000,0.69219596,0.69219596,0.69219596
1691672202000,0.69217822,0.69217822,0.69217822
1691672203000,0.69208641,0.69208641,0.69208641
1691672204000,0.69208721,0.69208721,0.69208721
1691672205000,0.69208584,0.69208584,0.69208584
1691672206000,0.69208588,0.69208588,0.69208588
1691672207000,0.69208588,0.69208588,0.69208588
1691672208000,0.69208152,0.69208152,0.69208152
1691672209000,0.69208155,0.69208155,0.69208155
1691672210000,0.69208246,0.69208246,0.69208246
1691672211000,0.69203599,0.69203599,0.69203599
1691672212000,0.69207894,0.69207894,0.69207894
1691672213000,0.69207975,0.69207975,0.69207975
1691672214000,0.69205184,0.69205184,0.69205184
1691672215000,0.69204954,0.69204954,0.69204954
1691672216000,0.692043,0.692043,0.692043
1691672217000,0.692043,0.692043,0.692043
1691672218000,0.69203583,0.69203583,0.69203583
1691672219000,0.69203586,0.69203586,0.69203586
1691672220000,0.69203194,0.69203194,0.69203194
1691672221000,0.69203197,0.69203197,0.69203197
1691672222000,0.69196941,0.69196941,0.69196941
1691672223000,0.69196414,0.69196414,0.69196414
1691672224000,0.69181457,0.69181457,0.69181457
1691672225000,0.69181094,0.69181094,0.69181094
1691672226000,0.69180459,0.69180459,0.69180459
1691672227000,0.69180015,0.69180015,0.69180015
1691672228000,0.69180081,0.69180081,0.69180081
1691672229000,0.69180158,0.69180158,0.69180158
1691672230000,0.6917543,0.6917543,0.6917543
1691672231000,0.69175608,0.69175608,0.69175608
1691672232000,0.69175608,0.69175608,0.69175608
1691672233000,0.69180647,0.69180647,0.69180647
1691672234000,0.6918,0.6918,0.6918
1691672235000,0.69179949,0.69179949,0.69179949
1691672236000,0.69179849,0.69179849,0.69179849
1691672237000,0.69179849,0.69179849,0.69179849
1691672238000,0.69179849,0.69179849,0.69179849
1691672239000,0.69179685,0.69179685,0.69179685
1691672240000,0.6918,0.6918,0.6918
1691672241000,0.6918,0.6918,0.6918
1691672242000,0.6918,0.6918,0.6918
1691672243000,0.6919,0.6919,0.6919
1691672244000,0.6919,0.6919,0.6919
1691672245000,0.692,0.692,0.692
1691672246000,0.6921,0.6921,0.6921
1691672247000,0.692,0.692,0.692
1691672248000,0.692,0.692,0.692
1691672249000,0.692,0.692,0.692
1691672250000,0.692,0.692,0.692
1691672251000,0.69186595,0.69186595,0.69186595
1691672252000,0.69186595,0.69186595,0.69186595
1691672253000,0.69183234,0.69183234,0.69183234
1691672254000,0.69183234,0.69183234,0.69183234
1691672255000,0.69183234,0.69183234,0.69183234
1691672256000,0.692,0.692,0.692
1691672257000,0.6919,0.6919,0.6919
1691672258000,0.692,0.692,0.692
1691672259000,0.692,0.692,0.692
1691672260000,0.692,0.692,0.692
1691672261000,0.692,0.692,0.692
1691672262000,0.692,0.692,0.692
1691672263000,0.692,0.692,0.692
1691672264000,0.692,0.692,0.692
1691672265000,0.692,0.692,0.692
1691672266000,0.6919,0.6919,0.6919
1691672267000,0.6919,0.6919,0.6919
1691672268000,0.6919,0.6919,0.6919
1691672269000,0.6919,0.6919,0.6919
1691672270000,0.692,0.692,0.692
1691672271000,0.692,0.692,0.692
1691672272000,0.692,0.692,0.692
1691672273000,0.692,0.692,0.692
1691672274000,0.6922,0.6922,0.6922
1691672275000,0.6923,0.6923,0.6923
1691672276000,0.6922,0.6922,0.6922
1691672277000,0.6924,0.6924,0.6924
1691672278000,0.6922,0.6922,0.6922
1691672279000,0.6923,0.6923,0.6923
1691672280000,0.6922,0.6922,0.6922
1691672281000,0.6923,0.6923,0.6923
1691672282000,0.6923,0.6923,0.6923
1691672283000,0.6923,0.6923,0.6923
1691672284000,0.6923,0.6923,0.6923
1691672285000,0.6922,0.6922,0.6922
1691672286000,0.6922,0.6922,0.6922
1691672287000,0.6923,0.6923,0.6923
1691672288000,0.6923,0.6923,0.6923
1691672289000,0.6922,0.6922,0.6922
1691672290000,0.6922,0.6922,0.6922
1691672291000,0.6922,0.6922,0.6922
1691672292000,0.6923,0.6923,0.6923
1691672293000,0.6923,0.6923,0.6923
1691672294000,0.6923,0.6923,0.6923
1691672295000,0.6923,0.6923,0.6923
1691672296000,0.6922,0.6922,0.6922
1691672297000,0.6923,0.6923,0.6923
1691672298000,0.6923,0.6923,0.6923
1691672299000,0.6923,0.6923,0.6923
1691672300000,0.6922,0.6922,0.6922
1691672301000,0.6923,0.6923,0.6923
1691672302000,0.6923,0.6923,0.6923
1691672303000,0.6923,0.6923,0.6923
1691672304000,0.6923,0.6923,0.6923
1691672305000,0.6923,0.6923,0.6923
1691672306000,0.6923,0.6923,0.6923
1691672307000,0.6923,0.6923,0.6923
1691672308000,0.6923,0.6923,0.6923
1691672309000,0.6924,0.6924,0.6924
1691672310000,0.69247446,0.69247446,0.69247446
1691672311000,0.6925,0.6925,0.6925
1691672312000,0.6925,0.6925,0.6925
1691672313000,0.69262053,0.69262053,0.69262053
1691672314000,0.69264828,0.69264828,0.69264828
1691672315000,0.69264828,0.69264828,0.69264828
1691672316000,0.6928,0.6928,0.6928
1691672317000,0.6928,0.6928,0.6928
1691672318000,0.6926,0.6926,0.6926
1691672319000,0.6927,0.6927,0.6927
1691672320000,0.6927,0.6927,0.6927
1691672321000,0.6926,0.6926,0.6926
1691672322000,0.6927,0.6927,0.6927
1691672323000,0.6927,0.6927,0.6927
1691672324000,0.6927,0.6927,0.6927
1691672325000,0.6927,0.6927,0.6927
1691672326000,0.6927,0.6927,0.6927
1691672327000,0.6927,0.6927,0.6927
1691672328000,0.6927,0.6927,0.6927
1691672329000,0.6925,0.6925,0.6925
1691672330000,0.6925,0.6925,0.6925
1691672331000,0.6925,0.6925,0.6925
1691672332000,0.6925,0.6925,0.6925
1691672333000,0.6925,0.6925,0.6925
1691672334000,0.6925,0.6925,0.6925
1691672335000,0.6925,0.6925,0.6925
1691672336000,0.6926,0.6926,0.6926
1691672337000,0.6926,0.6926,0.6926
1691672338000,0.6926,0.6926,0.6926
1691672339000,0.6927,0.6927,0.6927
1691672340000,0.6927,0.6927,0.6927
1691672341000,0.6926,0.6926,0.6926
1691672342000,0.6926,0.6926,0.6926
1691672343000,0.6925,0.6925,0.6925
1691672344000,0.6925,0.6925,0.6925
1691672345000,0.6925,0.6925,0.6925
1691672346000,0.6925,0.6925,0.6925
1691672347000,0.6925,0.6925,0.6925
1691672348000,0.6927,0.6927,0.6927
1691672349000,0.6928,0.6928,0.6928
1691672350000,0.6928,0.6928,0.6928
1691672351000,0.69284835,0.69284835,0.69284835
1691672352000,0.69289403,0.69289403,0.69289403
1691672353000,0.69289483,0.69289483,0.69289483
1691672354000,0.69289483,0.69289483,0.69289483
1691672355000,0.69255765,0.69255765,0.69255765
1691672356000,0.6925,0.6925,0.6925
1691672357000,0.6925,0.6925,0.6925
1691672358000,0.6925,0.6925,0.6925
1691672359000,0.6925,0.6925,0.6925
1691672360000,0.6925,0.6925,0.6925
1691672361000,0.6924,0.6924,0.6924
1691672362000,0.6925,0.6925,0.6925
1691672363000,0.6925,0.6925,0.6925
1691672364000,0.6925,0.6925,0.6925
1691672365000,0.6926,0.6926,0.6926
1691672366000,0.6926,0.6926,0.6926
1691672367000,0.6925,0.6925,0.6925
1691672368000,0.6925,0.6925,0.6925
1691672369000,0.6925,0.6925,0.6925
1691672370000,0.6925,0.6925,0.6925
1691672371000,0.6926,0.6926,0.6926
1691672372000,0.6926,0.6926,0.6926
1691672373000,0.6926,0.6926,0.6926
1691672374000,0.6924,0.6924,0.6924
1691672375000,0.6924,0.6924,0.6924
1691672376000,0.6925,0.6925,0.6925
1691672377000,0.6924,0.6924,0.6924
1691672378000,0.6924,0.6924,0.6924
1691672379000,0.6924,0.6924,0.6924
1691672380000,0.6925,0.6925,0.6925
1691672381000,0.6925,0.6925,0.6925
1691672382000,0.6924,0.6924,0.6924
1691672383000,0.6924,0.6924,0.6924
1691672384000,0.6924,0.6924,0.6924
1691672385000,0.6924,0.6924,0.6924
1691672386000,0.6925,0.6925,0.6925
1691672387000,0.6924,0.6924,0.6924
1691672388000,0.6925,0.6925,0.6925
1691672389000,0.6925,0.6925,0.6925
1691672390000,0.6926,0.6926,0.6926
1691672391000,0.6926,0.6926,0.6926
1691672392000,0.6925,0.6925,0.6925
1691672393000,0.6925,0.6925,0.6925
1691672394000,0.6927,0.6927,0.6927
1691672395000,0.6927,0.6927,0.6927
1691672396000,0.69282422,0.69282422,0.69282422
1691672397000,0.69282422,0.69282422,0.69282422
1691672398000,0.6928,0.6928,0.6928
1691672399000,0.69287453,0.69287453,0.69287453
1691672400000,0.69287453,0.69287453,0.69287453
1691672401000,0.6928,0.6928,0.6928
1691672402000,0.6928,0.6928,0.6928
1691672403000,0.6928,0.6928,0.6928
1691672404000,0.69287371,0.69287371,0.69287371
1691672405000,0.6929,0.6929,0.6929
1691672406000,0.6929,0.6929,0.6929
1691672407000,0.6929,0.6929,0.6929
1691672408000,0.6929,0.6929,0.6929
1691672409000,0.69297721,0.69297721,0.69297721
1691672410000,0.69297721,0.69297721,0.69297721
1691672411000,0.69309892,0.69309892,0.69309892
1691672412000,0.693,0.693,0.693
1691672413000,0.693,0.693,0.693
1691672414000,0.693,0.693,0.693
1691672415000,0.6931,0.6931,0.6931
1691672416000,0.6931,0.6931,0.6931
1691672417000,0.693,0.693,0.693
1691672418000,0.693,0.693,0.693
1691672419000,0.6931,0.6931,0.6931
1691672420000,0.69312383,0.69312383,0.69312383
1691672421000,0.69316953,0.69316953,0.69316953
1691672422000,0.69316953,0.69316953,0.69316953
1691672423000,0.69318798,0.69318798,0.69318798
1691672424000,0.69318798,0.69318798,0.69318798
1691672425000,0.69318717,0.69318717,0.69318717
1691672426000,0.6931,0.6931,0.6931
1691672427000,0.6931,0.6931,0.6931
1691672428000,0.69292207,0.69292207,0.69292207
1691672429000,0.693,0.693,0.693
1691672430000,0.6929,0.6929,0.6929
1691672431000,0.693,0.693,0.693
1691672432000,0.693,0.693,0.693
1691672433000,0.693,0.693,0.693
1691672434000,0.6929,0.6929,0.6929
1691672435000,0.69282583,0.69282583,0.69282583
1691672436000,0.69282583,0.69282583,0.69282583
1691672437000,0.69281428,0.69281428,0.69281428
1691672438000,0.69273127,0.69273127,0.69273127
1691672439000,0.69273121,0.69273121,0.69273121
1691672440000,0.69256403,0.69256403,0.69256403
1691672441000,0.69251755,0.69251755,0.69251755
1691672442000,0.69251263,0.69251263,0.69251263
1691672443000,0.69251485,0.69251485,0.69251485
1691672444000,0.69251482,0.69251482,0.69251482
1691672445000,0.69251404,0.69251404,0.69251404
1691672446000,0.6924683,0.6924683,0.6924683
1691672447000,0.6924683,0.6924683,0.6924683
1691672448000,0.69242099,0.69242099,0.69242099
1691672449000,0.69241727,0.69241727,0.69241727
1691672450000,0.69246375,0.69246375,0.69246375
1691672451000,0.69246378,0.69246378,0.69246378
1691672452000,0.69246378,0.69246378,0.69246378
1691672453000,0.69246458,0.69246458,0.69246458
1691672454000,0.69246354,0.69246354,0.69246354
1691672455000,0.69246274,0.69246274,0.69246274
1691672456000,0.69246274,0.69246274,0.69246274
1691672457000,0.69246274,0.69246274,0.69246274
1691672458000,0.6925,0.6925,0.6925
1691672459000,0.6925,0.6925,0.6925
1691672460000,0.6925,0.6925,0.6925
1691672461000,0.69249684,0.69249684,0.69249684
1691672462000,0.69231525,0.69231525,0.69231525
1691672463000,0.69230824,0.69230824,0.69230824
1691672464000,0.69230893,0.69230893,0.69230893
1691672465000,0.69230893,0.69230893,0.69230893
1691672466000,0.69230893,0.69230893,0.69230893
1691672467000,0.6924,0.6924,0.6924
1691672468000,0.6925,0.6925,0.6925
1691672469000,0.69257923,0.69257923,0.69257923
1691672470000,0.6925,0.6925,0.6925
1691672471000,0.69231444,0.69231444,0.69231444
1691672472000,0.6924083,0.6924083,0.6924083
1691672473000,0.69240826,0.69240826,0.69240826
1691672474000,0.69241476,0.69241476,0.69241476
1691672475000,0.69236822,0.69236822,0.69236822
1691672476000,0.69236822,0.69236822,0.69236822
1691672477000,0.6924,0.6924,0.6924
1691672478000,0.69236825,0.69236825,0.69236825
1691672479000,0.69236741,0.69236741,0.69236741
1691672480000,0.69236713,0.69236713,0.69236713
1691672481000,0.69236713,0.69236713,0.69236713
1691672482000,0.69236713,0.69236713,0.69236713
1691672483000,0.69236713,0.69236713,0.69236713
1691672484000,0.69236595,0.69236595,0.69236595
1691672485000,0.69236908,0.69236908,0.69236908
1691672486000,0.6924,0.6924,0.6924
1691672487000,0.69236908,0.69236908,0.69236908
1691672488000,0.69236905,0.69236905,0.69236905
1691672489000,0.69241636,0.69241636,0.69241636
1691672490000,0.69242118,0.69242118,0.69242118
1691672491000,0.69242118,0.69242118,0.69242118
1691672492000,0.69242115,0.69242115,0.69242115
1691672493000,0.69242034,0.69242034,0.69242034
1691672494000,0.69242024,0.69242024,0.69242024
1691672495000,0.69242301,0.69242301,0.69242301
1691672496000,0.6925,0.6925,0.6925
1691672497000,0.69242301,0.69242301,0.69242301
1691672498000,0.6924,0.6924,0.6924
1691672499000,0.6924,0.6924,0.6924
1691672500000,0.69233164,0.69233164,0.69233164
1691672501000,0.69233164,0.69233164,0.69233164
1691672502000,0.6924,0.6924,0.6924
1691672503000,0.69237812,0.69237812,0.69237812
1691672504000,0.69232313,0.69232313,0.69232313
1691672505000,0.69232313,0.69232313,0.69232313
1691672506000,0.69221471,0.69221471,0.69221471
1691672507000,0.69221475,0.69221475,0.69221475
1691672508000,0.69221391,0.69221391,0.69221391
1691672509000,0.6923,0.6923,0.6923
1691672510000,0.69225944,0.69225944,0.69225944
1691672511000,0.69226259,0.69226259,0.69226259
1691672512000,0.69226259,0.69226259,0.69226259
1691672513000,0.69226259,0.69226259,0.69226259
1691672514000,0.69226179,0.69226179,0.69226179
1691672515000,0.69226179,0.69226179,0.69226179
1691672516000,0.69226655,0.69226655,0.69226655
1691672517000,0.69226652,0.69226652,0.69226652
1691672518000,0.69226652,0.69226652,0.69226652
1691672519000,0.69226652,0.69226652,0.69226652
1691672520000,0.69226652,0.69226652,0.69226652
1691672521000,0.69226853,0.69226853,0.69226853
1691672522000,0.69226934,0.69226934,0.69226934
1691672523000,0.6924,0.6924,0.6924
1691672524000,0.6924,0.6924,0.6924
1691672525000,0.6924,0.6924,0.6924
1691672526000,0.6924,0.6924,0.6924
1691672527000,0.6924,0.6924,0.6924
1691672528000,0.6924,0.6924,0.6924
1691672529000,0.69237822,0.69237822,0.69237822
1691672530000,0.6924,0.6924,0.6924
1691672531000,0.69242453,0.69242453,0.69242453
1691672532000,0.69242456,0.69242456,0.69242456
1691672533000,0.69242456,0.69242456,0.69242456
1691672534000,0.6925175,0.6925175,0.6925175
1691672535000,0.69251747,0.69251747,0.69251747
1691672536000,0.69252362,0.69252362,0.69252362
1691672537000,0.69247362,0.69247362,0.69247362
1691672538000,0.69247362,0.69247362,0.69247362
1691672539000,0.69247407,0.69247407,0.69247407
1691672540000,0.6925249,0.6925249,0.6925249
1691672541000,0.69253192,0.69253192,0.69253192
1691672542000,0.69253188,0.69253188,0.69253188
1691672543000,0.69253188,0.69253188,0.69253188
1691672544000,0.69252787,0.69252787,0.69252787
1691672545000,0.69253562,0.69253562,0.69253562
1691672546000,0.69253472,0.69253472,0.69253472
1691672547000,0.6925285,0.6925285,0.6925285
1691672548000,0.6925285,0.6925285,0.6925285
1691672549000,0.6925294,0.6925294,0.6925294
1691672550000,0.6925794,0.6925794,0.6925794
1691672551000,0.69260936,0.69260936,0.69260936
1691672552000,0.6926065,0.6926065,0.6926065
1691672553000,0.6926065,0.6926065,0.6926065
1691672554000,0.69260653,0.69260653,0.69260653
1691672555000,0.69260653,0.69260653,0.69260653
1691672556000,0.6926065,0.6926065,0.6926065
1691672557000,0.6926065,0.6926065,0.6926065
1691672558000,0.69255423,0.69255423,0.69255423
1691672559000,0.69249178,0.69249178,0.69249178
1691672560000,0.69249265,0.69249265,0.69249265
1691672561000,0.69249265,0.69249265,0.69249265
1691672562000,0.69250675,0.69250675,0.69250675
1691672563000,0.69250444,0.69250444,0.69250444
1691672564000,0.69250657,0.69250657,0.69250657
1691672565000,0.69250661,0.69250661,0.69250661
1691672566000,0.69250661,0.69250661,0.69250661
1691672567000,0.69250661,0.69250661,0.69250661
1691672568000,0.69250661,0.69250661,0.69250661
1691672569000,0.69250403,0.69250403,0.69250403
1691672570000,0.69250407,0.69250407,0.69250407
1691672571000,0.69250407,0.69250407,0.69250407
1691672572000,0.69250407,0.69250407,0.69250407
1691672573000,0.69250403,0.69250403,0.69250403
1691672574000,0.69250256,0.69250256,0.69250256
1691672575000,0.69250256,0.69250256,0.69250256
1691672576000,0.69250256,0.69250256,0.69250256
1691672577000,0.69250256,0.69250256,0.69250256
1691672578000,0.69248843,0.69248843,0.69248843
1691672579000,0.69236856,0.69236856,0.69236856
1691672580000,0.6923503,0.6923503,0.6923503
1691672581000,0.6923503,0.6923503,0.6923503
1691672582000,0.69235116,0.69235116,0.69235116
1691672583000,0.69235026,0.69235026,0.69235026
1691672584000,0.69235026,0.69235026,0.69235026
1691672585000,0.69234691,0.69234691,0.69234691
1691672586000,0.69234003,0.69234003,0.69234003
1691672587000,0.69232175,0.69232175,0.69232175
1691672588000,0.69232175,0.69232175,0.69232175
1691672589000,0.69231732,0.69231732,0.69231732
1691672590000,0.69231732,0.69231732,0.69231732
1691672591000,0.69231088,0.69231088,0.69231088
1691672592000,0.69225058,0.69225058,0.69225058
1691672593000,0.69225058,0.69225058,0.69225058
1691672594000,0.69218931,0.69218931,0.69218931
1691672595000,0.69219017,0.69219017,0.69219017
1691672596000,0.69218187,0.69218187,0.69218187
1691672597000,0.69218097,0.69218097,0.69218097
1691672598000,0.69218097,0.69218097,0.69218097
1691672599000,0.69218183,0.69218183,0.69218183
1691672600000,0.69218307,0.69218307,0.69218307
1691672601000,0.69218307,0.69218307,0.69218307
1691672602000,0.69217551,0.69217551,0.69217551
1691672603000,0.69222555,0.69222555,0.69222555
1691672604000,0.69222555,0.69222555,0.69222555
1691672605000,0.69227679,0.69227679,0.69227679
1691672606000,0.69227679,0.69227679,0.69227679
1691672607000,0.69227218,0.69227218,0.69227218
1691672608000,0.69227218,0.69227218,0.69227218
1691672609000,0.69213179,0.69213179,0.69213179
1691672610000,0.69213179,0.69213179,0.69213179
1691672611000,0.69213036,0.69213036,0.69213036
1691672612000,0.69213036,0.69213036,0.69213036
1691672613000,0.69212314,0.69212314,0.69212314
1691672614000,0.69212318,0.69212318,0.69212318
1691672615000,0.69210758,0.69210758,0.69210758
1691672616000,0.69210758,0.69210758,0.69210758
1691672617000,0.69210761,0.69210761,0.69210761
1691672618000,0.69209881,0.69209881,0.69209881
1691672619000,0.6921,0.6921,0.6921
1691672620000,0.6921,0.6921,0.6921
1691672621000,0.6921,0.6921,0.6921
1691672622000,0.6921,0.6921,0.6921
1691672623000,0.6922,0.6922,0.6922
1691672624000,0.6922,0.6922,0.6922
1691672625000,0.6922,0.6922,0.6922
1691672626000,0.6922,0.6922,0.6922
1691672627000,0.6922,0.6922,0.6922
1691672628000,0.69213521,0.69213521,0.69213521
1691672629000,0.69213344,0.69213344,0.69213344
1691672630000,0.69213348,0.69213348,0.69213348
1691672631000,0.69208292,0.69208292,0.69208292
1691672632000,0.6921,0.6921,0.6921
1691672633000,0.69213295,0.69213295,0.69213295
1691672634000,0.69213295,0.69213295,0.69213295
1691672635000,0.69213036,0.69213036,0.69213036
1691672636000,0.6921,0.6921,0.6921
1691672637000,0.6921,0.6921,0.6921
1691672638000,0.69206548,0.69206548,0.69206548
1691672639000,0.69206548,0.69206548,0.69206548
1691672640000,0.6921,0.6921,0.6921
1691672641000,0.6921,0.6921,0.6921
1691672642000,0.6923,0.6923,0.6923
1691672643000,0.6922,0.6922,0.6922
1691672644000,0.6922,0.6922,0.6922
1691672645000,0.6923,0.6923,0.6923
1691672646000,0.69245406,0.69245406,0.69245406
1691672647000,0.6924,0.6924,0.6924
1691672648000,0.6925,0.6925,0.6925
1691672649000,0.6925,0.6925,0.6925
1691672650000,0.6925,0.6925,0.6925
1691672651000,0.6924,0.6924,0.6924
1691672652000,0.6924,0.6924,0.6924
1691672653000,0.6924,0.6924,0.6924
1691672654000,0.6924,0.6924,0.6924
1691672655000,0.6924,0.6924,0.6924
1691672656000,0.6924,0.6924,0.6924
1691672657000,0.6924,0.6924,0.6924
1691672658000,0.6924,0.6924,0.6924
1691672659000,0.69236725,0.69236725,0.69236725
1691672660000,0.69221513,0.69221513,0.69221513
1691672661000,0.69226513,0.69226513,0.69226513
1691672662000,0.6923,0.6923,0.6923
1691672663000,0.6923,0.6923,0.6923
1691672664000,0.6923,0.6923,0.6923
1691672665000,0.6924,0.6924,0.6924
1691672666000,0.6925,0.6925,0.6925
1691672667000,0.6924,0.6924,0.6924
1691672668000,0.69235118,0.69235118,0.69235118
1691672669000,0.69235118,0.69235118,0.69235118
1691672670000,0.69235118,0.69235118,0.69235118
1691672671000,0.69235118,0.69235118,0.69235118
1691672672000,0.69235224,0.69235224,0.69235224
1691672673000,0.69235224,0.69235224,0.69235224
1691672674000,0.6923,0.6923,0.6923
1691672675000,0.6923,0.6923,0.6923
1691672676000,0.6923,0.6923,0.6923
1691672677000,0.6923,0.6923,0.6923
1691672678000,0.69229899,0.69229899,0.69229899
1691672679000,0.69224919,0.69224919,0.69224919
1691672680000,0.6923,0.6923,0.6923
1691672681000,0.6923,0.6923,0.6923
1691672682000,0.6922,0.6922,0.6922
1691672683000,0.6922,0.6922,0.6922
1691672684000,0.6922,0.6922,0.6922
1691672685000,0.69221535,0.69221535,0.69221535
1691672686000,0.69221535,0.69221535,0.69221535
1691672687000,0.6923,0.6923,0.6923
1691672688000,0.6923,0.6923,0.6923
1691672689000,0.6923,0.6923,0.6923
1691672690000,0.6923,0.6923,0.6923
1691672691000,0.6923,0.6923,0.6923
1691672692000,0.6923,0.6923,0.6923
1691672693000,0.6924,0.6924,0.6924
1691672694000,0.6924,0.6924,0.6924
1691672695000,0.6925,0.6925,0.6925
1691672696000,0.6925,0.6925,0.6925
1691672697000,0.6925,0.6925,0.6925
1691672698000,0.6925,0.6925,0.6925
1691672699000,0.6925,0.6925,0.6925
1691672700000,0.6925,0.6925,0.6925
1691672701000,0.6926,0.6926,0.6926
1691672702000,0.6926,0.6926,0.6926
1691672703000,0.6926,0.6926,0.6926
1691672704000,0.6926,0.6926,0.6926
1691672705000,0.6925,0.6925,0.6925
1691672706000,0.6926,0.6926,0.6926
1691672707000,0.6925,0.6925,0.6925
1691672708000,0.6926,0.6926,0.6926
1691672709000,0.69241984,0.69241984,0.69241984
1691672710000,0.6922,0.6922,0.6922
1691672711000,0.6922,0.6922,0.6922
1691672712000,0.6922,0.6922,0.6922
1691672713000,0.69212741,0.69212741,0.69212741
1691672714000,0.6922,0.6922,0.6922
1691672715000,0.69212737,0.69212737,0.69212737
1691672716000,0.69207354,0.69207354,0.69207354
1691672717000,0.69206597,0.69206597,0.69206597
1691672718000,0.6920297,0.6920297,0.6920297
1691672719000,0.6920297,0.6920297,0.6920297
1691672720000,0.6921,0.6921,0.6921
1691672721000,0.6922,0.6922,0.6922
1691672722000,0.6921,0.6921,0.6921
1691672723000,0.6921,0.6921,0.6921
1691672724000,0.6921,0.6921,0.6921
1691672725000,0.6921,0.6921,0.6921
1691672726000,0.6922,0.6922,0.6922
1691672727000,0.6921,0.6921,0.6921
1691672728000,0.69202596,0.69202596,0.69202596
1691672729000,0.692,0.692,0.692
1691672730000,0.69197483,0.69197483,0.69197483
1691672731000,0.69202479,0.69202479,0.69202479
1691672732000,0.69202479,0.69202479,0.69202479
1691672733000,0.69200897,0.69200897,0.69200897
1691672734000,0.69200683,0.69200683,0.69200683
1691672735000,0.69200411,0.69200411,0.69200411
1691672736000,0.69200501,0.69200501,0.69200501
1691672737000,0.69200501,0.69200501,0.69200501
1691672738000,0.692,0.692,0.692
1691672739000,0.692,0.692,0.692
1691672740000,0.6921,0.6921,0.6921
1691672741000,0.6921,0.6921,0.6921
1691672742000,0.6921,0.6921,0.6921
1691672743000,0.6921,0.6921,0.6921
1691672744000,0.6921,0.6921,0.6921
1691672745000,0.6921,0.6921,0.6921
1691672746000,0.692,0.692,0.692
1691672747000,0.6921,0.6921,0.6921
1691672748000,0.6921,0.6921,0.6921
1691672749000,0.6921,0.6921,0.6921
1691672750000,0.6922,0.6922,0.6922
1691672751000,0.6921,0.6921,0.6921
1691672752000,0.6921,0.6921,0.6921
1691672753000,0.6922,0.6922,0.6922
1691672754000,0.6922,0.6922,0.6922
1691672755000,0.6922,0.6922,0.6922
1691672756000,0.6922,0.6922,0.6922
1691672757000,0.6921,0.6921,0.6921
1691672758000,0.6921,0.6921,0.6921
1691672759000,0.6921,0.6921,0.6921
1691672760000,0.69201475,0.69201475,0.69201475
1691672761000,0.69201558,0.69201558,0.69201558
1691672762000,0.69201558,0.69201558,0.69201558
1691672763000,0.69201558,0.69201558,0.69201558
1691672764000,0.69206462,0.69206462,0.69206462
1691672765000,0.6923,0.6923,0.6923
1691672766000,0.6924,0.6924,0.6924
1691672767000,0.6924,0.6924,0.6924
1691672768000,0.6923,0.6923,0.6923
1691672769000,0.6923,0.6923,0.6923
1691672770000,0.6923,0.6923,0.6923
1691672771000,0.6923,0.6923,0.6923
1691672772000,0.6924,0.6924,0.6924
1691672773000,0.6924,0.6924,0.6924
1691672774000,0.6924,0.6924,0.6924
1691672775000,0.6924,0.6924,0.6924
1691672776000,0.6924,0.6924,0.6924
1691672777000,0.6923,0.6923,0.6923
1691672778000,0.6924,0.6924,0.6924
1691672779000,0.6924,0.6924,0.6924
1691672780000,0.6923,0.6923,0.6923
1691672781000,0.6925,0.6925,0.6925
1691672782000,0.6925,0.6925,0.6925
1691672783000,0.6925,0.6925,0.6925
1691672784000,0.6925,0.6925,0.6925
1691672785000,0.6925,0.6925,0.6925
1691672786000,0.6924,0.6924,0.6924
1691672787000,0.6925,0.6925,0.6925
1691672788000,0.6924,0.6924,0.6924
1691672789000,0.6925,0.6925,0.6925
1691672790000,0.6925,0.6925,0.6925
1691672791000,0.6924,0.6924,0.6924
1691672792000,0.6925,0.6925,0.6925
1691672793000,0.6925,0.6925,0.6925
1691672794000,0.6925,0.6925,0.6925
1691672795000,0.6925,0.6925,0.6925
1691672796000,0.6925,0.6925,0.6925
1691672797000,0.6925,0.6925,0.6925
1691672798000,0.6925,0.6925,0.6925
1691672799000,0.6925,0.6925,0.6925
1691672800000,0.6926,0.6926,0.6926
1691672801000,0.6926,0.6926,0.6926
1691672802000,0.6926,0.6926,0.6926
1691672803000,0.6926,0.6926,0.6926
1691672804000,0.6926,0.6926,0.6926
1691672805000,0.6925,0.6925,0.6925
1691672806000,0.6925,0.6925,0.6925
1691672807000,0.6925,0.6925,0.6925
1691672808000,0.6925,0.6925,0.6925
1691672809000,0.6925,0.6925,0.6925
1691672810000,0.69264076,0.69264076,0.69264076
1691672811000,0.69269888,0.69269888,0.69269888
1691672812000,0.69270926,0.69270926,0.69270926
1691672813000,0.6927,0.6927,0.6927
1691672814000,0.6927,0.6927,0.6927
1691672815000,0.6927,0.6927,0.6927
1691672816000,0.6927,0.6927,0.6927
1691672817000,0.69272984,0.69272984,0.69272984
1691672818000,0.6927,0.6927,0.6927
1691672819000,0.6927,0.6927,0.6927
1691672820000,0.6927,0.6927,0.6927
1691672821000,0.6927,0.6927,0.6927
1691672822000,0.6927,0.6927,0.6927
1691672823000,0.6928,0.6928,0.6928
1691672824000,0.6928,0.6928,0.6928
1691672825000,0.6928,0.6928,0.6928
1691672826000,0.6928,0.6928,0.6928
1691672827000,0.6928,0.6928,0.6928
1691672828000,0.6929,0.6929,0.6929
1691672829000,0.693,0.693,0.693
1691672830000,0.6929,0.6929,0.6929
1691672831000,0.693,0.693,0.693
1691672832000,0.693,0.693,0.693
1691672833000,0.693,0.693,0.693
1691672834000,0.693,0.693,0.693
1691672835000,0.693,0.693,0.693
1691672836000,0.693,0.693,0.693
1691672837000,0.6929,0.6929,0.6929
1691672838000,0.6929,0.6929,0.6929
1691672839000,0.6929,0.6929,0.6929
1691672840000,0.6929,0.6929,0.6929
1691672841000,0.6928,0.6928,0.6928
1691672842000,0.69273972,0.69273972,0.69273972
1691672843000,0.69273972,0.69273972,0.69273972
1691672844000,0.69273608,0.69273608,0.69273608
1691672845000,0.6928,0.6928,0.6928
1691672846000,0.6928,0.6928,0.6928
1691672847000,0.6928,0.6928,0.6928
1691672848000,0.69273669,0.69273669,0.69273669
1691672849000,0.69268246,0.69268246,0.69268246
1691672850000,0.69239679,0.69239679,0.69239679
1691672851000,0.69238796,0.69238796,0.69238796
1691672852000,0.69238125,0.69238125,0.69238125
1691672853000,0.69233603,0.69233603,0.69233603
1691672854000,0.69231675,0.69231675,0.69231675
1691672855000,0.69226675,0.69226675,0.69226675
1691672856000,0.69226675,0.69226675,0.69226675
1691672857000,0.69226671,0.69226671,0.69226671
1691672858000,0.69226233,0.69226233,0.69226233
1691672859000,0.69226237,0.69226237,0.69226237
1691672860000,0.69221733,0.69221733,0.69221733
1691672861000,0.6922182,0.6922182,0.6922182
1691672862000,0.6921607,0.6921607,0.6921607
1691672863000,0.69216283,0.69216283,0.69216283
1691672864000,0.69170948,0.69170948,0.69170948
1691672865000,0.69170289,0.69170289,0.69170289
1691672866000,0.69168789,0.69168789,0.69168789
1691672867000,0.69178792,0.69178792,0.69178792
1691672868000,0.69177469,0.69177469,0.69177469
1691672869000,0.69172662,0.69172662,0.69172662
1691672870000,0.69172662,0.69172662,0.69172662
1691672871000,0.69172572,0.69172572,0.69172572
1691672872000,0.69172572,0.69172572,0.69172572
1691672873000,0.6917735,0.6917735,0.6917735
1691672874000,0.69172587,0.69172587,0.69172587
1691672875000,0.6917267,0.6917267,0.6917267
1691672876000,0.6919,0.6919,0.6919
1691672877000,0.6917767,0.6917767,0.6917767
1691672878000,0.69177674,0.69177674,0.69177674
1691672879000,0.6917767,0.6917767,0.6917767
1691672880000,0.69177821,0.69177821,0.69177821
1691672881000,0.69177821,0.69177821,0.69177821
1691672882000,0.69177911,0.69177911,0.69177911
1691672883000,0.6918,0.6918,0.6918
1691672884000,0.69177908,0.69177908,0.69177908
1691672885000,0.6917807,0.6917807,0.6917807
1691672886000,0.6919,0.6919,0.6919
1691672887000,0.6919,0.6919,0.6919
1691672888000,0.69194573,0.69194573,0.69194573
1691672889000,0.69197183,0.69197183,0.69197183
1691672890000,0.692,0.692,0.692
1691672891000,0.692,0.692,0.692
1691672892000,0.692,0.692,0.692
1691672893000,0.69203442,0.69203442,0.69203442
1691672894000,0.69203723,0.69203723,0.69203723
1691672895000,0.69203723,0.69203723,0.69203723
1691672896000,0.69207005,0.69207005,0.69207005
1691672897000,0.69205595,0.69205595,0.69205595
1691672898000,0.69205595,0.69205595,0.69205595
1691672899000,0.69205607,0.69205607,0.69205607
1691672900000,0.69200607,0.69200607,0.69200607
1691672901000,0.6920052,0.6920052,0.6920052
1691672902000,0.69200672,0.69200672,0.69200672
1691672903000,0.69200672,0.69200672,0.69200672
1691672904000,0.69195698,0.69195698,0.69195698
1691672905000,0.69195698,0.69195698,0.69195698
1691672906000,0.69195698,0.69195698,0.69195698
1691672907000,0.6919585,0.6919585,0.6919585
1691672908000,0.6919585,0.6919585,0.6919585
1691672909000,0.69191014,0.69191014,0.69191014
1691672910000,0.6919601,0.6919601,0.6919601
1691672911000,0.6919601,0.6919601,0.6919601
1691672912000,0.6919601,0.6919601,0.6919601
1691672913000,0.69191096,0.69191096,0.69191096
1691672914000,0.69191096,0.69191096,0.69191096
1691672915000,0.69190762,0.69190762,0.69190762
1691672916000,0.69190673,0.69190673,0.69190673
1691672917000,0.69190673,0.69190673,0.69190673
1691672918000,0.69190301,0.69190301,0.69190301
1691672919000,0.69186275,0.69186275,0.69186275
1691672920000,0.69158576,0.69158576,0.69158576
1691672921000,0.69158576,0.69158576,0.69158576
1691672922000,0.69151702,0.69151702,0.69151702
1691672923000,0.69151702,0.69151702,0.69151702
1691672924000,0.69149602,0.69149602,0.69149602
1691672925000,0.69148099,0.69148099,0.69148099
1691672926000,0.69136487,0.69136487,0.69136487
1691672927000,0.69128858,0.69128858,0.69128858
1691672928000,0.69128858,0.69128858,0.69128858
1691672929000,0.69115755,0.69115755,0.69115755
1691672930000,0.6910847,0.6910847,0.6910847
1691672931000,0.69089223,0.69089223,0.69089223
1691672932000,0.69089223,0.69089223,0.69089223
1691672933000,0.69088387,0.69088387,0.69088387
1691672934000,0.69088459,0.69088459,0.69088459
1691672935000,0.69087463,0.69087463,0.69087463
1691672936000,0.69087463,0.69087463,0.69087463
1691672937000,0.69083115,0.69083115,0.69083115
1691672938000,0.69083115,0.69083115,0.69083115
1691672939000,0.69086596,0.69086596,0.69086596
1691672940000,0.69086596,0.69086596,0.69086596
1691672941000,0.69082207,0.69082207,0.69082207
1691672942000,0.69086667,0.69086667,0.69086667
1691672943000,0.69086667,0.69086667,0.69086667
1691672944000,0.69086667,0.69086667,0.69086667
1691672945000,0.6909058,0.6909058,0.6909058
1691672946000,0.69102992,0.69102992,0.69102992
1691672947000,0.6911,0.6911,0.6911
1691672948000,0.6912,0.6912,0.6912
1691672949000,0.6912,0.6912,0.6912
1691672950000,0.6912,0.6912,0.6912
1691672951000,0.6912,0.6912,0.6912
1691672952000,0.6911,0.6911,0.6911
1691672953000,0.6911,0.6911,0.6911
1691672954000,0.6911,0.6911,0.6911
1691672955000,0.69109765,0.69109765,0.69109765
1691672956000,0.6911,0.6911,0.6911
1691672957000,0.69107552,0.69107552,0.69107552
1691672958000,0.691069,0.691069,0.691069
1691672959000,0.691069,0.691069,0.691069
1691672960000,0.691069,0.691069,0.691069
1691672961000,0.69107017,0.69107017,0.69107017
1691672962000,0.69106092,0.69106092,0.69106092
1691672963000,0.69101844,0.69101844,0.69101844
1691672964000,0.69101146,0.69101146,0.69101146
1691672965000,0.69101146,0.69101146,0.69101146
1691672966000,0.69099234,0.69099234,0.69099234
1691672967000,0.69099234,0.69099234,0.69099234
1691672968000,0.69098793,0.69098793,0.69098793
1691672969000,0.69094442,0.69094442,0.69094442
1691672970000,0.69094442,0.69094442,0.69094442
1691672971000,0.69100238,0.69100238,0.69100238
1691672972000,0.69100238,0.69100238,0.69100238
1691672973000,0.69105076,0.69105076,0.69105076
1691672974000,0.69105098,0.69105098,0.69105098
1691672975000,0.6913,0.6913,0.6913
1691672976000,0.6913,0.6913,0.6913
1691672977000,0.6913,0.6913,0.6913
1691672978000,0.69138367,0.69138367,0.69138367
1691672979000,0.6913837,0.6913837,0.6913837
1691672980000,0.6915,0.6915,0.6915
1691672981000,0.6914,0.6914,0.6914
1691672982000,0.6915,0.6915,0.6915
1691672983000,0.6914,0.6914,0.6914
1691672984000,0.6915,0.6915,0.6915
1691672985000,0.6914,0.6914,0.6914
1691672986000,0.6915,0.6915,0.6915
1691672987000,0.69149633,0.69149633,0.69149633
1691672988000,0.6914,0.6914,0.6914
1691672989000,0.6914,0.6914,0.6914
1691672990000,0.6914,0.6914,0.6914
1691672991000,0.6914,0.6914,0.6914
1691672992000,0.6915,0.6915,0.6915
1691672993000,0.69159001,0.69159001,0.69159001
1691672994000,0.69159004,0.69159004,0.69159004
1691672995000,0.6915,0.6915,0.6915
1691672996000,0.69158365,0.69158365,0.69158365
1691672997000,0.69159432,0.69159432,0.69159432
1691672998000,0.6914,0.6914,0.6914
1691672999000,0.6916,0.6916,0.6916
1691673000000,0.6916,0.6916,0.6916
1691673001000,0.6917,0.6917,0.6917
1691673002000,0.6917,0.6917,0.6917
1691673003000,0.6917,0.6917,0.6917
1691673004000,0.6917,0.6917,0.6917
1691673005000,0.6917,0.6917,0.6917
1691673006000,0.6916,0.6916,0.6916
1691673007000,0.6915,0.6915,0.6915
1691673008000,0.6915,0.6915,0.6915
1691673009000,0.6916,0.6916,0.6916
1691673010000,0.6915,0.6915,0.6915
1691673011000,0.6915,0.6915,0.6915
1691673012000,0.6916,0.6916,0.6916
1691673013000,0.6916,0.6916,0.6916
1691673014000,0.6916,0.6916,0.6916
1691673015000,0.6916,0.6916,0.6916
1691673016000,0.6916,0.6916,0.6916
1691673017000,0.6916,0.6916,0.6916
1691673018000,0.6916,0.6916,0.6916
1691673019000,0.6915,0.6915,0.6915
1691673020000,0.6916,0.6916,0.6916
1691673021000,0.6916,0.6916,0.6916
1691673022000,0.6915,0.6915,0.6915
1691673023000,0.6915,0.6915,0.6915
1691673024000,0.6916,0.6916,0.6916
1691673025000,0.6916,0.6916,0.6916
1691673026000,0.6916,0.6916,0.6916
1691673027000,0.6916,0.6916,0.6916
1691673028000,0.6916,0.6916,0.6916
1691673029000,0.6916,0.6916,0.6916
1691673030000,0.6916,0.6916,0.6916
1691673031000,0.6917,0.6917,0.6917
1691673032000,0.6916,0.6916,0.6916
1691673033000,0.6916,0.6916,0.6916
1691673034000,0.6916,0.6916,0.6916
1691673035000,0.6915,0.6915,0.6915
1691673036000,0.69146474,0.69146474,0.69146474
1691673037000,0.69146767,0.69146767,0.69146767
1691673038000,0.69146767,0.69146767,0.69146767
1691673039000,0.69146649,0.69146649,0.69146649
1691673040000,0.69147031,0.69147031,0.69147031
1691673041000,0.6915,0.6915,0.6915
1691673042000,0.6915,0.6915,0.6915
1691673043000,0.6915,0.6915,0.6915
1691673044000,0.6915,0.6915,0.6915
1691673045000,0.6915,0.6915,0.6915
1691673046000,0.6914,0.6914,0.6914
1691673047000,0.6914,0.6914,0.6914
1691673048000,0.6917,0.6917,0.6917
1691673049000,0.6917,0.6917,0.6917
1691673050000,0.6917,0.6917,0.6917
1691673051000,0.6916,0.6916,0.6916
1691673052000,0.6917,0.6917,0.6917
1691673053000,0.6917,0.6917,0.6917
1691673054000,0.6917,0.6917,0.6917
1691673055000,0.6916,0.6916,0.6916
1691673056000,0.6916,0.6916,0.6916
1691673057000,0.6916,0.6916,0.6916
1691673058000,0.6916,0.6916,0.6916
1691673059000,0.6917,0.6917,0.6917
1691673060000,0.6917,0.6917,0.6917
1691673061000,0.6917,0.6917,0.6917
1691673062000,0.6917,0.6917,0.6917
1691673063000,0.6917,0.6917,0.6917
1691673064000,0.6917,0.6917,0.6917
1691673065000,0.6917,0.6917,0.6917
1691673066000,0.6916,0.6916,0.6916
1691673067000,0.6916,0.6916,0.6916
1691673068000,0.6916,0.6916,0.6916
1691673069000,0.6917,0.6917,0.6917
1691673070000,0.6916,0.6916,0.6916
1691673071000,0.6917,0.6917,0.6917
1691673072000,0.6918,0.6918,0.6918
1691673073000,0.6919,0.6919,0.6919
1691673074000,0.6919,0.6919,0.6919
1691673075000,0.6919,0.6919,0.6919
1691673076000,0.6919,0.6919,0.6919
1691673077000,0.69182355,0.69182355,0.69182355
1691673078000,0.69184888,0.69184888,0.69184888
1691673079000,0.69184919,0.69184919,0.69184919
1691673080000,0.69184919,0.69184919,0.69184919
1691673081000,0.69184847,0.69184847,0.69184847
1691673082000,0.69184844,0.69184844,0.69184844
1691673083000,0.6919,0.6919,0.6919
1691673084000,0.6919,0.6919,0.6919
1691673085000,0.6919,0.6919,0.6919
1691673086000,0.6919,0.6919,0.6919
1691673087000,0.6919,0.6919,0.6919
1691673088000,0.692,0.692,0.692
1691673089000,0.692,0.692,0.692
1691673090000,0.692,0.692,0.692
1691673091000,0.692,0.692,0.692
1691673092000,0.692,0.692,0.692
1691673093000,0.692,0.692,0.692
1691673094000,0.69200073,0.69200073,0.69200073
1691673095000,0.69200151,0.69200151,0.69200151
1691673096000,0.692,0.692,0.692
1691673097000,0.6920057,0.6920057,0.6920057
1691673098000,0.6920057,0.6920057,0.6920057
1691673099000,0.69200592,0.69200592,0.69200592
1691673100000,0.69201714,0.69201714,0.69201714
1691673101000,0.6920153,0.6920153,0.6920153
1691673102000,0.69200301,0.69200301,0.69200301
1691673103000,0.69200301,0.69200301,0.69200301
1691673104000,0.69200282,0.69200282,0.69200282
1691673105000,0.69200482,0.69200482,0.69200482
1691673106000,0.69200482,0.69200482,0.69200482
1691673107000,0.6920538,0.6920538,0.6920538
1691673108000,0.69206243,0.69206243,0.69206243
1691673109000,0.6921,0.6921,0.6921
1691673110000,0.6921,0.6921,0.6921
1691673111000,0.6922,0.6922,0.6922
1691673112000,0.69212823,0.69212823,0.69212823
1691673113000,0.69212823,0.69212823,0.69212823
1691673114000,0.6921271,0.6921271,0.6921271
1691673115000,0.6921271,0.6921271,0.6921271
1691673116000,0.6922,0.6922,0.6922
1691673117000,0.6922,0.6922,0.6922
1691673118000,0.6922,0.6922,0.6922
1691673119000,0.6922,0.6922,0.6922
1691673120000,0.6922,0.6922,0.6922
1691673121000,0.6922,0.6922,0.6922
1691673122000,0.6922,0.6922,0.6922
1691673123000,0.6922,0.6922,0.6922
1691673124000,0.6923,0.6923,0.6923
1691673125000,0.69217503,0.69217503,0.69217503
1691673126000,0.69217503,0.69217503,0.69217503
1691673127000,0.69216196,0.69216196,0.69216196
1691673128000,0.6922,0.6922,0.6922
1691673129000,0.6922,0.6922,0.6922
1691673130000,0.69216067,0.69216067,0.69216067
1691673131000,0.69215991,0.69215991,0.69215991
1691673132000,0.69216067,0.69216067,0.69216067
1691673133000,0.69216067,0.69216067,0.69216067
1691673134000,0.69215746,0.69215746,0.69215746
1691673135000,0.6922,0.6922,0.6922
1691673136000,0.6921584,0.6921584,0.6921584
1691673137000,0.6923,0.6923,0.6923
1691673138000,0.6923,0.6923,0.6923
1691673139000,0.6923,0.6923,0.6923
1691673140000,0.6923,0.6923,0.6923
1691673141000,0.6924,0.6924,0.6924
1691673142000,0.6924,0.6924,0.6924
1691673143000,0.6924,0.6924,0.6924
1691673144000,0.6923,0.6923,0.6923
1691673145000,0.6924,0.6924,0.6924
1691673146000,0.6924,0.6924,0.6924
1691673147000,0.6924,0.6924,0.6924
1691673148000,0.6924,0.6924,0.6924
1691673149000,0.6924,0.6924,0.6924
1691673150000,0.6924,0.6924,0.6924
1691673151000,0.6924,0.6924,0.6924
1691673152000,0.6924,0.6924,0.6924
1691673153000,0.6924,0.6924,0.6924
1691673154000,0.6924,0.6924,0.6924
1691673155000,0.6924,0.6924,0.6924
1691673156000,0.6924,0.6924,0.6924
1691673157000,0.6924,0.6924,0.6924
1691673158000,0.6924,0.6924,0.6924
1691673159000,0.6924,0.6924,0.6924
1691673160000,0.6924,0.6924,0.6924
1691673161000,0.69228887,0.69228887,0.69228887
1691673162000,0.69223102,0.69223102,0.69223102
1691673163000,0.69223102,0.69223102,0.69223102
1691673164000,0.69223076,0.69223076,0.69223076
1691673165000,0.69223079,0.69223079,0.69223079
1691673166000,0.69223441,0.69223441,0.69223441
1691673167000,0.69223441,0.69223441,0.69223441
1691673168000,0.69219251,0.69219251,0.69219251
1691673169000,0.69219251,0.69219251,0.69219251
1691673170000,0.69219251,0.69219251,0.69219251
1691673171000,0.69219192,0.69219192,0.69219192
1691673172000,0.69223537,0.69223537,0.69223537
1691673173000,0.6922,0.6922,0.6922
1691673174000,0.6922,0.6922,0.6922
1691673175000,0.6922,0.6922,0.6922
1691673176000,0.6922,0.6922,0.6922
1691673177000,0.6922,0.6922,0.6922
1691673178000,0.6922,0.6922,0.6922
1691673179000,0.6922,0.6922,0.6922
1691673180000,0.6922,0.6922,0.6922
1691673181000,0.6922,0.6922,0.6922
1691673182000,0.69215133,0.69215133,0.69215133
1691673183000,0.69215133,0.69215133,0.69215133
1691673184000,0.69214478,0.69214478,0.69214478
1691673185000,0.69218829,0.69218829,0.69218829
1691673186000,0.69218999,0.69218999,0.69218999
1691673187000,0.6922,0.6922,0.6922
1691673188000,0.6922,0.6922,0.6922
1691673189000,0.6922,0.6922,0.6922
1691673190000,0.6922,0.6922,0.6922
1691673191000,0.6922,0.6922,0.6922
1691673192000,0.6922,0.6922,0.6922
1691673193000,0.69217452,0.69217452,0.69217452
1691673194000,0.69217455,0.69217455,0.69217455
1691673195000,0.6922,0.6922,0.6922
1691673196000,0.69221654,0.69221654,0.69221654
1691673197000,0.69221654,0.69221654,0.69221654
1691673198000,0.6923,0.6923,0.6923
1691673199000,0.6923,0.6923,0.6923
1691673200000,0.6923,0.6923,0.6923
1691673201000,0.6923,0.6923,0.6923
1691673202000,0.6923,0.6923,0.6923
1691673203000,0.69217729,0.69217729,0.69217729
1691673204000,0.69216931,0.69216931,0.69216931
1691673205000,0.69212461,0.69212461,0.69212461
1691673206000,0.69212758,0.69212758,0.69212758
1691673207000,0.69212758,0.69212758,0.69212758
1691673208000,0.69212523,0.69212523,0.69212523
1691673209000,0.69212523,0.69212523,0.69212523
1691673210000,0.69212523,0.69212523,0.69212523
1691673211000,0.69212227,0.69212227,0.69212227
1691673212000,0.69212115,0.69212115,0.69212115
1691673213000,0.69211284,0.69211284,0.69211284
1691673214000,0.69209979,0.69209979,0.69209979
1691673215000,0.69209863,0.69209863,0.69209863
1691673216000,0.6920986,0.6920986,0.6920986
1691673217000,0.69210151,0.69210151,0.69210151
1691673218000,0.69210154,0.69210154,0.69210154
1691673219000,0.69210151,0.69210151,0.69210151
1691673220000,0.69207545,0.69207545,0.69207545
1691673221000,0.69206316,0.69206316,0.69206316
1691673222000,0.69206316,0.69206316,0.69206316
1691673223000,0.69206552,0.69206552,0.69206552
1691673224000,0.6920663,0.6920663,0.6920663
1691673225000,0.69207931,0.69207931,0.69207931
1691673226000,0.69207703,0.69207703,0.69207703
1691673227000,0.69207703,0.69207703,0.69207703
1691673228000,0.69207626,0.69207626,0.69207626
1691673229000,0.69207983,0.69207983,0.69207983
1691673230000,0.6920798,0.6920798,0.6920798
1691673231000,0.69204128,0.69204128,0.69204128
1691673232000,0.69204174,0.69204174,0.69204174
1691673233000,0.69204174,0.69204174,0.69204174
1691673234000,0.6920472,0.6920472,0.6920472
1691673235000,0.6920472,0.6920472,0.6920472
1691673236000,0.6920472,0.6920472,0.6920472
1691673237000,0.6920472,0.6920472,0.6920472
1691673238000,0.69204703,0.69204703,0.69204703
1691673239000,0.6920028,0.6920028,0.6920028
1691673240000,0.69200195,0.69200195,0.69200195
1691673241000,0.69200198,0.69200198,0.69200198
1691673242000,0.69201318,0.69201318,0.69201318
1691673243000,0.69201335,0.69201335,0.69201335
1691673244000,0.69201335,0.69201335,0.69201335
1691673245000,0.69201852,0.69201852,0.69201852
1691673246000,0.69206272,0.69206272,0.69206272
1691673247000,0.6921,0.6921,0.6921
1691673248000,0.6922,0.6922,0.6922
1691673249000,0.69212241,0.69212241,0.69212241
1691673250000,0.69216592,0.69216592,0.69216592
1691673251000,0.6922,0.6922,0.6922
1691673252000,0.6923,0.6923,0.6923
1691673253000,0.6924,0.6924,0.6924
1691673254000,0.6924,0.6924,0.6924
1691673255000,0.6924,0.6924,0.6924
1691673256000,0.6924,0.6924,0.6924
1691673257000,0.6924,0.6924,0.6924
1691673258000,0.6924,0.6924,0.6924
1691673259000,0.6924,0.6924,0.6924
1691673260000,0.6925,0.6925,0.6925
1691673261000,0.69241346,0.69241346,0.69241346
1691673262000,0.6925,0.6925,0.6925
1691673263000,0.6925,0.6925,0.6925
1691673264000,0.6925,0.6925,0.6925
1691673265000,0.6925,0.6925,0.6925
1691673266000,0.6925,0.6925,0.6925
1691673267000,0.6925,0.6925,0.6925
1691673268000,0.6925,0.6925,0.6925
1691673269000,0.69238657,0.69238657,0.69238657
1691673270000,0.69238657,0.69238657,0.69238657
1691673271000,0.69238657,0.69238657,0.69238657
1691673272000,0.6923013,0.6923013,0.6923013
1691673273000,0.6923006,0.6923006,0.6923006
1691673274000,0.69229789,0.69229789,0.69229789
1691673275000,0.69229789,0.69229789,0.69229789
1691673276000,0.69229786,0.69229786,0.69229786
1691673277000,0.69229786,0.69229786,0.69229786
1691673278000,0.69229305,0.69229305,0.69229305
1691673279000,0.69229305,0.69229305,0.69229305
1691673280000,0.69229308,0.69229308,0.69229308
1691673281000,0.69229305,0.69229305,0.69229305
1691673282000,0.69220612,0.69220612,0.69220612
1691673283000,0.69220612,0.69220612,0.69220612
1691673284000,0.69220223,0.69220223,0.69220223
1691673285000,0.69220155,0.69220155,0.69220155
1691673286000,0.69220155,0.69220155,0.69220155
1691673287000,0.69220155,0.69220155,0.69220155
1691673288000,0.69220191,0.69220191,0.69220191
1691673289000,0.69223955,0.69223955,0.69223955
1691673290000,0.69223955,0.69223955,0.69223955
1691673291000,0.69223958,0.69223958,0.69223958
1691673292000,0.69223955,0.69223955,0.69223955
1691673293000,0.69223955,0.69223955,0.69223955
1691673294000,0.69223889,0.69223889,0.69223889
1691673295000,0.69223608,0.69223608,0.69223608
1691673296000,0.69223611,0.69223611,0.69223611
1691673297000,0.6922658,0.6922658,0.6922658
1691673298000,0.69226655,0.69226655,0.69226655
1691673299000,0.69226593,0.69226593,0.69226593
1691673300000,0.69216144,0.69216144,0.69216144
1691673301000,0.69216144,0.69216144,0.69216144
1691673302000,0.69216141,0.69216141,0.69216141
1691673303000,0.69211793,0.69211793,0.69211793
1691673304000,0.69211793,0.69211793,0.69211793
1691673305000,0.69211008,0.69211008,0.69211008
1691673306000,0.6921004,0.6921004,0.6921004
1691673307000,0.69209964,0.69209964,0.69209964
1691673308000,0.6920866,0.6920866,0.6920866
1691673309000,0.69208738,0.69208738,0.69208738
1691673310000,0.69208738,0.69208738,0.69208738
1691673311000,0.6921,0.6921,0.6921
1691673312000,0.692127,0.692127,0.692127
1691673313000,0.69212703,0.69212703,0.69212703
1691673314000,0.69212703,0.69212703,0.69212703
1691673315000,0.6922,0.6922,0.6922
1691673316000,0.6922,0.6922,0.6922
1691673317000,0.69212309,0.69212309,0.69212309
1691673318000,0.69212306,0.69212306,0.69212306
1691673319000,0.69212306,0.69212306,0.69212306
1691673320000,0.69212299,0.69212299,0.69212299
1691673321000,0.69212296,0.69212296,0.69212296
1691673322000,0.69212296,0.69212296,0.69212296
1691673323000,0.69211629,0.69211629,0.69211629
1691673324000,0.6921,0.6921,0.6921
1691673325000,0.6921,0.6921,0.6921
1691673326000,0.6921,0.6921,0.6921
1691673327000,0.69207087,0.69207087,0.69207087
1691673328000,0.69206847,0.69206847,0.69206847
1691673329000,0.69208152,0.69208152,0.69208152
1691673330000,0.69208234,0.69208234,0.69208234
1691673331000,0.69208231,0.69208231,0.69208231
1691673332000,0.69207943,0.69207943,0.69207943
1691673333000,0.69207943,0.69207943,0.69207943
1691673334000,0.69207952,0.69207952,0.69207952
1691673335000,0.69207794,0.69207794,0.69207794
1691673336000,0.69207794,0.69207794,0.69207794
1691673337000,0.69207794,0.69207794,0.69207794
1691673338000,0.69207794,0.69207794,0.69207794
1691673339000,0.6921179,0.6921179,0.6921179
1691673340000,0.69211823,0.69211823,0.69211823
1691673341000,0.69211823,0.69211823,0.69211823
1691673342000,0.69211465,0.69211465,0.69211465
1691673343000,0.69211465,0.69211465,0.69211465
1691673344000,0.69210013,0.69210013,0.69210013
1691673345000,0.69209758,0.69209758,0.69209758
1691673346000,0.69209611,0.69209611,0.69209611
1691673347000,0.69209614,0.69209614,0.69209614
1691673348000,0.69205266,0.69205266,0.69205266
1691673349000,0.69204611,0.69204611,0.69204611
1691673350000,0.69204231,0.69204231,0.69204231
1691673351000,0.69204175,0.69204175,0.69204175
1691673352000,0.69204178,0.69204178,0.69204178
1691673353000,0.69204178,0.69204178,0.69204178
1691673354000,0.69204175,0.69204175,0.69204175
1691673355000,0.69204175,0.69204175,0.69204175
1691673356000,0.69203548,0.69203548,0.69203548
1691673357000,0.69203551,0.69203551,0.69203551
1691673358000,0.6921,0.6921,0.6921
1691673359000,0.6921,0.6921,0.6921
1691673360000,0.6922,0.6922,0.6922
1691673361000,0.6922,0.6922,0.6922
1691673362000,0.6922,0.6922,0.6922
1691673363000,0.6921,0.6921,0.6921
1691673364000,0.6921,0.6921,0.6921
1691673365000,0.6922,0.6922,0.6922
1691673366000,0.6921,0.6921,0.6921
1691673367000,0.6921,0.6921,0.6921
1691673368000,0.6921,0.6921,0.6921
1691673369000,0.69207164,0.69207164,0.69207164
1691673370000,0.69207089,0.69207089,0.69207089
1691673371000,0.69204048,0.69204048,0.69204048
1691673372000,0.69199297,0.69199297,0.69199297
1691673373000,0.69207794,0.69207794,0.69207794
1691673374000,0.69207794,0.69207794,0.69207794
1691673375000,0.69207794,0.69207794,0.69207794
1691673376000,0.69207805,0.69207805,0.69207805
1691673377000,0.69207802,0.69207802,0.69207802
1691673378000,0.69207494,0.69207494,0.69207494
1691673379000,0.69207584,0.69207584,0.69207584
1691673380000,0.69207584,0.69207584,0.69207584
1691673381000,0.69198144,0.69198144,0.69198144
1691673382000,0.69198144,0.69198144,0.69198144
1691673383000,0.69197467,0.69197467,0.69197467
1691673384000,0.69197467,0.69197467,0.69197467
1691673385000,0.69189062,0.69189062,0.69189062
1691673386000,0.69189062,0.69189062,0.69189062
1691673387000,0.69188968,0.69188968,0.69188968
1691673388000,0.6918904,0.6918904,0.6918904
1691673389000,0.69188577,0.69188577,0.69188577
1691673390000,0.6919,0.6919,0.6919
1691673391000,0.6919,0.6919,0.6919
1691673392000,0.6919,0.6919,0.6919
1691673393000,0.6919,0.6919,0.6919
1691673394000,0.6921,0.6921,0.6921
1691673395000,0.6921,0.6921,0.6921
1691673396000,0.6922,0.6922,0.6922
1691673397000,0.6923,0.6923,0.6923
1691673398000,0.6923,0.6923,0.6923
1691673399000,0.6923,0.6923,0.6923
1691673400000,0.6923,0.6923,0.6923
1691673401000,0.6923,0.6923,0.6923
1691673402000,0.6923,0.6923,0.6923
1691673403000,0.6923,0.6923,0.6923
1691673404000,0.6923,0.6923,0.6923
1691673405000,0.6923,0.6923,0.6923
1691673406000,0.6923,0.6923,0.6923
1691673407000,0.6923,0.6923,0.6923
1691673408000,0.6923,0.6923,0.6923
1691673409000,0.6923,0.6923,0.6923
1691673410000,0.6923,0.6923,0.6923
1691673411000,0.6923,0.6923,0.6923
1691673412000,0.6923,0.6923,0.6923
1691673413000,0.6923,0.6923,0.6923
1691673414000,0.6923,0.6923,0.6923
1691673415000,0.6923,0.6923,0.6923
1691673416000,0.6923,0.6923,0.6923
1691673417000,0.6923,0.6923,0.6923
1691673418000,0.6923,0.6923,0.6923
1691673419000,0.6923,0.6923,0.6923
1691673420000,0.6923,0.6923,0.6923
1691673421000,0.6923,0.6923,0.6923
1691673422000,0.6923,0.6923,0.6923
1691673423000,0.6923,0.6923,0.6923
1691673424000,0.6923,0.6923,0.6923
1691673425000,0.6923,0.6923,0.6923
1691673426000,0.6923,0.6923,0.6923
1691673427000,0.6923,0.6923,0.6923
1691673428000,0.6922,0.6922,0.6922
1691673429000,0.6922,0.6922,0.6922
1691673430000,0.6922,0.6922,0.6922
1691673431000,0.69249015,0.69249015,0.69249015
1691673432000,0.6925,0.6925,0.6925
1691673433000,0.6926,0.6926,0.6926
1691673434000,0.6926,0.6926,0.6926
1691673435000,0.6925,0.6925,0.6925
1691673436000,0.6925,0.6925,0.6925
1691673437000,0.6925,0.6925,0.6925
1691673438000,0.6926,0.6926,0.6926
1691673439000,0.6926,0.6926,0.6926
1691673440000,0.6926,0.6926,0.6926
1691673441000,0.6926,0.6926,0.6926
1691673442000,0.6926,0.6926,0.6926
1691673443000,0.6926,0.6926,0.6926
1691673444000,0.6926,0.6926,0.6926
1691673445000,0.6926,0.6926,0.6926
1691673446000,0.69269844,0.69269844,0.69269844
1691673447000,0.6927,0.6927,0.6927
1691673448000,0.6927,0.6927,0.6927
1691673449000,0.6927,0.6927,0.6927
1691673450000,0.6927,0.6927,0.6927
1691673451000,0.6927,0.6927,0.6927
1691673452000,0.6927,0.6927,0.6927
1691673453000,0.69246489,0.69246489,0.69246489
1691673454000,0.6924,0.6924,0.6924
1691673455000,0.6924,0.6924,0.6924
1691673456000,0.6924,0.6924,0.6924
1691673457000,0.6924,0.6924,0.6924
1691673458000,0.6924,0.6924,0.6924
1691673459000,0.6924,0.6924,0.6924
1691673460000,0.6924,0.6924,0.6924
1691673461000,0.6924,0.6924,0.6924
1691673462000,0.69230747,0.69230747,0.69230747
1691673463000,0.69230747,0.69230747,0.69230747
1691673464000,0.692333,0.692333,0.692333
1691673465000,0.69225039,0.69225039,0.69225039
1691673466000,0.69225136,0.69225136,0.69225136
1691673467000,0.69224609,0.69224609,0.69224609
1691673468000,0.69224322,0.69224322,0.69224322
1691673469000,0.69228669,0.69228669,0.69228669
1691673470000,0.69228666,0.69228666,0.69228666
1691673471000,0.69228669,0.69228669,0.69228669
1691673472000,0.6923,0.6923,0.6923
1691673473000,0.6923,0.6923,0.6923
1691673474000,0.6923,0.6923,0.6923
1691673475000,0.6923,0.6923,0.6923
1691673476000,0.6923,0.6923,0.6923
1691673477000,0.6923,0.6923,0.6923
1691673478000,0.6923,0.6923,0.6923
1691673479000,0.6923,0.6923,0.6923
1691673480000,0.6924,0.6924,0.6924
1691673481000,0.6924,0.6924,0.6924
1691673482000,0.6924,0.6924,0.6924
1691673483000,0.6924,0.6924,0.6924
1691673484000,0.6925926,0.6925926,0.6925926
1691673485000,0.6926,0.6926,0.6926
1691673486000,0.6926,0.6926,0.6926
1691673487000,0.6926,0.6926,0.6926
1691673488000,0.69269526,0.69269526,0.69269526
1691673489000,0.6927,0.6927,0.6927
1691673490000,0.6927,0.6927,0.6927
1691673491000,0.6927,0.6927,0.6927
1691673492000,0.6927,0.6927,0.6927
1691673493000,0.6927,0.6927,0.6927
1691673494000,0.6927,0.6927,0.6927
1691673495000,0.6927,0.6927,0.6927
1691673496000,0.6926716,0.6926716,0.6926716
1691673497000,0.6927,0.6927,0.6927
1691673498000,0.6927,0.6927,0.6927
1691673499000,0.6927,0.6927,0.6927
1691673500000,0.69267243,0.69267243,0.69267243
1691673501000,0.69267607,0.69267607,0.69267607
1691673502000,0.69267607,0.69267607,0.69267607
1691673503000,0.69267607,0.69267607,0.69267607
1691673504000,0.69267603,0.69267603,0.69267603
1691673505000,0.69267603,0.69267603,0.69267603
1691673506000,0.69268119,0.69268119,0.69268119
1691673507000,0.69268194,0.69268194,0.69268194
1691673508000,0.69268194,0.69268194,0.69268194
1691673509000,0.6926,0.6926,0.6926
1691673510000,0.69268386,0.69268386,0.69268386
1691673511000,0.69268386,0.69268386,0.69268386
1691673512000,0.69268385,0.69268385,0.69268385
1691673513000,0.6927,0.6927,0.6927
1691673514000,0.6927,0.6927,0.6927
1691673515000,0.6927,0.6927,0.6927
1691673516000,0.6927,0.6927,0.6927
1691673517000,0.6927,0.6927,0.6927
1691673518000,0.6927,0.6927,0.6927
1691673519000,0.6927,0.6927,0.6927
1691673520000,0.6928,0.6928,0.6928
1691673521000,0.69276112,0.69276112,0.69276112
1691673522000,0.69276112,0.69276112,0.69276112
1691673523000,0.6927,0.6927,0.6927
1691673524000,0.69276112,0.69276112,0.69276112
1691673525000,0.6927,0.6927,0.6927
1691673526000,0.6927,0.6927,0.6927
1691673527000,0.6927,0.6927,0.6927
1691673528000,0.6927,0.6927,0.6927
1691673529000,0.6927,0.6927,0.6927
1691673530000,0.6927,0.6927,0.6927
1691673531000,0.6927,0.6927,0.6927
1691673532000,0.6927,0.6927,0.6927
1691673533000,0.6927,0.6927,0.6927
1691673534000,0.6927,0.6927,0.6927
1691673535000,0.6927,0.6927,0.6927
1691673536000,0.6927,0.6927,0.6927
1691673537000,0.6927,0.6927,0.6927
1691673538000,0.6927,0.6927,0.6927
1691673539000,0.6927,0.6927,0.6927
1691673540000,0.6926,0.6926,0.6926
1691673541000,0.6926,0.6926,0.6926
1691673542000,0.69251652,0.69251652,0.69251652
1691673543000,0.69251652,0.69251652,0.69251652
1691673544000,0.69251646,0.69251646,0.69251646
1691673545000,0.69251532,0.69251532,0.69251532
1691673546000,0.6926,0.6926,0.6926
1691673547000,0.6926,0.6926,0.6926
1691673548000,0.6926,0.6926,0.6926
1691673549000,0.6926,0.6926,0.6926
1691673550000,0.6927,0.6927,0.6927
1691673551000,0.6927,0.6927,0.6927
1691673552000,0.69262451,0.69262451,0.69262451
1691673553000,0.69266307,0.69266307,0.69266307
1691673554000,0.69266382,0.69266382,0.69266382
1691673555000,0.69266665,0.69266665,0.69266665
1691673556000,0.69266508,0.69266508,0.69266508
1691673557000,0.69266508,0.69266508,0.69266508
1691673558000,0.69266505,0.69266505,0.69266505
1691673559000,0.6926658,0.6926658,0.6926658
1691673560000,0.69266329,0.69266329,0.69266329
1691673561000,0.69266329,0.69266329,0.69266329
1691673562000,0.69265676,0.69265676,0.69265676
1691673563000,0.69265676,0.69265676,0.69265676
1691673564000,0.69265676,0.69265676,0.69265676
1691673565000,0.69265494,0.69265494,0.69265494
1691673566000,0.69265014,0.69265014,0.69265014
1691673567000,0.69265017,0.69265017,0.69265017
1691673568000,0.69266318,0.69266318,0.69266318
1691673569000,0.69266318,0.69266318,0.69266318
1691673570000,0.6926197,0.6926197,0.6926197
1691673571000,0.6927,0.6927,0.6927
1691673572000,0.6926666,0.6926666,0.6926666
1691673573000,0.6926666,0.6926666,0.6926666
1691673574000,0.6927,0.6927,0.6927
1691673575000,0.6927,0.6927,0.6927
1691673576000,0.6928,0.6928,0.6928
1691673577000,0.6927,0.6927,0.6927
1691673578000,0.6927,0.6927,0.6927
1691673579000,0.6927,0.6927,0.6927
1691673580000,0.6927,0.6927,0.6927
1691673581000,0.6927,0.6927,0.6927
1691673582000,0.6928,0.6928,0.6928
1691673583000,0.6928,0.6928,0.6928
1691673584000,0.6928,0.6928,0.6928
1691673585000,0.6928,0.6928,0.6928
1691673586000,0.6928,0.6928,0.6928
1691673587000,0.6928,0.6928,0.6928
1691673588000,0.6927,0.6927,0.6927
1691673589000,0.6927,0.6927,0.6927
1691673590000,0.6927,0.6927,0.6927
1691673591000,0.6928,0.6928,0.6928
1691673592000,0.6929,0.6929,0.6929
1691673593000,0.69286116,0.69286116,0.69286116
1691673594000,0.69286924,0.69286924,0.69286924
1691673595000,0.6929,0.6929,0.6929
1691673596000,0.6929,0.6929,0.6929
1691673597000,0.6929,0.6929,0.6929
1691673598000,0.6929,0.6929,0.6929
1691673599000,0.69287032,0.69287032,0.69287032
1691673600000,0.69287029,0.69287029,0.69287029
1691673601000,0.69291452,0.69291452,0.69291452
1691673602000,0.69291452,0.69291452,0.69291452
1691673603000,0.69291511,0.69291511,0.69291511
1691673604000,0.69291586,0.69291586,0.69291586
1691673605000,0.69291931,0.69291931,0.69291931
1691673606000,0.69294621,0.69294621,0.69294621
1691673607000,0.69294621,0.69294621,0.69294621
1691673608000,0.69289325,0.69289325,0.69289325
1691673609000,0.69289325,0.69289325,0.69289325
1691673610000,0.69289511,0.69289511,0.69289511
1691673611000,0.69289433,0.69289433,0.69289433
1691673612000,0.69288591,0.69288591,0.69288591
1691673613000,0.69288591,0.69288591,0.69288591
1691673614000,0.69284244,0.69284244,0.69284244
1691673615000,0.69284165,0.69284165,0.69284165
1691673616000,0.69283551,0.69283551,0.69283551
1691673617000,0.69283551,0.69283551,0.69283551
1691673618000,0.69287859,0.69287859,0.69287859
1691673619000,0.69287859,0.69287859,0.69287859
1691673620000,0.69287935,0.69287935,0.69287935
1691673621000,0.69287008,0.69287008,0.69287008
1691673622000,0.69287008,0.69287008,0.69287008
1691673623000,0.69277591,0.69277591,0.69277591
1691673624000,0.69277516,0.69277516,0.69277516
1691673625000,0.69277516,0.69277516,0.69277516
1691673626000,0.69277516,0.69277516,0.69277516
1691673627000,0.6927705,0.6927705,0.6927705
1691673628000,0.69281822,0.69281822,0.69281822
1691673629000,0.69277549,0.69277549,0.69277549
1691673630000,0.69277549,0.69277549,0.69277549
1691673631000,0.69277474,0.69277474,0.69277474
1691673632000,0.69281439,0.69281439,0.69281439
1691673633000,0.69281456,0.69281456,0.69281456
1691673634000,0.69281456,0.69281456,0.69281456
1691673635000,0.69281435,0.69281435,0.69281435
1691673636000,0.69281435,0.69281435,0.69281435
1691673637000,0.69281435,0.69281435,0.69281435
1691673638000,0.69282048,0.69282048,0.69282048
1691673639000,0.69282698,0.69282698,0.69282698
1691673640000,0.69282701,0.69282701,0.69282701
1691673641000,0.69282701,0.69282701,0.69282701
1691673642000,0.69282313,0.69282313,0.69282313
1691673643000,0.69282504,0.69282504,0.69282504
1691673644000,0.69282507,0.69282507,0.69282507
1691673645000,0.69282507,0.69282507,0.69282507
1691673646000,0.69281203,0.69281203,0.69281203
1691673647000,0.69290078,0.69290078,0.69290078
1691673648000,0.693,0.693,0.693
1691673649000,0.69291743,0.69291743,0.69291743
1691673650000,0.693,0.693,0.693
1691673651000,0.693,0.693,0.693
1691673652000,0.6931,0.6931,0.6931
1691673653000,0.6931,0.6931,0.6931
1691673654000,0.6931,0.6931,0.6931
1691673655000,0.6931,0.6931,0.6931
1691673656000,0.6931,0.6931,0.6931
1691673657000,0.6932,0.6932,0.6932
1691673658000,0.6932,0.6932,0.6932
1691673659000,0.6932,0.6932,0.6932
1691673660000,0.6932,0.6932,0.6932
1691673661000,0.6933,0.6933,0.6933
1691673662000,0.6933,0.6933,0.6933
1691673663000,0.6933,0.6933,0.6933
1691673664000,0.6932,0.6932,0.6932
1691673665000,0.6932,0.6932,0.6932
1691673666000,0.6933,0.6933,0.6933
1691673667000,0.6933,0.6933,0.6933
1691673668000,0.6932,0.6932,0.6932
1691673669000,0.6932,0.6932,0.6932
1691673670000,0.6932,0.6932,0.6932
1691673671000,0.6933,0.6933,0.6933
1691673672000,0.6933,0.6933,0.6933
1691673673000,0.6932,0.6932,0.6932
1691673674000,0.6933,0.6933,0.6933
1691673675000,0.6932,0.6932,0.6932
1691673676000,0.6933,0.6933,0.6933
1691673677000,0.6933,0.6933,0.6933
1691673678000,0.6932,0.6932,0.6932
1691673679000,0.6933,0.6933,0.6933
1691673680000,0.6933,0.6933,0.6933
1691673681000,0.6933,0.6933,0.6933
1691673682000,0.69320129,0.69320129,0.69320129
1691673683000,0.69320037,0.69320037,0.69320037
1691673684000,0.69320037,0.69320037,0.69320037
1691673685000,0.69321417,0.69321417,0.69321417
1691673686000,0.69311339,0.69311339,0.69311339
1691673687000,0.69312069,0.69312069,0.69312069
1691673688000,0.6931043,0.6931043,0.6931043
1691673689000,0.69310427,0.69310427,0.69310427
1691673690000,0.69314778,0.69314778,0.69314778
1691673691000,0.69314778,0.69314778,0.69314778
1691673692000,0.69312818,0.69312818,0.69312818
1691673693000,0.6931269,0.6931269,0.6931269
1691673694000,0.69312667,0.69312667,0.69312667
1691673695000,0.69312667,0.69312667,0.69312667
1691673696000,0.69312667,0.69312667,0.69312667
1691673697000,0.69308317,0.69308317,0.69308317
1691673698000,0.69308317,0.69308317,0.69308317
1691673699000,0.69307829,0.69307829,0.69307829
1691673700000,0.69307829,0.69307829,0.69307829
1691673701000,0.69307832,0.69307832,0.69307832
1691673702000,0.69303484,0.69303484,0.69303484
1691673703000,0.69303484,0.69303484,0.69303484
1691673704000,0.69302951,0.69302951,0.69302951
1691673705000,0.69302537,0.69302537,0.69302537
1691673706000,0.69301232,0.69301232,0.69301232
1691673707000,0.69301232,0.69301232,0.69301232
1691673708000,0.69297376,0.69297376,0.69297376
1691673709000,0.69297438,0.69297438,0.69297438
1691673710000,0.69297109,0.69297109,0.69297109
1691673711000,0.69297031,0.69297031,0.69297031
1691673712000,0.69297031,0.69297031,0.69297031
1691673713000,0.69297031,0.69297031,0.69297031
1691673714000,0.69297053,0.69297053,0.69297053
1691673715000,0.69296794,0.69296794,0.69296794
1691673716000,0.69301142,0.69301142,0.69301142
1691673717000,0.69291631,0.69291631,0.69291631
1691673718000,0.69291631,0.69291631,0.69291631
1691673719000,0.69291631,0.69291631,0.69291631
1691673720000,0.69285799,0.69285799,0.69285799
1691673721000,0.6928557,0.6928557,0.6928557
1691673722000,0.69276334,0.69276334,0.69276334
1691673723000,0.69276409,0.69276409,0.69276409
1691673724000,0.69276409,0.69276409,0.69276409
1691673725000,0.69274449,0.69274449,0.69274449
1691673726000,0.69272627,0.69272627,0.69272627
1691673727000,0.69272552,0.69272552,0.69272552
1691673728000,0.69272549,0.69272549,0.69272549
1691673729000,0.69272881,0.69272881,0.69272881
1691673730000,0.69272881,0.69272881,0.69272881
1691673731000,0.69272881,0.69272881,0.69272881
1691673732000,0.69269428,0.69269428,0.69269428
1691673733000,0.69269537,0.69269537,0.69269537
1691673734000,0.6926954,0.6926954,0.6926954
1691673735000,0.6926496,0.6926496,0.6926496
1691673736000,0.6926496,0.6926496,0.6926496
1691673737000,0.6926496,0.6926496,0.6926496
1691673738000,0.69264591,0.69264591,0.69264591
1691673739000,0.69264591,0.69264591,0.69264591
1691673740000,0.69264591,0.69264591,0.69264591
1691673741000,0.69264666,0.69264666,0.69264666
1691673742000,0.69264666,0.69264666,0.69264666
1691673743000,0.69263075,0.69263075,0.69263075
1691673744000,0.69251017,0.69251017,0.69251017
1691673745000,0.69250538,0.69250538,0.69250538
1691673746000,0.69250538,0.69250538,0.69250538
1691673747000,0.69250538,0.69250538,0.69250538
1691673748000,0.69250538,0.69250538,0.69250538
1691673749000,0.69249978,0.69249978,0.69249978
1691673750000,0.69249735,0.69249735,0.69249735
1691673751000,0.69249735,0.69249735,0.69249735
1691673752000,0.69249735,0.69249735,0.69249735
1691673753000,0.69249732,0.69249732,0.69249732
1691673754000,0.69249208,0.69249208,0.69249208
1691673755000,0.69273129,0.69273129,0.69273129
1691673756000,0.69290649,0.69290649,0.69290649
1691673757000,0.69290646,0.69290646,0.69290646
1691673758000,0.69290646,0.69290646,0.69290646
1691673759000,0.69290646,0.69290646,0.69290646
1691673760000,0.69290783,0.69290783,0.69290783
1691673761000,0.69296417,0.69296417,0.69296417
1691673762000,0.69296417,0.69296417,0.69296417
1691673763000,0.69291417,0.69291417,0.69291417
1691673764000,0.69291417,0.69291417,0.69291417
1691673765000,0.69289909,0.69289909,0.69289909
1691673766000,0.69289981,0.69289981,0.69289981
1691673767000,0.6929,0.6929,0.6929
1691673768000,0.69289906,0.69289906,0.69289906
1691673769000,0.69289906,0.69289906,0.69289906
1691673770000,0.6929,0.6929,0.6929
1691673771000,0.6929,0.6929,0.6929
1691673772000,0.6929,0.6929,0.6929
1691673773000,0.6929,0.6929,0.6929
1691673774000,0.6929,0.6929,0.6929
1691673775000,0.6929,0.6929,0.6929
1691673776000,0.6929,0.6929,0.6929
1691673777000,0.6929,0.6929,0.6929
1691673778000,0.6929,0.6929,0.6929
1691673779000,0.6929,0.6929,0.6929
1691673780000,0.6929,0.6929,0.6929
1691673781000,0.69289858,0.69289858,0.69289858
1691673782000,0.69289699,0.69289699,0.69289699
1691673783000,0.6929,0.6929,0.6929
1691673784000,0.6929,0.6929,0.6929
1691673785000,0.69289621,0.69289621,0.69289621
1691673786000,0.69289621,0.69289621,0.69289621
1691673787000,0.69289264,0.69289264,0.69289264
1691673788000,0.69289188,0.69289188,0.69289188
1691673789000,0.69289188,0.69289188,0.69289188
1691673790000,0.69289191,0.69289191,0.69289191
1691673791000,0.69289195,0.69289195,0.69289195
1691673792000,0.69289195,0.69289195,0.69289195
1691673793000,0.69288643,0.69288643,0.69288643
1691673794000,0.69288646,0.69288646,0.69288646
1691673795000,0.69288643,0.69288643,0.69288643
1691673796000,0.69288643,0.69288643,0.69288643
1691673797000,0.69288744,0.69288744,0.69288744
1691673798000,0.69288366,0.69288366,0.69288366
1691673799000,0.69292717,0.69292717,0.69292717
1691673800000,0.69292717,0.69292717,0.69292717
1691673801000,0.69292714,0.69292714,0.69292714
1691673802000,0.69288347,0.69288347,0.69288347
1691673803000,0.69288347,0.69288347,0.69288347
1691673804000,0.69287553,0.69287553,0.69287553
1691673805000,0.69286872,0.69286872,0.69286872
1691673806000,0.69286078,0.69286078,0.69286078
1691673807000,0.69286075,0.69286075,0.69286075
1691673808000,0.69286075,0.69286075,0.69286075
1691673809000,0.69286075,0.69286075,0.69286075
1691673810000,0.69284979,0.69284979,0.69284979
1691673811000,0.69276241,0.69276241,0.69276241
1691673812000,0.69272328,0.69272328,0.69272328
1691673813000,0.69272621,0.69272621,0.69272621
1691673814000,0.69272548,0.69272548,0.69272548
1691673815000,0.69271478,0.69271478,0.69271478
1691673816000,0.69275826,0.69275826,0.69275826
1691673817000,0.69275826,0.69275826,0.69275826
1691673818000,0.69275158,0.69275158,0.69275158
1691673819000,0.69275158,0.69275158,0.69275158
1691673820000,0.69270813,0.69270813,0.69270813
1691673821000,0.69269863,0.69269863,0.69269863
1691673822000,0.69269759,0.69269759,0.69269759
1691673823000,0.69269762,0.69269762,0.69269762
1691673824000,0.69265411,0.69265411,0.69265411
1691673825000,0.69265336,0.69265336,0.69265336
1691673826000,0.69263386,0.69263386,0.69263386
1691673827000,0.69263386,0.69263386,0.69263386
1691673828000,0.69262636,0.69262636,0.69262636
1691673829000,0.69262636,0.69262636,0.69262636
1691673830000,0.69247363,0.69247363,0.69247363
1691673831000,0.69247363,0.69247363,0.69247363
1691673832000,0.69246604,0.69246604,0.69246604
1691673833000,0.69246236,0.69246236,0.69246236
1691673834000,0.6924363,0.6924363,0.6924363
1691673835000,0.6924363,0.6924363,0.6924363
1691673836000,0.69243702,0.69243702,0.69243702
1691673837000,0.69243077,0.69243077,0.69243077
1691673838000,0.69242725,0.69242725,0.69242725
1691673839000,0.69241995,0.69241995,0.69241995
1691673840000,0.69241995,0.69241995,0.69241995
1691673841000,0.69243302,0.69243302,0.69243302
1691673842000,0.69243374,0.69243374,0.69243374
1691673843000,0.69234979,0.69234979,0.69234979
1691673844000,0.69231584,0.69231584,0.69231584
1691673845000,0.69231584,0.69231584,0.69231584
1691673846000,0.69226302,0.69226302,0.69226302
1691673847000,0.6923,0.6923,0.6923
1691673848000,0.6925,0.6925,0.6925
1691673849000,0.6925,0.6925,0.6925
1691673850000,0.69240972,0.69240972,0.69240972
1691673851000,0.69247418,0.69247418,0.69247418
1691673852000,0.69247581,0.69247581,0.69247581
1691673853000,0.69247653,0.69247653,0.69247653
1691673854000,0.69247192,0.69247192,0.69247192
1691673855000,0.6925,0.6925,0.6925
1691673856000,0.69255888,0.69255888,0.69255888
1691673857000,0.69255888,0.69255888,0.69255888
1691673858000,0.6926,0.6926,0.6926
1691673859000,0.6926,0.6926,0.6926
1691673860000,0.6926,0.6926,0.6926
1691673861000,0.6927,0.6927,0.6927
1691673862000,0.6928,0.6928,0.6928
1691673863000,0.6927,0.6927,0.6927
1691673864000,0.6927,0.6927,0.6927
1691673865000,0.6927,0.6927,0.6927
1691673866000,0.6927,0.6927,0.6927
1691673867000,0.6927,0.6927,0.6927
1691673868000,0.6927,0.6927,0.6927
1691673869000,0.6927,0.6927,0.6927
1691673870000,0.6927,0.6927,0.6927
1691673871000,0.6927,0.6927,0.6927
1691673872000,0.6927,0.6927,0.6927
1691673873000,0.6927,0.6927,0.6927
1691673874000,0.6927,0.6927,0.6927
1691673875000,0.6927,0.6927,0.6927
1691673876000,0.6927,0.6927,0.6927
1691673877000,0.6927,0.6927,0.6927
1691673878000,0.6927,0.6927,0.6927
1691673879000,0.69265565,0.69265565,0.69265565
1691673880000,0.6927,0.6927,0.6927
1691673881000,0.6927,0.6927,0.6927
1691673882000,0.6927,0.6927,0.6927
1691673883000,0.6926492,0.6926492,0.6926492
1691673884000,0.6929,0.6929,0.6929
1691673885000,0.6929,0.6929,0.6929
1691673886000,0.6928,0.6928,0.6928
1691673887000,0.6928,0.6928,0.6928
1691673888000,0.6928,0.6928,0.6928
1691673889000,0.6928,0.6928,0.6928
1691673890000,0.6929,0.6929,0.6929
1691673891000,0.6929,0.6929,0.6929
1691673892000,0.6928,0.6928,0.6928
1691673893000,0.6929,0.6929,0.6929
1691673894000,0.6928,0.6928,0.6928
1691673895000,0.6928,0.6928,0.6928
1691673896000,0.6929,0.6929,0.6929
1691673897000,0.6929,0.6929,0.6929
1691673898000,0.6929,0.6929,0.6929
1691673899000,0.693,0.693,0.693
1691673900000,0.693,0.693,0.693
1691673901000,0.693,0.693,0.693
1691673902000,0.693,0.693,0.693
1691673903000,0.6931,0.6931,0.6931
1691673904000,0.6931,0.6931,0.6931
1691673905000,0.6931,0.6931,0.6931
1691673906000,0.6932,0.6932,0.6932
1691673907000,0.6932,0.6932,0.6932
1691673908000,0.6931,0.6931,0.6931
1691673909000,0.6931,0.6931,0.6931
1691673910000,0.6931,0.6931,0.6931
1691673911000,0.6931,0.6931,0.6931
1691673912000,0.6931,0.6931,0.6931
1691673913000,0.6931,0.6931,0.6931
1691673914000,0.6932,0.6932,0.6932
1691673915000,0.6932,0.6932,0.6932
1691673916000,0.6932,0.6932,0.6932
1691673917000,0.6932,0.6932,0.6932
1691673918000,0.6932,0.6932,0.6932
1691673919000,0.69336369,0.69336369,0.69336369
1691673920000,0.69337979,0.69337979,0.69337979
1691673921000,0.6933,0.6933,0.6933
1691673922000,0.6932,0.6932,0.6932
1691673923000,0.6932,0.6932,0.6932
1691673924000,0.6932,0.6932,0.6932
1691673925000,0.6932,0.6932,0.6932
1691673926000,0.6932,0.6932,0.6932
1691673927000,0.6932,0.6932,0.6932
1691673928000,0.69311835,0.69311835,0.69311835
1691673929000,0.69311835,0.69311835,0.69311835
1691673930000,0.69312086,0.69312086,0.69312086
1691673931000,0.69312224,0.69312224,0.69312224
1691673932000,0.6932,0.6932,0.6932
1691673933000,0.6932,0.6932,0.6932
1691673934000,0.6932,0.6932,0.6932
1691673935000,0.6932,0.6932,0.6932
1691673936000,0.6932,0.6932,0.6932
1691673937000,0.6932,0.6932,0.6932
1691673938000,0.6932,0.6932,0.6932
1691673939000,0.6932,0.6932,0.6932
1691673940000,0.6932,0.6932,0.6932
1691673941000,0.6932,0.6932,0.6932
1691673942000,0.6932,0.6932,0.6932
1691673943000,0.69315584,0.69315584,0.69315584
1691673944000,0.69315584,0.69315584,0.69315584
1691673945000,0.69314212,0.69314212,0.69314212
1691673946000,0.69314212,0.69314212,0.69314212
1691673947000,0.69314215,0.69314215,0.69314215
1691673948000,0.69313849,0.69313849,0.69313849
1691673949000,0.69313846,0.69313846,0.69313846
1691673950000,0.6931,0.6931,0.6931
1691673951000,0.6931,0.6931,0.6931
1691673952000,0.6931,0.6931,0.6931
1691673953000,0.6931,0.6931,0.6931
1691673954000,0.6931,0.6931,0.6931
1691673955000,0.6931,0.6931,0.6931
1691673956000,0.6931,0.6931,0.6931
1691673957000,0.6931,0.6931,0.6931
1691673958000,0.6931,0.6931,0.6931
1691673959000,0.6931,0.6931,0.6931
1691673960000,0.6931,0.6931,0.6931
1691673961000,0.69308752,0.69308752,0.69308752
1691673962000,0.69308752,0.69308752,0.69308752
1691673963000,0.6931,0.6931,0.6931
1691673964000,0.6933,0.6933,0.6933
1691673965000,0.6933,0.6933,0.6933
1691673966000,0.6932,0.6932,0.6932
1691673967000,0.6932,0.6932,0.6932
1691673968000,0.6932,0.6932,0.6932
1691673969000,0.6932,0.6932,0.6932
1691673970000,0.69313701,0.69313701,0.69313701
1691673971000,0.6932,0.6932,0.6932
1691673972000,0.6932,0.6932,0.6932
1691673973000,0.6932,0.6932,0.6932
1691673974000,0.6932,0.6932,0.6932
1691673975000,0.6932,0.6932,0.6932
1691673976000,0.6932,0.6932,0.6932
1691673977000,0.6933,0.6933,0.6933
1691673978000,0.6933,0.6933,0.6933
1691673979000,0.6933,0.6933,0.6933
1691673980000,0.6932,0.6932,0.6932
1691673981000,0.6932,0.6932,0.6932
1691673982000,0.6932,0.6932,0.6932
1691673983000,0.6932,0.6932,0.6932
1691673984000,0.6932,0.6932,0.6932
1691673985000,0.6932,0.6932,0.6932
1691673986000,0.6932,0.6932,0.6932
1691673987000,0.69316819,0.69316819,0.69316819
1691673988000,0.69316823,0.69316823,0.69316823
1691673989000,0.69316819,0.69316819,0.69316819
1691673990000,0.69312963,0.69312963,0.69312963
1691673991000,0.6932,0.6932,0.6932
1691673992000,0.6932,0.6932,0.6932
1691673993000,0.6932,0.6932,0.6932
1691673994000,0.6932,0.6932,0.6932
1691673995000,0.6932,0.6932,0.6932
1691673996000,0.6932,0.6932,0.6932
1691673997000,0.6932,0.6932,0.6932
1691673998000,0.6932,0.6932,0.6932
1691673999000,0.6932,0.6932,0.6932
1691674000000,0.6932,0.6932,0.6932
1691674001000,0.6932,0.6932,0.6932
1691674002000,0.6932,0.6932,0.6932
1691674003000,0.6932,0.6932,0.6932
1691674004000,0.6933,0.6933,0.6933
1691674005000,0.6933,0.6933,0.6933
1691674006000,0.6933,0.6933,0.6933
1691674007000,0.6934,0.6934,0.6934
1691674008000,0.6933,0.6933,0.6933
1691674009000,0.6933,0.6933,0.6933
1691674010000,0.6933,0.6933,0.6933
1691674011000,0.6933,0.6933,0.6933
1691674012000,0.6933,0.6933,0.6933
1691674013000,0.6933,0.6933,0.6933
1691674014000,0.6933,0.6933,0.6933
1691674015000,0.6933,0.6933,0.6933
1691674016000,0.6933,0.6933,0.6933
1691674017000,0.6933,0.6933,0.6933
1691674018000,0.6933,0.6933,0.6933
1691674019000,0.6933,0.6933,0.6933
1691674020000,0.6933,0.6933,0.6933
1691674021000,0.6933,0.6933,0.6933
1691674022000,0.6932,0.6932,0.6932
1691674023000,0.6932,0.6932,0.6932
1691674024000,0.6932,0.6932,0.6932
1691674025000,0.6932,0.6932,0.6932
1691674026000,0.69311006,0.69311006,0.69311006
1691674027000,0.6932,0.6932,0.6932
1691674028000,0.6931,0.6931,0.6931
1691674029000,0.6931,0.6931,0.6931
1691674030000,0.6931,0.6931,0.6931
1691674031000,0.69308551,0.69308551,0.69308551
1691674032000,0.6930846,0.6930846,0.6930846
1691674033000,0.6930846,0.6930846,0.6930846
1691674034000,0.69308381,0.69308381,0.69308381
1691674035000,0.69308457,0.69308457,0.69308457
1691674036000,0.69309332,0.69309332,0.69309332
1691674037000,0.69309234,0.69309234,0.69309234
1691674038000,0.69309234,0.69309234,0.69309234
1691674039000,0.6931,0.6931,0.6931
1691674040000,0.6931,0.6931,0.6931
1691674041000,0.6932,0.6932,0.6932
1691674042000,0.6932,0.6932,0.6932
1691674043000,0.6932,0.6932,0.6932
1691674044000,0.6932,0.6932,0.6932
1691674045000,0.6933,0.6933,0.6933
1691674046000,0.6933,0.6933,0.6933
1691674047000,0.6934,0.6934,0.6934
1691674048000,0.6934,0.6934,0.6934
1691674049000,0.6934,0.6934,0.6934
1691674050000,0.6934,0.6934,0.6934
1691674051000,0.6935,0.6935,0.6935
1691674052000,0.6935,0.6935,0.6935
1691674053000,0.6934,0.6934,0.6934
1691674054000,0.6935,0.6935,0.6935
1691674055000,0.6935,0.6935,0.6935
1691674056000,0.69366107,0.69366107,0.69366107
1691674057000,0.6937,0.6937,0.6937
1691674058000,0.6938,0.6938,0.6938
1691674059000,0.6938,0.6938,0.6938
1691674060000,0.6938,0.6938,0.6938
1691674061000,0.69342847,0.69342847,0.69342847
1691674062000,0.69342847,0.69342847,0.69342847
1691674063000,0.69336895,0.69336895,0.69336895
1691674064000,0.69335555,0.69335555,0.69335555
1691674065000,0.69335555,0.69335555,0.69335555
1691674066000,0.6933548,0.6933548,0.6933548
1691674067000,0.69322436,0.69322436,0.69322436
1691674068000,0.69322436,0.69322436,0.69322436
1691674069000,0.6933,0.6933,0.6933
1691674070000,0.6933,0.6933,0.6933
1691674071000,0.69323084,0.69323084,0.69323084
1691674072000,0.69323084,0.69323084,0.69323084
1691674073000,0.6932266,0.6932266,0.6932266
1691674074000,0.69322735,0.69322735,0.69322735
1691674075000,0.69335697,0.69335697,0.69335697
1691674076000,0.693357,0.693357,0.693357
1691674077000,0.693357,0.693357,0.693357
1691674078000,0.693357,0.693357,0.693357
1691674079000,0.69334823,0.69334823,0.69334823
1691674080000,0.69334898,0.69334898,0.69334898
1691674081000,0.69334567,0.69334567,0.69334567
1691674082000,0.69334567,0.69334567,0.69334567
1691674083000,0.69334564,0.69334564,0.69334564
1691674084000,0.69343266,0.69343266,0.69343266
1691674085000,0.69343266,0.69343266,0.69343266
1691674086000,0.69338784,0.69338784,0.69338784
1691674087000,0.69334817,0.69334817,0.69334817
1691674088000,0.69330319,0.69330319,0.69330319
1691674089000,0.69326047,0.69326047,0.69326047
1691674090000,0.6932605,0.6932605,0.6932605
1691674091000,0.6932605,0.6932605,0.6932605
1691674092000,0.69325608,0.69325608,0.69325608
1691674093000,0.69324372,0.69324372,0.69324372
1691674094000,0.69324372,0.69324372,0.69324372
1691674095000,0.69324372,0.69324372,0.69324372
1691674096000,0.693243,0.693243,0.693243
1691674097000,0.69319543,0.69319543,0.69319543
1691674098000,0.69319543,0.69319543,0.69319543
1691674099000,0.69316789,0.69316789,0.69316789
1691674100000,0.69316789,0.69316789,0.69316789
1691674101000,0.69316786,0.69316786,0.69316786
1691674102000,0.69316786,0.69316786,0.69316786
1691674103000,0.69312426,0.69312426,0.69312426
1691674104000,0.69312255,0.69312255,0.69312255
1691674105000,0.69312258,0.69312258,0.69312258
1691674106000,0.69312255,0.69312255,0.69312255
1691674107000,0.69312255,0.69312255,0.69312255
1691674108000,0.69308002,0.69308002,0.69308002
1691674109000,0.69303397,0.69303397,0.69303397
1691674110000,0.69303397,0.69303397,0.69303397
1691674111000,0.69303397,0.69303397,0.69303397
1691674112000,0.69303397,0.69303397,0.69303397
1691674113000,0.69303397,0.69303397,0.69303397
1691674114000,0.69305303,0.69305303,0.69305303
1691674115000,0.69305306,0.69305306,0.69305306
1691674116000,0.69298271,0.69298271,0.69298271
1691674117000,0.69298271,0.69298271,0.69298271
1691674118000,0.69298271,0.69298271,0.69298271
1691674119000,0.69297909,0.69297909,0.69297909
1691674120000,0.69297984,0.69297984,0.69297984
1691674121000,0.69302335,0.69302335,0.69302335
1691674122000,0.69302335,0.69302335,0.69302335
1691674123000,0.6930226,0.6930226,0.6930226
1691674124000,0.69302247,0.69302247,0.69302247
1691674125000,0.6930223,0.6930223,0.6930223
1691674126000,0.6930223,0.6930223,0.6930223
1691674127000,0.69302233,0.69302233,0.69302233
1691674128000,0.69302305,0.69302305,0.69302305
1691674129000,0.69297869,0.69297869,0.69297869
1691674130000,0.69302848,0.69302848,0.69302848
1691674131000,0.6932,0.6932,0.6932
1691674132000,0.6933,0.6933,0.6933
1691674133000,0.6933,0.6933,0.6933
1691674134000,0.6933,0.6933,0.6933
1691674135000,0.69325351,0.69325351,0.69325351
1691674136000,0.69325855,0.69325855,0.69325855
1691674137000,0.6933,0.6933,0.6933
1691674138000,0.6933,0.6933,0.6933
1691674139000,0.6933,0.6933,0.6933
1691674140000,0.6933,0.6933,0.6933
1691674141000,0.69331607,0.69331607,0.69331607
1691674142000,0.69331607,0.69331607,0.69331607
1691674143000,0.69332717,0.69332717,0.69332717
1691674144000,0.69333231,0.69333231,0.69333231
1691674145000,0.69334457,0.69334457,0.69334457
1691674146000,0.69334535,0.69334535,0.69334535
1691674147000,0.69330289,0.69330289,0.69330289
1691674148000,0.69330286,0.69330286,0.69330286
1691674149000,0.69323692,0.69323692,0.69323692
1691674150000,0.69323692,0.69323692,0.69323692
1691674151000,0.69318949,0.69318949,0.69318949
1691674152000,0.69318949,0.69318949,0.69318949
1691674153000,0.69318663,0.69318663,0.69318663
1691674154000,0.69322932,0.69322932,0.69322932
1691674155000,0.69322932,0.69322932,0.69322932
1691674156000,0.69322959,0.69322959,0.69322959
1691674157000,0.69322959,0.69322959,0.69322959
1691674158000,0.69322856,0.69322856,0.69322856
1691674159000,0.69322856,0.69322856,0.69322856
1691674160000,0.69322856,0.69322856,0.69322856
1691674161000,0.69322944,0.69322944,0.69322944
1691674162000,0.69322941,0.69322941,0.69322941
1691674163000,0.69322941,0.69322941,0.69322941
1691674164000,0.69322748,0.69322748,0.69322748
1691674165000,0.69322748,0.69322748,0.69322748
1691674166000,0.69322859,0.69322859,0.69322859
1691674167000,0.69322783,0.69322783,0.69322783
1691674168000,0.69322786,0.69322786,0.69322786
1691674169000,0.69322616,0.69322616,0.69322616
1691674170000,0.6933,0.6933,0.6933
1691674171000,0.6933,0.6933,0.6933
1691674172000,0.6933,0.6933,0.6933
1691674173000,0.6933,0.6933,0.6933
1691674174000,0.69327447,0.69327447,0.69327447
1691674175000,0.69323052,0.69323052,0.69323052
1691674176000,0.69323048,0.69323048,0.69323048
1691674177000,0.69323052,0.69323052,0.69323052
1691674178000,0.69323127,0.69323127,0.69323127
1691674179000,0.69323127,0.69323127,0.69323127
1691674180000,0.6932295,0.6932295,0.6932295
1691674181000,0.6932295,0.6932295,0.6932295
1691674182000,0.69322953,0.69322953,0.69322953
1691674183000,0.69322953,0.69322953,0.69322953
1691674184000,0.69323602,0.69323602,0.69323602
1691674185000,0.69319746,0.69319746,0.69319746
1691674186000,0.69314955,0.69314955,0.69314955
1691674187000,0.69314955,0.69314955,0.69314955
1691674188000,0.69314955,0.69314955,0.69314955
1691674189000,0.6932,0.6932,0.6932
1691674190000,0.6932,0.6932,0.6932
1691674191000,0.6932,0.6932,0.6932
1691674192000,0.6932,0.6932,0.6932
1691674193000,0.69320312,0.69320312,0.69320312
1691674194000,0.69324584,0.69324584,0.69324584
1691674195000,0.6933,0.6933,0.6933
1691674196000,0.6933,0.6933,0.6933
1691674197000,0.6933,0.6933,0.6933
1691674198000,0.6934,0.6934,0.6934
1691674199000,0.6934,0.6934,0.6934
1691674200000,0.6934,0.6934,0.6934
1691674201000,0.6936,0.6936,0.6936
1691674202000,0.6936,0.6936,0.6936
1691674203000,0.6935,0.6935,0.6935
1691674204000,0.6934,0.6934,0.6934
1691674205000,0.69335186,0.69335186,0.69335186
1691674206000,0.69335186,0.69335186,0.69335186
1691674207000,0.6932508,0.6932508,0.6932508
1691674208000,0.6932601,0.6932601,0.6932601
1691674209000,0.6932601,0.6932601,0.6932601
1691674210000,0.6934,0.6934,0.6934
1691674211000,0.6933,0.6933,0.6933
1691674212000,0.6933,0.6933,0.6933
1691674213000,0.6934,0.6934,0.6934
1691674214000,0.69331085,0.69331085,0.69331085
1691674215000,0.69331085,0.69331085,0.69331085
1691674216000,0.69331085,0.69331085,0.69331085
1691674217000,0.69331088,0.69331088,0.69331088
1691674218000,0.69331088,0.69331088,0.69331088
1691674219000,0.69330774,0.69330774,0.69330774
1691674220000,0.6933,0.6933,0.6933
1691674221000,0.6934,0.6934,0.6934
1691674222000,0.6934,0.6934,0.6934
1691674223000,0.6934,0.6934,0.6934
1691674224000,0.6933064,0.6933064,0.6933064
1691674225000,0.6933064,0.6933064,0.6933064
1691674226000,0.6932115,0.6932115,0.6932115
1691674227000,0.69321081,0.69321081,0.69321081
1691674228000,0.6933,0.6933,0.6933
1691674229000,0.69321006,0.69321006,0.69321006
1691674230000,0.6932058,0.6932058,0.6932058
1691674231000,0.69320583,0.69320583,0.69320583
1691674232000,0.69320652,0.69320652,0.69320652
1691674233000,0.69320576,0.69320576,0.69320576
1691674234000,0.69320576,0.69320576,0.69320576
1691674235000,0.69324435,0.69324435,0.69324435
1691674236000,0.6933,0.6933,0.6933
1691674237000,0.69333184,0.69333184,0.69333184
1691674238000,0.69333184,0.69333184,0.69333184
1691674239000,0.69333184,0.69333184,0.69333184
1691674240000,0.69328836,0.69328836,0.69328836
1691674241000,0.69328117,0.69328117,0.69328117
1691674242000,0.69325686,0.69325686,0.69325686
1691674243000,0.69325686,0.69325686,0.69325686
1691674244000,0.693243,0.693243,0.693243
1691674245000,0.69324224,0.69324224,0.69324224
1691674246000,0.69324224,0.69324224,0.69324224
1691674247000,0.69323762,0.69323762,0.69323762
1691674248000,0.69324053,0.69324053,0.69324053
1691674249000,0.6932405,0.6932405,0.6932405
1691674250000,0.6932405,0.6932405,0.6932405
1691674251000,0.69323566,0.69323566,0.69323566
1691674252000,0.69318808,0.69318808,0.69318808
1691674253000,0.6932,0.6932,0.6932
1691674254000,0.6933,0.6933,0.6933
1691674255000,0.6933,0.6933,0.6933
1691674256000,0.6934,0.6934,0.6934
1691674257000,0.6937,0.6937,0.6937
1691674258000,0.6938,0.6938,0.6938
1691674259000,0.6937,0.6937,0.6937
1691674260000,0.6938,0.6938,0.6938
1691674261000,0.6938,0.6938,0.6938
1691674262000,0.6939,0.6939,0.6939
1691674263000,0.6939,0.6939,0.6939
1691674264000,0.6939,0.6939,0.6939
1691674265000,0.6939,0.6939,0.6939
1691674266000,0.6939,0.6939,0.6939
1691674267000,0.6939,0.6939,0.6939
1691674268000,0.69410058,0.69410058,0.69410058
1691674269000,0.6941,0.6941,0.6941
1691674270000,0.6942,0.6942,0.6942
1691674271000,0.69422244,0.69422244,0.69422244
1691674272000,0.69427445,0.69427445,0.69427445
1691674273000,0.6942,0.6942,0.6942
1691674274000,0.6942,0.6942,0.6942
1691674275000,0.6942,0.6942,0.6942
1691674276000,0.6942,0.6942,0.6942
1691674277000,0.6942,0.6942,0.6942
1691674278000,0.69427837,0.69427837,0.69427837
1691674279000,0.69432185,0.69432185,0.69432185
1691674280000,0.69441967,0.69441967,0.69441967
1691674281000,0.69441967,0.69441967,0.69441967
1691674282000,0.69454666,0.69454666,0.69454666
1691674283000,0.69454665,0.69454665,0.69454665
1691674284000,0.69456081,0.69456081,0.69456081
1691674285000,0.6945,0.6945,0.6945
1691674286000,0.6945608,0.6945608,0.6945608
1691674287000,0.6945,0.6945,0.6945
1691674288000,0.6944,0.6944,0.6944
1691674289000,0.6944,0.6944,0.6944
1691674290000,0.6944,0.6944,0.6944
1691674291000,0.6945,0.6945,0.6945
1691674292000,0.6945,0.6945,0.6945
1691674293000,0.6945,0.6945,0.6945
1691674294000,0.69456967,0.69456967,0.69456967
1691674295000,0.69477754,0.69477754,0.69477754
1691674296000,0.69477753,0.69477753,0.69477753
1691674297000,0.69477753,0.69477753,0.69477753
1691674298000,0.69481778,0.69481778,0.69481778
1691674299000,0.69481777,0.69481777,0.69481777
1691674300000,0.69486343,0.69486343,0.69486343
1691674301000,0.69488227,0.69488227,0.69488227
1691674302000,0.69488226,0.69488226,0.69488226
1691674303000,0.69493924,0.69493924,0.69493924
1691674304000,0.69493924,0.69493924,0.69493924
1691674305000,0.69503902,0.69503902,0.69503902
1691674306000,0.69508246,0.69508246,0.69508246
1691674307000,0.69508246,0.69508246,0.69508246
1691674308000,0.69509114,0.69509114,0.69509114
1691674309000,0.6950415,0.6950415,0.6950415
1691674310000,0.69508423,0.69508423,0.69508423
1691674311000,0.69508422,0.69508422,0.69508422
1691674312000,0.69512362,0.69512362,0.69512362
1691674313000,0.69512362,0.69512362,0.69512362
1691674314000,0.69511528,0.69511528,0.69511528
1691674315000,0.69510826,0.69510826,0.69510826
1691674316000,0.69510826,0.69510826,0.69510826
1691674317000,0.69523033,0.69523033,0.69523033
1691674318000,0.6952303,0.6952303,0.6952303
1691674319000,0.69523414,0.69523414,0.69523414
1691674320000,0.69523493,0.69523493,0.69523493
1691674321000,0.69525449,0.69525449,0.69525449
1691674322000,0.69540941,0.69540941,0.69540941
1691674323000,0.69540941,0.69540941,0.69540941
1691674324000,0.6954094,0.6954094,0.6954094
1691674325000,0.69546051,0.69546051,0.69546051
1691674326000,0.69548735,0.69548735,0.69548735
1691674327000,0.69544314,0.69544314,0.69544314
1691674328000,0.69558662,0.69558662,0.69558662
1691674329000,0.6955,0.6955,0.6955
1691674330000,0.6955,0.6955,0.6955
1691674331000,0.69549258,0.69549258,0.69549258
1691674332000,0.69549337,0.69549337,0.69549337
1691674333000,0.69549337,0.69549337,0.69549337
1691674334000,0.69548967,0.69548967,0.69548967
1691674335000,0.69548967,0.69548967,0.69548967
1691674336000,0.6957,0.6957,0.6957
1691674337000,0.69566669,0.69566669,0.69566669
1691674338000,0.6957,0.6957,0.6957
1691674339000,0.69577096,0.69577096,0.69577096
1691674340000,0.69577096,0.69577096,0.69577096
1691674341000,0.69572061,0.69572061,0.69572061
1691674342000,0.69572061,0.69572061,0.69572061
1691674343000,0.69572061,0.69572061,0.69572061
1691674344000,0.69572064,0.69572064,0.69572064
1691674345000,0.69572064,0.69572064,0.69572064
1691674346000,0.6957,0.6957,0.6957
1691674347000,0.6957,0.6957,0.6957
1691674348000,0.6956,0.6956,0.6956
1691674349000,0.6956,0.6956,0.6956
1691674350000,0.6956,0.6956,0.6956
1691674351000,0.6957,0.6957,0.6957
1691674352000,0.6956967,0.6956967,0.6956967
1691674353000,0.6956967,0.6956967,0.6956967
1691674354000,0.69544378,0.69544378,0.69544378
1691674355000,0.6952,0.6952,0.6952
1691674356000,0.69518407,0.69518407,0.69518407
1691674357000,0.69514961,0.69514961,0.69514961
1691674358000,0.6952,0.6952,0.6952
1691674359000,0.69494629,0.69494629,0.69494629
1691674360000,0.69505501,0.69505501,0.69505501
1691674361000,0.69505501,0.69505501,0.69505501
1691674362000,0.69499844,0.69499844,0.69499844
1691674363000,0.6949989,0.6949989,0.6949989
1691674364000,0.6948981,0.6948981,0.6948981
1691674365000,0.6948981,0.6948981,0.6948981
1691674366000,0.69488534,0.69488534,0.69488534
1691674367000,0.69468151,0.69468151,0.69468151
1691674368000,0.69468678,0.69468678,0.69468678
1691674369000,0.69468678,0.69468678,0.69468678
1691674370000,0.69468681,0.69468681,0.69468681
1691674371000,0.69462464,0.69462464,0.69462464
1691674372000,0.69457461,0.69457461,0.69457461
1691674373000,0.69457461,0.69457461,0.69457461
1691674374000,0.69456791,0.69456791,0.69456791
1691674375000,0.69459649,0.69459649,0.69459649
1691674376000,0.69459646,0.69459646,0.69459646
1691674377000,0.69459646,0.69459646,0.69459646
1691674378000,0.6945957,0.6945957,0.6945957
1691674379000,0.69459425,0.69459425,0.69459425
1691674380000,0.69459223,0.69459223,0.69459223
1691674381000,0.69459223,0.69459223,0.69459223
1691674382000,0.69459226,0.69459226,0.69459226
1691674383000,0.6946,0.6946,0.6946
1691674384000,0.6948,0.6948,0.6948
1691674385000,0.6948,0.6948,0.6948
1691674386000,0.69475231,0.69475231,0.69475231
1691674387000,0.69475231,0.69475231,0.69475231
1691674388000,0.69470169,0.69470169,0.69470169
1691674389000,0.69470169,0.69470169,0.69470169
1691674390000,0.69478936,0.69478936,0.69478936
1691674391000,0.69479449,0.69479449,0.69479449
1691674392000,0.69480938,0.69480938,0.69480938
1691674393000,0.695,0.695,0.695
1691674394000,0.69492763,0.69492763,0.69492763
1691674395000,0.69492839,0.69492839,0.69492839
1691674396000,0.69491796,0.69491796,0.69491796
1691674397000,0.69491796,0.69491796,0.69491796
1691674398000,0.69487445,0.69487445,0.69487445
1691674399000,0.69487369,0.69487369,0.69487369
1691674400000,0.69487369,0.69487369,0.69487369
1691674401000,0.6948704,0.6948704,0.6948704
1691674402000,0.69486972,0.69486972,0.69486972
1691674403000,0.6947828,0.6947828,0.6947828
1691674404000,0.6948,0.6948,0.6948
1691674405000,0.6948,0.6948,0.6948
1691674406000,0.6948,0.6948,0.6948
1691674407000,0.69478862,0.69478862,0.69478862
1691674408000,0.69480222,0.69480222,0.69480222
1691674409000,0.69479695,0.69479695,0.69479695
1691674410000,0.69479698,0.69479698,0.69479698
1691674411000,0.69479698,0.69479698,0.69479698
1691674412000,0.69463184,0.69463184,0.69463184
1691674413000,0.69463017,0.69463017,0.69463017
1691674414000,0.69463017,0.69463017,0.69463017
1691674415000,0.69459104,0.69459104,0.69459104
1691674416000,0.69449733,0.69449733,0.69449733
1691674417000,0.69450036,0.69450036,0.69450036
1691674418000,0.6945,0.6945,0.6945
1691674419000,0.69465028,0.69465028,0.69465028
1691674420000,0.6948,0.6948,0.6948
1691674421000,0.6949,0.6949,0.6949
1691674422000,0.6947147,0.6947147,0.6947147
1691674423000,0.6947147,0.6947147,0.6947147
1691674424000,0.69475069,0.69475069,0.69475069
1691674425000,0.6948,0.6948,0.6948
1691674426000,0.6948,0.6948,0.6948
1691674427000,0.6949,0.6949,0.6949
1691674428000,0.695,0.695,0.695
1691674429000,0.695,0.695,0.695
1691674430000,0.695,0.695,0.695
1691674431000,0.695,0.695,0.695
1691674432000,0.695,0.695,0.695
1691674433000,0.695,0.695,0.695
1691674434000,0.6951,0.6951,0.6951
1691674435000,0.6951,0.6951,0.6951
1691674436000,0.6952,0.6952,0.6952
1691674437000,0.6952,0.6952,0.6952
1691674438000,0.6952,0.6952,0.6952
1691674439000,0.69523881,0.69523881,0.69523881
1691674440000,0.69529425,0.69529425,0.69529425
1691674441000,0.69529425,0.69529425,0.69529425
1691674442000,0.6954,0.6954,0.6954
1691674443000,0.6954,0.6954,0.6954
1691674444000,0.6953,0.6953,0.6953
1691674445000,0.6954,0.6954,0.6954
1691674446000,0.6953,0.6953,0.6953
1691674447000,0.6953,0.6953,0.6953
1691674448000,0.69522356,0.69522356,0.69522356
1691674449000,0.69522356,0.69522356,0.69522356
1691674450000,0.6952,0.6952,0.6952
1691674451000,0.6952,0.6952,0.6952
1691674452000,0.6952,0.6952,0.6952
1691674453000,0.6952,0.6952,0.6952
1691674454000,0.6952,0.6952,0.6952
1691674455000,0.69512368,0.69512368,0.69512368
1691674456000,0.6952,0.6952,0.6952
1691674457000,0.6951,0.6951,0.6951
1691674458000,0.6951,0.6951,0.6951
1691674459000,0.6951,0.6951,0.6951
1691674460000,0.6951,0.6951,0.6951
1691674461000,0.6951,0.6951,0.6951
1691674462000,0.69513087,0.69513087,0.69513087
1691674463000,0.6952,0.6952,0.6952
1691674464000,0.69513159,0.69513159,0.69513159
1691674465000,0.69513159,0.69513159,0.69513159
1691674466000,0.6951,0.6951,0.6951
1691674467000,0.6951,0.6951,0.6951
1691674468000,0.6951,0.6951,0.6951
1691674469000,0.6953,0.6953,0.6953
1691674470000,0.6953,0.6953,0.6953
1691674471000,0.6953,0.6953,0.6953
1691674472000,0.6954,0.6954,0.6954
1691674473000,0.6954,0.6954,0.6954
1691674474000,0.6953,0.6953,0.6953
1691674475000,0.6953,0.6953,0.6953
1691674476000,0.6953,0.6953,0.6953
1691674477000,0.6953,0.6953,0.6953
1691674478000,0.6953,0.6953,0.6953
1691674479000,0.6953,0.6953,0.6953
1691674480000,0.6953,0.6953,0.6953
1691674481000,0.6952,0.6952,0.6952
1691674482000,0.6952,0.6952,0.6952
1691674483000,0.6952,0.6952,0.6952
1691674484000,0.6953,0.6953,0.6953
1691674485000,0.69532077,0.69532077,0.69532077
1691674486000,0.6954,0.6954,0.6954
1691674487000,0.6954,0.6954,0.6954
1691674488000,0.6955,0.6955,0.6955
1691674489000,0.6955,0.6955,0.6955
1691674490000,0.69555506,0.69555506,0.69555506
1691674491000,0.6955,0.6955,0.6955
1691674492000,0.6955,0.6955,0.6955
1691674493000,0.69557025,0.69557025,0.69557025
1691674494000,0.6955,0.6955,0.6955
1691674495000,0.6955,0.6955,0.6955
1691674496000,0.6955,0.6955,0.6955
1691674497000,0.6954,0.6954,0.6954
1691674498000,0.6955,0.6955,0.6955
1691674499000,0.6955,0.6955,0.6955
1691674500000,0.6955629,0.6955629,0.6955629
1691674501000,0.6955629,0.6955629,0.6955629
1691674502000,0.69557129,0.69557129,0.69557129
1691674503000,0.69552783,0.69552783,0.69552783
1691674504000,0.6955,0.6955,0.6955
1691674505000,0.6955,0.6955,0.6955
1691674506000,0.69557869,0.69557869,0.69557869
1691674507000,0.6955,0.6955,0.6955
1691674508000,0.6955,0.6955,0.6955
1691674509000,0.6955,0.6955,0.6955
1691674510000,0.6956,0.6956,0.6956
1691674511000,0.69568716,0.69568716,0.69568716
1691674512000,0.69568861,0.69568861,0.69568861
1691674513000,0.69570165,0.69570165,0.69570165
1691674514000,0.69574467,0.69574467,0.69574467
1691674515000,0.69574543,0.69574543,0.69574543
1691674516000,0.69574542,0.69574542,0.69574542
1691674517000,0.69574542,0.69574542,0.69574542
1691674518000,0.69574542,0.69574542,0.69574542
1691674519000,0.6958,0.6958,0.6958
1691674520000,0.69563399,0.69563399,0.69563399
1691674521000,0.6957,0.6957,0.6957
1691674522000,0.6957,0.6957,0.6957
1691674523000,0.6958024,0.6958024,0.6958024
1691674524000,0.69585104,0.69585104,0.69585104
1691674525000,0.69585659,0.69585659,0.69585659
1691674526000,0.69594197,0.69594197,0.69594197
1691674527000,0.69594197,0.69594197,0.69594197
1691674528000,0.696,0.696,0.696
1691674529000,0.696,0.696,0.696
1691674530000,0.696,0.696,0.696
1691674531000,0.696,0.696,0.696
1691674532000,0.696,0.696,0.696
1691674533000,0.69606334,0.69606334,0.69606334
1691674534000,0.69606057,0.69606057,0.69606057
1691674535000,0.69606056,0.69606056,0.69606056
1691674536000,0.69606056,0.69606056,0.69606056
1691674537000,0.69606056,0.69606056,0.69606056
1691674538000,0.69606056,0.69606056,0.69606056
1691674539000,0.69606055,0.69606055,0.69606055
1691674540000,0.69609527,0.69609527,0.69609527
1691674541000,0.69609527,0.69609527,0.69609527
1691674542000,0.69609635,0.69609635,0.69609635
1691674543000,0.69616665,0.69616665,0.69616665
1691674544000,0.69616664,0.69616664,0.69616664
1691674545000,0.69624708,0.69624708,0.69624708
1691674546000,0.69627968,0.69627968,0.69627968
1691674547000,0.69627971,0.69627971,0.69627971
1691674548000,0.69627971,0.69627971,0.69627971
1691674549000,0.69631673,0.69631673,0.69631673
1691674550000,0.69631673,0.69631673,0.69631673
1691674551000,0.6964087,0.6964087,0.6964087
1691674552000,0.6964087,0.6964087,0.6964087
1691674553000,0.69649737,0.69649737,0.69649737
1691674554000,0.69649737,0.69649737,0.69649737
1691674555000,0.69669504,0.69669504,0.69669504
1691674556000,0.69669504,0.69669504,0.69669504
1691674557000,0.69673779,0.69673779,0.69673779
1691674558000,0.69673779,0.69673779,0.69673779
1691674559000,0.69669428,0.69669428,0.69669428
1691674560000,0.69669427,0.69669427,0.69669427
1691674561000,0.6967,0.6967,0.6967
1691674562000,0.6965,0.6965,0.6965
1691674563000,0.69644597,0.69644597,0.69644597
1691674564000,0.6964,0.6964,0.6964
1691674565000,0.69634414,0.69634414,0.69634414
1691674566000,0.69632691,0.69632691,0.69632691
1691674567000,0.6963,0.6963,0.6963
1691674568000,0.6962843,0.6962843,0.6962843
1691674569000,0.69623208,0.69623208,0.69623208
1691674570000,0.69629257,0.69629257,0.69629257
1691674571000,0.69634129,0.69634129,0.69634129
1691674572000,0.69634129,0.69634129,0.69634129
1691674573000,0.69634129,0.69634129,0.69634129
1691674574000,0.69633273,0.69633273,0.69633273
1691674575000,0.69633701,0.69633701,0.69633701
1691674576000,0.69633701,0.69633701,0.69633701
1691674577000,0.6964,0.6964,0.6964
1691674578000,0.6964,0.6964,0.6964
1691674579000,0.69646814,0.69646814,0.69646814
1691674580000,0.69646817,0.69646817,0.69646817
1691674581000,0.69646817,0.69646817,0.69646817
1691674582000,0.6964624,0.6964624,0.6964624
1691674583000,0.69658695,0.69658695,0.69658695
1691674584000,0.69644645,0.69644645,0.69644645
1691674585000,0.69644576,0.69644576,0.69644576
1691674586000,0.69644652,0.69644652,0.69644652
1691674587000,0.6964,0.6964,0.6964
1691674588000,0.6964,0.6964,0.6964
1691674589000,0.69645559,0.69645559,0.69645559
1691674590000,0.69645592,0.69645592,0.69645592
1691674591000,0.69645513,0.69645513,0.69645513
1691674592000,0.69650516,0.69650516,0.69650516
1691674593000,0.69660511,0.69660511,0.69660511
1691674594000,0.69660508,0.69660508,0.69660508
1691674595000,0.69660511,0.69660511,0.69660511
1691674596000,0.69650017,0.69650017,0.69650017
1691674597000,0.69645672,0.69645672,0.69645672
1691674598000,0.6964,0.6964,0.6964
1691674599000,0.6964,0.6964,0.6964
1691674600000,0.6964,0.6964,0.6964
1691674601000,0.6964,0.6964,0.6964
1691674602000,0.6964,0.6964,0.6964
1691674603000,0.6964,0.6964,0.6964
1691674604000,0.69636654,0.69636654,0.69636654
1691674605000,0.69636654,0.69636654,0.69636654
1691674606000,0.6964,0.6964,0.6964
1691674607000,0.6964,0.6964,0.6964
1691674608000,0.6964,0.6964,0.6964
1691674609000,0.69650272,0.69650272,0.69650272
1691674610000,0.69650272,0.69650272,0.69650272
1691674611000,0.6965,0.6965,0.6965
1691674612000,0.69650429,0.69650429,0.69650429
1691674613000,0.69658644,0.69658644,0.69658644
1691674614000,0.6965,0.6965,0.6965
1691674615000,0.6965,0.6965,0.6965
1691674616000,0.6965,0.6965,0.6965
1691674617000,0.6964382,0.6964382,0.6964382
1691674618000,0.6964,0.6964,0.6964
1691674619000,0.69656432,0.69656432,0.69656432
1691674620000,0.69656432,0.69656432,0.69656432
1691674621000,0.69663305,0.69663305,0.69663305
1691674622000,0.69663305,0.69663305,0.69663305
1691674623000,0.69672054,0.69672054,0.69672054
1691674624000,0.6967,0.6967,0.6967
1691674625000,0.69668361,0.69668361,0.69668361
1691674626000,0.6966,0.6966,0.6966
1691674627000,0.6966,0.6966,0.6966
1691674628000,0.6966,0.6966,0.6966
1691674629000,0.69651732,0.69651732,0.69651732
1691674630000,0.69656076,0.69656076,0.69656076
1691674631000,0.69668107,0.69668107,0.69668107
1691674632000,0.6966,0.6966,0.6966
1691674633000,0.69688726,0.69688726,0.69688726
1691674634000,0.69688726,0.69688726,0.69688726
1691674635000,0.6971,0.6971,0.6971
1691674636000,0.69710447,0.69710447,0.69710447
1691674637000,0.69708,0.69708,0.69708
1691674638000,0.69703655,0.69703655,0.69703655
1691674639000,0.697,0.697,0.697
1691674640000,0.697,0.697,0.697
1691674641000,0.69691667,0.69691667,0.69691667
1691674642000,0.697,0.697,0.697
1691674643000,0.697,0.697,0.697
1691674644000,0.697,0.697,0.697
1691674645000,0.69700275,0.69700275,0.69700275
1691674646000,0.697,0.697,0.697
1691674647000,0.6969,0.6969,0.6969
1691674648000,0.6969,0.6969,0.6969
1691674649000,0.6969,0.6969,0.6969
1691674650000,0.69691619,0.69691619,0.69691619
1691674651000,0.69691616,0.69691616,0.69691616
1691674652000,0.69691616,0.69691616,0.69691616
1691674653000,0.6968,0.6968,0.6968
1691674654000,0.69694747,0.69694747,0.69694747
1691674655000,0.69694677,0.69694677,0.69694677
1691674656000,0.69695678,0.69695678,0.69695678
1691674657000,0.69695098,0.69695098,0.69695098
1691674658000,0.697,0.697,0.697
1691674659000,0.69696101,0.69696101,0.69696101
1691674660000,0.69704719,0.69704719,0.69704719
1691674661000,0.69704795,0.69704795,0.69704795
1691674662000,0.69704795,0.69704795,0.69704795
1691674663000,0.69704783,0.69704783,0.69704783
1691674664000,0.69704783,0.69704783,0.69704783
1691674665000,0.6971,0.6971,0.6971
1691674666000,0.69716203,0.69716203,0.69716203
1691674667000,0.6971,0.6971,0.6971
1691674668000,0.6971,0.6971,0.6971
1691674669000,0.6972,0.6972,0.6972
1691674670000,0.6972,0.6972,0.6972
1691674671000,0.69714623,0.69714623,0.69714623
1691674672000,0.6970901,0.6970901,0.6970901
1691674673000,0.6970901,0.6970901,0.6970901
1691674674000,0.69713394,0.69713394,0.69713394
1691674675000,0.69713394,0.69713394,0.69713394
1691674676000,0.69695805,0.69695805,0.69695805
1691674677000,0.69695762,0.69695762,0.69695762
1691674678000,0.69696174,0.69696174,0.69696174
1691674679000,0.69700522,0.69700522,0.69700522
1691674680000,0.69700522,0.69700522,0.69700522
1691674681000,0.69701253,0.69701253,0.69701253
1691674682000,0.69701253,0.69701253,0.69701253
1691674683000,0.69711613,0.69711613,0.69711613
1691674684000,0.69711599,0.69711599,0.69711599
1691674685000,0.69715434,0.69715434,0.69715434
1691674686000,0.69715437,0.69715437,0.69715437
1691674687000,0.69706778,0.69706778,0.69706778
1691674688000,0.69706556,0.69706556,0.69706556
1691674689000,0.69706504,0.69706504,0.69706504
1691674690000,0.69706583,0.69706583,0.69706583
1691674691000,0.6971,0.6971,0.6971
1691674692000,0.6971,0.6971,0.6971
1691674693000,0.69718777,0.69718777,0.69718777
1691674694000,0.69713758,0.69713758,0.69713758
1691674695000,0.69714263,0.69714263,0.69714263
1691674696000,0.69718611,0.69718611,0.69718611
1691674697000,0.69718611,0.69718611,0.69718611
1691674698000,0.69718556,0.69718556,0.69718556
1691674699000,0.69718556,0.69718556,0.69718556
1691674700000,0.69713208,0.69713208,0.69713208
1691674701000,0.6972,0.6972,0.6972
1691674702000,0.6972,0.6972,0.6972
1691674703000,0.6972,0.6972,0.6972
1691674704000,0.69717624,0.69717624,0.69717624
1691674705000,0.69717624,0.69717624,0.69717624
1691674706000,0.69721637,0.69721637,0.69721637
1691674707000,0.69721637,0.69721637,0.69721637
1691674708000,0.69721637,0.69721637,0.69721637
1691674709000,0.69724743,0.69724743,0.69724743
1691674710000,0.69710338,0.69710338,0.69710338
1691674711000,0.69710816,0.69710816,0.69710816
1691674712000,0.69710741,0.69710741,0.69710741
1691674713000,0.69710535,0.69710535,0.69710535
1691674714000,0.69710535,0.69710535,0.69710535
1691674715000,0.69707892,0.69707892,0.69707892
1691674716000,0.69697562,0.69697562,0.69697562
1691674717000,0.69680725,0.69680725,0.69680725
1691674718000,0.69680725,0.69680725,0.69680725
1691674719000,0.69667376,0.69667376,0.69667376
1691674720000,0.69667318,0.69667318,0.69667318
1691674721000,0.69671914,0.69671914,0.69671914
1691674722000,0.69676216,0.69676216,0.69676216
1691674723000,0.69676216,0.69676216,0.69676216
1691674724000,0.69684858,0.69684858,0.69684858
1691674725000,0.69684858,0.69684858,0.69684858
1691674726000,0.69683811,0.69683811,0.69683811
1691674727000,0.69684446,0.69684446,0.69684446
1691674728000,0.69684313,0.69684313,0.69684313
1691674729000,0.6968337,0.6968337,0.6968337
1691674730000,0.69683446,0.69683446,0.69683446
1691674731000,0.69673789,0.69673789,0.69673789
1691674732000,0.69673623,0.69673623,0.69673623
1691674733000,0.69673145,0.69673145,0.69673145
1691674734000,0.69672608,0.69672608,0.69672608
1691674735000,0.69672581,0.69672581,0.69672581
1691674736000,0.69681279,0.69681279,0.69681279
1691674737000,0.69672442,0.69672442,0.69672442
1691674738000,0.6967233,0.6967233,0.6967233
1691674739000,0.696717,0.696717,0.696717
1691674740000,0.696717,0.696717,0.696717
1691674741000,0.6967945,0.6967945,0.6967945
1691674742000,0.6968,0.6968,0.6968
1691674743000,0.69690456,0.69690456,0.69690456
1691674744000,0.69690289,0.69690289,0.69690289
1691674745000,0.69690289,0.69690289,0.69690289
1691674746000,0.69686245,0.69686245,0.69686245
1691674747000,0.69686245,0.69686245,0.69686245
1691674748000,0.69672017,0.69672017,0.69672017
1691674749000,0.69665989,0.69665989,0.69665989
1691674750000,0.69663431,0.69663431,0.69663431
1691674751000,0.69657815,0.69657815,0.69657815
1691674752000,0.69657891,0.69657891,0.69657891
1691674753000,0.69657891,0.69657891,0.69657891
1691674754000,0.69654131,0.69654131,0.69654131
1691674755000,0.69638548,0.69638548,0.69638548
1691674756000,0.69638548,0.69638548,0.69638548
1691674757000,0.69638469,0.69638469,0.69638469
1691674758000,0.69638469,0.69638469,0.69638469
1691674759000,0.69638469,0.69638469,0.69638469
1691674760000,0.69634326,0.69634326,0.69634326
1691674761000,0.6963401,0.6963401,0.6963401
1691674762000,0.69632706,0.69632706,0.69632706
1691674763000,0.69632633,0.69632633,0.69632633
1691674764000,0.69632307,0.69632307,0.69632307
1691674765000,0.69616408,0.69616408,0.69616408
1691674766000,0.6961552,0.6961552,0.6961552
1691674767000,0.69594456,0.69594456,0.69594456
1691674768000,0.69592595,0.69592595,0.69592595
1691674769000,0.69592592,0.69592592,0.69592592
1691674770000,0.69592377,0.69592377,0.69592377
1691674771000,0.69592377,0.69592377,0.69592377
1691674772000,0.69591685,0.69591685,0.69591685
1691674773000,0.69591758,0.69591758,0.69591758
1691674774000,0.69591758,0.69591758,0.69591758
1691674775000,0.69589074,0.69589074,0.69589074
1691674776000,0.69584801,0.69584801,0.69584801
1691674777000,0.69584257,0.69584257,0.69584257
1691674778000,0.69588373,0.69588373,0.69588373
1691674779000,0.69592721,0.69592721,0.69592721
1691674780000,0.69592721,0.69592721,0.69592721
1691674781000,0.69592721,0.69592721,0.69592721
1691674782000,0.69592721,0.69592721,0.69592721
1691674783000,0.69587849,0.69587849,0.69587849
1691674784000,0.6957915,0.6957915,0.6957915
1691674785000,0.69581861,0.69581861,0.69581861
1691674786000,0.69587159,0.69587159,0.69587159
1691674787000,0.69587159,0.69587159,0.69587159
1691674788000,0.69588046,0.69588046,0.69588046
1691674789000,0.69588043,0.69588043,0.69588043
1691674790000,0.69588206,0.69588206,0.69588206
1691674791000,0.6959951,0.6959951,0.6959951
1691674792000,0.6959951,0.6959951,0.6959951
1691674793000,0.69600417,0.69600417,0.69600417
1691674794000,0.6960878,0.6960878,0.6960878
1691674795000,0.69609392,0.69609392,0.69609392
1691674796000,0.69609392,0.69609392,0.69609392
1691674797000,0.69611922,0.69611922,0.69611922
1691674798000,0.69612497,0.69612497,0.69612497
1691674799000,0.6962,0.6962,0.6962
1691674800000,0.6963,0.6963,0.6963
1691674801000,0.6963,0.6963,0.6963
1691674802000,0.6964,0.6964,0.6964
1691674803000,0.6964,0.6964,0.6964
1691674804000,0.6965,0.6965,0.6965
1691674805000,0.6965,0.6965,0.6965
1691674806000,0.69660379,0.69660379,0.69660379
1691674807000,0.6965,0.6965,0.6965
1691674808000,0.69652166,0.69652166,0.69652166
1691674809000,0.69652166,0.69652166,0.69652166
1691674810000,0.69637212,0.69637212,0.69637212
1691674811000,0.6964,0.6964,0.6964
1691674812000,0.6964,0.6964,0.6964
1691674813000,0.69640509,0.69640509,0.69640509
1691674814000,0.69640509,0.69640509,0.69640509
1691674815000,0.69636643,0.69636643,0.69636643
1691674816000,0.69636625,0.69636625,0.69636625
1691674817000,0.69636552,0.69636552,0.69636552
1691674818000,0.69639111,0.69639111,0.69639111
1691674819000,0.6964,0.6964,0.6964
1691674820000,0.69656441,0.69656441,0.69656441
1691674821000,0.69658548,0.69658548,0.69658548
1691674822000,0.69658551,0.69658551,0.69658551
1691674823000,0.69658551,0.69658551,0.69658551
1691674824000,0.69658656,0.69658656,0.69658656
1691674825000,0.6966287,0.6966287,0.6966287
1691674826000,0.6967,0.6967,0.6967
1691674827000,0.6966,0.6966,0.6966
1691674828000,0.6966,0.6966,0.6966
1691674829000,0.6965,0.6965,0.6965
1691674830000,0.69649571,0.69649571,0.69649571
1691674831000,0.69649242,0.69649242,0.69649242
1691674832000,0.69649242,0.69649242,0.69649242
1691674833000,0.69648286,0.69648286,0.69648286
1691674834000,0.6965,0.6965,0.6965
1691674835000,0.6965,0.6965,0.6965
1691674836000,0.69666508,0.69666508,0.69666508
1691674837000,0.6966,0.6966,0.6966
1691674838000,0.6966,0.6966,0.6966
1691674839000,0.69652428,0.69652428,0.69652428
1691674840000,0.69652428,0.69652428,0.69652428
1691674841000,0.69652428,0.69652428,0.69652428
1691674842000,0.69647288,0.69647288,0.69647288
1691674843000,0.6964294,0.6964294,0.6964294
1691674844000,0.69646673,0.69646673,0.69646673
1691674845000,0.6964667,0.6964667,0.6964667
1691674846000,0.6964667,0.6964667,0.6964667
1691674847000,0.69646715,0.69646715,0.69646715
1691674848000,0.69646715,0.69646715,0.69646715
1691674849000,0.69645988,0.69645988,0.69645988
1691674850000,0.69645991,0.69645991,0.69645991
1691674851000,0.69645991,0.69645991,0.69645991
1691674852000,0.69645991,0.69645991,0.69645991
1691674853000,0.69645857,0.69645857,0.69645857
1691674854000,0.69645277,0.69645277,0.69645277
1691674855000,0.69644358,0.69644358,0.69644358
1691674856000,0.69640013,0.69640013,0.69640013
1691674857000,0.69640013,0.69640013,0.69640013
1691674858000,0.69638171,0.69638171,0.69638171
1691674859000,0.69637108,0.69637108,0.69637108
1691674860000,0.69636089,0.69636089,0.69636089
1691674861000,0.69636089,0.69636089,0.69636089
1691674862000,0.69630114,0.69630114,0.69630114
1691674863000,0.69630114,0.69630114,0.69630114
1691674864000,0.69622526,0.69622526,0.69622526
1691674865000,0.69622526,0.69622526,0.69622526
1691674866000,0.69621538,0.69621538,0.69621538
1691674867000,0.69621245,0.69621245,0.69621245
1691674868000,0.69621245,0.69621245,0.69621245
1691674869000,0.6962132,0.6962132,0.6962132
1691674870000,0.6962132,0.6962132,0.6962132
1691674871000,0.69620452,0.69620452,0.69620452
1691674872000,0.69639581,0.69639581,0.69639581
1691674873000,0.6964,0.6964,0.6964
1691674874000,0.6964,0.6964,0.6964
1691674875000,0.6964,0.6964,0.6964
1691674876000,0.6964,0.6964,0.6964
1691674877000,0.6964,0.6964,0.6964
1691674878000,0.6963,0.6963,0.6963
1691674879000,0.69633997,0.69633997,0.69633997
1691674880000,0.6964,0.6964,0.6964
1691674881000,0.6965,0.6965,0.6965
1691674882000,0.6966,0.6966,0.6966
1691674883000,0.69650066,0.69650066,0.69650066
1691674884000,0.6966,0.6966,0.6966
1691674885000,0.6966,0.6966,0.6966
1691674886000,0.6966,0.6966,0.6966
1691674887000,0.6966,0.6966,0.6966
1691674888000,0.6966,0.6966,0.6966
1691674889000,0.6966,0.6966,0.6966
1691674890000,0.6966,0.6966,0.6966
1691674891000,0.69669502,0.69669502,0.69669502
1691674892000,0.69669502,0.69669502,0.69669502
1691674893000,0.69669756,0.69669756,0.69669756
1691674894000,0.6965,0.6965,0.6965
1691674895000,0.69645713,0.69645713,0.69645713
1691674896000,0.6964,0.6964,0.6964
1691674897000,0.6964,0.6964,0.6964
1691674898000,0.6965,0.6965,0.6965
1691674899000,0.6965,0.6965,0.6965
1691674900000,0.6964,0.6964,0.6964
1691674901000,0.6964,0.6964,0.6964
1691674902000,0.69640633,0.69640633,0.69640633
1691674903000,0.6965,0.6965,0.6965
1691674904000,0.6966,0.6966,0.6966
1691674905000,0.6966,0.6966,0.6966
1691674906000,0.6966,0.6966,0.6966
1691674907000,0.6966,0.6966,0.6966
1691674908000,0.69650713,0.69650713,0.69650713
1691674909000,0.6965071,0.6965071,0.6965071
1691674910000,0.6965084,0.6965084,0.6965084
1691674911000,0.69611509,0.69611509,0.69611509
1691674912000,0.69604332,0.69604332,0.69604332
1691674913000,0.69604332,0.69604332,0.69604332
1691674914000,0.69592453,0.69592453,0.69592453
1691674915000,0.69596877,0.69596877,0.69596877
1691674916000,0.6960011,0.6960011,0.6960011
1691674917000,0.69600034,0.69600034,0.69600034
1691674918000,0.69598189,0.69598189,0.69598189
1691674919000,0.69598189,0.69598189,0.69598189
1691674920000,0.69602238,0.69602238,0.69602238
1691674921000,0.69601217,0.69601217,0.69601217
1691674922000,0.69611873,0.69611873,0.69611873
1691674923000,0.69613222,0.69613222,0.69613222
1691674924000,0.69613274,0.69613274,0.69613274
1691674925000,0.69613246,0.69613246,0.69613246
1691674926000,0.69613246,0.69613246,0.69613246
1691674927000,0.69593477,0.69593477,0.69593477
1691674928000,0.69593477,0.69593477,0.69593477
1691674929000,0.6959744,0.6959744,0.6959744
1691674930000,0.6959744,0.6959744,0.6959744
1691674931000,0.6959744,0.6959744,0.6959744
1691674932000,0.696,0.696,0.696
1691674933000,0.6961,0.6961,0.6961
1691674934000,0.69611815,0.69611815,0.69611815
1691674935000,0.69611812,0.69611812,0.69611812
1691674936000,0.69611812,0.69611812,0.69611812
1691674937000,0.6961,0.6961,0.6961
1691674938000,0.69606641,0.69606641,0.69606641
1691674939000,0.69597942,0.69597942,0.69597942
1691674940000,0.69595097,0.69595097,0.69595097
1691674941000,0.69595097,0.69595097,0.69595097
1691674942000,0.69599518,0.69599518,0.69599518
1691674943000,0.69599103,0.69599103,0.69599103
1691674944000,0.69599103,0.69599103,0.69599103
1691674945000,0.69599037,0.69599037,0.69599037
1691674946000,0.69599037,0.69599037,0.69599037
1691674947000,0.6959,0.6959,0.6959
1691674948000,0.6959,0.6959,0.6959
1691674949000,0.6959,0.6959,0.6959
1691674950000,0.6959,0.6959,0.6959
1691674951000,0.6959,0.6959,0.6959
1691674952000,0.6959,0.6959,0.6959
1691674953000,0.6959,0.6959,0.6959
1691674954000,0.6959,0.6959,0.6959
1691674955000,0.696,0.696,0.696
1691674956000,0.6959,0.6959,0.6959
1691674957000,0.69599722,0.69599722,0.69599722
1691674958000,0.6959103,0.6959103,0.6959103
1691674959000,0.69583747,0.69583747,0.69583747
1691674960000,0.69579696,0.69579696,0.69579696
1691674961000,0.69579696,0.69579696,0.69579696
1691674962000,0.69579342,0.69579342,0.69579342
1691674963000,0.69583611,0.69583611,0.69583611
1691674964000,0.69583611,0.69583611,0.69583611
1691674965000,0.69581606,0.69581606,0.69581606
1691674966000,0.69581606,0.69581606,0.69581606
1691674967000,0.69577255,0.69577255,0.69577255
1691674968000,0.69577258,0.69577258,0.69577258
1691674969000,0.69577258,0.69577258,0.69577258
1691674970000,0.69553073,0.69553073,0.69553073
1691674971000,0.69552105,0.69552105,0.69552105
1691674972000,0.69552032,0.69552032,0.69552032
1691674973000,0.69548959,0.69548959,0.69548959
1691674974000,0.69548959,0.69548959,0.69548959
1691674975000,0.69547581,0.69547581,0.69547581
1691674976000,0.69547581,0.69547581,0.69547581
1691674977000,0.69543441,0.69543441,0.69543441
1691674978000,0.69534528,0.69534528,0.69534528
1691674979000,0.69525832,0.69525832,0.69525832
1691674980000,0.69524697,0.69524697,0.69524697
1691674981000,0.69524697,0.69524697,0.69524697
1691674982000,0.6952807,0.6952807,0.6952807
1691674983000,0.6953,0.6953,0.6953
1691674984000,0.69546413,0.69546413,0.69546413
1691674985000,0.69546413,0.69546413,0.69546413
1691674986000,0.69547926,0.69547926,0.69547926
1691674987000,0.69547926,0.69547926,0.69547926
1691674988000,0.69552265,0.69552265,0.69552265
1691674989000,0.69553494,0.69553494,0.69553494
1691674990000,0.69553785,0.69553785,0.69553785
1691674991000,0.69550852,0.69550852,0.69550852
1691674992000,0.69550849,0.69550849,0.69550849
1691674993000,0.69550404,0.69550404,0.69550404
1691674994000,0.69550404,0.69550404,0.69550404
1691674995000,0.69550404,0.69550404,0.69550404
1691674996000,0.69550267,0.69550267,0.69550267
1691674997000,0.6955,0.6955,0.6955
1691674998000,0.69553609,0.69553609,0.69553609
1691674999000,0.69554709,0.69554709,0.69554709
1691675000000,0.69554929,0.69554929,0.69554929
1691675001000,0.69557715,0.69557715,0.69557715
1691675002000,0.69557715,0.69557715,0.69557715
1691675003000,0.69561765,0.69561765,0.69561765
1691675004000,0.6956,0.6956,0.6956
1691675005000,0.69557116,0.69557116,0.69557116
1691675006000,0.69557116,0.69557116,0.69557116
1691675007000,0.69552712,0.69552712,0.69552712
1691675008000,0.6954844,0.6954844,0.6954844
1691675009000,0.6954844,0.6954844,0.6954844
1691675010000,0.69548384,0.69548384,0.69548384
1691675011000,0.695474,0.695474,0.695474
1691675012000,0.69547354,0.69547354,0.69547354
1691675013000,0.69551705,0.69551705,0.69551705
1691675014000,0.69551702,0.69551702,0.69551702
1691675015000,0.69551554,0.69551554,0.69551554
1691675016000,0.69551505,0.69551505,0.69551505
1691675017000,0.69543975,0.69543975,0.69543975
1691675018000,0.69543829,0.69543829,0.69543829
1691675019000,0.69543829,0.69543829,0.69543829
1691675020000,0.69537307,0.69537307,0.69537307
1691675021000,0.69537386,0.69537386,0.69537386
1691675022000,0.69537214,0.69537214,0.69537214
1691675023000,0.69537135,0.69537135,0.69537135
1691675024000,0.69537135,0.69537135,0.69537135
1691675025000,0.69538439,0.69538439,0.69538439
1691675026000,0.69538349,0.69538349,0.69538349
1691675027000,0.69538349,0.69538349,0.69538349
1691675028000,0.69536969,0.69536969,0.69536969
1691675029000,0.69536969,0.69536969,0.69536969
1691675030000,0.6953936,0.6953936,0.6953936
1691675031000,0.69534937,0.69534937,0.69534937
1691675032000,0.6952019,0.6952019,0.6952019
1691675033000,0.69515918,0.69515918,0.69515918
1691675034000,0.69515836,0.69515836,0.69515836
1691675035000,0.69515836,0.69515836,0.69515836
1691675036000,0.69519935,0.69519935,0.69519935
1691675037000,0.69518376,0.69518376,0.69518376
1691675038000,0.69518376,0.69518376,0.69518376
1691675039000,0.69527648,0.69527648,0.69527648
1691675040000,0.695233,0.695233,0.695233
1691675041000,0.6952026,0.6952026,0.6952026
1691675042000,0.6952026,0.6952026,0.6952026
1691675043000,0.6954012,0.6954012,0.6954012
1691675044000,0.6955,0.6955,0.6955
1691675045000,0.6955,0.6955,0.6955
1691675046000,0.6955,0.6955,0.6955
1691675047000,0.6955,0.6955,0.6955
1691675048000,0.6956,0.6956,0.6956
1691675049000,0.6957,0.6957,0.6957
1691675050000,0.6957,0.6957,0.6957
1691675051000,0.6957,0.6957,0.6957
1691675052000,0.6957,0.6957,0.6957
1691675053000,0.6957,0.6957,0.6957
1691675054000,0.69555904,0.69555904,0.69555904
1691675055000,0.69551553,0.69551553,0.69551553
1691675056000,0.69551553,0.69551553,0.69551553
1691675057000,0.69549197,0.69549197,0.69549197
1691675058000,0.69549032,0.69549032,0.69549032
1691675059000,0.69548796,0.69548796,0.69548796
1691675060000,0.69529384,0.69529384,0.69529384
1691675061000,0.69529387,0.69529387,0.69529387
1691675062000,0.69525042,0.69525042,0.69525042
1691675063000,0.69523868,0.69523868,0.69523868
1691675064000,0.69523433,0.69523433,0.69523433
1691675065000,0.69523235,0.69523235,0.69523235
1691675066000,0.6951533,0.6951533,0.6951533
1691675067000,0.6951533,0.6951533,0.6951533
1691675068000,0.6952,0.6952,0.6952
1691675069000,0.69523992,0.69523992,0.69523992
1691675070000,0.69524023,0.69524023,0.69524023
1691675071000,0.69523235,0.69523235,0.69523235
1691675072000,0.69523232,0.69523232,0.69523232
1691675073000,0.69523232,0.69523232,0.69523232
1691675074000,0.69524536,0.69524536,0.69524536
1691675075000,0.69520188,0.69520188,0.69520188
1691675076000,0.69520397,0.69520397,0.69520397
1691675077000,0.69520472,0.69520472,0.69520472
1691675078000,0.69524846,0.69524846,0.69524846
1691675079000,0.69524774,0.69524774,0.69524774
1691675080000,0.69524771,0.69524771,0.69524771
1691675081000,0.69525,0.69525,0.69525
1691675082000,0.69524997,0.69524997,0.69524997
1691675083000,0.69524997,0.69524997,0.69524997
1691675084000,0.69524955,0.69524955,0.69524955
1691675085000,0.69524955,0.69524955,0.69524955
1691675086000,0.69525034,0.69525034,0.69525034
1691675087000,0.69524672,0.69524672,0.69524672
1691675088000,0.6955,0.6955,0.6955
1691675089000,0.6955,0.6955,0.6955
1691675090000,0.6955,0.6955,0.6955
1691675091000,0.6955,0.6955,0.6955
1691675092000,0.6955,0.6955,0.6955
1691675093000,0.6955,0.6955,0.6955
1691675094000,0.6955,0.6955,0.6955
1691675095000,0.6955,0.6955,0.6955
1691675096000,0.6955,0.6955,0.6955
1691675097000,0.6955,0.6955,0.6955
1691675098000,0.6955,0.6955,0.6955
1691675099000,0.6955,0.6955,0.6955
1691675100000,0.6955,0.6955,0.6955
1691675101000,0.69561202,0.69561202,0.69561202
1691675102000,0.6957,0.6957,0.6957
1691675103000,0.6957,0.6957,0.6957
1691675104000,0.69567358,0.69567358,0.69567358
1691675105000,0.69567358,0.69567358,0.69567358
1691675106000,0.6959,0.6959,0.6959
1691675107000,0.6959,0.6959,0.6959
1691675108000,0.6958,0.6958,0.6958
1691675109000,0.6958,0.6958,0.6958
1691675110000,0.6958,0.6958,0.6958
1691675111000,0.6958,0.6958,0.6958
1691675112000,0.6957,0.6957,0.6957
1691675113000,0.6958,0.6958,0.6958
1691675114000,0.696,0.696,0.696
1691675115000,0.696,0.696,0.696
1691675116000,0.696,0.696,0.696
1691675117000,0.696,0.696,0.696
1691675118000,0.696,0.696,0.696
1691675119000,0.69608388,0.69608388,0.69608388
1691675120000,0.6961,0.6961,0.6961
1691675121000,0.69610066,0.69610066,0.69610066
1691675122000,0.69610065,0.69610065,0.69610065
1691675123000,0.69610065,0.69610065,0.69610065
1691675124000,0.6961,0.6961,0.6961
1691675125000,0.6961,0.6961,0.6961
1691675126000,0.6961,0.6961,0.6961
1691675127000,0.6961,0.6961,0.6961
1691675128000,0.696,0.696,0.696
1691675129000,0.696,0.696,0.696
1691675130000,0.696,0.696,0.696
1691675131000,0.6961,0.6961,0.6961
1691675132000,0.69612677,0.69612677,0.69612677
1691675133000,0.69612677,0.69612677,0.69612677
1691675134000,0.6961,0.6961,0.6961
1691675135000,0.6961,0.6961,0.6961
1691675136000,0.6962,0.6962,0.6962
1691675137000,0.69643039,0.69643039,0.69643039
1691675138000,0.6964,0.6964,0.6964
1691675139000,0.6963,0.6963,0.6963
1691675140000,0.6963,0.6963,0.6963
1691675141000,0.6963,0.6963,0.6963
1691675142000,0.6964,0.6964,0.6964
1691675143000,0.6964,0.6964,0.6964
1691675144000,0.69644578,0.69644578,0.69644578
1691675145000,0.69644578,0.69644578,0.69644578
1691675146000,0.69644581,0.69644581,0.69644581
1691675147000,0.69663628,0.69663628,0.69663628
1691675148000,0.69663627,0.69663627,0.69663627
1691675149000,0.69664476,0.69664476,0.69664476
1691675150000,0.6967948,0.6967948,0.6967948
1691675151000,0.6968548,0.6968548,0.6968548
1691675152000,0.6968548,0.6968548,0.6968548
1691675153000,0.69686065,0.69686065,0.69686065
1691675154000,0.69686065,0.69686065,0.69686065
1691675155000,0.69691636,0.69691636,0.69691636
1691675156000,0.69691636,0.69691636,0.69691636
1691675157000,0.69691632,0.69691632,0.69691632
1691675158000,0.69688132,0.69688132,0.69688132
1691675159000,0.69690446,0.69690446,0.69690446
1691675160000,0.69705867,0.69705867,0.69705867
1691675161000,0.69705864,0.69705864,0.69705864
1691675162000,0.69710864,0.69710864,0.69710864
1691675163000,0.69725867,0.69725867,0.69725867
1691675164000,0.6972,0.6972,0.6972
1691675165000,0.69727462,0.69727462,0.69727462
1691675166000,0.69733966,0.69733966,0.69733966
1691675167000,0.6973,0.6973,0.6973
1691675168000,0.6973,0.6973,0.6973
1691675169000,0.6973,0.6973,0.6973
1691675170000,0.6973,0.6973,0.6973
1691675171000,0.69729086,0.69729086,0.69729086
1691675172000,0.69729086,0.69729086,0.69729086
1691675173000,0.69733321,0.69733321,0.69733321
1691675174000,0.6974,0.6974,0.6974
1691675175000,0.69746594,0.69746594,0.69746594
1691675176000,0.69746593,0.69746593,0.69746593
1691675177000,0.6974659,0.6974659,0.6974659
1691675178000,0.6974,0.6974,0.6974
1691675179000,0.6974,0.6974,0.6974
1691675180000,0.6974,0.6974,0.6974
1691675181000,0.6974,0.6974,0.6974
1691675182000,0.6974,0.6974,0.6974
1691675183000,0.69752305,0.69752305,0.69752305
1691675184000,0.6975,0.6975,0.6975
1691675185000,0.6975,0.6975,0.6975
1691675186000,0.6975667,0.6975667,0.6975667
1691675187000,0.6975667,0.6975667,0.6975667
1691675188000,0.69756666,0.69756666,0.69756666
1691675189000,0.6975,0.6975,0.6975
1691675190000,0.6975,0.6975,0.6975
1691675191000,0.69750256,0.69750256,0.69750256
1691675192000,0.6978,0.6978,0.6978
1691675193000,0.6978,0.6978,0.6978
1691675194000,0.69760105,0.69760105,0.69760105
1691675195000,0.6977,0.6977,0.6977
1691675196000,0.6977,0.6977,0.6977
1691675197000,0.69781205,0.69781205,0.69781205
1691675198000,0.6978,0.6978,0.6978
1691675199000,0.69775415,0.69775415,0.69775415
1691675200000,0.69779948,0.69779948,0.69779948
1691675201000,0.69785089,0.69785089,0.69785089
1691675202000,0.69798839,0.69798839,0.69798839
1691675203000,0.69798843,0.69798843,0.69798843
1691675204000,0.6979,0.6979,0.6979
1691675205000,0.698,0.698,0.698
1691675206000,0.6977,0.6977,0.6977
1691675207000,0.69778924,0.69778924,0.69778924
1691675208000,0.6977892,0.6977892,0.6977892
1691675209000,0.6977892,0.6977892,0.6977892
1691675210000,0.6976,0.6976,0.6976
1691675211000,0.6976,0.6976,0.6976
1691675212000,0.6976,0.6976,0.6976
1691675213000,0.69778451,0.69778451,0.69778451
1691675214000,0.69778451,0.69778451,0.69778451
1691675215000,0.6977,0.6977,0.6977
1691675216000,0.6977,0.6977,0.6977
1691675217000,0.6977,0.6977,0.6977
1691675218000,0.6977,0.6977,0.6977
1691675219000,0.69783993,0.69783993,0.69783993
1691675220000,0.6978399,0.6978399,0.6978399
1691675221000,0.6978712,0.6978712,0.6978712
1691675222000,0.69787326,0.69787326,0.69787326
1691675223000,0.69787949,0.69787949,0.69787949
1691675224000,0.6979,0.6979,0.6979
1691675225000,0.69796262,0.69796262,0.69796262
1691675226000,0.69796262,0.69796262,0.69796262
1691675227000,0.6979,0.6979,0.6979
1691675228000,0.6979,0.6979,0.6979
1691675229000,0.6978,0.6978,0.6978
1691675230000,0.6976,0.6976,0.6976
1691675231000,0.6976,0.6976,0.6976
1691675232000,0.6976,0.6976,0.6976
1691675233000,0.6976,0.6976,0.6976
1691675234000,0.6976,0.6976,0.6976
1691675235000,0.6976,0.6976,0.6976
1691675236000,0.6976,0.6976,0.6976
1691675237000,0.6976,0.6976,0.6976
1691675238000,0.69751505,0.69751505,0.69751505
1691675239000,0.69750612,0.69750612,0.69750612
1691675240000,0.6976,0.6976,0.6976
1691675241000,0.6976,0.6976,0.6976
1691675242000,0.6976,0.6976,0.6976
1691675243000,0.6975,0.6975,0.6975
1691675244000,0.6976,0.6976,0.6976
1691675245000,0.6976,0.6976,0.6976
1691675246000,0.6976,0.6976,0.6976
1691675247000,0.6976,0.6976,0.6976
1691675248000,0.6977,0.6977,0.6977
1691675249000,0.69777799,0.69777799,0.69777799
1691675250000,0.69777799,0.69777799,0.69777799
1691675251000,0.69777798,0.69777798,0.69777798
1691675252000,0.6978,0.6978,0.6978
1691675253000,0.6978,0.6978,0.6978
1691675254000,0.6978,0.6978,0.6978
1691675255000,0.6978,0.6978,0.6978
1691675256000,0.6978,0.6978,0.6978
1691675257000,0.6978,0.6978,0.6978
1691675258000,0.6978,0.6978,0.6978
1691675259000,0.6977,0.6977,0.6977
1691675260000,0.6977,0.6977,0.6977
1691675261000,0.6977,0.6977,0.6977
1691675262000,0.6977,0.6977,0.6977
1691675263000,0.6977,0.6977,0.6977
1691675264000,0.6977,0.6977,0.6977
1691675265000,0.6977,0.6977,0.6977
1691675266000,0.69778014,0.69778014,0.69778014
1691675267000,0.69778014,0.69778014,0.69778014
1691675268000,0.69778053,0.69778053,0.69778053
1691675269000,0.69778053,0.69778053,0.69778053
1691675270000,0.6977,0.6977,0.6977
1691675271000,0.6977,0.6977,0.6977
1691675272000,0.6977,0.6977,0.6977
1691675273000,0.69778002,0.69778002,0.69778002
1691675274000,0.69778002,0.69778002,0.69778002
1691675275000,0.69783547,0.69783547,0.69783547
1691675276000,0.69783544,0.69783544,0.69783544
1691675277000,0.6978,0.6978,0.6978
1691675278000,0.6978,0.6978,0.6978
1691675279000,0.6978,0.6978,0.6978
1691675280000,0.69800077,0.69800077,0.69800077
1691675281000,0.69800077,0.69800077,0.69800077
1691675282000,0.69829441,0.69829441,0.69829441
1691675283000,0.69825092,0.69825092,0.69825092
1691675284000,0.6984,0.6984,0.6984
1691675285000,0.6984,0.6984,0.6984
1691675286000,0.6984,0.6984,0.6984
1691675287000,0.6983,0.6983,0.6983
1691675288000,0.6983,0.6983,0.6983
1691675289000,0.6982302,0.6982302,0.6982302
1691675290000,0.6983,0.6983,0.6983
1691675291000,0.6983,0.6983,0.6983
1691675292000,0.69821895,0.69821895,0.69821895
1691675293000,0.69812054,0.69812054,0.69812054
1691675294000,0.69811814,0.69811814,0.69811814
1691675295000,0.69811814,0.69811814,0.69811814
1691675296000,0.69811738,0.69811738,0.69811738
1691675297000,0.69811991,0.69811991,0.69811991
1691675298000,0.69812379,0.69812379,0.69812379
1691675299000,0.69812379,0.69812379,0.69812379
1691675300000,0.6983,0.6983,0.6983
1691675301000,0.6983,0.6983,0.6983
1691675302000,0.6983,0.6983,0.6983
1691675303000,0.6983,0.6983,0.6983
1691675304000,0.6983,0.6983,0.6983
1691675305000,0.6983,0.6983,0.6983
1691675306000,0.698312,0.698312,0.698312
1691675307000,0.698312,0.698312,0.698312
1691675308000,0.69831031,0.69831031,0.69831031
1691675309000,0.69831031,0.69831031,0.69831031
1691675310000,0.6983,0.6983,0.6983
1691675311000,0.6983,0.6983,0.6983
1691675312000,0.6984,0.6984,0.6984
1691675313000,0.69832272,0.69832272,0.69832272
1691675314000,0.6983,0.6983,0.6983
1691675315000,0.69828465,0.69828465,0.69828465
1691675316000,0.69823468,0.69823468,0.69823468
1691675317000,0.69823468,0.69823468,0.69823468
1691675318000,0.69823465,0.69823465,0.69823465
1691675319000,0.69814884,0.69814884,0.69814884
1691675320000,0.69814808,0.69814808,0.69814808
1691675321000,0.69794391,0.69794391,0.69794391
1691675322000,0.69794394,0.69794394,0.69794394
1691675323000,0.69780962,0.69780962,0.69780962
1691675324000,0.69780404,0.69780404,0.69780404
1691675325000,0.6978034,0.6978034,0.6978034
1691675326000,0.69776071,0.69776071,0.69776071
1691675327000,0.69775479,0.69775479,0.69775479
1691675328000,0.69775479,0.69775479,0.69775479
1691675329000,0.69778963,0.69778963,0.69778963
1691675330000,0.69778989,0.69778989,0.69778989
1691675331000,0.69778986,0.69778986,0.69778986
1691675332000,0.69782685,0.69782685,0.69782685
1691675333000,0.69782685,0.69782685,0.69782685
1691675334000,0.69782969,0.69782969,0.69782969
1691675335000,0.69778621,0.69778621,0.69778621
1691675336000,0.69773655,0.69773655,0.69773655
1691675337000,0.6976401,0.6976401,0.6976401
1691675338000,0.6976401,0.6976401,0.6976401
1691675339000,0.69763091,0.69763091,0.69763091
1691675340000,0.69763091,0.69763091,0.69763091
1691675341000,0.697627,0.697627,0.697627
1691675342000,0.697627,0.697627,0.697627
1691675343000,0.697627,0.697627,0.697627
1691675344000,0.69760765,0.69760765,0.69760765
1691675345000,0.69760765,0.69760765,0.69760765
1691675346000,0.69760614,0.69760614,0.69760614
1691675347000,0.69747037,0.69747037,0.69747037
1691675348000,0.69737828,0.69737828,0.69737828
1691675349000,0.69737828,0.69737828,0.69737828
1691675350000,0.69728862,0.69728862,0.69728862
1691675351000,0.69728862,0.69728862,0.69728862
1691675352000,0.69728544,0.69728544,0.69728544
1691675353000,0.69727949,0.69727949,0.69727949
1691675354000,0.69727949,0.69727949,0.69727949
1691675355000,0.69731929,0.69731929,0.69731929
1691675356000,0.69731929,0.69731929,0.69731929
1691675357000,0.69734972,0.69734972,0.69734972
1691675358000,0.69744069,0.69744069,0.69744069
1691675359000,0.69744069,0.69744069,0.69744069
1691675360000,0.69739672,0.69739672,0.69739672
1691675361000,0.69740976,0.69740976,0.69740976
1691675362000,0.69740958,0.69740958,0.69740958
1691675363000,0.69741278,0.69741278,0.69741278
1691675364000,0.6973693,0.6973693,0.6973693
1691675365000,0.69732337,0.69732337,0.69732337
1691675366000,0.69732413,0.69732413,0.69732413
1691675367000,0.69732416,0.69732416,0.69732416
1691675368000,0.69732413,0.69732413,0.69732413
1691675369000,0.69736866,0.69736866,0.69736866
1691675370000,0.69736803,0.69736803,0.69736803
1691675371000,0.69732459,0.69732459,0.69732459
1691675372000,0.69732459,0.69732459,0.69732459
1691675373000,0.69732459,0.69732459,0.69732459
1691675374000,0.69728062,0.69728062,0.69728062
1691675375000,0.69736562,0.69736562,0.69736562
1691675376000,0.69736566,0.69736566,0.69736566
1691675377000,0.69736566,0.69736566,0.69736566
1691675378000,0.69736566,0.69736566,0.69736566
1691675379000,0.6973601,0.6973601,0.6973601
1691675380000,0.69736046,0.69736046,0.69736046
1691675381000,0.69736121,0.69736121,0.69736121
1691675382000,0.69736121,0.69736121,0.69736121
1691675383000,0.69736121,0.69736121,0.69736121
1691675384000,0.69736124,0.69736124,0.69736124
1691675385000,0.6975334,0.6975334,0.6975334
1691675386000,0.6975334,0.6975334,0.6975334
1691675387000,0.69753852,0.69753852,0.69753852
1691675388000,0.69753776,0.69753776,0.69753776
1691675389000,0.69753776,0.69753776,0.69753776
1691675390000,0.69754278,0.69754278,0.69754278
1691675391000,0.69758496,0.69758496,0.69758496
1691675392000,0.69758496,0.69758496,0.69758496
1691675393000,0.69758574,0.69758574,0.69758574
1691675394000,0.69758574,0.69758574,0.69758574
1691675395000,0.69758438,0.69758438,0.69758438
1691675396000,0.69758163,0.69758163,0.69758163
1691675397000,0.69758163,0.69758163,0.69758163
1691675398000,0.69758166,0.69758166,0.69758166
1691675399000,0.69758166,0.69758166,0.69758166
1691675400000,0.69758166,0.69758166,0.69758166
1691675401000,0.6975809,0.6975809,0.6975809
1691675402000,0.69757628,0.69757628,0.69757628
1691675403000,0.69753356,0.69753356,0.69753356
1691675404000,0.69753353,0.69753353,0.69753353
1691675405000,0.69753353,0.69753353,0.69753353
1691675406000,0.69749316,0.69749316,0.69749316
1691675407000,0.69735913,0.69735913,0.69735913
1691675408000,0.69735913,0.69735913,0.69735913
1691675409000,0.69735913,0.69735913,0.69735913
1691675410000,0.6975,0.6975,0.6975
1691675411000,0.69755366,0.69755366,0.69755366
1691675412000,0.69759714,0.69759714,0.69759714
1691675413000,0.69759989,0.69759989,0.69759989
1691675414000,0.69760065,0.69760065,0.69760065
1691675415000,0.69760068,0.69760068,0.69760068
1691675416000,0.69759254,0.69759254,0.69759254
1691675417000,0.69759254,0.69759254,0.69759254
1691675418000,0.69754906,0.69754906,0.69754906
1691675419000,0.6975598,0.6975598,0.6975598
1691675420000,0.69765108,0.69765108,0.69765108
1691675421000,0.69765108,0.69765108,0.69765108
1691675422000,0.6977,0.6977,0.6977
1691675423000,0.6979,0.6979,0.6979
1691675424000,0.6979,0.6979,0.6979
1691675425000,0.6979,0.6979,0.6979
1691675426000,0.6979,0.6979,0.6979
1691675427000,0.6979,0.6979,0.6979
1691675428000,0.69776026,0.69776026,0.69776026
1691675429000,0.69780371,0.69780371,0.69780371
1691675430000,0.69776005,0.69776005,0.69776005
1691675431000,0.69766829,0.69766829,0.69766829
1691675432000,0.6977,0.6977,0.6977
1691675433000,0.6977,0.6977,0.6977
1691675434000,0.6977,0.6977,0.6977
1691675435000,0.69767241,0.69767241,0.69767241
1691675436000,0.69767241,0.69767241,0.69767241
1691675437000,0.69767338,0.69767338,0.69767338
1691675438000,0.69767411,0.69767411,0.69767411
1691675439000,0.69769947,0.69769947,0.69769947
1691675440000,0.69769943,0.69769943,0.69769943
1691675441000,0.69769807,0.69769807,0.69769807
1691675442000,0.69778806,0.69778806,0.69778806
1691675443000,0.69778806,0.69778806,0.69778806
1691675444000,0.69778806,0.69778806,0.69778806
1691675445000,0.69778806,0.69778806,0.69778806
1691675446000,0.69778272,0.69778272,0.69778272
1691675447000,0.6979533,0.6979533,0.6979533
1691675448000,0.6979533,0.6979533,0.6979533
1691675449000,0.698,0.698,0.698
1691675450000,0.69788308,0.69788308,0.69788308
1691675451000,0.69788311,0.69788311,0.69788311
1691675452000,0.69787823,0.69787823,0.69787823
1691675453000,0.69787944,0.69787944,0.69787944
1691675454000,0.69788017,0.69788017,0.69788017
1691675455000,0.6979,0.6979,0.6979
1691675456000,0.6979,0.6979,0.6979
1691675457000,0.6979,0.6979,0.6979
1691675458000,0.69786778,0.69786778,0.69786778
1691675459000,0.69782358,0.69782358,0.69782358
1691675460000,0.69782358,0.69782358,0.69782358
1691675461000,0.698,0.698,0.698
1691675462000,0.698,0.698,0.698
1691675463000,0.6979,0.6979,0.6979
1691675464000,0.69790276,0.69790276,0.69790276
1691675465000,0.69790279,0.69790279,0.69790279
1691675466000,0.69785928,0.69785928,0.69785928
1691675467000,0.69785981,0.69785981,0.69785981
1691675468000,0.69785457,0.69785457,0.69785457
1691675469000,0.6978,0.6978,0.6978
1691675470000,0.6978,0.6978,0.6978
1691675471000,0.69776979,0.69776979,0.69776979
1691675472000,0.69777037,0.69777037,0.69777037
1691675473000,0.69776958,0.69776958,0.69776958
1691675474000,0.69781181,0.69781181,0.69781181
1691675475000,0.6979,0.6979,0.6979
1691675476000,0.6979,0.6979,0.6979
1691675477000,0.6979,0.6979,0.6979
1691675478000,0.6979,0.6979,0.6979
1691675479000,0.6979,0.6979,0.6979
1691675480000,0.6979,0.6979,0.6979
1691675481000,0.69795986,0.69795986,0.69795986
1691675482000,0.6979,0.6979,0.6979
1691675483000,0.69798829,0.69798829,0.69798829
1691675484000,0.69799519,0.69799519,0.69799519
1691675485000,0.69799519,0.69799519,0.69799519
1691675486000,0.698,0.698,0.698
1691675487000,0.69786179,0.69786179,0.69786179
1691675488000,0.69778777,0.69778777,0.69778777
1691675489000,0.69778777,0.69778777,0.69778777
1691675490000,0.6977862,0.6977862,0.6977862
1691675491000,0.69778623,0.69778623,0.69778623
1691675492000,0.6977862,0.6977862,0.6977862
1691675493000,0.69778446,0.69778446,0.69778446
1691675494000,0.69778446,0.69778446,0.69778446
1691675495000,0.6977975,0.6977975,0.6977975
1691675496000,0.6979,0.6979,0.6979
1691675497000,0.6979,0.6979,0.6979
1691675498000,0.6979,0.6979,0.6979
1691675499000,0.69787378,0.69787378,0.69787378
1691675500000,0.69786149,0.69786149,0.69786149
1691675501000,0.69785402,0.69785402,0.69785402
1691675502000,0.69785402,0.69785402,0.69785402
1691675503000,0.6978537,0.6978537,0.6978537
1691675504000,0.6978537,0.6978537,0.6978537
1691675505000,0.6978537,0.6978537,0.6978537
1691675506000,0.69785445,0.69785445,0.69785445
1691675507000,0.69781034,0.69781034,0.69781034
1691675508000,0.6978103,0.6978103,0.6978103
1691675509000,0.69781027,0.69781027,0.69781027
1691675510000,0.69781027,0.69781027,0.69781027
1691675511000,0.69779726,0.69779726,0.69779726
1691675512000,0.6979,0.6979,0.6979
1691675513000,0.6979,0.6979,0.6979
1691675514000,0.6979,0.6979,0.6979
1691675515000,0.6978,0.6978,0.6978
1691675516000,0.6978,0.6978,0.6978
1691675517000,0.69775174,0.69775174,0.69775174
1691675518000,0.69774957,0.69774957,0.69774957
1691675519000,0.69774976,0.69774976,0.69774976
1691675520000,0.69774979,0.69774979,0.69774979
1691675521000,0.69774976,0.69774976,0.69774976
1691675522000,0.69779324,0.69779324,0.69779324
1691675523000,0.69779327,0.69779327,0.69779327
1691675524000,0.69778782,0.69778782,0.69778782
1691675525000,0.69762325,0.69762325,0.69762325
1691675526000,0.69755445,0.69755445,0.69755445
1691675527000,0.69755445,0.69755445,0.69755445
1691675528000,0.69755445,0.69755445,0.69755445
1691675529000,0.69754467,0.69754467,0.69754467
1691675530000,0.69753886,0.69753886,0.69753886
1691675531000,0.69758453,0.69758453,0.69758453
1691675532000,0.69758453,0.69758453,0.69758453
1691675533000,0.6977,0.6977,0.6977
1691675534000,0.6978,0.6978,0.6978
1691675535000,0.6978,0.6978,0.6978
1691675536000,0.6978,0.6978,0.6978
1691675537000,0.6978,0.6978,0.6978
1691675538000,0.69762755,0.69762755,0.69762755
1691675539000,0.69762318,0.69762318,0.69762318
1691675540000,0.6977,0.6977,0.6977
1691675541000,0.6977,0.6977,0.6977
1691675542000,0.69771175,0.69771175,0.69771175
1691675543000,0.69771254,0.69771254,0.69771254
1691675544000,0.6978,0.6978,0.6978
1691675545000,0.6978,0.6978,0.6978
1691675546000,0.6978,0.6978,0.6978
1691675547000,0.6978,0.6978,0.6978
1691675548000,0.6978,0.6978,0.6978
1691675549000,0.69771129,0.69771129,0.69771129
1691675550000,0.69771129,0.69771129,0.69771129
1691675551000,0.69770518,0.69770518,0.69770518
1691675552000,0.69774942,0.69774942,0.69774942
1691675553000,0.6978,0.6978,0.6978
1691675554000,0.6978,0.6978,0.6978
1691675555000,0.6978,0.6978,0.6978
1691675556000,0.6979,0.6979,0.6979
1691675557000,0.6979,0.6979,0.6979
1691675558000,0.6979,0.6979,0.6979
1691675559000,0.6979,0.6979,0.6979
1691675560000,0.6979,0.6979,0.6979
1691675561000,0.6978,0.6978,0.6978
1691675562000,0.6978,0.6978,0.6978
1691675563000,0.6978,0.6978,0.6978
1691675564000,0.6979,0.6979,0.6979
1691675565000,0.6979,0.6979,0.6979
1691675566000,0.6978,0.6978,0.6978
1691675567000,0.6978,0.6978,0.6978
1691675568000,0.6979,0.6979,0.6979
1691675569000,0.6979,0.6979,0.6979
1691675570000,0.6979,0.6979,0.6979
1691675571000,0.6979,0.6979,0.6979
1691675572000,0.6979,0.6979,0.6979
1691675573000,0.698,0.698,0.698
1691675574000,0.698,0.698,0.698
1691675575000,0.698,0.698,0.698
1691675576000,0.6979,0.6979,0.6979
1691675577000,0.6979,0.6979,0.6979
1691675578000,0.6978,0.6978,0.6978
1691675579000,0.6978,0.6978,0.6978
1691675580000,0.6978,0.6978,0.6978
1691675581000,0.6978,0.6978,0.6978
1691675582000,0.6978,0.6978,0.6978
1691675583000,0.69772226,0.69772226,0.69772226
1691675584000,0.69771532,0.69771532,0.69771532
1691675585000,0.6978,0.6978,0.6978
1691675586000,0.6978,0.6978,0.6978
1691675587000,0.69760011,0.69760011,0.69760011
1691675588000,0.6975566,0.6975566,0.6975566
1691675589000,0.6975566,0.6975566,0.6975566
1691675590000,0.69754977,0.69754977,0.69754977
1691675591000,0.69754977,0.69754977,0.69754977
1691675592000,0.69754977,0.69754977,0.69754977
1691675593000,0.69754977,0.69754977,0.69754977
1691675594000,0.69754977,0.69754977,0.69754977
1691675595000,0.69754552,0.69754552,0.69754552
1691675596000,0.69754552,0.69754552,0.69754552
1691675597000,0.69754549,0.69754549,0.69754549
1691675598000,0.697539,0.697539,0.697539
1691675599000,0.697539,0.697539,0.697539
1691675600000,0.6978,0.6978,0.6978
1691675601000,0.6979,0.6979,0.6979
1691675602000,0.6979,0.6979,0.6979
1691675603000,0.6979,0.6979,0.6979
1691675604000,0.6979,0.6979,0.6979
1691675605000,0.6979,0.6979,0.6979
1691675606000,0.6979,0.6979,0.6979
1691675607000,0.6979,0.6979,0.6979
1691675608000,0.698,0.698,0.698
1691675609000,0.698,0.698,0.698
1691675610000,0.6981,0.6981,0.6981
1691675611000,0.6981,0.6981,0.6981
1691675612000,0.6982,0.6982,0.6982
1691675613000,0.6982,0.6982,0.6982
1691675614000,0.69824308,0.69824308,0.69824308
1691675615000,0.69824308,0.69824308,0.69824308
1691675616000,0.6984,0.6984,0.6984
1691675617000,0.6986,0.6986,0.6986
1691675618000,0.69865029,0.69865029,0.69865029
1691675619000,0.69865029,0.69865029,0.69865029
1691675620000,0.6986,0.6986,0.6986
1691675621000,0.69834269,0.69834269,0.69834269
1691675622000,0.6983,0.6983,0.6983
1691675623000,0.6983,0.6983,0.6983
1691675624000,0.69822129,0.69822129,0.69822129
1691675625000,0.69822129,0.69822129,0.69822129
1691675626000,0.69821627,0.69821627,0.69821627
1691675627000,0.6982163,0.6982163,0.6982163
1691675628000,0.69808178,0.69808178,0.69808178
1691675629000,0.69808233,0.69808233,0.69808233
1691675630000,0.69808161,0.69808161,0.69808161
1691675631000,0.6981,0.6981,0.6981
1691675632000,0.6983,0.6983,0.6983
1691675633000,0.6983,0.6983,0.6983
1691675634000,0.6983,0.6983,0.6983
1691675635000,0.6983,0.6983,0.6983
1691675636000,0.6983,0.6983,0.6983
1691675637000,0.69822581,0.69822581,0.69822581
1691675638000,0.69823233,0.69823233,0.69823233
1691675639000,0.69823233,0.69823233,0.69823233
1691675640000,0.6981,0.6981,0.6981
1691675641000,0.6982,0.6982,0.6982
1691675642000,0.6982,0.6982,0.6982
1691675643000,0.6983,0.6983,0.6983
1691675644000,0.69842443,0.69842443,0.69842443
1691675645000,0.6985,0.6985,0.6985
1691675646000,0.69861742,0.69861742,0.69861742
1691675647000,0.69861742,0.69861742,0.69861742
1691675648000,0.6985,0.6985,0.6985
1691675649000,0.6985,0.6985,0.6985
1691675650000,0.6986715,0.6986715,0.6986715
1691675651000,0.69869758,0.69869758,0.69869758
1691675652000,0.6987,0.6987,0.6987
1691675653000,0.698759,0.698759,0.698759
1691675654000,0.6987824,0.6987824,0.6987824
1691675655000,0.6987,0.6987,0.6987
1691675656000,0.6987,0.6987,0.6987
1691675657000,0.6987,0.6987,0.6987
1691675658000,0.6986,0.6986,0.6986
1691675659000,0.6986,0.6986,0.6986
1691675660000,0.69854718,0.69854718,0.69854718
1691675661000,0.6986,0.6986,0.6986
1691675662000,0.6986,0.6986,0.6986
1691675663000,0.6986,0.6986,0.6986
1691675664000,0.6986,0.6986,0.6986
1691675665000,0.6986,0.6986,0.6986
1691675666000,0.69845815,0.69845815,0.69845815
1691675667000,0.6985,0.6985,0.6985
1691675668000,0.6985,0.6985,0.6985
1691675669000,0.6985,0.6985,0.6985
1691675670000,0.6985,0.6985,0.6985
1691675671000,0.6985,0.6985,0.6985
1691675672000,0.69841604,0.69841604,0.69841604
1691675673000,0.69843517,0.69843517,0.69843517
1691675674000,0.6984352,0.6984352,0.6984352
1691675675000,0.69843593,0.69843593,0.69843593
1691675676000,0.69843593,0.69843593,0.69843593
1691675677000,0.69843593,0.69843593,0.69843593
1691675678000,0.6984386,0.6984386,0.6984386
1691675679000,0.6985,0.6985,0.6985
1691675680000,0.6984,0.6984,0.6984
1691675681000,0.6985,0.6985,0.6985
1691675682000,0.6985,0.6985,0.6985
1691675683000,0.6984,0.6984,0.6984
1691675684000,0.6984,0.6984,0.6984
1691675685000,0.6984,0.6984,0.6984
1691675686000,0.69838983,0.69838983,0.69838983
1691675687000,0.6984,0.6984,0.6984
1691675688000,0.6984,0.6984,0.6984
1691675689000,0.6985,0.6985,0.6985
1691675690000,0.6985,0.6985,0.6985
1691675691000,0.6986,0.6986,0.6986
1691675692000,0.6986,0.6986,0.6986
1691675693000,0.6986,0.6986,0.6986
1691675694000,0.6986,0.6986,0.6986
1691675695000,0.6985,0.6985,0.6985
1691675696000,0.6986,0.6986,0.6986
1691675697000,0.6985,0.6985,0.6985
1691675698000,0.6985,0.6985,0.6985
1691675699000,0.69844387,0.69844387,0.69844387
1691675700000,0.69844759,0.69844759,0.69844759
1691675701000,0.69844145,0.69844145,0.69844145
1691675702000,0.69844145,0.69844145,0.69844145
1691675703000,0.69843994,0.69843994,0.69843994
1691675704000,0.69843994,0.69843994,0.69843994
1691675705000,0.69843991,0.69843991,0.69843991
1691675706000,0.69840167,0.69840167,0.69840167
1691675707000,0.69840167,0.69840167,0.69840167
1691675708000,0.69844232,0.69844232,0.69844232
1691675709000,0.69843967,0.69843967,0.69843967
1691675710000,0.69843967,0.69843967,0.69843967
1691675711000,0.69838296,0.69838296,0.69838296
1691675712000,0.69826997,0.69826997,0.69826997
1691675713000,0.69826808,0.69826808,0.69826808
1691675714000,0.69826808,0.69826808,0.69826808
1691675715000,0.69826744,0.69826744,0.69826744
1691675716000,0.69826744,0.69826744,0.69826744
1691675717000,0.69811695,0.69811695,0.69811695
1691675718000,0.69811695,0.69811695,0.69811695
1691675719000,0.6980976,0.6980976,0.6980976
1691675720000,0.69809757,0.69809757,0.69809757
1691675721000,0.69808453,0.69808453,0.69808453
1691675722000,0.69807945,0.69807945,0.69807945
1691675723000,0.69807626,0.69807626,0.69807626
1691675724000,0.69807626,0.69807626,0.69807626
1691675725000,0.69807705,0.69807705,0.69807705
1691675726000,0.69807705,0.69807705,0.69807705
1691675727000,0.69803354,0.69803354,0.69803354
1691675728000,0.6980404,0.6980404,0.6980404
1691675729000,0.6980404,0.6980404,0.6980404
1691675730000,0.69800779,0.69800779,0.69800779
1691675731000,0.69800779,0.69800779,0.69800779
1691675732000,0.69801435,0.69801435,0.69801435
1691675733000,0.6981,0.6981,0.6981
1691675734000,0.6981,0.6981,0.6981
1691675735000,0.69810257,0.69810257,0.69810257
1691675736000,0.69810257,0.69810257,0.69810257
1691675737000,0.69809644,0.69809644,0.69809644
1691675738000,0.69809641,0.69809641,0.69809641
1691675739000,0.69808102,0.69808102,0.69808102
1691675740000,0.69808102,0.69808102,0.69808102
1691675741000,0.6982,0.6982,0.6982
1691675742000,0.6982,0.6982,0.6982
1691675743000,0.6982,0.6982,0.6982
1691675744000,0.6982,0.6982,0.6982
1691675745000,0.6982,0.6982,0.6982
1691675746000,0.6982,0.6982,0.6982
1691675747000,0.69825124,0.69825124,0.69825124
1691675748000,0.69825037,0.69825037,0.69825037
1691675749000,0.69827929,0.69827929,0.69827929
1691675750000,0.69827835,0.69827835,0.69827835
1691675751000,0.69825672,0.69825672,0.69825672
1691675752000,0.69825669,0.69825669,0.69825669
1691675753000,0.69825669,0.69825669,0.69825669
1691675754000,0.69825669,0.69825669,0.69825669
1691675755000,0.6983,0.6983,0.6983
1691675756000,0.69834397,0.69834397,0.69834397
1691675757000,0.69831543,0.69831543,0.69831543
1691675758000,0.69831543,0.69831543,0.69831543
1691675759000,0.69832078,0.69832078,0.69832078
1691675760000,0.69832074,0.69832074,0.69832074
1691675761000,0.6983178,0.6983178,0.6983178
1691675762000,0.69831867,0.69831867,0.69831867
1691675763000,0.69831867,0.69831867,0.69831867
1691675764000,0.6983178,0.6983178,0.6983178
1691675765000,0.69831706,0.69831706,0.69831706
1691675766000,0.6984,0.6984,0.6984
1691675767000,0.6984,0.6984,0.6984
1691675768000,0.6985,0.6985,0.6985
1691675769000,0.6985,0.6985,0.6985
1691675770000,0.6985,0.6985,0.6985
1691675771000,0.6985,0.6985,0.6985
1691675772000,0.6985,0.6985,0.6985
1691675773000,0.69844585,0.69844585,0.69844585
1691675774000,0.69844042,0.69844042,0.69844042
1691675775000,0.69843707,0.69843707,0.69843707
1691675776000,0.69843707,0.69843707,0.69843707
1691675777000,0.6985,0.6985,0.6985
1691675778000,0.69843628,0.69843628,0.69843628
1691675779000,0.6984,0.6984,0.6984
1691675780000,0.6984,0.6984,0.6984
1691675781000,0.6984,0.6984,0.6984
1691675782000,0.69844075,0.69844075,0.69844075
1691675783000,0.6985,0.6985,0.6985
1691675784000,0.69844552,0.69844552,0.69844552
1691675785000,0.6985,0.6985,0.6985
1691675786000,0.6985,0.6985,0.6985
1691675787000,0.69844713,0.69844713,0.69844713
1691675788000,0.69844713,0.69844713,0.69844713
1691675789000,0.69844549,0.69844549,0.69844549
1691675790000,0.69844549,0.69844549,0.69844549
1691675791000,0.6985,0.6985,0.6985
1691675792000,0.6986,0.6986,0.6986
1691675793000,0.6986,0.6986,0.6986
1691675794000,0.6985,0.6985,0.6985
1691675795000,0.6986,0.6986,0.6986
1691675796000,0.6986,0.6986,0.6986
1691675797000,0.6985,0.6985,0.6985
1691675798000,0.6985,0.6985,0.6985
1691675799000,0.6985,0.6985,0.6985
1691675800000,0.69846334,0.69846334,0.69846334
1691675801000,0.6985,0.6985,0.6985
1691675802000,0.69846246,0.69846246,0.69846246
1691675803000,0.69846246,0.69846246,0.69846246
1691675804000,0.69846246,0.69846246,0.69846246
1691675805000,0.6985,0.6985,0.6985
1691675806000,0.6986,0.6986,0.6986
1691675807000,0.69851012,0.69851012,0.69851012
1691675808000,0.69836009,0.69836009,0.69836009
1691675809000,0.69836009,0.69836009,0.69836009
1691675810000,0.6985,0.6985,0.6985
1691675811000,0.69844316,0.69844316,0.69844316
1691675812000,0.69844316,0.69844316,0.69844316
1691675813000,0.69844316,0.69844316,0.69844316
1691675814000,0.69844316,0.69844316,0.69844316
1691675815000,0.69844316,0.69844316,0.69844316
1691675816000,0.69844316,0.69844316,0.69844316
1691675817000,0.6985,0.6985,0.6985
1691675818000,0.6985,0.6985,0.6985
1691675819000,0.6985,0.6985,0.6985
1691675820000,0.6985,0.6985,0.6985
1691675821000,0.6985,0.6985,0.6985
1691675822000,0.69840576,0.69840576,0.69840576
1691675823000,0.69840576,0.69840576,0.69840576
1691675824000,0.69840663,0.69840663,0.69840663
1691675825000,0.69839752,0.69839752,0.69839752
1691675826000,0.69839752,0.69839752,0.69839752
1691675827000,0.69839503,0.69839503,0.69839503
1691675828000,0.69839834,0.69839834,0.69839834
1691675829000,0.69839834,0.69839834,0.69839834
1691675830000,0.69839837,0.69839837,0.69839837
1691675831000,0.69839792,0.69839792,0.69839792
1691675832000,0.69838801,0.69838801,0.69838801
1691675833000,0.6983883,0.6983883,0.6983883
1691675834000,0.6983883,0.6983883,0.6983883
1691675835000,0.69838834,0.69838834,0.69838834
1691675836000,0.69838834,0.69838834,0.69838834
1691675837000,0.69836591,0.69836591,0.69836591
1691675838000,0.69836591,0.69836591,0.69836591
1691675839000,0.69836987,0.69836987,0.69836987
1691675840000,0.69836893,0.69836893,0.69836893
1691675841000,0.69836822,0.69836822,0.69836822
1691675842000,0.6984,0.6984,0.6984
1691675843000,0.6984,0.6984,0.6984
1691675844000,0.6984,0.6984,0.6984
1691675845000,0.69836806,0.69836806,0.69836806
1691675846000,0.69836787,0.69836787,0.69836787
1691675847000,0.69836787,0.69836787,0.69836787
1691675848000,0.69836783,0.69836783,0.69836783
1691675849000,0.69836787,0.69836787,0.69836787
1691675850000,0.69837491,0.69837491,0.69837491
1691675851000,0.69837491,0.69837491,0.69837491
1691675852000,0.69837276,0.69837276,0.69837276
1691675853000,0.69837276,0.69837276,0.69837276
1691675854000,0.6983736,0.6983736,0.6983736
1691675855000,0.69826225,0.69826225,0.69826225
1691675856000,0.69826225,0.69826225,0.69826225
1691675857000,0.69824951,0.69824951,0.69824951
1691675858000,0.6981455,0.6981455,0.6981455
1691675859000,0.69808467,0.69808467,0.69808467
1691675860000,0.69808467,0.69808467,0.69808467
1691675861000,0.69807612,0.69807612,0.69807612
1691675862000,0.69807185,0.69807185,0.69807185
1691675863000,0.69807185,0.69807185,0.69807185
1691675864000,0.69806948,0.69806948,0.69806948
1691675865000,0.69806948,0.69806948,0.69806948
1691675866000,0.69798698,0.69798698,0.69798698
1691675867000,0.69798698,0.69798698,0.69798698
1691675868000,0.69780835,0.69780835,0.69780835
1691675869000,0.69780835,0.69780835,0.69780835
1691675870000,0.69780832,0.69780832,0.69780832
1691675871000,0.6978047,0.6978047,0.6978047
1691675872000,0.6977934,0.6977934,0.6977934
1691675873000,0.6977934,0.6977934,0.6977934
1691675874000,0.6977934,0.6977934,0.6977934
1691675875000,0.69779343,0.69779343,0.69779343
1691675876000,0.69779343,0.69779343,0.69779343
1691675877000,0.69779075,0.69779075,0.69779075
1691675878000,0.69779075,0.69779075,0.69779075
1691675879000,0.69779075,0.69779075,0.69779075
1691675880000,0.69775302,0.69775302,0.69775302
1691675881000,0.69775302,0.69775302,0.69775302
1691675882000,0.69775299,0.69775299,0.69775299
1691675883000,0.69771552,0.69771552,0.69771552
1691675884000,0.69771592,0.69771592,0.69771592
1691675885000,0.69771513,0.69771513,0.69771513
1691675886000,0.69771592,0.69771592,0.69771592
1691675887000,0.69770936,0.69770936,0.69770936
1691675888000,0.69770633,0.69770633,0.69770633
1691675889000,0.69770557,0.69770557,0.69770557
1691675890000,0.69769253,0.69769253,0.69769253
1691675891000,0.69769253,0.69769253,0.69769253
1691675892000,0.69769256,0.69769256,0.69769256
1691675893000,0.69767857,0.69767857,0.69767857
1691675894000,0.69767646,0.69767646,0.69767646
1691675895000,0.697628,0.697628,0.697628
1691675896000,0.697628,0.697628,0.697628
1691675897000,0.69753598,0.69753598,0.69753598
1691675898000,0.69749043,0.69749043,0.69749043
1691675899000,0.69748605,0.69748605,0.69748605
1691675900000,0.69743822,0.69743822,0.69743822
1691675901000,0.69743822,0.69743822,0.69743822
1691675902000,0.69743825,0.69743825,0.69743825
1691675903000,0.69743825,0.69743825,0.69743825
1691675904000,0.697435,0.697435,0.697435
1691675905000,0.69742625,0.69742625,0.69742625
1691675906000,0.69742737,0.69742737,0.69742737
1691675907000,0.69735673,0.69735673,0.69735673
1691675908000,0.69734058,0.69734058,0.69734058
1691675909000,0.69733982,0.69733982,0.69733982
1691675910000,0.69732947,0.69732947,0.69732947
1691675911000,0.6973295,0.6973295,0.6973295
1691675912000,0.69732947,0.69732947,0.69732947
1691675913000,0.69732911,0.69732911,0.69732911
1691675914000,0.69732986,0.69732986,0.69732986
1691675915000,0.69733563,0.69733563,0.69733563
1691675916000,0.69731928,0.69731928,0.69731928
1691675917000,0.69731928,0.69731928,0.69731928
1691675918000,0.69731928,0.69731928,0.69731928
1691675919000,0.69731981,0.69731981,0.69731981
1691675920000,0.69731289,0.69731289,0.69731289
1691675921000,0.69729185,0.69729185,0.69729185
1691675922000,0.69729258,0.69729258,0.69729258
1691675923000,0.69729336,0.69729336,0.69729336
1691675924000,0.69729336,0.69729336,0.69729336
1691675925000,0.69729339,0.69729339,0.69729339
1691675926000,0.69725422,0.69725422,0.69725422
1691675927000,0.69724881,0.69724881,0.69724881
1691675928000,0.69724698,0.69724698,0.69724698
1691675929000,0.69724695,0.69724695,0.69724695
1691675930000,0.69724774,0.69724774,0.69724774
1691675931000,0.69724774,0.69724774,0.69724774
1691675932000,0.69724698,0.69724698,0.69724698
1691675933000,0.69728335,0.69728335,0.69728335
1691675934000,0.69728515,0.69728515,0.69728515
1691675935000,0.69728515,0.69728515,0.69728515
1691675936000,0.69728436,0.69728436,0.69728436
1691675937000,0.69728511,0.69728511,0.69728511
1691675938000,0.69728133,0.69728133,0.69728133
1691675939000,0.69728191,0.69728191,0.69728191
1691675940000,0.69728191,0.69728191,0.69728191
1691675941000,0.69732542,0.69732542,0.69732542
1691675942000,0.69732467,0.69732467,0.69732467
1691675943000,0.69728195,0.69728195,0.69728195
1691675944000,0.69727832,0.69727832,0.69727832
1691675945000,0.69727897,0.69727897,0.69727897
1691675946000,0.69727897,0.69727897,0.69727897
1691675947000,0.69727897,0.69727897,0.69727897
1691675948000,0.69727897,0.69727897,0.69727897
1691675949000,0.69726989,0.69726989,0.69726989
1691675950000,0.69726992,0.69726992,0.69726992
1691675951000,0.69726992,0.69726992,0.69726992
1691675952000,0.69726913,0.69726913,0.69726913
1691675953000,0.69726913,0.69726913,0.69726913
1691675954000,0.6974,0.6974,0.6974
1691675955000,0.69741403,0.69741403,0.69741403
1691675956000,0.69741403,0.69741403,0.69741403
1691675957000,0.6975,0.6975,0.6975
1691675958000,0.6975,0.6975,0.6975
1691675959000,0.6976,0.6976,0.6976
1691675960000,0.6976,0.6976,0.6976
1691675961000,0.6976,0.6976,0.6976
1691675962000,0.6977,0.6977,0.6977
1691675963000,0.6977,0.6977,0.6977
1691675964000,0.6976,0.6976,0.6976
1691675965000,0.6977,0.6977,0.6977
1691675966000,0.6977,0.6977,0.6977
1691675967000,0.6978,0.6978,0.6978
1691675968000,0.6978,0.6978,0.6978
1691675969000,0.6978,0.6978,0.6978
1691675970000,0.6978,0.6978,0.6978
1691675971000,0.6978,0.6978,0.6978
1691675972000,0.6978,0.6978,0.6978
1691675973000,0.6977,0.6977,0.6977
1691675974000,0.6977,0.6977,0.6977
1691675975000,0.6978,0.6978,0.6978
1691675976000,0.6978,0.6978,0.6978
1691675977000,0.6978,0.6978,0.6978
1691675978000,0.6978,0.6978,0.6978
1691675979000,0.6977,0.6977,0.6977
1691675980000,0.6977,0.6977,0.6977
1691675981000,0.69766837,0.69766837,0.69766837
1691675982000,0.69766568,0.69766568,0.69766568
1691675983000,0.69766489,0.69766489,0.69766489
1691675984000,0.69766489,0.69766489,0.69766489
1691675985000,0.6977,0.6977,0.6977
1691675986000,0.6977,0.6977,0.6977
1691675987000,0.6977,0.6977,0.6977
1691675988000,0.6977,0.6977,0.6977
1691675989000,0.6978,0.6978,0.6978
1691675990000,0.6978,0.6978,0.6978
1691675991000,0.6978,0.6978,0.6978
1691675992000,0.6978,0.6978,0.6978
1691675993000,0.6978,0.6978,0.6978
1691675994000,0.6978,0.6978,0.6978
1691675995000,0.6978,0.6978,0.6978
1691675996000,0.6978,0.6978,0.6978
1691675997000,0.6978,0.6978,0.6978
1691675998000,0.6979,0.6979,0.6979
1691675999000,0.6979,0.6979,0.6979
1691676000000,0.6978,0.6978,0.6978
1691676001000,0.69819989,0.69819989,0.69819989
1691676002000,0.6982,0.6982,0.6982
1691676003000,0.6982,0.6982,0.6982
1691676004000,0.69820715,0.69820715,0.69820715
1691676005000,0.6982143,0.6982143,0.6982143
1691676006000,0.6983,0.6983,0.6983
1691676007000,0.6982,0.6982,0.6982
1691676008000,0.6983,0.6983,0.6983
1691676009000,0.6982,0.6982,0.6982
1691676010000,0.6983,0.6983,0.6983
1691676011000,0.6983,0.6983,0.6983
1691676012000,0.69836185,0.69836185,0.69836185
1691676013000,0.6984,0.6984,0.6984
1691676014000,0.6984,0.6984,0.6984
1691676015000,0.6984,0.6984,0.6984
1691676016000,0.6983,0.6983,0.6983
1691676017000,0.6983,0.6983,0.6983
1691676018000,0.6982,0.6982,0.6982
1691676019000,0.6983,0.6983,0.6983
1691676020000,0.69838485,0.69838485,0.69838485
1691676021000,0.6984,0.6984,0.6984
1691676022000,0.6983,0.6983,0.6983
1691676023000,0.6984,0.6984,0.6984
1691676024000,0.6985,0.6985,0.6985
1691676025000,0.6985,0.6985,0.6985
1691676026000,0.6984,0.6984,0.6984
1691676027000,0.6984,0.6984,0.6984
1691676028000,0.6983,0.6983,0.6983
1691676029000,0.6984,0.6984,0.6984
1691676030000,0.6984,0.6984,0.6984
1691676031000,0.6984,0.6984,0.6984
1691676032000,0.6984,0.6984,0.6984
1691676033000,0.6984,0.6984,0.6984
1691676034000,0.6983,0.6983,0.6983
1691676035000,0.6983,0.6983,0.6983
1691676036000,0.6983,0.6983,0.6983
1691676037000,0.6983,0.6983,0.6983
1691676038000,0.6982,0.6982,0.6982
1691676039000,0.6982,0.6982,0.6982
1691676040000,0.6984,0.6984,0.6984
1691676041000,0.6984,0.6984,0.6984
1691676042000,0.6984,0.6984,0.6984
1691676043000,0.6985635,0.6985635,0.6985635
1691676044000,0.6985,0.6985,0.6985
1691676045000,0.6985,0.6985,0.6985
1691676046000,0.6985,0.6985,0.6985
1691676047000,0.6984,0.6984,0.6984
1691676048000,0.6984,0.6984,0.6984
1691676049000,0.69858325,0.69858325,0.69858325
1691676050000,0.6985,0.6985,0.6985
1691676051000,0.6984,0.6984,0.6984
1691676052000,0.6984,0.6984,0.6984
1691676053000,0.6985,0.6985,0.6985
1691676054000,0.6985,0.6985,0.6985
1691676055000,0.6986,0.6986,0.6986
1691676056000,0.69869832,0.69869832,0.69869832
1691676057000,0.69869832,0.69869832,0.69869832
1691676058000,0.6988,0.6988,0.6988
1691676059000,0.69878551,0.69878551,0.69878551
1691676060000,0.69878551,0.69878551,0.69878551
1691676061000,0.6988,0.6988,0.6988
1691676062000,0.6988,0.6988,0.6988
1691676063000,0.6986,0.6986,0.6986
1691676064000,0.69850722,0.69850722,0.69850722
1691676065000,0.6984,0.6984,0.6984
1691676066000,0.6985,0.6985,0.6985
1691676067000,0.6986,0.6986,0.6986
1691676068000,0.6987,0.6987,0.6987
1691676069000,0.69871708,0.69871708,0.69871708
1691676070000,0.6987,0.6987,0.6987
1691676071000,0.6987,0.6987,0.6987
1691676072000,0.6987,0.6987,0.6987
1691676073000,0.6988,0.6988,0.6988
1691676074000,0.69882823,0.69882823,0.69882823
1691676075000,0.69882887,0.69882887,0.69882887
1691676076000,0.69883022,0.69883022,0.69883022
1691676077000,0.69883423,0.69883423,0.69883423
1691676078000,0.69883423,0.69883423,0.69883423
1691676079000,0.699,0.699,0.699
1691676080000,0.699,0.699,0.699
1691676081000,0.6988,0.6988,0.6988
1691676082000,0.6988,0.6988,0.6988
1691676083000,0.6988,0.6988,0.6988
1691676084000,0.6989,0.6989,0.6989
1691676085000,0.6989,0.6989,0.6989
1691676086000,0.69906739,0.69906739,0.69906739
1691676087000,0.699,0.699,0.699
1691676088000,0.699,0.699,0.699
1691676089000,0.699,0.699,0.699
1691676090000,0.69915399,0.69915399,0.69915399
1691676091000,0.69941485,0.69941485,0.69941485
1691676092000,0.6994156,0.6994156,0.6994156
1691676093000,0.6994156,0.6994156,0.6994156
1691676094000,0.69940327,0.69940327,0.69940327
1691676095000,0.69940327,0.69940327,0.69940327
1691676096000,0.69931628,0.69931628,0.69931628
1691676097000,0.69931628,0.69931628,0.69931628
1691676098000,0.6992,0.6992,0.6992
1691676099000,0.699,0.699,0.699
1691676100000,0.69890417,0.69890417,0.69890417
1691676101000,0.699,0.699,0.699
1691676102000,0.6988509,0.6988509,0.6988509
1691676103000,0.69878753,0.69878753,0.69878753
1691676104000,0.6987901,0.6987901,0.6987901
1691676105000,0.69875136,0.69875136,0.69875136
1691676106000,0.69888103,0.69888103,0.69888103
1691676107000,0.69883828,0.69883828,0.69883828
1691676108000,0.69883828,0.69883828,0.69883828
1691676109000,0.69880441,0.69880441,0.69880441
1691676110000,0.6989,0.6989,0.6989
1691676111000,0.69880335,0.69880335,0.69880335
1691676112000,0.6988,0.6988,0.6988
1691676113000,0.6988,0.6988,0.6988
1691676114000,0.69875348,0.69875348,0.69875348
1691676115000,0.69877783,0.69877783,0.69877783
1691676116000,0.69877707,0.69877707,0.69877707
1691676117000,0.69863726,0.69863726,0.69863726
1691676118000,0.69859924,0.69859924,0.69859924
1691676119000,0.69855467,0.69855467,0.69855467
1691676120000,0.69855467,0.69855467,0.69855467
1691676121000,0.69854661,0.69854661,0.69854661
1691676122000,0.69864277,0.69864277,0.69864277
1691676123000,0.69864277,0.69864277,0.69864277
1691676124000,0.69867865,0.69867865,0.69867865
1691676125000,0.69867974,0.69867974,0.69867974
1691676126000,0.69867717,0.69867717,0.69867717
1691676127000,0.69867717,0.69867717,0.69867717
1691676128000,0.6986772,0.6986772,0.6986772
1691676129000,0.69852497,0.69852497,0.69852497
1691676130000,0.69838216,0.69838216,0.69838216
1691676131000,0.69838048,0.69838048,0.69838048
1691676132000,0.6982778,0.6982778,0.6982778
1691676133000,0.6982778,0.6982778,0.6982778
1691676134000,0.6982778,0.6982778,0.6982778
1691676135000,0.69823046,0.69823046,0.69823046
1691676136000,0.69823046,0.69823046,0.69823046
1691676137000,0.6983,0.6983,0.6983
1691676138000,0.6983,0.6983,0.6983
1691676139000,0.69835281,0.69835281,0.69835281
1691676140000,0.6986,0.6986,0.6986
1691676141000,0.6986,0.6986,0.6986
1691676142000,0.6986,0.6986,0.6986
1691676143000,0.69857338,0.69857338,0.69857338
1691676144000,0.6986,0.6986,0.6986
1691676145000,0.6986,0.6986,0.6986
1691676146000,0.69853294,0.69853294,0.69853294
1691676147000,0.69852494,0.69852494,0.69852494
1691676148000,0.69855621,0.69855621,0.69855621
1691676149000,0.69855673,0.69855673,0.69855673
1691676150000,0.69855673,0.69855673,0.69855673
1691676151000,0.69850228,0.69850228,0.69850228
1691676152000,0.69850219,0.69850219,0.69850219
1691676153000,0.69850295,0.69850295,0.69850295
1691676154000,0.69845777,0.69845777,0.69845777
1691676155000,0.69847517,0.69847517,0.69847517
1691676156000,0.69847357,0.69847357,0.69847357
1691676157000,0.69847381,0.69847381,0.69847381
1691676158000,0.69847384,0.69847384,0.69847384
1691676159000,0.69847509,0.69847509,0.69847509
1691676160000,0.69847356,0.69847356,0.69847356
1691676161000,0.69847356,0.69847356,0.69847356
1691676162000,0.69838655,0.69838655,0.69838655
1691676163000,0.69838256,0.69838256,0.69838256
1691676164000,0.69838327,0.69838327,0.69838327
1691676165000,0.69833339,0.69833339,0.69833339
1691676166000,0.69833339,0.69833339,0.69833339
1691676167000,0.69846306,0.69846306,0.69846306
1691676168000,0.69847683,0.69847683,0.69847683
1691676169000,0.69843013,0.69843013,0.69843013
1691676170000,0.69834539,0.69834539,0.69834539
1691676171000,0.6984,0.6984,0.6984
1691676172000,0.6984,0.6984,0.6984
1691676173000,0.69843691,0.69843691,0.69843691
1691676174000,0.69844362,0.69844362,0.69844362
1691676175000,0.69850049,0.69850049,0.69850049
1691676176000,0.69854523,0.69854523,0.69854523
1691676177000,0.69857533,0.69857533,0.69857533
1691676178000,0.69857533,0.69857533,0.69857533
1691676179000,0.69858841,0.69858841,0.69858841
1691676180000,0.69847353,0.69847353,0.69847353
1691676181000,0.69847641,0.69847641,0.69847641
1691676182000,0.69842591,0.69842591,0.69842591
1691676183000,0.69842591,0.69842591,0.69842591
1691676184000,0.69841287,0.69841287,0.69841287
1691676185000,0.69841287,0.69841287,0.69841287
1691676186000,0.69836433,0.69836433,0.69836433
1691676187000,0.69829754,0.69829754,0.69829754
1691676188000,0.69829754,0.69829754,0.69829754
1691676189000,0.69803843,0.69803843,0.69803843
1691676190000,0.69796451,0.69796451,0.69796451
1691676191000,0.69796448,0.69796448,0.69796448
1691676192000,0.69796524,0.69796524,0.69796524
1691676193000,0.69796269,0.69796269,0.69796269
1691676194000,0.69800541,0.69800541,0.69800541
1691676195000,0.6979233,0.6979233,0.6979233
1691676196000,0.6979233,0.6979233,0.6979233
1691676197000,0.6979233,0.6979233,0.6979233
1691676198000,0.69792202,0.69792202,0.69792202
1691676199000,0.6978655,0.6978655,0.6978655
1691676200000,0.69786158,0.69786158,0.69786158
1691676201000,0.69786158,0.69786158,0.69786158
1691676202000,0.69789201,0.69789201,0.69789201
1691676203000,0.69789201,0.69789201,0.69789201
1691676204000,0.69788977,0.69788977,0.69788977
1691676205000,0.69788623,0.69788623,0.69788623
1691676206000,0.69786594,0.69786594,0.69786594
1691676207000,0.69770884,0.69770884,0.69770884
1691676208000,0.69770884,0.69770884,0.69770884
1691676209000,0.69770851,0.69770851,0.69770851
1691676210000,0.69765808,0.69765808,0.69765808
1691676211000,0.69765805,0.69765805,0.69765805
1691676212000,0.69765808,0.69765808,0.69765808
1691676213000,0.69771022,0.69771022,0.69771022
1691676214000,0.6977569,0.6977569,0.6977569
1691676215000,0.69775708,0.69775708,0.69775708
1691676216000,0.69776358,0.69776358,0.69776358
1691676217000,0.6977592,0.6977592,0.6977592
1691676218000,0.69766416,0.69766416,0.69766416
1691676219000,0.69756201,0.69756201,0.69756201
1691676220000,0.69750061,0.69750061,0.69750061
1691676221000,0.69750061,0.69750061,0.69750061
1691676222000,0.69748881,0.69748881,0.69748881
1691676223000,0.69748753,0.69748753,0.69748753
1691676224000,0.69748753,0.69748753,0.69748753
1691676225000,0.69748753,0.69748753,0.69748753
1691676226000,0.69758027,0.69758027,0.69758027
1691676227000,0.69754011,0.69754011,0.69754011
1691676228000,0.69758435,0.69758435,0.69758435
1691676229000,0.69758359,0.69758359,0.69758359
1691676230000,0.69758359,0.69758359,0.69758359
1691676231000,0.69758444,0.69758444,0.69758444
1691676232000,0.69758517,0.69758517,0.69758517
1691676233000,0.69758517,0.69758517,0.69758517
1691676234000,0.69762978,0.69762978,0.69762978
1691676235000,0.69758036,0.69758036,0.69758036
1691676236000,0.69757973,0.69757973,0.69757973
1691676237000,0.69756919,0.69756919,0.69756919
1691676238000,0.69741978,0.69741978,0.69741978
1691676239000,0.69741978,0.69741978,0.69741978
1691676240000,0.69728714,0.69728714,0.69728714
1691676241000,0.6968462,0.6968462,0.6968462
1691676242000,0.69683833,0.69683833,0.69683833
1691676243000,0.69671792,0.69671792,0.69671792
1691676244000,0.69671789,0.69671789,0.69671789
1691676245000,0.69671789,0.69671789,0.69671789
1691676246000,0.69671789,0.69671789,0.69671789
1691676247000,0.6968,0.6968,0.6968
1691676248000,0.69677219,0.69677219,0.69677219
1691676249000,0.69677219,0.69677219,0.69677219
1691676250000,0.6968,0.6968,0.6968
1691676251000,0.69686531,0.69686531,0.69686531
1691676252000,0.69691444,0.69691444,0.69691444
1691676253000,0.69691441,0.69691441,0.69691441
1691676254000,0.69693504,0.69693504,0.69693504
1691676255000,0.69693504,0.69693504,0.69693504
1691676256000,0.69693722,0.69693722,0.69693722
1691676257000,0.69676119,0.69676119,0.69676119
1691676258000,0.69674814,0.69674814,0.69674814
1691676259000,0.69674449,0.69674449,0.69674449
1691676260000,0.69674449,0.69674449,0.69674449
1691676261000,0.6968,0.6968,0.6968
1691676262000,0.6969,0.6969,0.6969
1691676263000,0.6969,0.6969,0.6969
1691676264000,0.697,0.697,0.697
1691676265000,0.697,0.697,0.697
1691676266000,0.697,0.697,0.697
1691676267000,0.6971,0.6971,0.6971
1691676268000,0.697,0.697,0.697
1691676269000,0.697,0.697,0.697
1691676270000,0.6972,0.6972,0.6972
1691676271000,0.6972,0.6972,0.6972
1691676272000,0.6973,0.6973,0.6973
1691676273000,0.6973,0.6973,0.6973
1691676274000,0.6974,0.6974,0.6974
1691676275000,0.6975,0.6975,0.6975
1691676276000,0.6975,0.6975,0.6975
1691676277000,0.6974,0.6974,0.6974
1691676278000,0.6974,0.6974,0.6974
1691676279000,0.6973,0.6973,0.6973
1691676280000,0.6973,0.6973,0.6973
1691676281000,0.6973,0.6973,0.6973
1691676282000,0.6974,0.6974,0.6974
1691676283000,0.6973,0.6973,0.6973
1691676284000,0.6974,0.6974,0.6974
1691676285000,0.6975,0.6975,0.6975
1691676286000,0.6975,0.6975,0.6975
1691676287000,0.6975,0.6975,0.6975
1691676288000,0.6975,0.6975,0.6975
1691676289000,0.6974,0.6974,0.6974
1691676290000,0.6973,0.6973,0.6973
1691676291000,0.6973,0.6973,0.6973
1691676292000,0.6973,0.6973,0.6973
1691676293000,0.6974,0.6974,0.6974
1691676294000,0.6974,0.6974,0.6974
1691676295000,0.6974,0.6974,0.6974
1691676296000,0.6974,0.6974,0.6974
1691676297000,0.6974,0.6974,0.6974
1691676298000,0.6974,0.6974,0.6974
1691676299000,0.6973,0.6973,0.6973
1691676300000,0.6973,0.6973,0.6973
1691676301000,0.6975,0.6975,0.6975
1691676302000,0.6975,0.6975,0.6975
1691676303000,0.6976,0.6976,0.6976
1691676304000,0.6975,0.6975,0.6975
1691676305000,0.6975,0.6975,0.6975
1691676306000,0.6974,0.6974,0.6974
1691676307000,0.6973,0.6973,0.6973
1691676308000,0.6973,0.6973,0.6973
1691676309000,0.6972408,0.6972408,0.6972408
1691676310000,0.69723605,0.69723605,0.69723605
1691676311000,0.69722331,0.69722331,0.69722331
1691676312000,0.69704784,0.69704784,0.69704784
1691676313000,0.69704305,0.69704305,0.69704305
1691676314000,0.6970385,0.6970385,0.6970385
1691676315000,0.69694263,0.69694263,0.69694263
1691676316000,0.6969426,0.6969426,0.6969426
1691676317000,0.69698608,0.69698608,0.69698608
1691676318000,0.69697972,0.69697972,0.69697972
1691676319000,0.69696661,0.69696661,0.69696661
1691676320000,0.69696022,0.69696022,0.69696022
1691676321000,0.69696052,0.69696052,0.69696052
1691676322000,0.69691626,0.69691626,0.69691626
1691676323000,0.69690958,0.69690958,0.69690958
1691676324000,0.69690958,0.69690958,0.69690958
1691676325000,0.69690316,0.69690316,0.69690316
1691676326000,0.69681047,0.69681047,0.69681047
1691676327000,0.69680713,0.69680713,0.69680713
1691676328000,0.69680328,0.69680328,0.69680328
1691676329000,0.69680328,0.69680328,0.69680328
1691676330000,0.69679379,0.69679379,0.69679379
1691676331000,0.6968,0.6968,0.6968
1691676332000,0.6968,0.6968,0.6968
1691676333000,0.69673588,0.69673588,0.69673588
1691676334000,0.69673492,0.69673492,0.69673492
1691676335000,0.69673489,0.69673489,0.69673489
1691676336000,0.69672648,0.69672648,0.69672648
1691676337000,0.69672648,0.69672648,0.69672648
1691676338000,0.69662311,0.69662311,0.69662311
1691676339000,0.69662311,0.69662311,0.69662311
1691676340000,0.6966118,0.6966118,0.6966118
1691676341000,0.69670271,0.69670271,0.69670271
1691676342000,0.6968,0.6968,0.6968
1691676343000,0.6969,0.6969,0.6969
1691676344000,0.6969,0.6969,0.6969
1691676345000,0.6969,0.6969,0.6969
1691676346000,0.6968,0.6968,0.6968
1691676347000,0.69675477,0.69675477,0.69675477
1691676348000,0.69675283,0.69675283,0.69675283
1691676349000,0.69675283,0.69675283,0.69675283
1691676350000,0.6967,0.6967,0.6967
1691676351000,0.6967,0.6967,0.6967
1691676352000,0.6967,0.6967,0.6967
1691676353000,0.6968,0.6968,0.6968
1691676354000,0.6967,0.6967,0.6967
1691676355000,0.69671484,0.69671484,0.69671484
1691676356000,0.6968,0.6968,0.6968
1691676357000,0.6968,0.6968,0.6968
1691676358000,0.6968,0.6968,0.6968
1691676359000,0.6968,0.6968,0.6968
1691676360000,0.697,0.697,0.697
1691676361000,0.6971,0.6971,0.6971
1691676362000,0.6971,0.6971,0.6971
1691676363000,0.6971,0.6971,0.6971
1691676364000,0.6971,0.6971,0.6971
1691676365000,0.6972,0.6972,0.6972
1691676366000,0.6972,0.6972,0.6972
1691676367000,0.6971,0.6971,0.6971
1691676368000,0.6971,0.6971,0.6971
1691676369000,0.6971,0.6971,0.6971
1691676370000,0.6972,0.6972,0.6972
1691676371000,0.6972,0.6972,0.6972
1691676372000,0.6972,0.6972,0.6972
1691676373000,0.6972,0.6972,0.6972
1691676374000,0.6972,0.6972,0.6972
1691676375000,0.6972,0.6972,0.6972
1691676376000,0.6973,0.6973,0.6973
1691676377000,0.6972,0.6972,0.6972
1691676378000,0.6971,0.6971,0.6971
1691676379000,0.697,0.697,0.697
1691676380000,0.6969,0.6969,0.6969
1691676381000,0.6969,0.6969,0.6969
1691676382000,0.6969,0.6969,0.6969
1691676383000,0.6969,0.6969,0.6969
1691676384000,0.6971,0.6971,0.6971
1691676385000,0.6971,0.6971,0.6971
1691676386000,0.6971,0.6971,0.6971
1691676387000,0.6972,0.6972,0.6972
1691676388000,0.6973,0.6973,0.6973
1691676389000,0.6973,0.6973,0.6973
1691676390000,0.6973,0.6973,0.6973
1691676391000,0.6973,0.6973,0.6973
1691676392000,0.6973,0.6973,0.6973
1691676393000,0.6973,0.6973,0.6973
1691676394000,0.6973,0.6973,0.6973
1691676395000,0.6972,0.6972,0.6972
1691676396000,0.6973,0.6973,0.6973
1691676397000,0.69733957,0.69733957,0.69733957
1691676398000,0.69733956,0.69733956,0.69733956
1691676399000,0.6974,0.6974,0.6974
1691676400000,0.69740614,0.69740614,0.69740614
1691676401000,0.6974,0.6974,0.6974
1691676402000,0.69744958,0.69744958,0.69744958
1691676403000,0.69744961,0.69744961,0.69744961
1691676404000,0.6974,0.6974,0.6974
1691676405000,0.6974,0.6974,0.6974
1691676406000,0.6974,0.6974,0.6974
1691676407000,0.6974,0.6974,0.6974
1691676408000,0.6973,0.6973,0.6973
1691676409000,0.6973,0.6973,0.6973
1691676410000,0.6973,0.6973,0.6973
1691676411000,0.6973,0.6973,0.6973
1691676412000,0.6972,0.6972,0.6972
1691676413000,0.6973,0.6973,0.6973
1691676414000,0.6972,0.6972,0.6972
1691676415000,0.6972,0.6972,0.6972
1691676416000,0.6972,0.6972,0.6972
1691676417000,0.6971,0.6971,0.6971
1691676418000,0.6971,0.6971,0.6971
1691676419000,0.6971,0.6971,0.6971
1691676420000,0.6971,0.6971,0.6971
1691676421000,0.6971,0.6971,0.6971
1691676422000,0.6971,0.6971,0.6971
1691676423000,0.6971,0.6971,0.6971
1691676424000,0.6971,0.6971,0.6971
1691676425000,0.6971,0.6971,0.6971
1691676426000,0.697,0.697,0.697
1691676427000,0.697,0.697,0.697
1691676428000,0.697,0.697,0.697
1691676429000,0.697,0.697,0.697
1691676430000,0.69675639,0.69675639,0.69675639
1691676431000,0.69675857,0.69675857,0.69675857
1691676432000,0.69667636,0.69667636,0.69667636
1691676433000,0.6967,0.6967,0.6967
1691676434000,0.697,0.697,0.697
1691676435000,0.6969,0.6969,0.6969
1691676436000,0.6969,0.6969,0.6969
1691676437000,0.6969,0.6969,0.6969
1691676438000,0.6968,0.6968,0.6968
1691676439000,0.6968,0.6968,0.6968
1691676440000,0.69673512,0.69673512,0.69673512
1691676441000,0.69671367,0.69671367,0.69671367
1691676442000,0.6967,0.6967,0.6967
1691676443000,0.6968,0.6968,0.6968
1691676444000,0.6968,0.6968,0.6968
1691676445000,0.6969,0.6969,0.6969
1691676446000,0.6968,0.6968,0.6968
1691676447000,0.69671418,0.69671418,0.69671418
1691676448000,0.69670514,0.69670514,0.69670514
1691676449000,0.69670517,0.69670517,0.69670517
1691676450000,0.6967,0.6967,0.6967
1691676451000,0.6967,0.6967,0.6967
1691676452000,0.6967,0.6967,0.6967
1691676453000,0.6966512,0.6966512,0.6966512
1691676454000,0.6966512,0.6966512,0.6966512
1691676455000,0.69661425,0.69661425,0.69661425
1691676456000,0.69657074,0.69657074,0.69657074
1691676457000,0.69657074,0.69657074,0.69657074
1691676458000,0.69652078,0.69652078,0.69652078
1691676459000,0.69652078,0.69652078,0.69652078
1691676460000,0.69647658,0.69647658,0.69647658
1691676461000,0.69645642,0.69645642,0.69645642
1691676462000,0.69645342,0.69645342,0.69645342
1691676463000,0.69638899,0.69638899,0.69638899
1691676464000,0.69638809,0.69638809,0.69638809
1691676465000,0.69634353,0.69634353,0.69634353
1691676466000,0.69634277,0.69634277,0.69634277
1691676467000,0.69633177,0.69633177,0.69633177
1691676468000,0.69628832,0.69628832,0.69628832
1691676469000,0.69628723,0.69628723,0.69628723
1691676470000,0.69628723,0.69628723,0.69628723
1691676471000,0.69603222,0.69603222,0.69603222
1691676472000,0.6960617,0.6960617,0.6960617
1691676473000,0.6960617,0.6960617,0.6960617
1691676474000,0.6960617,0.6960617,0.6960617
1691676475000,0.6960146,0.6960146,0.6960146
1691676476000,0.6960146,0.6960146,0.6960146
1691676477000,0.69605227,0.69605227,0.69605227
1691676478000,0.69605227,0.69605227,0.69605227
1691676479000,0.6960523,0.6960523,0.6960523
1691676480000,0.69603593,0.69603593,0.69603593
1691676481000,0.69603593,0.69603593,0.69603593
1691676482000,0.69603593,0.69603593,0.69603593
1691676483000,0.69603554,0.69603554,0.69603554
1691676484000,0.69603554,0.69603554,0.69603554
1691676485000,0.69603227,0.69603227,0.69603227
1691676486000,0.6961,0.6961,0.6961
1691676487000,0.6961,0.6961,0.6961
1691676488000,0.69620573,0.69620573,0.69620573
1691676489000,0.6962057,0.6962057,0.6962057
1691676490000,0.6964,0.6964,0.6964
1691676491000,0.6964,0.6964,0.6964
1691676492000,0.6964,0.6964,0.6964
1691676493000,0.6964,0.6964,0.6964
1691676494000,0.6964,0.6964,0.6964
1691676495000,0.6964,0.6964,0.6964
1691676496000,0.6964,0.6964,0.6964
1691676497000,0.69633346,0.69633346,0.69633346
1691676498000,0.69629231,0.69629231,0.69629231
1691676499000,0.69629231,0.69629231,0.69629231
1691676500000,0.69623665,0.69623665,0.69623665
1691676501000,0.69623662,0.69623662,0.69623662
1691676502000,0.69610523,0.69610523,0.69610523
1691676503000,0.6960875,0.6960875,0.6960875
1691676504000,0.69606141,0.69606141,0.69606141
1691676505000,0.69605851,0.69605851,0.69605851
1691676506000,0.69610199,0.69610199,0.69610199
1691676507000,0.69610199,0.69610199,0.69610199
1691676508000,0.69610753,0.69610753,0.69610753
1691676509000,0.69610487,0.69610487,0.69610487
1691676510000,0.69601616,0.69601616,0.69601616
1691676511000,0.69601616,0.69601616,0.69601616
1691676512000,0.69601375,0.69601375,0.69601375
1691676513000,0.69601375,0.69601375,0.69601375
1691676514000,0.69601719,0.69601719,0.69601719
1691676515000,0.69601719,0.69601719,0.69601719
1691676516000,0.69601719,0.69601719,0.69601719
1691676517000,0.69610415,0.69610415,0.69610415
1691676518000,0.69610415,0.69610415,0.69610415
1691676519000,0.69610953,0.69610953,0.69610953
1691676520000,0.69610953,0.69610953,0.69610953
1691676521000,0.69606608,0.69606608,0.69606608
1691676522000,0.69606608,0.69606608,0.69606608
1691676523000,0.69606641,0.69606641,0.69606641
1691676524000,0.69608021,0.69608021,0.69608021
1691676525000,0.69608385,0.69608385,0.69608385
1691676526000,0.69608464,0.69608464,0.69608464
1691676527000,0.6961,0.6961,0.6961
1691676528000,0.6962,0.6962,0.6962
1691676529000,0.6962,0.6962,0.6962
1691676530000,0.6963,0.6963,0.6963
1691676531000,0.6963,0.6963,0.6963
1691676532000,0.69626785,0.69626785,0.69626785
1691676533000,0.6963,0.6963,0.6963
1691676534000,0.6963,0.6963,0.6963
1691676535000,0.6963,0.6963,0.6963
1691676536000,0.6963,0.6963,0.6963
1691676537000,0.69623843,0.69623843,0.69623843
1691676538000,0.6964,0.6964,0.6964
1691676539000,0.6965,0.6965,0.6965
1691676540000,0.6965,0.6965,0.6965
1691676541000,0.6964,0.6964,0.6964
1691676542000,0.6963122,0.6963122,0.6963122
1691676543000,0.6964,0.6964,0.6964
1691676544000,0.6966,0.6966,0.6966
1691676545000,0.69694902,0.69694902,0.69694902
1691676546000,0.6969,0.6969,0.6969
1691676547000,0.6969,0.6969,0.6969
1691676548000,0.6968,0.6968,0.6968
1691676549000,0.6968,0.6968,0.6968
1691676550000,0.6968,0.6968,0.6968
1691676551000,0.6969,0.6969,0.6969
1691676552000,0.6969,0.6969,0.6969
1691676553000,0.6967,0.6967,0.6967
1691676554000,0.6967,0.6967,0.6967
1691676555000,0.6967,0.6967,0.6967
1691676556000,0.6967,0.6967,0.6967
1691676557000,0.6967,0.6967,0.6967
1691676558000,0.6965373,0.6965373,0.6965373
1691676559000,0.69641286,0.69641286,0.69641286
1691676560000,0.69641289,0.69641289,0.69641289
1691676561000,0.69640602,0.69640602,0.69640602
1691676562000,0.69640333,0.69640333,0.69640333
1691676563000,0.6964028,0.6964028,0.6964028
1691676564000,0.69641483,0.69641483,0.69641483
1691676565000,0.6964148,0.6964148,0.6964148
1691676566000,0.6964148,0.6964148,0.6964148
1691676567000,0.69641555,0.69641555,0.69641555
1691676568000,0.69641555,0.69641555,0.69641555
1691676569000,0.69641451,0.69641451,0.69641451
1691676570000,0.69641836,0.69641836,0.69641836
1691676571000,0.69641748,0.69641748,0.69641748
1691676572000,0.69645912,0.69645912,0.69645912
1691676573000,0.69645988,0.69645988,0.69645988
1691676574000,0.69645604,0.69645604,0.69645604
1691676575000,0.69645207,0.69645207,0.69645207
1691676576000,0.69645134,0.69645134,0.69645134
1691676577000,0.6965,0.6965,0.6965
1691676578000,0.6965,0.6965,0.6965
1691676579000,0.69641138,0.69641138,0.69641138
1691676580000,0.69640802,0.69640802,0.69640802
1691676581000,0.69638411,0.69638411,0.69638411
1691676582000,0.69638411,0.69638411,0.69638411
1691676583000,0.69638058,0.69638058,0.69638058
1691676584000,0.69638058,0.69638058,0.69638058
1691676585000,0.69637449,0.69637449,0.69637449
1691676586000,0.69636509,0.69636509,0.69636509
1691676587000,0.69636512,0.69636512,0.69636512
1691676588000,0.6965,0.6965,0.6965
1691676589000,0.6965,0.6965,0.6965
1691676590000,0.6965,0.6965,0.6965
1691676591000,0.6965,0.6965,0.6965
1691676592000,0.696324,0.696324,0.696324
1691676593000,0.69636672,0.69636672,0.69636672
1691676594000,0.69636672,0.69636672,0.69636672
1691676595000,0.69635982,0.69635982,0.69635982
1691676596000,0.69635758,0.69635758,0.69635758
1691676597000,0.6963549,0.6963549,0.6963549
1691676598000,0.6963075,0.6963075,0.6963075
1691676599000,0.6964,0.6964,0.6964
1691676600000,0.6964,0.6964,0.6964
1691676601000,0.6965,0.6965,0.6965
1691676602000,0.6965,0.6965,0.6965
1691676603000,0.6964,0.6964,0.6964
1691676604000,0.6964,0.6964,0.6964
1691676605000,0.69639191,0.69639191,0.69639191
1691676606000,0.69634906,0.69634906,0.69634906
1691676607000,0.69634906,0.69634906,0.69634906
1691676608000,0.69634582,0.69634582,0.69634582
1691676609000,0.69634582,0.69634582,0.69634582
1691676610000,0.69634276,0.69634276,0.69634276
1691676611000,0.69633835,0.69633835,0.69633835
1691676612000,0.69629178,0.69629178,0.69629178
1691676613000,0.6963,0.6963,0.6963
1691676614000,0.6964,0.6964,0.6964
1691676615000,0.6964,0.6964,0.6964
1691676616000,0.69637571,0.69637571,0.69637571
1691676617000,0.69637571,0.69637571,0.69637571
1691676618000,0.69624393,0.69624393,0.69624393
1691676619000,0.6963,0.6963,0.6963
1691676620000,0.69632675,0.69632675,0.69632675
1691676621000,0.69628173,0.69628173,0.69628173
1691676622000,0.69628249,0.69628249,0.69628249
1691676623000,0.69628249,0.69628249,0.69628249
1691676624000,0.69623488,0.69623488,0.69623488
1691676625000,0.69623488,0.69623488,0.69623488
1691676626000,0.69622479,0.69622479,0.69622479
1691676627000,0.69621171,0.69621171,0.69621171
1691676628000,0.69616826,0.69616826,0.69616826
1691676629000,0.69616899,0.69616899,0.69616899
1691676630000,0.69616738,0.69616738,0.69616738
1691676631000,0.69616649,0.69616649,0.69616649
1691676632000,0.69616196,0.69616196,0.69616196
1691676633000,0.6962,0.6962,0.6962
1691676634000,0.6963,0.6963,0.6963
1691676635000,0.6963,0.6963,0.6963
1691676636000,0.6963,0.6963,0.6963
1691676637000,0.6963,0.6963,0.6963
1691676638000,0.69625386,0.69625386,0.69625386
1691676639000,0.69632267,0.69632267,0.69632267
1691676640000,0.69631981,0.69631981,0.69631981
1691676641000,0.69632249,0.69632249,0.69632249
1691676642000,0.69632098,0.69632098,0.69632098
1691676643000,0.69627627,0.69627627,0.69627627
1691676644000,0.69626816,0.69626816,0.69626816
1691676645000,0.69626816,0.69626816,0.69626816
1691676646000,0.69627075,0.69627075,0.69627075
1691676647000,0.6962278,0.6962278,0.6962278
1691676648000,0.69621337,0.69621337,0.69621337
1691676649000,0.69616653,0.69616653,0.69616653
1691676650000,0.69616653,0.69616653,0.69616653
1691676651000,0.69615983,0.69615983,0.69615983
1691676652000,0.69603068,0.69603068,0.69603068
1691676653000,0.69603071,0.69603071,0.69603071
1691676654000,0.69603071,0.69603071,0.69603071
1691676655000,0.69603143,0.69603143,0.69603143
1691676656000,0.69603143,0.69603143,0.69603143
1691676657000,0.69601951,0.69601951,0.69601951
1691676658000,0.69601296,0.69601296,0.69601296
1691676659000,0.69596516,0.69596516,0.69596516
1691676660000,0.69596589,0.69596589,0.69596589
1691676661000,0.69588762,0.69588762,0.69588762
1691676662000,0.69588762,0.69588762,0.69588762
1691676663000,0.69582092,0.69582092,0.69582092
1691676664000,0.69582092,0.69582092,0.69582092
1691676665000,0.69581758,0.69581758,0.69581758
1691676666000,0.69574201,0.69574201,0.69574201
1691676667000,0.69559859,0.69559859,0.69559859
1691676668000,0.69559859,0.69559859,0.69559859
1691676669000,0.69563239,0.69563239,0.69563239
1691676670000,0.69563239,0.69563239,0.69563239
1691676671000,0.6957,0.6957,0.6957
1691676672000,0.6957621,0.6957621,0.6957621
1691676673000,0.69576253,0.69576253,0.69576253
1691676674000,0.69575731,0.69575731,0.69575731
1691676675000,0.69571459,0.69571459,0.69571459
1691676676000,0.69571383,0.69571383,0.69571383
1691676677000,0.69571351,0.69571351,0.69571351
1691676678000,0.69571354,0.69571354,0.69571354
1691676679000,0.69575965,0.69575965,0.69575965
1691676680000,0.6958,0.6958,0.6958
1691676681000,0.6958,0.6958,0.6958
1691676682000,0.6959,0.6959,0.6959
1691676683000,0.69574803,0.69574803,0.69574803
1691676684000,0.6958,0.6958,0.6958
1691676685000,0.696,0.696,0.696
1691676686000,0.696,0.696,0.696
1691676687000,0.696,0.696,0.696
1691676688000,0.6961,0.6961,0.6961
1691676689000,0.6961,0.6961,0.6961
1691676690000,0.6962,0.6962,0.6962
1691676691000,0.6962,0.6962,0.6962
1691676692000,0.6962,0.6962,0.6962
1691676693000,0.6961,0.6961,0.6961
1691676694000,0.6962,0.6962,0.6962
1691676695000,0.6963,0.6963,0.6963
1691676696000,0.6962,0.6962,0.6962
1691676697000,0.6962,0.6962,0.6962
1691676698000,0.6962,0.6962,0.6962
1691676699000,0.6962,0.6962,0.6962
1691676700000,0.6962,0.6962,0.6962
1691676701000,0.6962,0.6962,0.6962
1691676702000,0.6965,0.6965,0.6965
1691676703000,0.6964,0.6964,0.6964
1691676704000,0.6965,0.6965,0.6965
1691676705000,0.6964,0.6964,0.6964
1691676706000,0.6964,0.6964,0.6964
1691676707000,0.6964,0.6964,0.6964
1691676708000,0.6964,0.6964,0.6964
1691676709000,0.6964,0.6964,0.6964
1691676710000,0.6964,0.6964,0.6964
1691676711000,0.6964,0.6964,0.6964
1691676712000,0.6963,0.6963,0.6963
1691676713000,0.6963,0.6963,0.6963
1691676714000,0.6963,0.6963,0.6963
1691676715000,0.6963,0.6963,0.6963
1691676716000,0.6963,0.6963,0.6963
1691676717000,0.6963,0.6963,0.6963
1691676718000,0.6963,0.6963,0.6963
1691676719000,0.6964,0.6964,0.6964
1691676720000,0.6965,0.6965,0.6965
1691676721000,0.6965,0.6965,0.6965
1691676722000,0.696575,0.696575,0.696575
1691676723000,0.6965,0.6965,0.6965
1691676724000,0.6964,0.6964,0.6964
1691676725000,0.6964,0.6964,0.6964
1691676726000,0.6964,0.6964,0.6964
1691676727000,0.6964,0.6964,0.6964
1691676728000,0.6964,0.6964,0.6964
1691676729000,0.6965,0.6965,0.6965
1691676730000,0.6965,0.6965,0.6965
1691676731000,0.6965,0.6965,0.6965
1691676732000,0.6964,0.6964,0.6964
1691676733000,0.6963,0.6963,0.6963
1691676734000,0.6963,0.6963,0.6963
1691676735000,0.6963,0.6963,0.6963
1691676736000,0.6963,0.6963,0.6963
1691676737000,0.6963,0.6963,0.6963
1691676738000,0.6962,0.6962,0.6962
1691676739000,0.6963,0.6963,0.6963
1691676740000,0.6963,0.6963,0.6963
1691676741000,0.69622684,0.69622684,0.69622684
1691676742000,0.69622681,0.69622681,0.69622681
1691676743000,0.69614086,0.69614086,0.69614086
1691676744000,0.69614086,0.69614086,0.69614086
1691676745000,0.69598514,0.69598514,0.69598514
1691676746000,0.69598635,0.69598635,0.69598635
1691676747000,0.69596678,0.69596678,0.69596678
1691676748000,0.69587982,0.69587982,0.69587982
1691676749000,0.69588416,0.69588416,0.69588416
1691676750000,0.696,0.696,0.696
1691676751000,0.6961,0.6961,0.6961
1691676752000,0.6961,0.6961,0.6961
1691676753000,0.6963,0.6963,0.6963
1691676754000,0.6963,0.6963,0.6963
1691676755000,0.6963,0.6963,0.6963
1691676756000,0.6963,0.6963,0.6963
1691676757000,0.6963,0.6963,0.6963
1691676758000,0.6964,0.6964,0.6964
1691676759000,0.6963,0.6963,0.6963
1691676760000,0.6963,0.6963,0.6963
1691676761000,0.6963,0.6963,0.6963
1691676762000,0.6963,0.6963,0.6963
1691676763000,0.6963,0.6963,0.6963
1691676764000,0.6962,0.6962,0.6962
1691676765000,0.6963,0.6963,0.6963
1691676766000,0.6963,0.6963,0.6963
1691676767000,0.6962,0.6962,0.6962
1691676768000,0.6962,0.6962,0.6962
1691676769000,0.6962,0.6962,0.6962
1691676770000,0.6962,0.6962,0.6962
1691676771000,0.6962,0.6962,0.6962
1691676772000,0.6963,0.6963,0.6963
1691676773000,0.6962,0.6962,0.6962
1691676774000,0.6962,0.6962,0.6962
1691676775000,0.69609426,0.69609426,0.69609426
1691676776000,0.69608863,0.69608863,0.69608863
1691676777000,0.6961,0.6961,0.6961
1691676778000,0.696,0.696,0.696
1691676779000,0.69599826,0.69599826,0.69599826
1691676780000,0.69599826,0.69599826,0.69599826
1691676781000,0.69583071,0.69583071,0.69583071
1691676782000,0.69582948,0.69582948,0.69582948
1691676783000,0.69582948,0.69582948,0.69582948
1691676784000,0.69583027,0.69583027,0.69583027
1691676785000,0.6958186,0.6958186,0.6958186
1691676786000,0.6959,0.6959,0.6959
1691676787000,0.6959,0.6959,0.6959
1691676788000,0.6959,0.6959,0.6959
1691676789000,0.696,0.696,0.696
1691676790000,0.696,0.696,0.696
1691676791000,0.696,0.696,0.696
1691676792000,0.6959,0.6959,0.6959
1691676793000,0.6959,0.6959,0.6959
1691676794000,0.6959,0.6959,0.6959
1691676795000,0.6959,0.6959,0.6959
1691676796000,0.696,0.696,0.696
1691676797000,0.696,0.696,0.696
1691676798000,0.696,0.696,0.696
1691676799000,0.696,0.696,0.696
1691676800000,0.696,0.696,0.696
1691676801000,0.69592923,0.69592923,0.69592923
1691676802000,0.6959238,0.6959238,0.6959238
1691676803000,0.6959238,0.6959238,0.6959238
1691676804000,0.6959238,0.6959238,0.6959238
1691676805000,0.69592225,0.69592225,0.69592225
1691676806000,0.69592225,0.69592225,0.69592225
1691676807000,0.69570271,0.69570271,0.69570271
1691676808000,0.6957,0.6957,0.6957
1691676809000,0.6957,0.6957,0.6957
1691676810000,0.6957,0.6957,0.6957
1691676811000,0.69561751,0.69561751,0.69561751
1691676812000,0.6957,0.6957,0.6957
1691676813000,0.6957,0.6957,0.6957
1691676814000,0.69560865,0.69560865,0.69560865
1691676815000,0.6957,0.6957,0.6957
1691676816000,0.6956,0.6956,0.6956
1691676817000,0.6956,0.6956,0.6956
1691676818000,0.69549875,0.69549875,0.69549875
1691676819000,0.69533351,0.69533351,0.69533351
1691676820000,0.69533351,0.69533351,0.69533351
1691676821000,0.69536035,0.69536035,0.69536035
1691676822000,0.69535956,0.69535956,0.69535956
1691676823000,0.69536213,0.69536213,0.69536213
1691676824000,0.69536216,0.69536216,0.69536216
1691676825000,0.69536216,0.69536216,0.69536216
1691676826000,0.69535561,0.69535561,0.69535561
1691676827000,0.69529984,0.69529984,0.69529984
1691676828000,0.69525452,0.69525452,0.69525452
1691676829000,0.69521628,0.69521628,0.69521628
1691676830000,0.69521628,0.69521628,0.69521628
1691676831000,0.69520114,0.69520114,0.69520114
1691676832000,0.69520114,0.69520114,0.69520114
1691676833000,0.69515763,0.69515763,0.69515763
1691676834000,0.6952,0.6952,0.6952
1691676835000,0.6952,0.6952,0.6952
1691676836000,0.6952,0.6952,0.6952
1691676837000,0.69518794,0.69518794,0.69518794
1691676838000,0.6952,0.6952,0.6952
1691676839000,0.6952,0.6952,0.6952
1691676840000,0.6953,0.6953,0.6953
1691676841000,0.6953,0.6953,0.6953
1691676842000,0.6953,0.6953,0.6953
1691676843000,0.6953,0.6953,0.6953
1691676844000,0.6953,0.6953,0.6953
1691676845000,0.6953,0.6953,0.6953
1691676846000,0.6953,0.6953,0.6953
1691676847000,0.6953,0.6953,0.6953
1691676848000,0.69521733,0.69521733,0.69521733
1691676849000,0.6953,0.6953,0.6953
1691676850000,0.6952035,0.6952035,0.6952035
1691676851000,0.6953,0.6953,0.6953
1691676852000,0.6953,0.6953,0.6953
1691676853000,0.6953,0.6953,0.6953
1691676854000,0.6953,0.6953,0.6953
1691676855000,0.6953,0.6953,0.6953
1691676856000,0.6953,0.6953,0.6953
1691676857000,0.6953,0.6953,0.6953
1691676858000,0.6952,0.6952,0.6952
1691676859000,0.6952,0.6952,0.6952
1691676860000,0.69516297,0.69516297,0.69516297
1691676861000,0.69516297,0.69516297,0.69516297
1691676862000,0.69516383,0.69516383,0.69516383
1691676863000,0.69516383,0.69516383,0.69516383
1691676864000,0.69515933,0.69515933,0.69515933
1691676865000,0.6951082,0.6951082,0.6951082
1691676866000,0.69510744,0.69510744,0.69510744
1691676867000,0.6951082,0.6951082,0.6951082
1691676868000,0.69510759,0.69510759,0.69510759
1691676869000,0.6952,0.6952,0.6952
1691676870000,0.69510478,0.69510478,0.69510478
1691676871000,0.69510478,0.69510478,0.69510478
1691676872000,0.69510369,0.69510369,0.69510369
1691676873000,0.69510485,0.69510485,0.69510485
1691676874000,0.69510485,0.69510485,0.69510485
1691676875000,0.69510488,0.69510488,0.69510488
1691676876000,0.69510488,0.69510488,0.69510488
1691676877000,0.6951,0.6951,0.6951
1691676878000,0.6951,0.6951,0.6951
1691676879000,0.69502856,0.69502856,0.69502856
1691676880000,0.69502856,0.69502856,0.69502856
1691676881000,0.69495721,0.69495721,0.69495721
1691676882000,0.69500738,0.69500738,0.69500738
1691676883000,0.69500738,0.69500738,0.69500738
1691676884000,0.69500973,0.69500973,0.69500973
1691676885000,0.69509672,0.69509672,0.69509672
1691676886000,0.6951,0.6951,0.6951
1691676887000,0.695109,0.695109,0.695109
1691676888000,0.69510897,0.69510897,0.69510897
1691676889000,0.69510897,0.69510897,0.69510897
1691676890000,0.6951106,0.6951106,0.6951106
1691676891000,0.69506712,0.69506712,0.69506712
1691676892000,0.69506709,0.69506709,0.69506709
1691676893000,0.69506709,0.69506709,0.69506709
1691676894000,0.69495189,0.69495189,0.69495189
1691676895000,0.69494728,0.69494728,0.69494728
1691676896000,0.69494804,0.69494804,0.69494804
1691676897000,0.69493375,0.69493375,0.69493375
1691676898000,0.69491422,0.69491422,0.69491422
1691676899000,0.69482798,0.69482798,0.69482798
1691676900000,0.69482798,0.69482798,0.69482798
1691676901000,0.69479455,0.69479455,0.69479455
1691676902000,0.69479452,0.69479452,0.69479452
1691676903000,0.69475098,0.69475098,0.69475098
1691676904000,0.69475095,0.69475095,0.69475095
1691676905000,0.69475095,0.69475095,0.69475095
1691676906000,0.69474724,0.69474724,0.69474724
1691676907000,0.69479074,0.69479074,0.69479074
1691676908000,0.69485068,0.69485068,0.69485068
1691676909000,0.69485663,0.69485663,0.69485663
1691676910000,0.69485827,0.69485827,0.69485827
1691676911000,0.69485827,0.69485827,0.69485827
1691676912000,0.69485775,0.69485775,0.69485775
1691676913000,0.6949,0.6949,0.6949
1691676914000,0.6949,0.6949,0.6949
1691676915000,0.69486801,0.69486801,0.69486801
1691676916000,0.69487131,0.69487131,0.69487131
1691676917000,0.6951,0.6951,0.6951
1691676918000,0.6951,0.6951,0.6951
1691676919000,0.69502315,0.69502315,0.69502315
1691676920000,0.6951,0.6951,0.6951
1691676921000,0.6952,0.6952,0.6952
1691676922000,0.6952,0.6952,0.6952
1691676923000,0.6951,0.6951,0.6951
1691676924000,0.6952,0.6952,0.6952
1691676925000,0.6952,0.6952,0.6952
1691676926000,0.6952,0.6952,0.6952
1691676927000,0.6951,0.6951,0.6951
1691676928000,0.6951,0.6951,0.6951
1691676929000,0.6951,0.6951,0.6951
1691676930000,0.6951,0.6951,0.6951
1691676931000,0.6951,0.6951,0.6951
1691676932000,0.6951,0.6951,0.6951
1691676933000,0.6951,0.6951,0.6951
1691676934000,0.6952,0.6952,0.6952
1691676935000,0.6951,0.6951,0.6951
1691676936000,0.6951,0.6951,0.6951
1691676937000,0.69504348,0.69504348,0.69504348
1691676938000,0.69504348,0.69504348,0.69504348
1691676939000,0.695,0.695,0.695
1691676940000,0.69499519,0.69499519,0.69499519
1691676941000,0.69499519,0.69499519,0.69499519
1691676942000,0.695,0.695,0.695
1691676943000,0.695,0.695,0.695
1691676944000,0.69502644,0.69502644,0.69502644
1691676945000,0.69502849,0.69502849,0.69502849
1691676946000,0.69498505,0.69498505,0.69498505
1691676947000,0.69502925,0.69502925,0.69502925
1691676948000,0.69502928,0.69502928,0.69502928
1691676949000,0.69500467,0.69500467,0.69500467
1691676950000,0.6951,0.6951,0.6951
1691676951000,0.6951,0.6951,0.6951
1691676952000,0.6950107,0.6950107,0.6950107
1691676953000,0.695,0.695,0.695
1691676954000,0.695,0.695,0.695
1691676955000,0.69495253,0.69495253,0.69495253
1691676956000,0.69491003,0.69491003,0.69491003
1691676957000,0.69491003,0.69491003,0.69491003
1691676958000,0.69491003,0.69491003,0.69491003
1691676959000,0.69485777,0.69485777,0.69485777
1691676960000,0.69485281,0.69485281,0.69485281
1691676961000,0.69480933,0.69480933,0.69480933
1691676962000,0.69479552,0.69479552,0.69479552
1691676963000,0.6948,0.6948,0.6948
1691676964000,0.6948,0.6948,0.6948
1691676965000,0.6948,0.6948,0.6948
1691676966000,0.6948,0.6948,0.6948
1691676967000,0.69475523,0.69475523,0.69475523
1691676968000,0.6947552,0.6947552,0.6947552
1691676969000,0.6947552,0.6947552,0.6947552
1691676970000,0.69475416,0.69475416,0.69475416
1691676971000,0.69475416,0.69475416,0.69475416
1691676972000,0.69471143,0.69471143,0.69471143
1691676973000,0.6948,0.6948,0.6948
1691676974000,0.6948,0.6948,0.6948
1691676975000,0.69483371,0.69483371,0.69483371
1691676976000,0.69483074,0.69483074,0.69483074
1691676977000,0.69473806,0.69473806,0.69473806
1691676978000,0.69474061,0.69474061,0.69474061
1691676979000,0.69474061,0.69474061,0.69474061
1691676980000,0.69459559,0.69459559,0.69459559
1691676981000,0.69457891,0.69457891,0.69457891
1691676982000,0.69457891,0.69457891,0.69457891
1691676983000,0.69458295,0.69458295,0.69458295
1691676984000,0.69457717,0.69457717,0.69457717
1691676985000,0.69446102,0.69446102,0.69446102
1691676986000,0.69446102,0.69446102,0.69446102
1691676987000,0.69445953,0.69445953,0.69445953
1691676988000,0.69446122,0.69446122,0.69446122
1691676989000,0.69445379,0.69445379,0.69445379
1691676990000,0.69445376,0.69445376,0.69445376
1691676991000,0.69445154,0.69445154,0.69445154
1691676992000,0.69445082,0.69445082,0.69445082
1691676993000,0.69445079,0.69445079,0.69445079
1691676994000,0.69445079,0.69445079,0.69445079
1691676995000,0.69444076,0.69444076,0.69444076
1691676996000,0.69444076,0.69444076,0.69444076
1691676997000,0.69453424,0.69453424,0.69453424
1691676998000,0.69453424,0.69453424,0.69453424
1691676999000,0.69453533,0.69453533,0.69453533
1691677000000,0.69453533,0.69453533,0.69453533
1691677001000,0.6944381,0.6944381,0.6944381
1691677002000,0.69443886,0.69443886,0.69443886
1691677003000,0.69443889,0.69443889,0.69443889
1691677004000,0.69443889,0.69443889,0.69443889
1691677005000,0.694373,0.694373,0.694373
1691677006000,0.69436905,0.69436905,0.69436905
1691677007000,0.69436293,0.69436293,0.69436293
1691677008000,0.69436296,0.69436296,0.69436296
1691677009000,0.69436296,0.69436296,0.69436296
1691677010000,0.69435963,0.69435963,0.69435963
1691677011000,0.69435963,0.69435963,0.69435963
1691677012000,0.69430674,0.69430674,0.69430674
1691677013000,0.69422442,0.69422442,0.69422442
1691677014000,0.69422445,0.69422445,0.69422445
1691677015000,0.69422445,0.69422445,0.69422445
1691677016000,0.69416184,0.69416184,0.69416184
1691677017000,0.69415215,0.69415215,0.69415215
1691677018000,0.69420215,0.69420215,0.69420215
1691677019000,0.69420215,0.69420215,0.69420215
1691677020000,0.69420231,0.69420231,0.69420231
1691677021000,0.69420231,0.69420231,0.69420231
1691677022000,0.69434868,0.69434868,0.69434868
1691677023000,0.69430605,0.69430605,0.69430605
1691677024000,0.69430605,0.69430605,0.69430605
1691677025000,0.69430836,0.69430836,0.69430836
1691677026000,0.69431271,0.69431271,0.69431271
1691677027000,0.6946,0.6946,0.6946
1691677028000,0.6945,0.6945,0.6945
1691677029000,0.6946,0.6946,0.6946
1691677030000,0.6946,0.6946,0.6946
1691677031000,0.6945,0.6945,0.6945
1691677032000,0.6947,0.6947,0.6947
1691677033000,0.6947,0.6947,0.6947
1691677034000,0.6947,0.6947,0.6947
1691677035000,0.6947,0.6947,0.6947
1691677036000,0.6947,0.6947,0.6947
1691677037000,0.69454421,0.69454421,0.69454421
1691677038000,0.69453264,0.69453264,0.69453264
1691677039000,0.69453215,0.69453215,0.69453215
1691677040000,0.69453212,0.69453212,0.69453212
1691677041000,0.69453212,0.69453212,0.69453212
1691677042000,0.69452826,0.69452826,0.69452826
1691677043000,0.69452648,0.69452648,0.69452648
1691677044000,0.69452651,0.69452651,0.69452651
1691677045000,0.69452507,0.69452507,0.69452507
1691677046000,0.69452507,0.69452507,0.69452507
1691677047000,0.6945,0.6945,0.6945
1691677048000,0.6945,0.6945,0.6945
1691677049000,0.6945,0.6945,0.6945
1691677050000,0.6945,0.6945,0.6945
1691677051000,0.6945,0.6945,0.6945
1691677052000,0.6945,0.6945,0.6945
1691677053000,0.6945,0.6945,0.6945
1691677054000,0.6945,0.6945,0.6945
1691677055000,0.6945,0.6945,0.6945
1691677056000,0.69426301,0.69426301,0.69426301
1691677057000,0.6942508,0.6942508,0.6942508
1691677058000,0.69424534,0.69424534,0.69424534
1691677059000,0.69424269,0.69424269,0.69424269
1691677060000,0.69415576,0.69415576,0.69415576
1691677061000,0.69414888,0.69414888,0.69414888
1691677062000,0.69414888,0.69414888,0.69414888
1691677063000,0.69412424,0.69412424,0.69412424
1691677064000,0.69404236,0.69404236,0.69404236
1691677065000,0.69399761,0.69399761,0.69399761
1691677066000,0.69399761,0.69399761,0.69399761
1691677067000,0.69360359,0.69360359,0.69360359
1691677068000,0.69364701,0.69364701,0.69364701
1691677069000,0.6936035,0.6936035,0.6936035
1691677070000,0.6936035,0.6936035,0.6936035
1691677071000,0.6936035,0.6936035,0.6936035
1691677072000,0.69368516,0.69368516,0.69368516
1691677073000,0.69368594,0.69368594,0.69368594
1691677074000,0.69366468,0.69366468,0.69366468
1691677075000,0.69366468,0.69366468,0.69366468
1691677076000,0.69357038,0.69357038,0.69357038
1691677077000,0.6936,0.6936,0.6936
1691677078000,0.6936,0.6936,0.6936
1691677079000,0.6937,0.6937,0.6937
1691677080000,0.69357368,0.69357368,0.69357368
1691677081000,0.69345323,0.69345323,0.69345323
1691677082000,0.69344899,0.69344899,0.69344899
1691677083000,0.69344612,0.69344612,0.69344612
1691677084000,0.6935,0.6935,0.6935
1691677085000,0.6936,0.6936,0.6936
1691677086000,0.6940996,0.6940996,0.6940996
1691677087000,0.6940996,0.6940996,0.6940996
1691677088000,0.6941,0.6941,0.6941
1691677089000,0.6942,0.6942,0.6942
1691677090000,0.6942,0.6942,0.6942
1691677091000,0.6943,0.6943,0.6943
1691677092000,0.6943,0.6943,0.6943
1691677093000,0.6943,0.6943,0.6943
1691677094000,0.6943,0.6943,0.6943
1691677095000,0.6943,0.6943,0.6943
1691677096000,0.6943,0.6943,0.6943
1691677097000,0.69403445,0.69403445,0.69403445
1691677098000,0.69390619,0.69390619,0.69390619
1691677099000,0.6939,0.6939,0.6939
1691677100000,0.69384373,0.69384373,0.69384373
1691677101000,0.69383481,0.69383481,0.69383481
1691677102000,0.69383481,0.69383481,0.69383481
1691677103000,0.69373596,0.69373596,0.69373596
1691677104000,0.6938,0.6938,0.6938
1691677105000,0.69373596,0.69373596,0.69373596
1691677106000,0.69373467,0.69373467,0.69373467
1691677107000,0.69369119,0.69369119,0.69369119
1691677108000,0.69366068,0.69366068,0.69366068
1691677109000,0.69356065,0.69356065,0.69356065
1691677110000,0.69351717,0.69351717,0.69351717
1691677111000,0.69350698,0.69350698,0.69350698
1691677112000,0.69350351,0.69350351,0.69350351
1691677113000,0.69350351,0.69350351,0.69350351
1691677114000,0.69346927,0.69346927,0.69346927
1691677115000,0.6934611,0.6934611,0.6934611
1691677116000,0.69344674,0.69344674,0.69344674
1691677117000,0.69339124,0.69339124,0.69339124
1691677118000,0.69339124,0.69339124,0.69339124
1691677119000,0.69339124,0.69339124,0.69339124
1691677120000,0.69343551,0.69343551,0.69343551
1691677121000,0.69344153,0.69344153,0.69344153
1691677122000,0.69339444,0.69339444,0.69339444
1691677123000,0.69339444,0.69339444,0.69339444
1691677124000,0.69339188,0.69339188,0.69339188
1691677125000,0.6933964,0.6933964,0.6933964
1691677126000,0.69339583,0.69339583,0.69339583
1691677127000,0.6934,0.6934,0.6934
1691677128000,0.6934,0.6934,0.6934
1691677129000,0.69343873,0.69343873,0.69343873
1691677130000,0.6935,0.6935,0.6935
1691677131000,0.6934,0.6934,0.6934
1691677132000,0.6934,0.6934,0.6934
1691677133000,0.6934,0.6934,0.6934
1691677134000,0.6933775,0.6933775,0.6933775
1691677135000,0.6933775,0.6933775,0.6933775
1691677136000,0.6933775,0.6933775,0.6933775
1691677137000,0.6935,0.6935,0.6935
1691677138000,0.6935,0.6935,0.6935
1691677139000,0.69337541,0.69337541,0.69337541
1691677140000,0.69337617,0.69337617,0.69337617
1691677141000,0.69337544,0.69337544,0.69337544
1691677142000,0.6934,0.6934,0.6934
1691677143000,0.69337541,0.69337541,0.69337541
1691677144000,0.69332902,0.69332902,0.69332902
1691677145000,0.69332902,0.69332902,0.69332902
1691677146000,0.69332902,0.69332902,0.69332902
1691677147000,0.69332902,0.69332902,0.69332902
1691677148000,0.69326226,0.69326226,0.69326226
1691677149000,0.69326226,0.69326226,0.69326226
1691677150000,0.69324567,0.69324567,0.69324567
1691677151000,0.69323649,0.69323649,0.69323649
1691677152000,0.69323646,0.69323646,0.69323646
1691677153000,0.69323646,0.69323646,0.69323646
1691677154000,0.69323649,0.69323649,0.69323649
1691677155000,0.69323164,0.69323164,0.69323164
1691677156000,0.69323164,0.69323164,0.69323164
1691677157000,0.69323161,0.69323161,0.69323161
1691677158000,0.69323161,0.69323161,0.69323161
1691677159000,0.69318816,0.69318816,0.69318816
1691677160000,0.6933,0.6933,0.6933
1691677161000,0.6933,0.6933,0.6933
1691677162000,0.6933,0.6933,0.6933
1691677163000,0.6933,0.6933,0.6933
1691677164000,0.69325485,0.69325485,0.69325485
1691677165000,0.69325485,0.69325485,0.69325485
1691677166000,0.6933,0.6933,0.6933
1691677167000,0.69331691,0.69331691,0.69331691
1691677168000,0.6934,0.6934,0.6934
1691677169000,0.6934,0.6934,0.6934
1691677170000,0.6934,0.6934,0.6934
1691677171000,0.69331903,0.69331903,0.69331903
1691677172000,0.6935,0.6935,0.6935
1691677173000,0.6934,0.6934,0.6934
1691677174000,0.69341801,0.69341801,0.69341801
1691677175000,0.6935,0.6935,0.6935
1691677176000,0.6935,0.6935,0.6935
1691677177000,0.6935,0.6935,0.6935
1691677178000,0.6935,0.6935,0.6935
1691677179000,0.6936,0.6936,0.6936
1691677180000,0.6935,0.6935,0.6935
1691677181000,0.6935,0.6935,0.6935
1691677182000,0.6935,0.6935,0.6935
1691677183000,0.6936,0.6936,0.6936
1691677184000,0.6936,0.6936,0.6936
1691677185000,0.6936,0.6936,0.6936
1691677186000,0.6936,0.6936,0.6936
1691677187000,0.6936,0.6936,0.6936
1691677188000,0.6936,0.6936,0.6936
1691677189000,0.6936,0.6936,0.6936
1691677190000,0.6935,0.6935,0.6935
1691677191000,0.69343999,0.69343999,0.69343999
1691677192000,0.69343893,0.69343893,0.69343893
1691677193000,0.69343893,0.69343893,0.69343893
1691677194000,0.6932396,0.6932396,0.6932396
1691677195000,0.69323846,0.69323846,0.69323846
1691677196000,0.69323846,0.69323846,0.69323846
1691677197000,0.69323846,0.69323846,0.69323846
1691677198000,0.69323846,0.69323846,0.69323846
1691677199000,0.6934,0.6934,0.6934
1691677200000,0.6934,0.6934,0.6934
1691677201000,0.6934,0.6934,0.6934
1691677202000,0.6934,0.6934,0.6934
1691677203000,0.69331912,0.69331912,0.69331912
1691677204000,0.69331912,0.69331912,0.69331912
1691677205000,0.69332331,0.69332331,0.69332331
1691677206000,0.6933,0.6933,0.6933
1691677207000,0.6933,0.6933,0.6933
1691677208000,0.69328136,0.69328136,0.69328136
1691677209000,0.69328211,0.69328211,0.69328211
1691677210000,0.69328211,0.69328211,0.69328211
1691677211000,0.69313447,0.69313447,0.69313447
1691677212000,0.6932,0.6932,0.6932
1691677213000,0.6932,0.6932,0.6932
1691677214000,0.6932,0.6932,0.6932
1691677215000,0.69316242,0.69316242,0.69316242
1691677216000,0.6934,0.6934,0.6934
1691677217000,0.6934,0.6934,0.6934
1691677218000,0.6934,0.6934,0.6934
1691677219000,0.6934,0.6934,0.6934
1691677220000,0.6933,0.6933,0.6933
1691677221000,0.6934,0.6934,0.6934
1691677222000,0.6935,0.6935,0.6935
1691677223000,0.6935,0.6935,0.6935
1691677224000,0.6935,0.6935,0.6935
1691677225000,0.6935,0.6935,0.6935
1691677226000,0.6935,0.6935,0.6935
1691677227000,0.6935,0.6935,0.6935
1691677228000,0.6936,0.6936,0.6936
1691677229000,0.6936,0.6936,0.6936
1691677230000,0.6935,0.6935,0.6935
1691677231000,0.6936,0.6936,0.6936
1691677232000,0.6936,0.6936,0.6936
1691677233000,0.6936,0.6936,0.6936
1691677234000,0.6936,0.6936,0.6936
1691677235000,0.6935,0.6935,0.6935
1691677236000,0.6936,0.6936,0.6936
1691677237000,0.6937,0.6937,0.6937
1691677238000,0.6937,0.6937,0.6937
1691677239000,0.6938,0.6938,0.6938
1691677240000,0.69349569,0.69349569,0.69349569
1691677241000,0.6934,0.6934,0.6934
1691677242000,0.6933,0.6933,0.6933
1691677243000,0.6934,0.6934,0.6934
1691677244000,0.6934,0.6934,0.6934
1691677245000,0.6933,0.6933,0.6933
1691677246000,0.6934,0.6934,0.6934
1691677247000,0.6934,0.6934,0.6934
1691677248000,0.6934,0.6934,0.6934
1691677249000,0.6936,0.6936,0.6936
1691677250000,0.6936,0.6936,0.6936
1691677251000,0.6936,0.6936,0.6936
1691677252000,0.6937,0.6937,0.6937
1691677253000,0.6935,0.6935,0.6935
1691677254000,0.6937,0.6937,0.6937
1691677255000,0.6938,0.6938,0.6938
1691677256000,0.6938,0.6938,0.6938
1691677257000,0.6938,0.6938,0.6938
1691677258000,0.6937,0.6937,0.6937
1691677259000,0.6936,0.6936,0.6936
1691677260000,0.6936,0.6936,0.6936
1691677261000,0.69351838,0.69351838,0.69351838
1691677262000,0.69351838,0.69351838,0.69351838
1691677263000,0.6936,0.6936,0.6936
1691677264000,0.69351482,0.69351482,0.69351482
1691677265000,0.69351482,0.69351482,0.69351482
1691677266000,0.6936,0.6936,0.6936
1691677267000,0.6939,0.6939,0.6939
1691677268000,0.6939,0.6939,0.6939
1691677269000,0.6942,0.6942,0.6942
1691677270000,0.6942,0.6942,0.6942
1691677271000,0.6941,0.6941,0.6941
1691677272000,0.6942,0.6942,0.6942
1691677273000,0.6942,0.6942,0.6942
1691677274000,0.6942,0.6942,0.6942
1691677275000,0.6942,0.6942,0.6942
1691677276000,0.6941,0.6941,0.6941
1691677277000,0.6941,0.6941,0.6941
1691677278000,0.6942,0.6942,0.6942
1691677279000,0.69435014,0.69435014,0.69435014
1691677280000,0.6944,0.6944,0.6944
1691677281000,0.6944,0.6944,0.6944
1691677282000,0.6944,0.6944,0.6944
1691677283000,0.6944,0.6944,0.6944
1691677284000,0.6944,0.6944,0.6944
1691677285000,0.6944,0.6944,0.6944
1691677286000,0.6944,0.6944,0.6944
1691677287000,0.69457099,0.69457099,0.69457099
1691677288000,0.6948,0.6948,0.6948
1691677289000,0.69479991,0.69479991,0.69479991
1691677290000,0.69479991,0.69479991,0.69479991
1691677291000,0.69508982,0.69508982,0.69508982
1691677292000,0.69509634,0.69509634,0.69509634
1691677293000,0.6952,0.6952,0.6952
1691677294000,0.6952,0.6952,0.6952
1691677295000,0.69526936,0.69526936,0.69526936
1691677296000,0.6953,0.6953,0.6953
1691677297000,0.6953,0.6953,0.6953
1691677298000,0.6956,0.6956,0.6956
1691677299000,0.6956,0.6956,0.6956
1691677300000,0.69560891,0.69560891,0.69560891
1691677301000,0.6958,0.6958,0.6958
1691677302000,0.69586744,0.69586744,0.69586744
1691677303000,0.69583124,0.69583124,0.69583124
1691677304000,0.69615091,0.69615091,0.69615091
1691677305000,0.69621301,0.69621301,0.69621301
1691677306000,0.69627503,0.69627503,0.69627503
1691677307000,0.6961,0.6961,0.6961
1691677308000,0.6961,0.6961,0.6961
1691677309000,0.69615331,0.69615331,0.69615331
1691677310000,0.69630225,0.69630225,0.69630225
1691677311000,0.69625985,0.69625985,0.69625985
1691677312000,0.69624826,0.69624826,0.69624826
1691677313000,0.6964,0.6964,0.6964
1691677314000,0.6963,0.6963,0.6963
1691677315000,0.6961,0.6961,0.6961
1691677316000,0.6961328,0.6961328,0.6961328
1691677317000,0.69630816,0.69630816,0.69630816
1691677318000,0.69630865,0.69630865,0.69630865
1691677319000,0.696563,0.696563,0.696563
1691677320000,0.69668969,0.69668969,0.69668969
1691677321000,0.6967,0.6967,0.6967
1691677322000,0.6966,0.6966,0.6966
1691677323000,0.6966879,0.6966879,0.6966879
1691677324000,0.6967,0.6967,0.6967
1691677325000,0.69668866,0.69668866,0.69668866
1691677326000,0.69668214,0.69668214,0.69668214
1691677327000,0.69664099,0.69664099,0.69664099
1691677328000,0.69664164,0.69664164,0.69664164
1691677329000,0.69664085,0.69664085,0.69664085
1691677330000,0.697,0.697,0.697
1691677331000,0.697,0.697,0.697
1691677332000,0.697,0.697,0.697
1691677333000,0.697,0.697,0.697
1691677334000,0.69701137,0.69701137,0.69701137
1691677335000,0.6973,0.6973,0.6973
1691677336000,0.6972,0.6972,0.6972
1691677337000,0.69724024,0.69724024,0.69724024
1691677338000,0.69720872,0.69720872,0.69720872
1691677339000,0.69720872,0.69720872,0.69720872
1691677340000,0.69720872,0.69720872,0.69720872
1691677341000,0.69722288,0.69722288,0.69722288
1691677342000,0.6972369,0.6972369,0.6972369
1691677343000,0.69724042,0.69724042,0.69724042
1691677344000,0.69724042,0.69724042,0.69724042
1691677345000,0.69721031,0.69721031,0.69721031
1691677346000,0.69722916,0.69722916,0.69722916
1691677347000,0.6973,0.6973,0.6973
1691677348000,0.6973,0.6973,0.6973
1691677349000,0.6973,0.6973,0.6973
1691677350000,0.69737324,0.69737324,0.69737324
1691677351000,0.697274,0.697274,0.697274
1691677352000,0.69727324,0.69727324,0.69727324
1691677353000,0.6973,0.6973,0.6973
1691677354000,0.6973,0.6973,0.6973
1691677355000,0.69731978,0.69731978,0.69731978
1691677356000,0.6972976,0.6972976,0.6972976
1691677357000,0.69720896,0.69720896,0.69720896
1691677358000,0.69729589,0.69729589,0.69729589
1691677359000,0.69729585,0.69729585,0.69729585
1691677360000,0.6973,0.6973,0.6973
1691677361000,0.69729434,0.69729434,0.69729434
1691677362000,0.6973,0.6973,0.6973
1691677363000,0.69725089,0.69725089,0.69725089
1691677364000,0.69729434,0.69729434,0.69729434
1691677365000,0.69715638,0.69715638,0.69715638
1691677366000,0.69689103,0.69689103,0.69689103
1691677367000,0.69687799,0.69687799,0.69687799
1691677368000,0.69687799,0.69687799,0.69687799
1691677369000,0.69683936,0.69683936,0.69683936
1691677370000,0.69664301,0.69664301,0.69664301
1691677371000,0.6967801,0.6967801,0.6967801
1691677372000,0.69678039,0.69678039,0.69678039
1691677373000,0.69684996,0.69684996,0.69684996
1691677374000,0.69684812,0.69684812,0.69684812
1691677375000,0.69685462,0.69685462,0.69685462
1691677376000,0.69685381,0.69685381,0.69685381
1691677377000,0.69686682,0.69686682,0.69686682
1691677378000,0.69686761,0.69686761,0.69686761
1691677379000,0.69682377,0.69682377,0.69682377
1691677380000,0.69682304,0.69682304,0.69682304
1691677381000,0.69686649,0.69686649,0.69686649
1691677382000,0.6968809,0.6968809,0.6968809
1691677383000,0.6968908,0.6968908,0.6968908
1691677384000,0.6968908,0.6968908,0.6968908
1691677385000,0.69688949,0.69688949,0.69688949
1691677386000,0.69688946,0.69688946,0.69688946
1691677387000,0.69687898,0.69687898,0.69687898
1691677388000,0.69687898,0.69687898,0.69687898
1691677389000,0.69687898,0.69687898,0.69687898
1691677390000,0.69687977,0.69687977,0.69687977
1691677391000,0.69692213,0.69692213,0.69692213
1691677392000,0.69693593,0.69693593,0.69693593
1691677393000,0.69693051,0.69693051,0.69693051
1691677394000,0.69693051,0.69693051,0.69693051
1691677395000,0.69693051,0.69693051,0.69693051
1691677396000,0.6969586,0.6969586,0.6969586
1691677397000,0.69714516,0.69714516,0.69714516
1691677398000,0.69714516,0.69714516,0.69714516
1691677399000,0.69714127,0.69714127,0.69714127
1691677400000,0.69714536,0.69714536,0.69714536
1691677401000,0.69714533,0.69714533,0.69714533
1691677402000,0.69714533,0.69714533,0.69714533
1691677403000,0.69714533,0.69714533,0.69714533
1691677404000,0.69714628,0.69714628,0.69714628
1691677405000,0.6971468,0.6971468,0.6971468
1691677406000,0.69714677,0.69714677,0.69714677
1691677407000,0.69714677,0.69714677,0.69714677
1691677408000,0.6972,0.6972,0.6972
1691677409000,0.6972,0.6972,0.6972
1691677410000,0.69721638,0.69721638,0.69721638
1691677411000,0.69721638,0.69721638,0.69721638
1691677412000,0.69713815,0.69713815,0.69713815
1691677413000,0.69711279,0.69711279,0.69711279
1691677414000,0.69715551,0.69715551,0.69715551
1691677415000,0.69715947,0.69715947,0.69715947
1691677416000,0.69715947,0.69715947,0.69715947
1691677417000,0.69716516,0.69716516,0.69716516
1691677418000,0.69719465,0.69719465,0.69719465
1691677419000,0.69719544,0.69719544,0.69719544
1691677420000,0.69719465,0.69719465,0.69719465
1691677421000,0.69720169,0.69720169,0.69720169
1691677422000,0.69720169,0.69720169,0.69720169
1691677423000,0.69720891,0.69720891,0.69720891
1691677424000,0.69720239,0.69720239,0.69720239
1691677425000,0.69720239,0.69720239,0.69720239
1691677426000,0.69720184,0.69720184,0.69720184
1691677427000,0.69720184,0.69720184,0.69720184
1691677428000,0.69686177,0.69686177,0.69686177
1691677429000,0.69686177,0.69686177,0.69686177
1691677430000,0.69686098,0.69686098,0.69686098
1691677431000,0.6972,0.6972,0.6972
1691677432000,0.6972,0.6972,0.6972
1691677433000,0.6972,0.6972,0.6972
1691677434000,0.6972,0.6972,0.6972
1691677435000,0.69711879,0.69711879,0.69711879
1691677436000,0.6972,0.6972,0.6972
1691677437000,0.69712973,0.69712973,0.69712973
1691677438000,0.69712973,0.69712973,0.69712973
1691677439000,0.69712976,0.69712976,0.69712976
1691677440000,0.69713049,0.69713049,0.69713049
1691677441000,0.69713049,0.69713049,0.69713049
1691677442000,0.69712174,0.69712174,0.69712174
1691677443000,0.69706694,0.69706694,0.69706694
1691677444000,0.69706691,0.69706691,0.69706691
1691677445000,0.69706691,0.69706691,0.69706691
1691677446000,0.69705844,0.69705844,0.69705844
1691677447000,0.6971,0.6971,0.6971
1691677448000,0.69703586,0.69703586,0.69703586
1691677449000,0.69703586,0.69703586,0.69703586
1691677450000,0.69702999,0.69702999,0.69702999
1691677451000,0.69703019,0.69703019,0.69703019
1691677452000,0.69739551,0.69739551,0.69739551
1691677453000,0.69739551,0.69739551,0.69739551
1691677454000,0.6974,0.6974,0.6974
1691677455000,0.6974,0.6974,0.6974
1691677456000,0.69740342,0.69740342,0.69740342
1691677457000,0.6975,0.6975,0.6975
1691677458000,0.6976,0.6976,0.6976
1691677459000,0.69762123,0.69762123,0.69762123
1691677460000,0.69762123,0.69762123,0.69762123
1691677461000,0.69762123,0.69762123,0.69762123
1691677462000,0.69758712,0.69758712,0.69758712
1691677463000,0.6974907,0.6974907,0.6974907
1691677464000,0.69740342,0.69740342,0.69740342
1691677465000,0.6973989,0.6973989,0.6973989
1691677466000,0.6973989,0.6973989,0.6973989
1691677467000,0.69739815,0.69739815,0.69739815
1691677468000,0.6974,0.6974,0.6974
1691677469000,0.69749342,0.69749342,0.69749342
1691677470000,0.69748765,0.69748765,0.69748765
1691677471000,0.69752754,0.69752754,0.69752754
1691677472000,0.69777485,0.69777485,0.69777485
1691677473000,0.69777485,0.69777485,0.69777485
1691677474000,0.69780283,0.69780283,0.69780283
1691677475000,0.6978028,0.6978028,0.6978028
1691677476000,0.69784119,0.69784119,0.69784119
1691677477000,0.69784217,0.69784217,0.69784217
1691677478000,0.69784217,0.69784217,0.69784217
1691677479000,0.69787481,0.69787481,0.69787481
1691677480000,0.69787481,0.69787481,0.69787481
1691677481000,0.69787366,0.69787366,0.69787366
1691677482000,0.69760388,0.69760388,0.69760388
1691677483000,0.69734691,0.69734691,0.69734691
1691677484000,0.69734691,0.69734691,0.69734691
1691677485000,0.69720751,0.69720751,0.69720751
1691677486000,0.69735533,0.69735533,0.69735533
1691677487000,0.69734657,0.69734657,0.69734657
1691677488000,0.69726709,0.69726709,0.69726709
1691677489000,0.69726709,0.69726709,0.69726709
1691677490000,0.69730317,0.69730317,0.69730317
1691677491000,0.69730317,0.69730317,0.69730317
1691677492000,0.69733423,0.69733423,0.69733423
1691677493000,0.69733423,0.69733423,0.69733423
1691677494000,0.69733423,0.69733423,0.69733423
1691677495000,0.69729151,0.69729151,0.69729151
1691677496000,0.69728736,0.69728736,0.69728736
1691677497000,0.69724036,0.69724036,0.69724036
1691677498000,0.69723736,0.69723736,0.69723736
1691677499000,0.69728011,0.69728011,0.69728011
1691677500000,0.69728084,0.69728084,0.69728084
1691677501000,0.69728084,0.69728084,0.69728084
1691677502000,0.69727935,0.69727935,0.69727935
1691677503000,0.69727935,0.69727935,0.69727935
1691677504000,0.6971702,0.6971702,0.6971702
1691677505000,0.6971702,0.6971702,0.6971702
1691677506000,0.69706226,0.69706226,0.69706226
1691677507000,0.69706226,0.69706226,0.69706226
1691677508000,0.69706226,0.69706226,0.69706226
1691677509000,0.69699934,0.69699934,0.69699934
1691677510000,0.6969526,0.6969526,0.6969526
1691677511000,0.6969526,0.6969526,0.6969526
1691677512000,0.69695263,0.69695263,0.69695263
1691677513000,0.69694866,0.69694866,0.69694866
1691677514000,0.69694761,0.69694761,0.69694761
1691677515000,0.69677278,0.69677278,0.69677278
1691677516000,0.69677278,0.69677278,0.69677278
1691677517000,0.69677278,0.69677278,0.69677278
1691677518000,0.69656765,0.69656765,0.69656765
1691677519000,0.69656762,0.69656762,0.69656762
1691677520000,0.6965566,0.6965566,0.6965566
1691677521000,0.69655657,0.69655657,0.69655657
1691677522000,0.69655657,0.69655657,0.69655657
1691677523000,0.69656143,0.69656143,0.69656143
1691677524000,0.69660491,0.69660491,0.69660491
1691677525000,0.69660491,0.69660491,0.69660491
1691677526000,0.69655194,0.69655194,0.69655194
1691677527000,0.69655194,0.69655194,0.69655194
1691677528000,0.69653967,0.69653967,0.69653967
1691677529000,0.6965396,0.6965396,0.6965396
1691677530000,0.69652438,0.69652438,0.69652438
1691677531000,0.69651535,0.69651535,0.69651535
1691677532000,0.69625281,0.69625281,0.69625281
1691677533000,0.69625281,0.69625281,0.69625281
1691677534000,0.69625281,0.69625281,0.69625281
1691677535000,0.69625281,0.69625281,0.69625281
1691677536000,0.69622669,0.69622669,0.69622669
1691677537000,0.696165,0.696165,0.696165
1691677538000,0.69615176,0.69615176,0.69615176
1691677539000,0.6961518,0.6961518,0.6961518
1691677540000,0.69614527,0.69614527,0.69614527
1691677541000,0.69614527,0.69614527,0.69614527
1691677542000,0.69619267,0.69619267,0.69619267
1691677543000,0.69619243,0.69619243,0.69619243
1691677544000,0.6965,0.6965,0.6965
1691677545000,0.6965,0.6965,0.6965
1691677546000,0.69645131,0.69645131,0.69645131
1691677547000,0.69645131,0.69645131,0.69645131
1691677548000,0.69640275,0.69640275,0.69640275
1691677549000,0.69640275,0.69640275,0.69640275
1691677550000,0.69638127,0.69638127,0.69638127
1691677551000,0.6963813,0.6963813,0.6963813
1691677552000,0.6963813,0.6963813,0.6963813
1691677553000,0.69637128,0.69637128,0.69637128
1691677554000,0.69637204,0.69637204,0.69637204
1691677555000,0.69637204,0.69637204,0.69637204
1691677556000,0.69641552,0.69641552,0.69641552
1691677557000,0.69631552,0.69631552,0.69631552
1691677558000,0.69627131,0.69627131,0.69627131
1691677559000,0.69625555,0.69625555,0.69625555
1691677560000,0.69624026,0.69624026,0.69624026
1691677561000,0.6962084,0.6962084,0.6962084
1691677562000,0.6962084,0.6962084,0.6962084
1691677563000,0.69635442,0.69635442,0.69635442
1691677564000,0.69634581,0.69634581,0.69634581
1691677565000,0.69625669,0.69625669,0.69625669
1691677566000,0.69621324,0.69621324,0.69621324
1691677567000,0.69626896,0.69626896,0.69626896
1691677568000,0.69626896,0.69626896,0.69626896
1691677569000,0.69626896,0.69626896,0.69626896
1691677570000,0.6962609,0.6962609,0.6962609
1691677571000,0.69627974,0.69627974,0.69627974
1691677572000,0.69620224,0.69620224,0.69620224
1691677573000,0.69620224,0.69620224,0.69620224
1691677574000,0.69611674,0.69611674,0.69611674
1691677575000,0.69611674,0.69611674,0.69611674
1691677576000,0.69610351,0.69610351,0.69610351
1691677577000,0.69610898,0.69610898,0.69610898
1691677578000,0.6960655,0.6960655,0.6960655
1691677579000,0.69610895,0.69610895,0.69610895
1691677580000,0.69539858,0.69539858,0.69539858
1691677581000,0.69534327,0.69534327,0.69534327
1691677582000,0.69534327,0.69534327,0.69534327
1691677583000,0.69552694,0.69552694,0.69552694
1691677584000,0.69553584,0.69553584,0.69553584
1691677585000,0.69553584,0.69553584,0.69553584
1691677586000,0.69533693,0.69533693,0.69533693
1691677587000,0.69531239,0.69531239,0.69531239
1691677588000,0.69529938,0.69529938,0.69529938
1691677589000,0.69529938,0.69529938,0.69529938
1691677590000,0.69506158,0.69506158,0.69506158
1691677591000,0.69514854,0.69514854,0.69514854
1691677592000,0.69486873,0.69486873,0.69486873
1691677593000,0.69491224,0.69491224,0.69491224
1691677594000,0.69488691,0.69488691,0.69488691
1691677595000,0.69454711,0.69454711,0.69454711
1691677596000,0.69454711,0.69454711,0.69454711
1691677597000,0.69454711,0.69454711,0.69454711
1691677598000,0.69411294,0.69411294,0.69411294
1691677599000,0.69415738,0.69415738,0.69415738
1691677600000,0.69419847,0.69419847,0.69419847
1691677601000,0.69399926,0.69399926,0.69399926
1691677602000,0.69399926,0.69399926,0.69399926
1691677603000,0.69403321,0.69403321,0.69403321
1691677604000,0.69385712,0.69385712,0.69385712
1691677605000,0.69383249,0.69383249,0.69383249
1691677606000,0.69374767,0.69374767,0.69374767
1691677607000,0.69364772,0.69364772,0.69364772
1691677608000,0.69364772,0.69364772,0.69364772
1691677609000,0.69365195,0.69365195,0.69365195
1691677610000,0.69367677,0.69367677,0.69367677
1691677611000,0.69366642,0.69366642,0.69366642
1691677612000,0.69366642,0.69366642,0.69366642
1691677613000,0.69335439,0.69335439,0.69335439
1691677614000,0.69333605,0.69333605,0.69333605
1691677615000,0.69333605,0.69333605,0.69333605
1691677616000,0.69329235,0.69329235,0.69329235
1691677617000,0.6932693,0.6932693,0.6932693
1691677618000,0.69326439,0.69326439,0.69326439
1691677619000,0.69313557,0.69313557,0.69313557
1691677620000,0.69302457,0.69302457,0.69302457
1691677621000,0.69302457,0.69302457,0.69302457
1691677622000,0.69293761,0.69293761,0.69293761
1691677623000,0.69295579,0.69295579,0.69295579
1691677624000,0.69294924,0.69294924,0.69294924
1691677625000,0.6930234,0.6930234,0.6930234
1691677626000,0.6930234,0.6930234,0.6930234
1691677627000,0.6930611,0.6930611,0.6930611
1691677628000,0.6932997,0.6932997,0.6932997
1691677629000,0.69329973,0.69329973,0.69329973
1691677630000,0.69292305,0.69292305,0.69292305
1691677631000,0.69288123,0.69288123,0.69288123
1691677632000,0.69283775,0.69283775,0.69283775
1691677633000,0.69283778,0.69283778,0.69283778
1691677634000,0.6928943,0.6928943,0.6928943
1691677635000,0.6928943,0.6928943,0.6928943
1691677636000,0.69307411,0.69307411,0.69307411
1691677637000,0.69311868,0.69311868,0.69311868
1691677638000,0.69311868,0.69311868,0.69311868
1691677639000,0.69311868,0.69311868,0.69311868
1691677640000,0.69341347,0.69341347,0.69341347
1691677641000,0.69341347,0.69341347,0.69341347
1691677642000,0.69335058,0.69335058,0.69335058
1691677643000,0.69339882,0.69339882,0.69339882
1691677644000,0.69314447,0.69314447,0.69314447
1691677645000,0.69310099,0.69310099,0.69310099
1691677646000,0.69310099,0.69310099,0.69310099
1691677647000,0.69278217,0.69278217,0.69278217
1691677648000,0.69278214,0.69278214,0.69278214
1691677649000,0.69278214,0.69278214,0.69278214
1691677650000,0.69244304,0.69244304,0.69244304
1691677651000,0.692341,0.692341,0.692341
1691677652000,0.69204261,0.69204261,0.69204261
1691677653000,0.69207308,0.69207308,0.69207308
1691677654000,0.69207229,0.69207229,0.69207229
1691677655000,0.69196959,0.69196959,0.69196959
1691677656000,0.69196379,0.69196379,0.69196379
1691677657000,0.69196304,0.69196304,0.69196304
1691677658000,0.69195009,0.69195009,0.69195009
1691677659000,0.69202997,0.69202997,0.69202997
1691677660000,0.69203649,0.69203649,0.69203649
1691677661000,0.69203652,0.69203652,0.69203652
1691677662000,0.6921273,0.6921273,0.6921273
1691677663000,0.69218597,0.69218597,0.69218597
1691677664000,0.6922,0.6922,0.6922
1691677665000,0.69197886,0.69197886,0.69197886
1691677666000,0.69201582,0.69201582,0.69201582
1691677667000,0.69199213,0.69199213,0.69199213
1691677668000,0.69202888,0.69202888,0.69202888
1691677669000,0.69202635,0.69202635,0.69202635
1691677670000,0.69207418,0.69207418,0.69207418
1691677671000,0.69207421,0.69207421,0.69207421
1691677672000,0.69207418,0.69207418,0.69207418
1691677673000,0.6920807,0.6920807,0.6920807
1691677674000,0.6920807,0.6920807,0.6920807
1691677675000,0.69207375,0.69207375,0.69207375
1691677676000,0.6921,0.6921,0.6921
1691677677000,0.6923,0.6923,0.6923
1691677678000,0.69236051,0.69236051,0.69236051
1691677679000,0.69236163,0.69236163,0.69236163
1691677680000,0.69235781,0.69235781,0.69235781
1691677681000,0.69235781,0.69235781,0.69235781
1691677682000,0.6923643,0.6923643,0.6923643
1691677683000,0.6923643,0.6923643,0.6923643
1691677684000,0.69235781,0.69235781,0.69235781
1691677685000,0.69235778,0.69235778,0.69235778
1691677686000,0.69234902,0.69234902,0.69234902
1691677687000,0.69234905,0.69234905,0.69234905
1691677688000,0.69234905,0.69234905,0.69234905
1691677689000,0.69239358,0.69239358,0.69239358
1691677690000,0.6924,0.6924,0.6924
1691677691000,0.69231532,0.69231532,0.69231532
1691677692000,0.69227661,0.69227661,0.69227661
1691677693000,0.69227661,0.69227661,0.69227661
1691677694000,0.6922578,0.6922578,0.6922578
1691677695000,0.69221432,0.69221432,0.69221432
1691677696000,0.6922274,0.6922274,0.6922274
1691677697000,0.69221962,0.69221962,0.69221962
1691677698000,0.69221447,0.69221447,0.69221447
1691677699000,0.69225798,0.69225798,0.69225798
1691677700000,0.69225188,0.69225188,0.69225188
1691677701000,0.692288,0.692288,0.692288
1691677702000,0.69228875,0.69228875,0.69228875
1691677703000,0.69231811,0.69231811,0.69231811
1691677704000,0.69231732,0.69231732,0.69231732
1691677705000,0.69238689,0.69238689,0.69238689
1691677706000,0.6925,0.6925,0.6925
1691677707000,0.6925,0.6925,0.6925
1691677708000,0.6926,0.6926,0.6926
1691677709000,0.6926,0.6926,0.6926
1691677710000,0.6926,0.6926,0.6926
1691677711000,0.6926,0.6926,0.6926
1691677712000,0.6926,0.6926,0.6926
1691677713000,0.6925,0.6925,0.6925
1691677714000,0.6926,0.6926,0.6926
1691677715000,0.6925,0.6925,0.6925
1691677716000,0.6925,0.6925,0.6925
1691677717000,0.6925,0.6925,0.6925
1691677718000,0.6927,0.6927,0.6927
1691677719000,0.6928,0.6928,0.6928
1691677720000,0.6928,0.6928,0.6928
1691677721000,0.6927,0.6927,0.6927
1691677722000,0.6927,0.6927,0.6927
1691677723000,0.6927,0.6927,0.6927
1691677724000,0.6928,0.6928,0.6928
1691677725000,0.6928,0.6928,0.6928
1691677726000,0.6928,0.6928,0.6928
1691677727000,0.6928,0.6928,0.6928
1691677728000,0.6928,0.6928,0.6928
1691677729000,0.6928,0.6928,0.6928
1691677730000,0.6929,0.6929,0.6929
1691677731000,0.693,0.693,0.693
1691677732000,0.6927334,0.6927334,0.6927334
1691677733000,0.69261601,0.69261601,0.69261601
1691677734000,0.6927,0.6927,0.6927
1691677735000,0.6927,0.6927,0.6927
1691677736000,0.6927,0.6927,0.6927
1691677737000,0.6927,0.6927,0.6927
1691677738000,0.6929,0.6929,0.6929
1691677739000,0.6929,0.6929,0.6929
1691677740000,0.6929,0.6929,0.6929
1691677741000,0.6929,0.6929,0.6929
1691677742000,0.6929,0.6929,0.6929
1691677743000,0.693,0.693,0.693
1691677744000,0.6929,0.6929,0.6929
1691677745000,0.6929,0.6929,0.6929
1691677746000,0.6928,0.6928,0.6928
1691677747000,0.6928,0.6928,0.6928
1691677748000,0.69271598,0.69271598,0.69271598
1691677749000,0.69260331,0.69260331,0.69260331
1691677750000,0.69260334,0.69260334,0.69260334
1691677751000,0.69260334,0.69260334,0.69260334
1691677752000,0.6928,0.6928,0.6928
1691677753000,0.6928,0.6928,0.6928
1691677754000,0.6928,0.6928,0.6928
1691677755000,0.6928,0.6928,0.6928
1691677756000,0.6929,0.6929,0.6929
1691677757000,0.69289416,0.69289416,0.69289416
1691677758000,0.69297621,0.69297621,0.69297621
1691677759000,0.69297624,0.69297624,0.69297624
1691677760000,0.69297624,0.69297624,0.69297624
1691677761000,0.69297623,0.69297623,0.69297623
1691677762000,0.69297623,0.69297623,0.69297623
1691677763000,0.69301968,0.69301968,0.69301968
1691677764000,0.69302406,0.69302406,0.69302406
1691677765000,0.69306263,0.69306263,0.69306263
1691677766000,0.69306263,0.69306263,0.69306263
1691677767000,0.69315644,0.69315644,0.69315644
1691677768000,0.69311296,0.69311296,0.69311296
1691677769000,0.69315262,0.69315262,0.69315262
1691677770000,0.69315265,0.69315265,0.69315265
1691677771000,0.693,0.693,0.693
1691677772000,0.6929,0.6929,0.6929
1691677773000,0.6929,0.6929,0.6929
1691677774000,0.693,0.693,0.693
1691677775000,0.69307406,0.69307406,0.69307406
1691677776000,0.6931,0.6931,0.6931
1691677777000,0.6931,0.6931,0.6931
1691677778000,0.6931,0.6931,0.6931
1691677779000,0.69334198,0.69334198,0.69334198
1691677780000,0.69334198,0.69334198,0.69334198
1691677781000,0.6933,0.6933,0.6933
1691677782000,0.6933,0.6933,0.6933
1691677783000,0.69329849,0.69329849,0.69329849
1691677784000,0.6933,0.6933,0.6933
1691677785000,0.6933,0.6933,0.6933
1691677786000,0.6933,0.6933,0.6933
1691677787000,0.6933688,0.6933688,0.6933688
1691677788000,0.6933688,0.6933688,0.6933688
1691677789000,0.69353896,0.69353896,0.69353896
1691677790000,0.69353893,0.69353893,0.69353893
1691677791000,0.69353893,0.69353893,0.69353893
1691677792000,0.69353817,0.69353817,0.69353817
1691677793000,0.69353817,0.69353817,0.69353817
1691677794000,0.69353817,0.69353817,0.69353817
1691677795000,0.69355414,0.69355414,0.69355414
1691677796000,0.6935,0.6935,0.6935
1691677797000,0.69355489,0.69355489,0.69355489
1691677798000,0.69357446,0.69357446,0.69357446
1691677799000,0.69357445,0.69357445,0.69357445
1691677800000,0.69357373,0.69357373,0.69357373
1691677801000,0.6935,0.6935,0.6935
1691677802000,0.69357448,0.69357448,0.69357448
1691677803000,0.69357447,0.69357447,0.69357447
1691677804000,0.69357447,0.69357447,0.69357447
1691677805000,0.69357372,0.69357372,0.69357372
1691677806000,0.69357368,0.69357368,0.69357368
1691677807000,0.69348675,0.69348675,0.69348675
1691677808000,0.69348675,0.69348675,0.69348675
1691677809000,0.69357588,0.69357588,0.69357588
1691677810000,0.69357587,0.69357587,0.69357587
1691677811000,0.69363788,0.69363788,0.69363788
1691677812000,0.69363785,0.69363785,0.69363785
1691677813000,0.69363784,0.69363784,0.69363784
1691677814000,0.69363863,0.69363863,0.69363863
1691677815000,0.69363862,0.69363862,0.69363862
1691677816000,0.69366471,0.69366471,0.69366471
1691677817000,0.6936,0.6936,0.6936
1691677818000,0.6936,0.6936,0.6936
1691677819000,0.6936,0.6936,0.6936
1691677820000,0.69347096,0.69347096,0.69347096
1691677821000,0.69347096,0.69347096,0.69347096
1691677822000,0.6934,0.6934,0.6934
1691677823000,0.6934,0.6934,0.6934
1691677824000,0.6935,0.6935,0.6935
1691677825000,0.6934,0.6934,0.6934
1691677826000,0.6934,0.6934,0.6934
1691677827000,0.6932,0.6932,0.6932
1691677828000,0.6932,0.6932,0.6932
1691677829000,0.6931,0.6931,0.6931
1691677830000,0.6931,0.6931,0.6931
1691677831000,0.6931,0.6931,0.6931
1691677832000,0.693,0.693,0.693
1691677833000,0.6931,0.6931,0.6931
1691677834000,0.6931,0.6931,0.6931
1691677835000,0.693,0.693,0.693
1691677836000,0.693,0.693,0.693
1691677837000,0.693,0.693,0.693
1691677838000,0.693,0.693,0.693
1691677839000,0.693,0.693,0.693
1691677840000,0.6932,0.6932,0.6932
1691677841000,0.6933,0.6933,0.6933
1691677842000,0.6933,0.6933,0.6933
1691677843000,0.6933,0.6933,0.6933
1691677844000,0.6934,0.6934,0.6934
1691677845000,0.6935,0.6935,0.6935
1691677846000,0.6935,0.6935,0.6935
1691677847000,0.6935,0.6935,0.6935
1691677848000,0.69351826,0.69351826,0.69351826
1691677849000,0.6936,0.6936,0.6936
1691677850000,0.69361029,0.69361029,0.69361029
1691677851000,0.6936,0.6936,0.6936
1691677852000,0.6936,0.6936,0.6936
1691677853000,0.69364353,0.69364353,0.69364353
1691677854000,0.6938363,0.6938363,0.6938363
1691677855000,0.6938373,0.6938373,0.6938373
1691677856000,0.6938373,0.6938373,0.6938373
1691677857000,0.6939189,0.6939189,0.6939189
1691677858000,0.69407693,0.69407693,0.69407693
1691677859000,0.6941,0.6941,0.6941
1691677860000,0.6941,0.6941,0.6941
1691677861000,0.69418245,0.69418245,0.69418245
1691677862000,0.6941,0.6941,0.6941
1691677863000,0.6941,0.6941,0.6941
1691677864000,0.69416378,0.69416378,0.69416378
1691677865000,0.6941,0.6941,0.6941
1691677866000,0.69416302,0.69416302,0.69416302
1691677867000,0.6942,0.6942,0.6942
1691677868000,0.6942,0.6942,0.6942
1691677869000,0.69419261,0.69419261,0.69419261
1691677870000,0.69417705,0.69417705,0.69417705
1691677871000,0.69422126,0.69422126,0.69422126
1691677872000,0.6942,0.6942,0.6942
1691677873000,0.69417778,0.69417778,0.69417778
1691677874000,0.6941,0.6941,0.6941
1691677875000,0.6941,0.6941,0.6941
1691677876000,0.6941,0.6941,0.6941
1691677877000,0.6941,0.6941,0.6941
1691677878000,0.6941,0.6941,0.6941
1691677879000,0.6941,0.6941,0.6941
1691677880000,0.6941,0.6941,0.6941
1691677881000,0.69412124,0.69412124,0.69412124
1691677882000,0.6938,0.6938,0.6938
1691677883000,0.6939,0.6939,0.6939
1691677884000,0.6936,0.6936,0.6936
1691677885000,0.6938,0.6938,0.6938
1691677886000,0.6938,0.6938,0.6938
1691677887000,0.6938,0.6938,0.6938
1691677888000,0.6938,0.6938,0.6938
1691677889000,0.6938,0.6938,0.6938
1691677890000,0.6938,0.6938,0.6938
1691677891000,0.6937,0.6937,0.6937
1691677892000,0.6938,0.6938,0.6938
1691677893000,0.6938,0.6938,0.6938
1691677894000,0.6937,0.6937,0.6937
1691677895000,0.6937,0.6937,0.6937
1691677896000,0.6936,0.6936,0.6936
1691677897000,0.6936,0.6936,0.6936
1691677898000,0.6937,0.6937,0.6937
1691677899000,0.6937,0.6937,0.6937
1691677900000,0.6937,0.6937,0.6937
1691677901000,0.6937,0.6937,0.6937
1691677902000,0.6932,0.6932,0.6932
1691677903000,0.6932,0.6932,0.6932
1691677904000,0.6932,0.6932,0.6932
1691677905000,0.6932,0.6932,0.6932
1691677906000,0.6933,0.6933,0.6933
1691677907000,0.6933,0.6933,0.6933
1691677908000,0.6933,0.6933,0.6933
1691677909000,0.6931,0.6931,0.6931
1691677910000,0.69303072,0.69303072,0.69303072
1691677911000,0.69303072,0.69303072,0.69303072
1691677912000,0.6931,0.6931,0.6931
1691677913000,0.6931,0.6931,0.6931
1691677914000,0.6931,0.6931,0.6931
1691677915000,0.69301887,0.69301887,0.69301887
1691677916000,0.69301884,0.69301884,0.69301884
1691677917000,0.69301884,0.69301884,0.69301884
1691677918000,0.6931,0.6931,0.6931
1691677919000,0.6931,0.6931,0.6931
1691677920000,0.6931,0.6931,0.6931
1691677921000,0.69303074,0.69303074,0.69303074
1691677922000,0.693,0.693,0.693
1691677923000,0.69302422,0.69302422,0.69302422
1691677924000,0.6931,0.6931,0.6931
1691677925000,0.6931,0.6931,0.6931
1691677926000,0.6931,0.6931,0.6931
1691677927000,0.6931,0.6931,0.6931
1691677928000,0.6931,0.6931,0.6931
1691677929000,0.6931,0.6931,0.6931
1691677930000,0.6931,0.6931,0.6931
1691677931000,0.6931,0.6931,0.6931
1691677932000,0.6931,0.6931,0.6931
1691677933000,0.6931,0.6931,0.6931
1691677934000,0.6931,0.6931,0.6931
1691677935000,0.6931,0.6931,0.6931
1691677936000,0.693,0.693,0.693
1691677937000,0.693,0.693,0.693
1691677938000,0.693,0.693,0.693
1691677939000,0.693,0.693,0.693
1691677940000,0.693,0.693,0.693
1691677941000,0.693,0.693,0.693
1691677942000,0.693,0.693,0.693
1691677943000,0.693,0.693,0.693
1691677944000,0.693,0.693,0.693
1691677945000,0.6932,0.6932,0.6932
1691677946000,0.693,0.693,0.693
1691677947000,0.693,0.693,0.693
1691677948000,0.693,0.693,0.693
1691677949000,0.6931,0.6931,0.6931
1691677950000,0.6931,0.6931,0.6931
1691677951000,0.6931,0.6931,0.6931
1691677952000,0.6931,0.6931,0.6931
1691677953000,0.6931,0.6931,0.6931
1691677954000,0.6931,0.6931,0.6931
1691677955000,0.693,0.693,0.693
1691677956000,0.693,0.693,0.693
1691677957000,0.6931,0.6931,0.6931
1691677958000,0.6931,0.6931,0.6931
1691677959000,0.69301018,0.69301018,0.69301018
1691677960000,0.69300942,0.69300942,0.69300942
1691677961000,0.69288386,0.69288386,0.69288386
1691677962000,0.69288938,0.69288938,0.69288938
1691677963000,0.69288938,0.69288938,0.69288938
1691677964000,0.69288941,0.69288941,0.69288941
1691677965000,0.69289016,0.69289016,0.69289016
1691677966000,0.6928459,0.6928459,0.6928459
1691677967000,0.6928459,0.6928459,0.6928459
1691677968000,0.69285514,0.69285514,0.69285514
1691677969000,0.69285438,0.69285438,0.69285438
1691677970000,0.69285435,0.69285435,0.69285435
1691677971000,0.69285435,0.69285435,0.69285435
1691677972000,0.69285435,0.69285435,0.69285435
1691677973000,0.69277456,0.69277456,0.69277456
1691677974000,0.69276462,0.69276462,0.69276462
1691677975000,0.69276462,0.69276462,0.69276462
1691677976000,0.69273575,0.69273575,0.69273575
1691677977000,0.6927539,0.6927539,0.6927539
1691677978000,0.6927539,0.6927539,0.6927539
1691677979000,0.69276028,0.69276028,0.69276028
1691677980000,0.69271608,0.69271608,0.69271608
1691677981000,0.69271608,0.69271608,0.69271608
1691677982000,0.6927168,0.6927168,0.6927168
1691677983000,0.6927168,0.6927168,0.6927168
1691677984000,0.69271237,0.69271237,0.69271237
1691677985000,0.692711,0.692711,0.692711
1691677986000,0.692711,0.692711,0.692711
1691677987000,0.69270236,0.69270236,0.69270236
1691677988000,0.69265787,0.69265787,0.69265787
1691677989000,0.69262964,0.69262964,0.69262964
1691677990000,0.69263734,0.69263734,0.69263734
1691677991000,0.69263734,0.69263734,0.69263734
1691677992000,0.6927,0.6927,0.6927
1691677993000,0.69275911,0.69275911,0.69275911
1691677994000,0.69280292,0.69280292,0.69280292
1691677995000,0.6929,0.6929,0.6929
1691677996000,0.6929,0.6929,0.6929
1691677997000,0.6929,0.6929,0.6929
1691677998000,0.69315329,0.69315329,0.69315329
1691677999000,0.6932,0.6932,0.6932
1691678000000,0.6932,0.6932,0.6932
1691678001000,0.69333843,0.69333843,0.69333843
1691678002000,0.69338191,0.69338191,0.69338191
1691678003000,0.69338191,0.69338191,0.69338191
1691678004000,0.69338188,0.69338188,0.69338188
1691678005000,0.69338263,0.69338263,0.69338263
1691678006000,0.69351741,0.69351741,0.69351741
1691678007000,0.6936,0.6936,0.6936
1691678008000,0.6936,0.6936,0.6936
1691678009000,0.6936,0.6936,0.6936
1691678010000,0.6935,0.6935,0.6935
1691678011000,0.69345199,0.69345199,0.69345199
1691678012000,0.6934,0.6934,0.6934
1691678013000,0.6934,0.6934,0.6934
1691678014000,0.6934,0.6934,0.6934
1691678015000,0.6934,0.6934,0.6934
1691678016000,0.6934,0.6934,0.6934
1691678017000,0.6935,0.6935,0.6935
1691678018000,0.6935,0.6935,0.6935
1691678019000,0.6935,0.6935,0.6935
1691678020000,0.6934,0.6934,0.6934
1691678021000,0.6934,0.6934,0.6934
1691678022000,0.6934,0.6934,0.6934
1691678023000,0.6934,0.6934,0.6934
1691678024000,0.6934,0.6934,0.6934
1691678025000,0.6934,0.6934,0.6934
1691678026000,0.6933,0.6933,0.6933
1691678027000,0.6933,0.6933,0.6933
1691678028000,0.6933,0.6933,0.6933
1691678029000,0.6932737,0.6932737,0.6932737
1691678030000,0.69323047,0.69323047,0.69323047
1691678031000,0.6932178,0.6932178,0.6932178
1691678032000,0.69320769,0.69320769,0.69320769
1691678033000,0.69320769,0.69320769,0.69320769
1691678034000,0.6932129,0.6932129,0.6932129
1691678035000,0.6932129,0.6932129,0.6932129
1691678036000,0.69321214,0.69321214,0.69321214
1691678037000,0.6934,0.6934,0.6934
1691678038000,0.6934,0.6934,0.6934
1691678039000,0.6934,0.6934,0.6934
1691678040000,0.6934,0.6934,0.6934
1691678041000,0.6934,0.6934,0.6934
1691678042000,0.6934,0.6934,0.6934
1691678043000,0.6934,0.6934,0.6934
1691678044000,0.6934,0.6934,0.6934
1691678045000,0.6934,0.6934,0.6934
1691678046000,0.6934,0.6934,0.6934
1691678047000,0.6934,0.6934,0.6934
1691678048000,0.6935,0.6935,0.6935
1691678049000,0.6935,0.6935,0.6935
1691678050000,0.6935,0.6935,0.6935
1691678051000,0.6934,0.6934,0.6934
1691678052000,0.6934,0.6934,0.6934
1691678053000,0.69351127,0.69351127,0.69351127
1691678054000,0.6935,0.6935,0.6935
1691678055000,0.6935,0.6935,0.6935
1691678056000,0.6935,0.6935,0.6935
1691678057000,0.69350456,0.69350456,0.69350456
1691678058000,0.6935046,0.6935046,0.6935046
1691678059000,0.69350456,0.69350456,0.69350456
1691678060000,0.6935,0.6935,0.6935
1691678061000,0.69350591,0.69350591,0.69350591
1691678062000,0.69350161,0.69350161,0.69350161
1691678063000,0.69338786,0.69338786,0.69338786
1691678064000,0.69338786,0.69338786,0.69338786
1691678065000,0.69338786,0.69338786,0.69338786
1691678066000,0.69338786,0.69338786,0.69338786
1691678067000,0.69338015,0.69338015,0.69338015
1691678068000,0.69338015,0.69338015,0.69338015
1691678069000,0.69338015,0.69338015,0.69338015
1691678070000,0.69338105,0.69338105,0.69338105
1691678071000,0.69336102,0.69336102,0.69336102
1691678072000,0.69334515,0.69334515,0.69334515
1691678073000,0.69329455,0.69329455,0.69329455
1691678074000,0.69329455,0.69329455,0.69329455
1691678075000,0.69334458,0.69334458,0.69334458
1691678076000,0.69330017,0.69330017,0.69330017
1691678077000,0.69319402,0.69319402,0.69319402
1691678078000,0.69318665,0.69318665,0.69318665
1691678079000,0.69321419,0.69321419,0.69321419
1691678080000,0.69321419,0.69321419,0.69321419
1691678081000,0.69321502,0.69321502,0.69321502
1691678082000,0.69321123,0.69321123,0.69321123
1691678083000,0.69321123,0.69321123,0.69321123
1691678084000,0.69320734,0.69320734,0.69320734
1691678085000,0.69320734,0.69320734,0.69320734
1691678086000,0.69320738,0.69320738,0.69320738
1691678087000,0.69320738,0.69320738,0.69320738
1691678088000,0.69320824,0.69320824,0.69320824
1691678089000,0.69320196,0.69320196,0.69320196
1691678090000,0.69320196,0.69320196,0.69320196
1691678091000,0.69320286,0.69320286,0.69320286
1691678092000,0.6932,0.6932,0.6932
1691678093000,0.6932,0.6932,0.6932
1691678094000,0.69315368,0.69315368,0.69315368
1691678095000,0.69313314,0.69313314,0.69313314
1691678096000,0.69313314,0.69313314,0.69313314
1691678097000,0.69313314,0.69313314,0.69313314
1691678098000,0.69312759,0.69312759,0.69312759
1691678099000,0.69312759,0.69312759,0.69312759
1691678100000,0.69317193,0.69317193,0.69317193
1691678101000,0.6931618,0.6931618,0.6931618
1691678102000,0.69316093,0.69316093,0.69316093
1691678103000,0.69316251,0.69316251,0.69316251
1691678104000,0.69308854,0.69308854,0.69308854
1691678105000,0.69308854,0.69308854,0.69308854
1691678106000,0.69302253,0.69302253,0.69302253
1691678107000,0.69300297,0.69300297,0.69300297
1691678108000,0.69300297,0.69300297,0.69300297
1691678109000,0.69299017,0.69299017,0.69299017
1691678110000,0.69299017,0.69299017,0.69299017
1691678111000,0.69292603,0.69292603,0.69292603
1691678112000,0.69286356,0.69286356,0.69286356
1691678113000,0.6928561,0.6928561,0.6928561
1691678114000,0.69285693,0.69285693,0.69285693
1691678115000,0.69269078,0.69269078,0.69269078
1691678116000,0.69233628,0.69233628,0.69233628
1691678117000,0.69237243,0.69237243,0.69237243
1691678118000,0.69237243,0.69237243,0.69237243
1691678119000,0.69234078,0.69234078,0.69234078
1691678120000,0.6924,0.6924,0.6924
1691678121000,0.69250465,0.69250465,0.69250465
1691678122000,0.6926,0.6926,0.6926
1691678123000,0.6926,0.6926,0.6926
1691678124000,0.6926,0.6926,0.6926
1691678125000,0.69255342,0.69255342,0.69255342
1691678126000,0.69255255,0.69255255,0.69255255
1691678127000,0.69255342,0.69255342,0.69255342
1691678128000,0.692549,0.692549,0.692549
1691678129000,0.692549,0.692549,0.692549
1691678130000,0.69254903,0.69254903,0.69254903
1691678131000,0.69254813,0.69254813,0.69254813
1691678132000,0.69254813,0.69254813,0.69254813
1691678133000,0.69256011,0.69256011,0.69256011
1691678134000,0.69255736,0.69255736,0.69255736
1691678135000,0.69255736,0.69255736,0.69255736
1691678136000,0.69255733,0.69255733,0.69255733
1691678137000,0.69250733,0.69250733,0.69250733
1691678138000,0.69250733,0.69250733,0.69250733
1691678139000,0.69255467,0.69255467,0.69255467
1691678140000,0.69255471,0.69255471,0.69255471
1691678141000,0.69250557,0.69250557,0.69250557
1691678142000,0.69255554,0.69255554,0.69255554
1691678143000,0.69255419,0.69255419,0.69255419
1691678144000,0.69255419,0.69255419,0.69255419
1691678145000,0.69254388,0.69254388,0.69254388
1691678146000,0.69254385,0.69254385,0.69254385
1691678147000,0.69254385,0.69254385,0.69254385
1691678148000,0.69244374,0.69244374,0.69244374
1691678149000,0.6924422,0.6924422,0.6924422
1691678150000,0.69243772,0.69243772,0.69243772
1691678151000,0.69243776,0.69243776,0.69243776
1691678152000,0.69243776,0.69243776,0.69243776
1691678153000,0.69228484,0.69228484,0.69228484
1691678154000,0.69247888,0.69247888,0.69247888
1691678155000,0.69247801,0.69247801,0.69247801
1691678156000,0.69246753,0.69246753,0.69246753
1691678157000,0.69246753,0.69246753,0.69246753
1691678158000,0.69246753,0.69246753,0.69246753
1691678159000,0.69246753,0.69246753,0.69246753
1691678160000,0.69247012,0.69247012,0.69247012
1691678161000,0.69246501,0.69246501,0.69246501
1691678162000,0.69252595,0.69252595,0.69252595
1691678163000,0.6926,0.6926,0.6926
1691678164000,0.69252509,0.69252509,0.69252509
1691678165000,0.69252771,0.69252771,0.69252771
1691678166000,0.69252771,0.69252771,0.69252771
1691678167000,0.69252408,0.69252408,0.69252408
1691678168000,0.6926,0.6926,0.6926
1691678169000,0.69262629,0.69262629,0.69262629
1691678170000,0.69262629,0.69262629,0.69262629
1691678171000,0.69264133,0.69264133,0.69264133
1691678172000,0.69263455,0.69263455,0.69263455
1691678173000,0.69263455,0.69263455,0.69263455
1691678174000,0.69263455,0.69263455,0.69263455
1691678175000,0.69258452,0.69258452,0.69258452
1691678176000,0.69253452,0.69253452,0.69253452
1691678177000,0.69253452,0.69253452,0.69253452
1691678178000,0.69252641,0.69252641,0.69252641
1691678179000,0.692523,0.692523,0.692523
1691678180000,0.692493,0.692493,0.692493
1691678181000,0.6924411,0.6924411,0.6924411
1691678182000,0.69239545,0.69239545,0.69239545
1691678183000,0.6924,0.6924,0.6924
1691678184000,0.6924,0.6924,0.6924
1691678185000,0.6924,0.6924,0.6924
1691678186000,0.6924,0.6924,0.6924
1691678187000,0.6924,0.6924,0.6924
1691678188000,0.69238667,0.69238667,0.69238667
1691678189000,0.69236636,0.69236636,0.69236636
1691678190000,0.69236636,0.69236636,0.69236636
1691678191000,0.69236639,0.69236639,0.69236639
1691678192000,0.69236639,0.69236639,0.69236639
1691678193000,0.69236553,0.69236553,0.69236553
1691678194000,0.69236043,0.69236043,0.69236043
1691678195000,0.69236043,0.69236043,0.69236043
1691678196000,0.6924,0.6924,0.6924
1691678197000,0.6924,0.6924,0.6924
1691678198000,0.69233376,0.69233376,0.69233376
1691678199000,0.6923329,0.6923329,0.6923329
1691678200000,0.6923,0.6923,0.6923
1691678201000,0.6923,0.6923,0.6923
1691678202000,0.6923,0.6923,0.6923
1691678203000,0.69224982,0.69224982,0.69224982
1691678204000,0.69224857,0.69224857,0.69224857
1691678205000,0.6922486,0.6922486,0.6922486
1691678206000,0.69224779,0.69224779,0.69224779
1691678207000,0.69224693,0.69224693,0.69224693
1691678208000,0.69224696,0.69224696,0.69224696
1691678209000,0.69224693,0.69224693,0.69224693
1691678210000,0.69224693,0.69224693,0.69224693
1691678211000,0.69224316,0.69224316,0.69224316
1691678212000,0.69224316,0.69224316,0.69224316
1691678213000,0.69224399,0.69224399,0.69224399
1691678214000,0.69224313,0.69224313,0.69224313
1691678215000,0.69224313,0.69224313,0.69224313
1691678216000,0.6923,0.6923,0.6923
1691678217000,0.6923,0.6923,0.6923
1691678218000,0.6924,0.6924,0.6924
1691678219000,0.6924,0.6924,0.6924
1691678220000,0.6924,0.6924,0.6924
1691678221000,0.6923,0.6923,0.6923
1691678222000,0.6923,0.6923,0.6923
1691678223000,0.6923,0.6923,0.6923
1691678224000,0.6923,0.6923,0.6923
1691678225000,0.6923,0.6923,0.6923
1691678226000,0.69221486,0.69221486,0.69221486
1691678227000,0.69221486,0.69221486,0.69221486
1691678228000,0.69221571,0.69221571,0.69221571
1691678229000,0.69220434,0.69220434,0.69220434
1691678230000,0.69220434,0.69220434,0.69220434
1691678231000,0.6921,0.6921,0.6921
1691678232000,0.69196104,0.69196104,0.69196104
1691678233000,0.69191978,0.69191978,0.69191978
1691678234000,0.69202315,0.69202315,0.69202315
1691678235000,0.69202315,0.69202315,0.69202315
1691678236000,0.69202319,0.69202319,0.69202319
1691678237000,0.69164144,0.69164144,0.69164144
1691678238000,0.69164144,0.69164144,0.69164144
1691678239000,0.69157781,0.69157781,0.69157781
1691678240000,0.69157781,0.69157781,0.69157781
1691678241000,0.69159812,0.69159812,0.69159812
1691678242000,0.69159812,0.69159812,0.69159812
1691678243000,0.69150104,0.69150104,0.69150104
1691678244000,0.6913069,0.6913069,0.6913069
1691678245000,0.6913069,0.6913069,0.6913069
1691678246000,0.69123372,0.69123372,0.69123372
1691678247000,0.69122298,0.69122298,0.69122298
1691678248000,0.69122298,0.69122298,0.69122298
1691678249000,0.69122951,0.69122951,0.69122951
1691678250000,0.69123205,0.69123205,0.69123205
1691678251000,0.69118418,0.69118418,0.69118418
1691678252000,0.69103921,0.69103921,0.69103921
1691678253000,0.69103816,0.69103816,0.69103816
1691678254000,0.6911,0.6911,0.6911
1691678255000,0.6911,0.6911,0.6911
1691678256000,0.69114469,0.69114469,0.69114469
1691678257000,0.69114466,0.69114466,0.69114466
1691678258000,0.69114466,0.69114466,0.69114466
1691678259000,0.69119452,0.69119452,0.69119452
1691678260000,0.69114455,0.69114455,0.69114455
1691678261000,0.69109645,0.69109645,0.69109645
1691678262000,0.69109649,0.69109649,0.69109649
1691678263000,0.69109649,0.69109649,0.69109649
1691678264000,0.69109649,0.69109649,0.69109649
1691678265000,0.69109649,0.69109649,0.69109649
1691678266000,0.69104927,0.69104927,0.69104927
1691678267000,0.69089927,0.69089927,0.69089927
1691678268000,0.69094927,0.69094927,0.69094927
1691678269000,0.69089927,0.69089927,0.69089927
1691678270000,0.69089927,0.69089927,0.69089927
1691678271000,0.69091011,0.69091011,0.69091011
1691678272000,0.69100931,0.69100931,0.69100931
1691678273000,0.69105935,0.69105935,0.69105935
1691678274000,0.69105935,0.69105935,0.69105935
1691678275000,0.69105931,0.69105931,0.69105931
1691678276000,0.69100935,0.69100935,0.69100935
1691678277000,0.69100714,0.69100714,0.69100714
1691678278000,0.69100844,0.69100844,0.69100844
1691678279000,0.69100758,0.69100758,0.69100758
1691678280000,0.69100758,0.69100758,0.69100758
1691678281000,0.6910083,0.6910083,0.6910083
1691678282000,0.69135976,0.69135976,0.69135976
1691678283000,0.69135793,0.69135793,0.69135793
1691678284000,0.6913571,0.6913571,0.6913571
1691678285000,0.6914,0.6914,0.6914
1691678286000,0.6914,0.6914,0.6914
1691678287000,0.69140326,0.69140326,0.69140326
1691678288000,0.69140411,0.69140411,0.69140411
1691678289000,0.69140411,0.69140411,0.69140411
1691678290000,0.6915,0.6915,0.6915
1691678291000,0.69146714,0.69146714,0.69146714
1691678292000,0.69146714,0.69146714,0.69146714
1691678293000,0.69147277,0.69147277,0.69147277
1691678294000,0.69132113,0.69132113,0.69132113
1691678295000,0.69132027,0.69132027,0.69132027
1691678296000,0.69122593,0.69122593,0.69122593
1691678297000,0.69117533,0.69117533,0.69117533
1691678298000,0.6911685,0.6911685,0.6911685
1691678299000,0.69116294,0.69116294,0.69116294
1691678300000,0.69116294,0.69116294,0.69116294
1691678301000,0.69116294,0.69116294,0.69116294
1691678302000,0.69115777,0.69115777,0.69115777
1691678303000,0.69115773,0.69115773,0.69115773
1691678304000,0.6914,0.6914,0.6914
1691678305000,0.69141862,0.69141862,0.69141862
1691678306000,0.6915,0.6915,0.6915
1691678307000,0.6915,0.6915,0.6915
1691678308000,0.6915,0.6915,0.6915
1691678309000,0.6915,0.6915,0.6915
1691678310000,0.69141858,0.69141858,0.69141858
1691678311000,0.69141015,0.69141015,0.69141015
1691678312000,0.69141015,0.69141015,0.69141015
1691678313000,0.6914,0.6914,0.6914
1691678314000,0.6914,0.6914,0.6914
1691678315000,0.6914,0.6914,0.6914
1691678316000,0.6914,0.6914,0.6914
1691678317000,0.6916,0.6916,0.6916
1691678318000,0.6916,0.6916,0.6916
1691678319000,0.6915,0.6915,0.6915
1691678320000,0.6915,0.6915,0.6915
1691678321000,0.6915,0.6915,0.6915
1691678322000,0.6915,0.6915,0.6915
1691678323000,0.6915,0.6915,0.6915
1691678324000,0.6917,0.6917,0.6917
1691678325000,0.6917,0.6917,0.6917
1691678326000,0.6916,0.6916,0.6916
1691678327000,0.6917,0.6917,0.6917
1691678328000,0.6917,0.6917,0.6917
1691678329000,0.6915,0.6915,0.6915
1691678330000,0.6915,0.6915,0.6915
1691678331000,0.6917,0.6917,0.6917
1691678332000,0.6916,0.6916,0.6916
1691678333000,0.6916,0.6916,0.6916
1691678334000,0.6917,0.6917,0.6917
1691678335000,0.6917,0.6917,0.6917
1691678336000,0.6917,0.6917,0.6917
1691678337000,0.6916,0.6916,0.6916
1691678338000,0.6916,0.6916,0.6916
1691678339000,0.69150816,0.69150816,0.69150816
1691678340000,0.6916,0.6916,0.6916
1691678341000,0.69150891,0.69150891,0.69150891
1691678342000,0.69147547,0.69147547,0.69147547
1691678343000,0.69147162,0.69147162,0.69147162
1691678344000,0.6915,0.6915,0.6915
1691678345000,0.69146859,0.69146859,0.69146859
1691678346000,0.69129463,0.69129463,0.69129463
1691678347000,0.69129466,0.69129466,0.69129466
1691678348000,0.69129466,0.69129466,0.69129466
1691678349000,0.69127922,0.69127922,0.69127922
1691678350000,0.6912785,0.6912785,0.6912785
1691678351000,0.6912785,0.6912785,0.6912785
1691678352000,0.6911769,0.6911769,0.6911769
1691678353000,0.69122038,0.69122038,0.69122038
1691678354000,0.69121963,0.69121963,0.69121963
1691678355000,0.69120952,0.69120952,0.69120952
1691678356000,0.69121027,0.69121027,0.69121027
1691678357000,0.69120952,0.69120952,0.69120952
1691678358000,0.69121024,0.69121024,0.69121024
1691678359000,0.69121024,0.69121024,0.69121024
1691678360000,0.69120242,0.69120242,0.69120242
1691678361000,0.69120242,0.69120242,0.69120242
1691678362000,0.69118816,0.69118816,0.69118816
1691678363000,0.6911799,0.6911799,0.6911799
1691678364000,0.6911799,0.6911799,0.6911799
1691678365000,0.69113639,0.69113639,0.69113639
1691678366000,0.69112892,0.69112892,0.69112892
1691678367000,0.69117237,0.69117237,0.69117237
1691678368000,0.6911724,0.6911724,0.6911724
1691678369000,0.6911724,0.6911724,0.6911724
1691678370000,0.6911724,0.6911724,0.6911724
1691678371000,0.69116813,0.69116813,0.69116813
1691678372000,0.69116813,0.69116813,0.69116813
1691678373000,0.69116559,0.69116559,0.69116559
1691678374000,0.69116559,0.69116559,0.69116559
1691678375000,0.69112136,0.69112136,0.69112136
1691678376000,0.69112139,0.69112139,0.69112139
1691678377000,0.69111742,0.69111742,0.69111742
1691678378000,0.69111817,0.69111817,0.69111817
1691678379000,0.69101382,0.69101382,0.69101382
1691678380000,0.69101307,0.69101307,0.69101307
1691678381000,0.69096087,0.69096087,0.69096087
1691678382000,0.69095732,0.69095732,0.69095732
1691678383000,0.69091387,0.69091387,0.69091387
1691678384000,0.69092036,0.69092036,0.69092036
1691678385000,0.69092036,0.69092036,0.69092036
1691678386000,0.69092111,0.69092111,0.69092111
1691678387000,0.691,0.691,0.691
1691678388000,0.691,0.691,0.691
1691678389000,0.691,0.691,0.691
1691678390000,0.691,0.691,0.691
1691678391000,0.69097828,0.69097828,0.69097828
1691678392000,0.69097825,0.69097825,0.69097825
1691678393000,0.6907494,0.6907494,0.6907494
1691678394000,0.6907494,0.6907494,0.6907494
1691678395000,0.6906,0.6906,0.6906
1691678396000,0.69055697,0.69055697,0.69055697
1691678397000,0.69055697,0.69055697,0.69055697
1691678398000,0.69049073,0.69049073,0.69049073
1691678399000,0.6903823,0.6903823,0.6903823
1691678400000,0.69042186,0.69042186,0.69042186
1691678401000,0.69034129,0.69034129,0.69034129
1691678402000,0.69034129,0.69034129,0.69034129
1691678403000,0.69015606,0.69015606,0.69015606
1691678404000,0.69016532,0.69016532,0.69016532
1691678405000,0.69014767,0.69014767,0.69014767
1691678406000,0.69026473,0.69026473,0.69026473
1691678407000,0.69026473,0.69026473,0.69026473
1691678408000,0.69016187,0.69016187,0.69016187
1691678409000,0.69015312,0.69015312,0.69015312
1691678410000,0.69008162,0.69008162,0.69008162
1691678411000,0.69004167,0.69004167,0.69004167
1691678412000,0.69003229,0.69003229,0.69003229
1691678413000,0.69003229,0.69003229,0.69003229
1691678414000,0.6894382,0.6894382,0.6894382
1691678415000,0.6893,0.6893,0.6893
1691678416000,0.68913835,0.68913835,0.68913835
1691678417000,0.68954807,0.68954807,0.68954807
1691678418000,0.68972352,0.68972352,0.68972352
1691678419000,0.68959156,0.68959156,0.68959156
1691678420000,0.68958689,0.68958689,0.68958689
1691678421000,0.6898,0.6898,0.6898
1691678422000,0.69002598,0.69002598,0.69002598
1691678423000,0.6903,0.6903,0.6903
1691678424000,0.69,0.69,0.69
1691678425000,0.6903,0.6903,0.6903
1691678426000,0.6901,0.6901,0.6901
1691678427000,0.6904,0.6904,0.6904
1691678428000,0.6906,0.6906,0.6906
1691678429000,0.69062923,0.69062923,0.69062923
1691678430000,0.6907,0.6907,0.6907
1691678431000,0.6908,0.6908,0.6908
1691678432000,0.6905,0.6905,0.6905
1691678433000,0.6907,0.6907,0.6907
1691678434000,0.69079085,0.69079085,0.69079085
1691678435000,0.6908,0.6908,0.6908
1691678436000,0.6907,0.6907,0.6907
1691678437000,0.6904,0.6904,0.6904
1691678438000,0.69030991,0.69030991,0.69030991
1691678439000,0.6903,0.6903,0.6903
1691678440000,0.6902,0.6902,0.6902
1691678441000,0.6902,0.6902,0.6902
1691678442000,0.69016016,0.69016016,0.69016016
1691678443000,0.68991492,0.68991492,0.68991492
1691678444000,0.6898,0.6898,0.6898
1691678445000,0.68976684,0.68976684,0.68976684
1691678446000,0.6899,0.6899,0.6899
1691678447000,0.68972919,0.68972919,0.68972919
1691678448000,0.68972919,0.68972919,0.68972919
1691678449000,0.68974073,0.68974073,0.68974073
1691678450000,0.68980254,0.68980254,0.68980254
1691678451000,0.68980345,0.68980345,0.68980345
1691678452000,0.68980585,0.68980585,0.68980585
1691678453000,0.69,0.69,0.69
1691678454000,0.6899,0.6899,0.6899
1691678455000,0.6899,0.6899,0.6899
1691678456000,0.6901,0.6901,0.6901
1691678457000,0.68985601,0.68985601,0.68985601
1691678458000,0.68984297,0.68984297,0.68984297
1691678459000,0.68976134,0.68976134,0.68976134
1691678460000,0.6899,0.6899,0.6899
1691678461000,0.68980876,0.68980876,0.68980876
1691678462000,0.68963822,0.68963822,0.68963822
1691678463000,0.68963822,0.68963822,0.68963822
1691678464000,0.68940908,0.68940908,0.68940908
1691678465000,0.68938638,0.68938638,0.68938638
1691678466000,0.68917741,0.68917741,0.68917741
1691678467000,0.68936132,0.68936132,0.68936132
1691678468000,0.6895,0.6895,0.6895
1691678469000,0.6897,0.6897,0.6897
1691678470000,0.6897,0.6897,0.6897
1691678471000,0.6898,0.6898,0.6898
1691678472000,0.6899,0.6899,0.6899
1691678473000,0.69,0.69,0.69
1691678474000,0.6901,0.6901,0.6901
1691678475000,0.6901,0.6901,0.6901
1691678476000,0.6902,0.6902,0.6902
1691678477000,0.6902,0.6902,0.6902
1691678478000,0.6904,0.6904,0.6904
1691678479000,0.6903,0.6903,0.6903
1691678480000,0.6904,0.6904,0.6904
1691678481000,0.6905,0.6905,0.6905
1691678482000,0.6905,0.6905,0.6905
1691678483000,0.6903,0.6903,0.6903
1691678484000,0.6902,0.6902,0.6902
1691678485000,0.6902,0.6902,0.6902
1691678486000,0.69,0.69,0.69
1691678487000,0.6899,0.6899,0.6899
1691678488000,0.6899,0.6899,0.6899
1691678489000,0.6899,0.6899,0.6899
1691678490000,0.68982578,0.68982578,0.68982578
1691678491000,0.68968758,0.68968758,0.68968758
1691678492000,0.68968758,0.68968758,0.68968758
1691678493000,0.68969424,0.68969424,0.68969424
1691678494000,0.68964427,0.68964427,0.68964427
1691678495000,0.68950906,0.68950906,0.68950906
1691678496000,0.68950906,0.68950906,0.68950906
1691678497000,0.68938711,0.68938711,0.68938711
1691678498000,0.68939236,0.68939236,0.68939236
1691678499000,0.6893481,0.6893481,0.6893481
1691678500000,0.6893481,0.6893481,0.6893481
1691678501000,0.68934813,0.68934813,0.68934813
1691678502000,0.68922846,0.68922846,0.68922846
1691678503000,0.68922846,0.68922846,0.68922846
1691678504000,0.68916062,0.68916062,0.68916062
1691678505000,0.68915069,0.68915069,0.68915069
1691678506000,0.68914005,0.68914005,0.68914005
1691678507000,0.68905306,0.68905306,0.68905306
1691678508000,0.68908597,0.68908597,0.68908597
1691678509000,0.6890839,0.6890839,0.6890839
1691678510000,0.6891,0.6891,0.6891
1691678511000,0.6892,0.6892,0.6892
1691678512000,0.6892,0.6892,0.6892
1691678513000,0.6893,0.6893,0.6893
1691678514000,0.6895,0.6895,0.6895
1691678515000,0.6896,0.6896,0.6896
1691678516000,0.6897,0.6897,0.6897
1691678517000,0.6898,0.6898,0.6898
1691678518000,0.6898,0.6898,0.6898
1691678519000,0.68966498,0.68966498,0.68966498
1691678520000,0.68961532,0.68961532,0.68961532
1691678521000,0.68951539,0.68951539,0.68951539
1691678522000,0.68951539,0.68951539,0.68951539
1691678523000,0.68930018,0.68930018,0.68930018
1691678524000,0.68927472,0.68927472,0.68927472
1691678525000,0.68927472,0.68927472,0.68927472
1691678526000,0.6891693,0.6891693,0.6891693
1691678527000,0.6891693,0.6891693,0.6891693
1691678528000,0.68914294,0.68914294,0.68914294
1691678529000,0.6891646,0.6891646,0.6891646
1691678530000,0.6891646,0.6891646,0.6891646
1691678531000,0.6891,0.6891,0.6891
1691678532000,0.68910499,0.68910499,0.68910499
1691678533000,0.6892,0.6892,0.6892
1691678534000,0.68914847,0.68914847,0.68914847
1691678535000,0.68914847,0.68914847,0.68914847
1691678536000,0.68914759,0.68914759,0.68914759
1691678537000,0.6892,0.6892,0.6892
1691678538000,0.6892,0.6892,0.6892
1691678539000,0.68913657,0.68913657,0.68913657
1691678540000,0.68913657,0.68913657,0.68913657
1691678541000,0.6892,0.6892,0.6892
1691678542000,0.6893,0.6893,0.6893
1691678543000,0.6894,0.6894,0.6894
1691678544000,0.6894,0.6894,0.6894
1691678545000,0.6895,0.6895,0.6895
1691678546000,0.6895,0.6895,0.6895
1691678547000,0.6895,0.6895,0.6895
1691678548000,0.6894,0.6894,0.6894
1691678549000,0.68938023,0.68938023,0.68938023
1691678550000,0.68924,0.68924,0.68924
1691678551000,0.6894,0.6894,0.6894
1691678552000,0.6895,0.6895,0.6895
1691678553000,0.6895,0.6895,0.6895
1691678554000,0.6895,0.6895,0.6895
1691678555000,0.6896,0.6896,0.6896
1691678556000,0.6897,0.6897,0.6897
1691678557000,0.6898,0.6898,0.6898
1691678558000,0.6899,0.6899,0.6899
1691678559000,0.6899,0.6899,0.6899
1691678560000,0.6898,0.6898,0.6898
1691678561000,0.6897,0.6897,0.6897
1691678562000,0.68964594,0.68964594,0.68964594
1691678563000,0.6896,0.6896,0.6896
1691678564000,0.68955016,0.68955016,0.68955016
1691678565000,0.6895,0.6895,0.6895
1691678566000,0.6896,0.6896,0.6896
1691678567000,0.6896,0.6896,0.6896
1691678568000,0.6896,0.6896,0.6896
1691678569000,0.6896,0.6896,0.6896
1691678570000,0.6897,0.6897,0.6897
1691678571000,0.6897,0.6897,0.6897
1691678572000,0.6899,0.6899,0.6899
1691678573000,0.6899,0.6899,0.6899
1691678574000,0.6898,0.6898,0.6898
1691678575000,0.6898,0.6898,0.6898
1691678576000,0.6898,0.6898,0.6898
1691678577000,0.6898,0.6898,0.6898
1691678578000,0.6898,0.6898,0.6898
1691678579000,0.6898,0.6898,0.6898
1691678580000,0.68964753,0.68964753,0.68964753
1691678581000,0.68941675,0.68941675,0.68941675
1691678582000,0.6894,0.6894,0.6894
1691678583000,0.6894,0.6894,0.6894
1691678584000,0.6894,0.6894,0.6894
1691678585000,0.6893,0.6893,0.6893
1691678586000,0.6893,0.6893,0.6893
1691678587000,0.6892267,0.6892267,0.6892267
1691678588000,0.68922071,0.68922071,0.68922071
1691678589000,0.68922071,0.68922071,0.68922071
1691678590000,0.68920657,0.68920657,0.68920657
1691678591000,0.68920654,0.68920654,0.68920654
1691678592000,0.68916398,0.68916398,0.68916398
1691678593000,0.68916398,0.68916398,0.68916398
1691678594000,0.68905922,0.68905922,0.68905922
1691678595000,0.68905211,0.68905211,0.68905211
1691678596000,0.68905211,0.68905211,0.68905211
1691678597000,0.6892,0.6892,0.6892
1691678598000,0.6892,0.6892,0.6892
1691678599000,0.6892,0.6892,0.6892
1691678600000,0.6891,0.6891,0.6891
1691678601000,0.6891,0.6891,0.6891
1691678602000,0.6891,0.6891,0.6891
1691678603000,0.6893,0.6893,0.6893
1691678604000,0.6892,0.6892,0.6892
1691678605000,0.6892,0.6892,0.6892
1691678606000,0.6891,0.6891,0.6891
1691678607000,0.68913529,0.68913529,0.68913529
1691678608000,0.68916138,0.68916138,0.68916138
1691678609000,0.6892,0.6892,0.6892
1691678610000,0.6892,0.6892,0.6892
1691678611000,0.68916016,0.68916016,0.68916016
1691678612000,0.6891,0.6891,0.6891
1691678613000,0.6891,0.6891,0.6891
1691678614000,0.689,0.689,0.689
1691678615000,0.68898139,0.68898139,0.68898139
1691678616000,0.68893716,0.68893716,0.68893716
1691678617000,0.68877151,0.68877151,0.68877151
1691678618000,0.68877151,0.68877151,0.68877151
1691678619000,0.68868112,0.68868112,0.68868112
1691678620000,0.68871243,0.68871243,0.68871243
1691678621000,0.6887124,0.6887124,0.6887124
1691678622000,0.68861761,0.68861761,0.68861761
1691678623000,0.68861758,0.68861758,0.68861758
1691678624000,0.6888,0.6888,0.6888
1691678625000,0.6888,0.6888,0.6888
1691678626000,0.6888,0.6888,0.6888
1691678627000,0.6889,0.6889,0.6889
1691678628000,0.68884098,0.68884098,0.68884098
1691678629000,0.68884098,0.68884098,0.68884098
1691678630000,0.68874521,0.68874521,0.68874521
1691678631000,0.68867121,0.68867121,0.68867121
1691678632000,0.6887,0.6887,0.6887
1691678633000,0.68864435,0.68864435,0.68864435
1691678634000,0.6888,0.6888,0.6888
1691678635000,0.6888,0.6888,0.6888
1691678636000,0.6889,0.6889,0.6889
1691678637000,0.6889,0.6889,0.6889
1691678638000,0.689,0.689,0.689
1691678639000,0.6889,0.6889,0.6889
1691678640000,0.6888,0.6888,0.6888
1691678641000,0.6887,0.6887,0.6887
1691678642000,0.6888,0.6888,0.6888
1691678643000,0.6887,0.6887,0.6887
1691678644000,0.68863726,0.68863726,0.68863726
1691678645000,0.68862138,0.68862138,0.68862138
1691678646000,0.68837352,0.68837352,0.68837352
1691678647000,0.68837029,0.68837029,0.68837029
1691678648000,0.68837013,0.68837013,0.68837013
1691678649000,0.68837013,0.68837013,0.68837013
1691678650000,0.68822165,0.68822165,0.68822165
1691678651000,0.68831901,0.68831901,0.68831901
1691678652000,0.6885,0.6885,0.6885
1691678653000,0.68861678,0.68861678,0.68861678
1691678654000,0.6889,0.6889,0.6889
1691678655000,0.6893,0.6893,0.6893
1691678656000,0.6893,0.6893,0.6893
1691678657000,0.6893,0.6893,0.6893
1691678658000,0.6894,0.6894,0.6894
1691678659000,0.6894,0.6894,0.6894
1691678660000,0.6892,0.6892,0.6892
1691678661000,0.6893,0.6893,0.6893
1691678662000,0.6892,0.6892,0.6892
1691678663000,0.689,0.689,0.689
1691678664000,0.6889,0.6889,0.6889
1691678665000,0.6889,0.6889,0.6889
1691678666000,0.6889,0.6889,0.6889
1691678667000,0.6891,0.6891,0.6891
1691678668000,0.6891,0.6891,0.6891
1691678669000,0.689,0.689,0.689
1691678670000,0.68873427,0.68873427,0.68873427
1691678671000,0.68873427,0.68873427,0.68873427
1691678672000,0.68873502,0.68873502,0.68873502
1691678673000,0.68873427,0.68873427,0.68873427
1691678674000,0.6888,0.6888,0.6888
1691678675000,0.68873732,0.68873732,0.68873732
1691678676000,0.68872953,0.68872953,0.68872953
1691678677000,0.68865801,0.68865801,0.68865801
1691678678000,0.68865801,0.68865801,0.68865801
1691678679000,0.68860679,0.68860679,0.68860679
1691678680000,0.68860874,0.68860874,0.68860874
1691678681000,0.68861307,0.68861307,0.68861307
1691678682000,0.68837251,0.68837251,0.68837251
1691678683000,0.68839679,0.68839679,0.68839679
1691678684000,0.68839682,0.68839682,0.68839682
1691678685000,0.68839486,0.68839486,0.68839486
1691678686000,0.68837549,0.68837549,0.68837549
1691678687000,0.68837549,0.68837549,0.68837549
1691678688000,0.6884,0.6884,0.6884
1691678689000,0.68861921,0.68861921,0.68861921
1691678690000,0.6888,0.6888,0.6888
1691678691000,0.6888,0.6888,0.6888
1691678692000,0.6889,0.6889,0.6889
1691678693000,0.6888,0.6888,0.6888
1691678694000,0.6888,0.6888,0.6888
1691678695000,0.6889,0.6889,0.6889
1691678696000,0.6888,0.6888,0.6888
1691678697000,0.6887,0.6887,0.6887
1691678698000,0.6888,0.6888,0.6888
1691678699000,0.6888,0.6888,0.6888
1691678700000,0.6889,0.6889,0.6889
1691678701000,0.6888,0.6888,0.6888
1691678702000,0.6887,0.6887,0.6887
1691678703000,0.6888,0.6888,0.6888
1691678704000,0.68866675,0.68866675,0.68866675
1691678705000,0.6886,0.6886,0.6886
1691678706000,0.68855756,0.68855756,0.68855756
1691678707000,0.68855658,0.68855658,0.68855658
1691678708000,0.6886,0.6886,0.6886
1691678709000,0.68889466,0.68889466,0.68889466
1691678710000,0.6888,0.6888,0.6888
1691678711000,0.6888,0.6888,0.6888
1691678712000,0.68861198,0.68861198,0.68861198
1691678713000,0.6885449,0.6885449,0.6885449
1691678714000,0.6885512,0.6885512,0.6885512
1691678715000,0.6885,0.6885,0.6885
1691678716000,0.6884,0.6884,0.6884
1691678717000,0.68832167,0.68832167,0.68832167
1691678718000,0.68830056,0.68830056,0.68830056
1691678719000,0.68830323,0.68830323,0.68830323
1691678720000,0.68831157,0.68831157,0.68831157
1691678721000,0.6885,0.6885,0.6885
1691678722000,0.6887,0.6887,0.6887
1691678723000,0.6888,0.6888,0.6888
1691678724000,0.6888,0.6888,0.6888
1691678725000,0.6888,0.6888,0.6888
1691678726000,0.6887,0.6887,0.6887
1691678727000,0.6887,0.6887,0.6887
1691678728000,0.689,0.689,0.689
1691678729000,0.689,0.689,0.689
1691678730000,0.6891,0.6891,0.6891
1691678731000,0.6892,0.6892,0.6892
1691678732000,0.6891,0.6891,0.6891
1691678733000,0.6892,0.6892,0.6892
1691678734000,0.6892,0.6892,0.6892
1691678735000,0.6892,0.6892,0.6892
1691678736000,0.68929944,0.68929944,0.68929944
1691678737000,0.6893,0.6893,0.6893
1691678738000,0.6893,0.6893,0.6893
1691678739000,0.68937967,0.68937967,0.68937967
1691678740000,0.68937967,0.68937967,0.68937967
1691678741000,0.68943151,0.68943151,0.68943151
1691678742000,0.68952789,0.68952789,0.68952789
1691678743000,0.68958267,0.68958267,0.68958267
1691678744000,0.68958267,0.68958267,0.68958267
1691678745000,0.6895,0.6895,0.6895
1691678746000,0.68963832,0.68963832,0.68963832
1691678747000,0.6898,0.6898,0.6898
1691678748000,0.68983408,0.68983408,0.68983408
1691678749000,0.68983945,0.68983945,0.68983945
1691678750000,0.68984712,0.68984712,0.68984712
1691678751000,0.6897,0.6897,0.6897
1691678752000,0.6896,0.6896,0.6896
1691678753000,0.6896,0.6896,0.6896
1691678754000,0.6897,0.6897,0.6897
1691678755000,0.6898,0.6898,0.6898
1691678756000,0.68981129,0.68981129,0.68981129
1691678757000,0.6898,0.6898,0.6898
1691678758000,0.6898,0.6898,0.6898
1691678759000,0.6898,0.6898,0.6898
1691678760000,0.6896,0.6896,0.6896
1691678761000,0.6895,0.6895,0.6895
1691678762000,0.68930801,0.68930801,0.68930801
1691678763000,0.6892,0.6892,0.6892
1691678764000,0.6893,0.6893,0.6893
1691678765000,0.6894,0.6894,0.6894
1691678766000,0.6892351,0.6892351,0.6892351
1691678767000,0.6892351,0.6892351,0.6892351
1691678768000,0.68910343,0.68910343,0.68910343
1691678769000,0.68907606,0.68907606,0.68907606
1691678770000,0.6889771,0.6889771,0.6889771
1691678771000,0.6889771,0.6889771,0.6889771
1691678772000,0.68886066,0.68886066,0.68886066
1691678773000,0.6888665,0.6888665,0.6888665
1691678774000,0.68882377,0.68882377,0.68882377
1691678775000,0.6889,0.6889,0.6889
1691678776000,0.68892688,0.68892688,0.68892688
1691678777000,0.689,0.689,0.689
1691678778000,0.6891,0.6891,0.6891
1691678779000,0.6892,0.6892,0.6892
1691678780000,0.6892,0.6892,0.6892
1691678781000,0.68911098,0.68911098,0.68911098
1691678782000,0.6893,0.6893,0.6893
1691678783000,0.6893,0.6893,0.6893
1691678784000,0.6893,0.6893,0.6893
1691678785000,0.6893,0.6893,0.6893
1691678786000,0.68945025,0.68945025,0.68945025
1691678787000,0.6895,0.6895,0.6895
1691678788000,0.6895567,0.6895567,0.6895567
1691678789000,0.6895567,0.6895567,0.6895567
1691678790000,0.6896,0.6896,0.6896
1691678791000,0.6896,0.6896,0.6896
1691678792000,0.6895,0.6895,0.6895
1691678793000,0.6895,0.6895,0.6895
1691678794000,0.6894,0.6894,0.6894
1691678795000,0.6894,0.6894,0.6894
1691678796000,0.6894,0.6894,0.6894
1691678797000,0.6894,0.6894,0.6894
1691678798000,0.6894,0.6894,0.6894
1691678799000,0.6894,0.6894,0.6894
1691678800000,0.6893,0.6893,0.6893
1691678801000,0.6895,0.6895,0.6895
1691678802000,0.6895,0.6895,0.6895
1691678803000,0.6896,0.6896,0.6896
1691678804000,0.6896,0.6896,0.6896
1691678805000,0.6896,0.6896,0.6896
1691678806000,0.68972393,0.68972393,0.68972393
1691678807000,0.6898,0.6898,0.6898
1691678808000,0.6899,0.6899,0.6899
1691678809000,0.6899,0.6899,0.6899
1691678810000,0.6899,0.6899,0.6899
1691678811000,0.6899,0.6899,0.6899
1691678812000,0.69,0.69,0.69
1691678813000,0.69,0.69,0.69
1691678814000,0.69,0.69,0.69
1691678815000,0.69,0.69,0.69
1691678816000,0.6901,0.6901,0.6901
1691678817000,0.6901,0.6901,0.6901
1691678818000,0.6901,0.6901,0.6901
1691678819000,0.6902,0.6902,0.6902
1691678820000,0.6902,0.6902,0.6902
1691678821000,0.6901,0.6901,0.6901
1691678822000,0.6901,0.6901,0.6901
1691678823000,0.69,0.69,0.69
1691678824000,0.69,0.69,0.69
1691678825000,0.6899,0.6899,0.6899
1691678826000,0.69,0.69,0.69
1691678827000,0.69,0.69,0.69
1691678828000,0.69,0.69,0.69
1691678829000,0.69,0.69,0.69
1691678830000,0.69,0.69,0.69
1691678831000,0.69,0.69,0.69
1691678832000,0.6901,0.6901,0.6901
1691678833000,0.6901,0.6901,0.6901
1691678834000,0.69009926,0.69009926,0.69009926
1691678835000,0.69009998,0.69009998,0.69009998
1691678836000,0.6901,0.6901,0.6901
1691678837000,0.69018713,0.69018713,0.69018713
1691678838000,0.69018709,0.69018709,0.69018709
1691678839000,0.69018637,0.69018637,0.69018637
1691678840000,0.6901,0.6901,0.6901
1691678841000,0.6902,0.6902,0.6902
1691678842000,0.69019377,0.69019377,0.69019377
1691678843000,0.69019373,0.69019373,0.69019373
1691678844000,0.69019373,0.69019373,0.69019373
1691678845000,0.6902,0.6902,0.6902
1691678846000,0.6902,0.6902,0.6902
1691678847000,0.6903,0.6903,0.6903
1691678848000,0.69039783,0.69039783,0.69039783
1691678849000,0.69039786,0.69039786,0.69039786
1691678850000,0.6904363,0.6904363,0.6904363
1691678851000,0.69044414,0.69044414,0.69044414
1691678852000,0.6904,0.6904,0.6904
1691678853000,0.6904,0.6904,0.6904
1691678854000,0.6904,0.6904,0.6904
1691678855000,0.69043111,0.69043111,0.69043111
1691678856000,0.69043111,0.69043111,0.69043111
1691678857000,0.69043111,0.69043111,0.69043111
1691678858000,0.69043033,0.69043033,0.69043033
1691678859000,0.6904,0.6904,0.6904
1691678860000,0.6904,0.6904,0.6904
1691678861000,0.6903,0.6903,0.6903
1691678862000,0.6903,0.6903,0.6903
1691678863000,0.6903,0.6903,0.6903
1691678864000,0.6902,0.6902,0.6902
1691678865000,0.6901,0.6901,0.6901
1691678866000,0.69004793,0.69004793,0.69004793
1691678867000,0.69,0.69,0.69
1691678868000,0.69,0.69,0.69
1691678869000,0.69,0.69,0.69
1691678870000,0.69,0.69,0.69
1691678871000,0.69,0.69,0.69
1691678872000,0.69,0.69,0.69
1691678873000,0.69,0.69,0.69
1691678874000,0.69,0.69,0.69
1691678875000,0.69,0.69,0.69
1691678876000,0.6901,0.6901,0.6901
1691678877000,0.69,0.69,0.69
1691678878000,0.68992545,0.68992545,0.68992545
1691678879000,0.68983438,0.68983438,0.68983438
1691678880000,0.68979249,0.68979249,0.68979249
1691678881000,0.68967595,0.68967595,0.68967595
1691678882000,0.6897,0.6897,0.6897
1691678883000,0.6897,0.6897,0.6897
1691678884000,0.6897,0.6897,0.6897
1691678885000,0.6897,0.6897,0.6897
1691678886000,0.68971762,0.68971762,0.68971762
1691678887000,0.68971759,0.68971759,0.68971759
1691678888000,0.68971759,0.68971759,0.68971759
1691678889000,0.6898,0.6898,0.6898
1691678890000,0.6897,0.6897,0.6897
1691678891000,0.6897,0.6897,0.6897
1691678892000,0.6899,0.6899,0.6899
1691678893000,0.69,0.69,0.69
1691678894000,0.6900859,0.6900859,0.6900859
1691678895000,0.69009349,0.69009349,0.69009349
1691678896000,0.6900932,0.6900932,0.6900932
1691678897000,0.6901,0.6901,0.6901
1691678898000,0.6901,0.6901,0.6901
1691678899000,0.6901,0.6901,0.6901
1691678900000,0.68995019,0.68995019,0.68995019
1691678901000,0.6899023,0.6899023,0.6899023
1691678902000,0.68989933,0.68989933,0.68989933
1691678903000,0.68989933,0.68989933,0.68989933
1691678904000,0.68990008,0.68990008,0.68990008
1691678905000,0.68989933,0.68989933,0.68989933
1691678906000,0.68985585,0.68985585,0.68985585
1691678907000,0.68985488,0.68985488,0.68985488
1691678908000,0.68985492,0.68985492,0.68985492
1691678909000,0.68985488,0.68985488,0.68985488
1691678910000,0.68985488,0.68985488,0.68985488
1691678911000,0.68985488,0.68985488,0.68985488
1691678912000,0.68985488,0.68985488,0.68985488
1691678913000,0.68971673,0.68971673,0.68971673
1691678914000,0.68967828,0.68967828,0.68967828
1691678915000,0.68967828,0.68967828,0.68967828
1691678916000,0.68967828,0.68967828,0.68967828
1691678917000,0.68952636,0.68952636,0.68952636
1691678918000,0.68946401,0.68946401,0.68946401
1691678919000,0.68946401,0.68946401,0.68946401
1691678920000,0.68946401,0.68946401,0.68946401
1691678921000,0.68939669,0.68939669,0.68939669
1691678922000,0.68934703,0.68934703,0.68934703
1691678923000,0.689347,0.689347,0.689347
1691678924000,0.68934799,0.68934799,0.68934799
1691678925000,0.68934724,0.68934724,0.68934724
1691678926000,0.68934724,0.68934724,0.68934724
1691678927000,0.68933124,0.68933124,0.68933124
1691678928000,0.68928767,0.68928767,0.68928767
1691678929000,0.68933115,0.68933115,0.68933115
1691678930000,0.68928114,0.68928114,0.68928114
1691678931000,0.68928114,0.68928114,0.68928114
1691678932000,0.68932537,0.68932537,0.68932537
1691678933000,0.68932537,0.68932537,0.68932537
1691678934000,0.68930997,0.68930997,0.68930997
1691678935000,0.68935346,0.68935346,0.68935346
1691678936000,0.68935346,0.68935346,0.68935346
1691678937000,0.68931002,0.68931002,0.68931002
1691678938000,0.68930998,0.68930998,0.68930998
1691678939000,0.68930998,0.68930998,0.68930998
1691678940000,0.6892839,0.6892839,0.6892839
1691678941000,0.68927821,0.68927821,0.68927821
1691678942000,0.68919125,0.68919125,0.68919125
1691678943000,0.689192,0.689192,0.689192
1691678944000,0.68917907,0.68917907,0.68917907
1691678945000,0.68917907,0.68917907,0.68917907
1691678946000,0.68917203,0.68917203,0.68917203
1691678947000,0.68917203,0.68917203,0.68917203
1691678948000,0.68916983,0.68916983,0.68916983
1691678949000,0.68910949,0.68910949,0.68910949
1691678950000,0.68910949,0.68910949,0.68910949
1691678951000,0.68896277,0.68896277,0.68896277
1691678952000,0.6889176,0.6889176,0.6889176
1691678953000,0.68891757,0.68891757,0.68891757
1691678954000,0.68894387,0.68894387,0.68894387
1691678955000,0.68894323,0.68894323,0.68894323
1691678956000,0.68894323,0.68894323,0.68894323
1691678957000,0.68893447,0.68893447,0.68893447
1691678958000,0.68891084,0.68891084,0.68891084
1691678959000,0.68890503,0.68890503,0.68890503
1691678960000,0.68877896,0.68877896,0.68877896
1691678961000,0.68877896,0.68877896,0.68877896
1691678962000,0.68875287,0.68875287,0.68875287
1691678963000,0.68874429,0.68874429,0.68874429
1691678964000,0.68867098,0.68867098,0.68867098
1691678965000,0.68861777,0.68861777,0.68861777
1691678966000,0.68856991,0.68856991,0.68856991
1691678967000,0.68857643,0.68857643,0.68857643
1691678968000,0.68857026,0.68857026,0.68857026
1691678969000,0.68853111,0.68853111,0.68853111
1691678970000,0.68854817,0.68854817,0.68854817
1691678971000,0.68872483,0.68872483,0.68872483
1691678972000,0.68872129,0.68872129,0.68872129
1691678973000,0.6888,0.6888,0.6888
1691678974000,0.6888,0.6888,0.6888
1691678975000,0.688783,0.688783,0.688783
1691678976000,0.6888,0.6888,0.6888
1691678977000,0.689,0.689,0.689
1691678978000,0.6889,0.6889,0.6889
1691678979000,0.6889,0.6889,0.6889
1691678980000,0.689,0.689,0.689
1691678981000,0.6888,0.6888,0.6888
1691678982000,0.68877626,0.68877626,0.68877626
1691678983000,0.68876331,0.68876331,0.68876331
1691678984000,0.68876308,0.68876308,0.68876308
1691678985000,0.68876884,0.68876884,0.68876884
1691678986000,0.68876884,0.68876884,0.68876884
1691678987000,0.68876884,0.68876884,0.68876884
1691678988000,0.6888,0.6888,0.6888
1691678989000,0.6888,0.6888,0.6888
1691678990000,0.6888,0.6888,0.6888
1691678991000,0.68881666,0.68881666,0.68881666
1691678992000,0.68881663,0.68881663,0.68881663
1691678993000,0.68881663,0.68881663,0.68881663
1691678994000,0.68881663,0.68881663,0.68881663
1691678995000,0.68881663,0.68881663,0.68881663
1691678996000,0.68877208,0.68877208,0.68877208
1691678997000,0.68877208,0.68877208,0.68877208
1691678998000,0.68877208,0.68877208,0.68877208
1691678999000,0.68877205,0.68877205,0.68877205
1691679000000,0.68877267,0.68877267,0.68877267
1691679001000,0.68876821,0.68876821,0.68876821
1691679002000,0.6887606,0.6887606,0.6887606
1691679003000,0.6888,0.6888,0.6888
1691679004000,0.6887606,0.6887606,0.6887606
1691679005000,0.6888042,0.6888042,0.6888042
1691679006000,0.68880345,0.68880345,0.68880345
1691679007000,0.68880482,0.68880482,0.68880482
1691679008000,0.68880557,0.68880557,0.68880557
1691679009000,0.68880557,0.68880557,0.68880557
1691679010000,0.68880381,0.68880381,0.68880381
1691679011000,0.68880306,0.68880306,0.68880306
1691679012000,0.68880117,0.68880117,0.68880117
1691679013000,0.68880117,0.68880117,0.68880117
1691679014000,0.68880117,0.68880117,0.68880117
1691679015000,0.6888,0.6888,0.6888
1691679016000,0.6888,0.6888,0.6888
1691679017000,0.689,0.689,0.689
1691679018000,0.6891,0.6891,0.6891
1691679019000,0.6892,0.6892,0.6892
1691679020000,0.68922939,0.68922939,0.68922939
1691679021000,0.68924243,0.68924243,0.68924243
1691679022000,0.6892424,0.6892424,0.6892424
1691679023000,0.6893,0.6893,0.6893
1691679024000,0.68920339,0.68920339,0.68920339
1691679025000,0.68920365,0.68920365,0.68920365
1691679026000,0.6892,0.6892,0.6892
1691679027000,0.68920016,0.68920016,0.68920016
1691679028000,0.6893,0.6893,0.6893
1691679029000,0.68922785,0.68922785,0.68922785
1691679030000,0.68922698,0.68922698,0.68922698
1691679031000,0.6893,0.6893,0.6893
1691679032000,0.6893,0.6893,0.6893
1691679033000,0.6894,0.6894,0.6894
1691679034000,0.6894,0.6894,0.6894
1691679035000,0.6894,0.6894,0.6894
1691679036000,0.6894,0.6894,0.6894
1691679037000,0.6894,0.6894,0.6894
1691679038000,0.6894,0.6894,0.6894
1691679039000,0.6894,0.6894,0.6894
1691679040000,0.6892826,0.6892826,0.6892826
1691679041000,0.6892826,0.6892826,0.6892826
1691679042000,0.68917731,0.68917731,0.68917731
1691679043000,0.68917806,0.68917806,0.68917806
1691679044000,0.68917806,0.68917806,0.68917806
1691679045000,0.68913455,0.68913455,0.68913455
1691679046000,0.68912173,0.68912173,0.68912173
1691679047000,0.68912173,0.68912173,0.68912173
1691679048000,0.68912248,0.68912248,0.68912248
1691679049000,0.6892,0.6892,0.6892
1691679050000,0.6892,0.6892,0.6892
1691679051000,0.6892,0.6892,0.6892
1691679052000,0.6892,0.6892,0.6892
1691679053000,0.6892,0.6892,0.6892
1691679054000,0.6892,0.6892,0.6892
1691679055000,0.6892,0.6892,0.6892
1691679056000,0.6892,0.6892,0.6892
1691679057000,0.68915944,0.68915944,0.68915944
1691679058000,0.68915944,0.68915944,0.68915944
1691679059000,0.68915288,0.68915288,0.68915288
1691679060000,0.68913909,0.68913909,0.68913909
1691679061000,0.68903588,0.68903588,0.68903588
1691679062000,0.68903442,0.68903442,0.68903442
1691679063000,0.68903091,0.68903091,0.68903091
1691679064000,0.68903095,0.68903095,0.68903095
1691679065000,0.68902347,0.68902347,0.68902347
1691679066000,0.68902421,0.68902421,0.68902421
1691679067000,0.68893726,0.68893726,0.68893726
1691679068000,0.68893153,0.68893153,0.68893153
1691679069000,0.68893078,0.68893078,0.68893078
1691679070000,0.68893153,0.68893153,0.68893153
1691679071000,0.689,0.689,0.689
1691679072000,0.6891,0.6891,0.6891
1691679073000,0.6892,0.6892,0.6892
1691679074000,0.6893,0.6893,0.6893
1691679075000,0.6894,0.6894,0.6894
1691679076000,0.6893,0.6893,0.6893
1691679077000,0.6893,0.6893,0.6893
1691679078000,0.6892,0.6892,0.6892
1691679079000,0.6892,0.6892,0.6892
1691679080000,0.6893,0.6893,0.6893
1691679081000,0.6893,0.6893,0.6893
1691679082000,0.6893,0.6893,0.6893
1691679083000,0.6892,0.6892,0.6892
1691679084000,0.6892,0.6892,0.6892
1691679085000,0.6892,0.6892,0.6892
1691679086000,0.6893,0.6893,0.6893
1691679087000,0.6893,0.6893,0.6893
1691679088000,0.6893,0.6893,0.6893
1691679089000,0.6893,0.6893,0.6893
1691679090000,0.6892,0.6892,0.6892
1691679091000,0.6893,0.6893,0.6893
1691679092000,0.6892,0.6892,0.6892
1691679093000,0.6892,0.6892,0.6892
1691679094000,0.6892,0.6892,0.6892
1691679095000,0.6892,0.6892,0.6892
1691679096000,0.6892,0.6892,0.6892
1691679097000,0.6892,0.6892,0.6892
1691679098000,0.6891,0.6891,0.6891
1691679099000,0.6891,0.6891,0.6891
1691679100000,0.6891,0.6891,0.6891
1691679101000,0.6891,0.6891,0.6891
1691679102000,0.6891,0.6891,0.6891
1691679103000,0.6891,0.6891,0.6891
1691679104000,0.6891,0.6891,0.6891
1691679105000,0.68908068,0.68908068,0.68908068
1691679106000,0.6891,0.6891,0.6891
1691679107000,0.6891,0.6891,0.6891
1691679108000,0.68903439,0.68903439,0.68903439
1691679109000,0.6892,0.6892,0.6892
1691679110000,0.6892,0.6892,0.6892
1691679111000,0.68939619,0.68939619,0.68939619
1691679112000,0.6894,0.6894,0.6894
1691679113000,0.6894,0.6894,0.6894
1691679114000,0.6894,0.6894,0.6894
1691679115000,0.6892,0.6892,0.6892
1691679116000,0.6892,0.6892,0.6892
1691679117000,0.6891,0.6891,0.6891
1691679118000,0.6891,0.6891,0.6891
1691679119000,0.6892,0.6892,0.6892
1691679120000,0.6892,0.6892,0.6892
1691679121000,0.68902246,0.68902246,0.68902246
1691679122000,0.68877427,0.68877427,0.68877427
1691679123000,0.68876327,0.68876327,0.68876327
1691679124000,0.68876327,0.68876327,0.68876327
1691679125000,0.68875861,0.68875861,0.68875861
1691679126000,0.6888016,0.6888016,0.6888016
1691679127000,0.6889,0.6889,0.6889
1691679128000,0.689,0.689,0.689
1691679129000,0.689,0.689,0.689
1691679130000,0.6891,0.6891,0.6891
1691679131000,0.6891,0.6891,0.6891
1691679132000,0.6891,0.6891,0.6891
1691679133000,0.6891,0.6891,0.6891
1691679134000,0.6891,0.6891,0.6891
1691679135000,0.6892,0.6892,0.6892
1691679136000,0.6893,0.6893,0.6893
1691679137000,0.6893,0.6893,0.6893
1691679138000,0.6894,0.6894,0.6894
1691679139000,0.6894,0.6894,0.6894
1691679140000,0.6894,0.6894,0.6894
1691679141000,0.6894,0.6894,0.6894
1691679142000,0.6894,0.6894,0.6894
1691679143000,0.68949593,0.68949593,0.68949593
1691679144000,0.6894,0.6894,0.6894
1691679145000,0.6894,0.6894,0.6894
1691679146000,0.68950292,0.68950292,0.68950292
1691679147000,0.68954562,0.68954562,0.68954562
1691679148000,0.68967986,0.68967986,0.68967986
1691679149000,0.68967907,0.68967907,0.68967907
1691679150000,0.6897,0.6897,0.6897
1691679151000,0.6896,0.6896,0.6896
1691679152000,0.6896,0.6896,0.6896
1691679153000,0.6896,0.6896,0.6896
1691679154000,0.6895,0.6895,0.6895
1691679155000,0.6895,0.6895,0.6895
1691679156000,0.6895,0.6895,0.6895
1691679157000,0.6895,0.6895,0.6895
1691679158000,0.6895,0.6895,0.6895
1691679159000,0.6896,0.6896,0.6896
1691679160000,0.6897,0.6897,0.6897
1691679161000,0.6896,0.6896,0.6896
1691679162000,0.6896,0.6896,0.6896
1691679163000,0.6896,0.6896,0.6896
1691679164000,0.6896,0.6896,0.6896
1691679165000,0.6896,0.6896,0.6896
1691679166000,0.6897,0.6897,0.6897
1691679167000,0.6897,0.6897,0.6897
1691679168000,0.6897,0.6897,0.6897
1691679169000,0.6898,0.6898,0.6898
1691679170000,0.6898,0.6898,0.6898
1691679171000,0.6899,0.6899,0.6899
1691679172000,0.6899,0.6899,0.6899
1691679173000,0.6899,0.6899,0.6899
1691679174000,0.69,0.69,0.69
1691679175000,0.6899,0.6899,0.6899
1691679176000,0.6899,0.6899,0.6899
1691679177000,0.6899,0.6899,0.6899
1691679178000,0.69,0.69,0.69
1691679179000,0.69,0.69,0.69
1691679180000,0.69,0.69,0.69
1691679181000,0.69,0.69,0.69
1691679182000,0.69,0.69,0.69
1691679183000,0.68991078,0.68991078,0.68991078
1691679184000,0.68991463,0.68991463,0.68991463
1691679185000,0.6899,0.6899,0.6899
1691679186000,0.6899,0.6899,0.6899
1691679187000,0.68982163,0.68982163,0.68982163
1691679188000,0.6899,0.6899,0.6899
1691679189000,0.69,0.69,0.69
1691679190000,0.69,0.69,0.69
1691679191000,0.6901,0.6901,0.6901
1691679192000,0.69,0.69,0.69
1691679193000,0.6899,0.6899,0.6899
1691679194000,0.6899,0.6899,0.6899
1691679195000,0.6898,0.6898,0.6898
1691679196000,0.6898,0.6898,0.6898
1691679197000,0.68978436,0.68978436,0.68978436
1691679198000,0.68978511,0.68978511,0.68978511
1691679199000,0.68978511,0.68978511,0.68978511
1691679200000,0.6897,0.6897,0.6897
1691679201000,0.68966098,0.68966098,0.68966098
1691679202000,0.68951334,0.68951334,0.68951334
1691679203000,0.68955178,0.68955178,0.68955178
1691679204000,0.68955223,0.68955223,0.68955223
1691679205000,0.68955223,0.68955223,0.68955223
1691679206000,0.68954919,0.68954919,0.68954919
1691679207000,0.68953626,0.68953626,0.68953626
1691679208000,0.68953626,0.68953626,0.68953626
1691679209000,0.68940114,0.68940114,0.68940114
1691679210000,0.68939296,0.68939296,0.68939296
1691679211000,0.68938937,0.68938937,0.68938937
1691679212000,0.68938862,0.68938862,0.68938862
1691679213000,0.68938862,0.68938862,0.68938862
1691679214000,0.68938862,0.68938862,0.68938862
1691679215000,0.68938937,0.68938937,0.68938937
1691679216000,0.68935027,0.68935027,0.68935027
1691679217000,0.68935039,0.68935039,0.68935039
1691679218000,0.68935039,0.68935039,0.68935039
1691679219000,0.68935039,0.68935039,0.68935039
1691679220000,0.68934964,0.68934964,0.68934964
1691679221000,0.68934961,0.68934961,0.68934961
1691679222000,0.68935094,0.68935094,0.68935094
1691679223000,0.68926398,0.68926398,0.68926398
1691679224000,0.68926398,0.68926398,0.68926398
1691679225000,0.68930143,0.68930143,0.68930143
1691679226000,0.68924738,0.68924738,0.68924738
1691679227000,0.68924738,0.68924738,0.68924738
1691679228000,0.68920332,0.68920332,0.68920332
1691679229000,0.68920332,0.68920332,0.68920332
1691679230000,0.68920404,0.68920404,0.68920404
1691679231000,0.68920404,0.68920404,0.68920404
1691679232000,0.68918944,0.68918944,0.68918944
1691679233000,0.68918776,0.68918776,0.68918776
1691679234000,0.68919383,0.68919383,0.68919383
1691679235000,0.68919386,0.68919386,0.68919386
1691679236000,0.68925245,0.68925245,0.68925245
1691679237000,0.68885705,0.68885705,0.68885705
1691679238000,0.68885783,0.68885783,0.68885783
1691679239000,0.68890283,0.68890283,0.68890283
1691679240000,0.68890283,0.68890283,0.68890283
1691679241000,0.68890211,0.68890211,0.68890211
1691679242000,0.68876014,0.68876014,0.68876014
1691679243000,0.68871563,0.68871563,0.68871563
1691679244000,0.68871236,0.68871236,0.68871236
1691679245000,0.68871314,0.68871314,0.68871314
1691679246000,0.68871236,0.68871236,0.68871236
1691679247000,0.68870544,0.68870544,0.68870544
1691679248000,0.68870735,0.68870735,0.68870735
1691679249000,0.6887,0.6887,0.6887
1691679250000,0.6887,0.6887,0.6887
1691679251000,0.6887,0.6887,0.6887
1691679252000,0.68878555,0.68878555,0.68878555
1691679253000,0.68878555,0.68878555,0.68878555
1691679254000,0.68878555,0.68878555,0.68878555
1691679255000,0.6887872,0.6887872,0.6887872
1691679256000,0.68879732,0.68879732,0.68879732
1691679257000,0.68879735,0.68879735,0.68879735
1691679258000,0.68879735,0.68879735,0.68879735
1691679259000,0.68879735,0.68879735,0.68879735
1691679260000,0.68879732,0.68879732,0.68879732
1691679261000,0.68876399,0.68876399,0.68876399
1691679262000,0.68876399,0.68876399,0.68876399
1691679263000,0.68880746,0.68880746,0.68880746
1691679264000,0.68880746,0.68880746,0.68880746
1691679265000,0.68881353,0.68881353,0.68881353
1691679266000,0.68881073,0.68881073,0.68881073
1691679267000,0.68881514,0.68881514,0.68881514
1691679268000,0.68881589,0.68881589,0.68881589
1691679269000,0.68880862,0.68880862,0.68880862
1691679270000,0.68880862,0.68880862,0.68880862
1691679271000,0.68880859,0.68880859,0.68880859
1691679272000,0.6888094,0.6888094,0.6888094
1691679273000,0.68880834,0.68880834,0.68880834
1691679274000,0.68880834,0.68880834,0.68880834
1691679275000,0.68880834,0.68880834,0.68880834
1691679276000,0.68880909,0.68880909,0.68880909
1691679277000,0.68880909,0.68880909,0.68880909
1691679278000,0.68880587,0.68880587,0.68880587
1691679279000,0.68880587,0.68880587,0.68880587
1691679280000,0.68880587,0.68880587,0.68880587
1691679281000,0.6888059,0.6888059,0.6888059
1691679282000,0.6888059,0.6888059,0.6888059
1691679283000,0.68880237,0.68880237,0.68880237
1691679284000,0.68880237,0.68880237,0.68880237
1691679285000,0.68875889,0.68875889,0.68875889
1691679286000,0.68875889,0.68875889,0.68875889
1691679287000,0.68874476,0.68874476,0.68874476
1691679288000,0.68874476,0.68874476,0.68874476
1691679289000,0.68865334,0.68865334,0.68865334
1691679290000,0.68860117,0.68860117,0.68860117
1691679291000,0.68860117,0.68860117,0.68860117
1691679292000,0.68860117,0.68860117,0.68860117
1691679293000,0.68860117,0.68860117,0.68860117
1691679294000,0.68860223,0.68860223,0.68860223
1691679295000,0.68860223,0.68860223,0.68860223
1691679296000,0.68860223,0.68860223,0.68860223
1691679297000,0.68859698,0.68859698,0.68859698
1691679298000,0.68859695,0.68859695,0.68859695
1691679299000,0.68864046,0.68864046,0.68864046
1691679300000,0.68863647,0.68863647,0.68863647
1691679301000,0.68863647,0.68863647,0.68863647
1691679302000,0.68863647,0.68863647,0.68863647
1691679303000,0.68863538,0.68863538,0.68863538
1691679304000,0.68863541,0.68863541,0.68863541
1691679305000,0.68863345,0.68863345,0.68863345
1691679306000,0.68863946,0.68863946,0.68863946
1691679307000,0.68864372,0.68864372,0.68864372
1691679308000,0.68864372,0.68864372,0.68864372
1691679309000,0.6887,0.6887,0.6887
1691679310000,0.6888,0.6888,0.6888
1691679311000,0.68880894,0.68880894,0.68880894
1691679312000,0.68880894,0.68880894,0.68880894
1691679313000,0.68880894,0.68880894,0.68880894
1691679314000,0.68881292,0.68881292,0.68881292
1691679315000,0.68881292,0.68881292,0.68881292
1691679316000,0.688765,0.688765,0.688765
1691679317000,0.688765,0.688765,0.688765
1691679318000,0.6888,0.6888,0.6888
1691679319000,0.6888,0.6888,0.6888
1691679320000,0.68885073,0.68885073,0.68885073
1691679321000,0.68885073,0.68885073,0.68885073
1691679322000,0.68884771,0.68884771,0.68884771
1691679323000,0.68884771,0.68884771,0.68884771
1691679324000,0.68885062,0.68885062,0.68885062
1691679325000,0.68885133,0.68885133,0.68885133
1691679326000,0.68885133,0.68885133,0.68885133
1691679327000,0.68884941,0.68884941,0.68884941
1691679328000,0.68884788,0.68884788,0.68884788
1691679329000,0.68884788,0.68884788,0.68884788
1691679330000,0.68886017,0.68886017,0.68886017
1691679331000,0.68886092,0.68886092,0.68886092
1691679332000,0.68886092,0.68886092,0.68886092
1691679333000,0.6888612,0.6888612,0.6888612
1691679334000,0.68886123,0.68886123,0.68886123
1691679335000,0.68879174,0.68879174,0.68879174
1691679336000,0.6887098,0.6887098,0.6887098
1691679337000,0.6887098,0.6887098,0.6887098
1691679338000,0.68880457,0.68880457,0.68880457
1691679339000,0.68880457,0.68880457,0.68880457
1691679340000,0.68884805,0.68884805,0.68884805
1691679341000,0.6889,0.6889,0.6889
1691679342000,0.68885431,0.68885431,0.68885431
1691679343000,0.68889978,0.68889978,0.68889978
1691679344000,0.6889,0.6889,0.6889
1691679345000,0.6889,0.6889,0.6889
1691679346000,0.6889,0.6889,0.6889
1691679347000,0.6889,0.6889,0.6889
1691679348000,0.68890384,0.68890384,0.68890384
1691679349000,0.689,0.689,0.689
1691679350000,0.689,0.689,0.689
1691679351000,0.68894232,0.68894232,0.68894232
1691679352000,0.689,0.689,0.689
1691679353000,0.689,0.689,0.689
1691679354000,0.689,0.689,0.689
1691679355000,0.689,0.689,0.689
1691679356000,0.689,0.689,0.689
1691679357000,0.689,0.689,0.689
1691679358000,0.68894739,0.68894739,0.68894739
1691679359000,0.6889472,0.6889472,0.6889472
1691679360000,0.68894576,0.68894576,0.68894576
1691679361000,0.68903268,0.68903268,0.68903268
1691679362000,0.68903268,0.68903268,0.68903268
1691679363000,0.68903284,0.68903284,0.68903284
1691679364000,0.68903404,0.68903404,0.68903404
1691679365000,0.68903404,0.68903404,0.68903404
1691679366000,0.68904077,0.68904077,0.68904077
1691679367000,0.68905307,0.68905307,0.68905307
1691679368000,0.6891,0.6891,0.6891
1691679369000,0.6892,0.6892,0.6892
1691679370000,0.6892,0.6892,0.6892
1691679371000,0.6892,0.6892,0.6892
1691679372000,0.6893,0.6893,0.6893
1691679373000,0.6893,0.6893,0.6893
1691679374000,0.6892,0.6892,0.6892
1691679375000,0.6892,0.6892,0.6892
1691679376000,0.6892,0.6892,0.6892
1691679377000,0.68916793,0.68916793,0.68916793
1691679378000,0.6891679,0.6891679,0.6891679
1691679379000,0.6891679,0.6891679,0.6891679
1691679380000,0.68912468,0.68912468,0.68912468
1691679381000,0.6892,0.6892,0.6892
1691679382000,0.6892,0.6892,0.6892
1691679383000,0.689171,0.689171,0.689171
1691679384000,0.6893,0.6893,0.6893
1691679385000,0.6893,0.6893,0.6893
1691679386000,0.6893,0.6893,0.6893
1691679387000,0.6893,0.6893,0.6893
1691679388000,0.6893,0.6893,0.6893
1691679389000,0.6890852,0.6890852,0.6890852
1691679390000,0.6890852,0.6890852,0.6890852
1691679391000,0.6890852,0.6890852,0.6890852
1691679392000,0.6890852,0.6890852,0.6890852
1691679393000,0.6890975,0.6890975,0.6890975
1691679394000,0.68909413,0.68909413,0.68909413
1691679395000,0.6890939,0.6890939,0.6890939
1691679396000,0.6890939,0.6890939,0.6890939
1691679397000,0.68909393,0.68909393,0.68909393
1691679398000,0.6890939,0.6890939,0.6890939
1691679399000,0.68907661,0.68907661,0.68907661
1691679400000,0.68907592,0.68907592,0.68907592
1691679401000,0.68907592,0.68907592,0.68907592
1691679402000,0.6890752,0.6890752,0.6890752
1691679403000,0.68907517,0.68907517,0.68907517
1691679404000,0.68907517,0.68907517,0.68907517
1691679405000,0.68907089,0.68907089,0.68907089
1691679406000,0.68902742,0.68902742,0.68902742
1691679407000,0.68902742,0.68902742,0.68902742
1691679408000,0.68902816,0.68902816,0.68902816
1691679409000,0.68902813,0.68902813,0.68902813
1691679410000,0.68906438,0.68906438,0.68906438
1691679411000,0.68906438,0.68906438,0.68906438
1691679412000,0.68906438,0.68906438,0.68906438
1691679413000,0.68905136,0.68905136,0.68905136
1691679414000,0.68905133,0.68905133,0.68905133
1691679415000,0.68905035,0.68905035,0.68905035
1691679416000,0.68904173,0.68904173,0.68904173
1691679417000,0.68904173,0.68904173,0.68904173
1691679418000,0.68908518,0.68908518,0.68908518
1691679419000,0.68908518,0.68908518,0.68908518
1691679420000,0.68908515,0.68908515,0.68908515
1691679421000,0.68908239,0.68908239,0.68908239
1691679422000,0.68908239,0.68908239,0.68908239
1691679423000,0.68908317,0.68908317,0.68908317
1691679424000,0.68908314,0.68908314,0.68908314
1691679425000,0.6890701,0.6890701,0.6890701
1691679426000,0.68906844,0.68906844,0.68906844
1691679427000,0.6890617,0.6890617,0.6890617
1691679428000,0.68906098,0.68906098,0.68906098
1691679429000,0.6892,0.6892,0.6892
1691679430000,0.6893,0.6893,0.6893
1691679431000,0.6893,0.6893,0.6893
1691679432000,0.6893,0.6893,0.6893
1691679433000,0.6893,0.6893,0.6893
1691679434000,0.68925475,0.68925475,0.68925475
1691679435000,0.68925397,0.68925397,0.68925397
1691679436000,0.6894,0.6894,0.6894
1691679437000,0.6894,0.6894,0.6894
1691679438000,0.6894,0.6894,0.6894
1691679439000,0.6894,0.6894,0.6894
1691679440000,0.6894,0.6894,0.6894
1691679441000,0.6894,0.6894,0.6894
1691679442000,0.6895,0.6895,0.6895
1691679443000,0.6894,0.6894,0.6894
1691679444000,0.6894,0.6894,0.6894
1691679445000,0.6895,0.6895,0.6895
1691679446000,0.6895,0.6895,0.6895
1691679447000,0.6896,0.6896,0.6896
1691679448000,0.6895,0.6895,0.6895
1691679449000,0.6896,0.6896,0.6896
1691679450000,0.6897,0.6897,0.6897
1691679451000,0.6897,0.6897,0.6897
1691679452000,0.6897,0.6897,0.6897
1691679453000,0.6897,0.6897,0.6897
1691679454000,0.6897,0.6897,0.6897
1691679455000,0.6897,0.6897,0.6897
1691679456000,0.6896,0.6896,0.6896
1691679457000,0.6896,0.6896,0.6896
1691679458000,0.6896,0.6896,0.6896
1691679459000,0.6896,0.6896,0.6896
1691679460000,0.6896,0.6896,0.6896
1691679461000,0.6896,0.6896,0.6896
1691679462000,0.6896,0.6896,0.6896
1691679463000,0.6896,0.6896,0.6896
1691679464000,0.68956543,0.68956543,0.68956543
1691679465000,0.6896,0.6896,0.6896
1691679466000,0.6897,0.6897,0.6897
1691679467000,0.6897,0.6897,0.6897
1691679468000,0.68960336,0.68960336,0.68960336
1691679469000,0.6896,0.6896,0.6896
1691679470000,0.6896,0.6896,0.6896
1691679471000,0.68958982,0.68958982,0.68958982
1691679472000,0.68953948,0.68953948,0.68953948
1691679473000,0.68953948,0.68953948,0.68953948
1691679474000,0.6895388,0.6895388,0.6895388
1691679475000,0.6895388,0.6895388,0.6895388
1691679476000,0.6897,0.6897,0.6897
1691679477000,0.6897,0.6897,0.6897
1691679478000,0.6897,0.6897,0.6897
1691679479000,0.6897,0.6897,0.6897
1691679480000,0.6897,0.6897,0.6897
1691679481000,0.6896,0.6896,0.6896
1691679482000,0.6896,0.6896,0.6896
1691679483000,0.6896,0.6896,0.6896
1691679484000,0.6897,0.6897,0.6897
1691679485000,0.6896,0.6896,0.6896
1691679486000,0.6896,0.6896,0.6896
1691679487000,0.68964277,0.68964277,0.68964277
1691679488000,0.68964095,0.68964095,0.68964095
1691679489000,0.68964095,0.68964095,0.68964095
1691679490000,0.6897,0.6897,0.6897
1691679491000,0.69,0.69,0.69
1691679492000,0.69,0.69,0.69
1691679493000,0.69,0.69,0.69
1691679494000,0.6901,0.6901,0.6901
1691679495000,0.6901,0.6901,0.6901
1691679496000,0.6901,0.6901,0.6901
1691679497000,0.6901,0.6901,0.6901
1691679498000,0.6901,0.6901,0.6901
1691679499000,0.6901,0.6901,0.6901
1691679500000,0.6901,0.6901,0.6901
1691679501000,0.6901,0.6901,0.6901
1691679502000,0.6901,0.6901,0.6901
1691679503000,0.6901,0.6901,0.6901
1691679504000,0.6901,0.6901,0.6901
1691679505000,0.6901,0.6901,0.6901
1691679506000,0.6901,0.6901,0.6901
1691679507000,0.6901,0.6901,0.6901
1691679508000,0.6901,0.6901,0.6901
1691679509000,0.6901,0.6901,0.6901
1691679510000,0.69,0.69,0.69
1691679511000,0.69,0.69,0.69
1691679512000,0.69,0.69,0.69
1691679513000,0.68981624,0.68981624,0.68981624
1691679514000,0.68971337,0.68971337,0.68971337
1691679515000,0.6897,0.6897,0.6897
1691679516000,0.6897,0.6897,0.6897
1691679517000,0.68966158,0.68966158,0.68966158
1691679518000,0.6897,0.6897,0.6897
1691679519000,0.6897,0.6897,0.6897
1691679520000,0.6896,0.6896,0.6896
1691679521000,0.6897,0.6897,0.6897
1691679522000,0.6897,0.6897,0.6897
1691679523000,0.6896,0.6896,0.6896
1691679524000,0.6896,0.6896,0.6896
1691679525000,0.6897,0.6897,0.6897
1691679526000,0.6896,0.6896,0.6896
1691679527000,0.6897,0.6897,0.6897
1691679528000,0.6897,0.6897,0.6897
1691679529000,0.6898,0.6898,0.6898
1691679530000,0.6897,0.6897,0.6897
1691679531000,0.6898,0.6898,0.6898
1691679532000,0.6897,0.6897,0.6897
1691679533000,0.6897,0.6897,0.6897
1691679534000,0.6897,0.6897,0.6897
1691679535000,0.68963745,0.68963745,0.68963745
1691679536000,0.6896,0.6896,0.6896
1691679537000,0.68960264,0.68960264,0.68960264
1691679538000,0.68960313,0.68960313,0.68960313
1691679539000,0.68960316,0.68960316,0.68960316
1691679540000,0.68960316,0.68960316,0.68960316
1691679541000,0.6897,0.6897,0.6897
1691679542000,0.6897,0.6897,0.6897
1691679543000,0.6897,0.6897,0.6897
1691679544000,0.6897,0.6897,0.6897
1691679545000,0.6897,0.6897,0.6897
1691679546000,0.6897,0.6897,0.6897
1691679547000,0.6897,0.6897,0.6897
1691679548000,0.6897,0.6897,0.6897
1691679549000,0.68963733,0.68963733,0.68963733
1691679550000,0.68963733,0.68963733,0.68963733
1691679551000,0.68963805,0.68963805,0.68963805
1691679552000,0.68963808,0.68963808,0.68963808
1691679553000,0.68963688,0.68963688,0.68963688
1691679554000,0.68963468,0.68963468,0.68963468
1691679555000,0.68958869,0.68958869,0.68958869
1691679556000,0.68949872,0.68949872,0.68949872
1691679557000,0.68949869,0.68949869,0.68949869
1691679558000,0.68954216,0.68954216,0.68954216
1691679559000,0.68954446,0.68954446,0.68954446
1691679560000,0.68962589,0.68962589,0.68962589
1691679561000,0.68962589,0.68962589,0.68962589
1691679562000,0.68961628,0.68961628,0.68961628
1691679563000,0.68961628,0.68961628,0.68961628
1691679564000,0.68961605,0.68961605,0.68961605
1691679565000,0.68961381,0.68961381,0.68961381
1691679566000,0.68961381,0.68961381,0.68961381
1691679567000,0.6896326,0.6896326,0.6896326
1691679568000,0.6896326,0.6896326,0.6896326
1691679569000,0.68963266,0.68963266,0.68963266
1691679570000,0.68962986,0.68962986,0.68962986
1691679571000,0.68960521,0.68960521,0.68960521
1691679572000,0.68960521,0.68960521,0.68960521
1691679573000,0.68960521,0.68960521,0.68960521
1691679574000,0.68960521,0.68960521,0.68960521
1691679575000,0.68960518,0.68960518,0.68960518
1691679576000,0.68960366,0.68960366,0.68960366
1691679577000,0.6897,0.6897,0.6897
1691679578000,0.6897,0.6897,0.6897
1691679579000,0.6897,0.6897,0.6897
1691679580000,0.6897,0.6897,0.6897
1691679581000,0.6897,0.6897,0.6897
1691679582000,0.6897,0.6897,0.6897
1691679583000,0.6898,0.6898,0.6898
1691679584000,0.6898,0.6898,0.6898
1691679585000,0.6898,0.6898,0.6898
1691679586000,0.6897,0.6897,0.6897
1691679587000,0.6897,0.6897,0.6897
1691679588000,0.6897,0.6897,0.6897
1691679589000,0.6897,0.6897,0.6897
1691679590000,0.6897,0.6897,0.6897
1691679591000,0.6897,0.6897,0.6897
1691679592000,0.68969361,0.68969361,0.68969361
1691679593000,0.6897,0.6897,0.6897
1691679594000,0.6897,0.6897,0.6897
1691679595000,0.68970281,0.68970281,0.68970281
1691679596000,0.6898,0.6898,0.6898
1691679597000,0.6898,0.6898,0.6898
1691679598000,0.6898,0.6898,0.6898
1691679599000,0.6898,0.6898,0.6898
1691679600000,0.6898,0.6898,0.6898
1691679601000,0.6898,0.6898,0.6898
1691679602000,0.6899,0.6899,0.6899
1691679603000,0.6899,0.6899,0.6899
1691679604000,0.6901,0.6901,0.6901
1691679605000,0.6901,0.6901,0.6901
1691679606000,0.6901,0.6901,0.6901
1691679607000,0.6901,0.6901,0.6901
1691679608000,0.69004388,0.69004388,0.69004388
1691679609000,0.69000372,0.69000372,0.69000372
1691679610000,0.6901,0.6901,0.6901
1691679611000,0.6901,0.6901,0.6901
1691679612000,0.6900045,0.6900045,0.6900045
1691679613000,0.68988311,0.68988311,0.68988311
1691679614000,0.68987695,0.68987695,0.68987695
1691679615000,0.68987428,0.68987428,0.68987428
1691679616000,0.6899,0.6899,0.6899
1691679617000,0.68981624,0.68981624,0.68981624
1691679618000,0.68982925,0.68982925,0.68982925
1691679619000,0.6899,0.6899,0.6899
1691679620000,0.68988432,0.68988432,0.68988432
1691679621000,0.6899,0.6899,0.6899
1691679622000,0.6899,0.6899,0.6899
1691679623000,0.6899,0.6899,0.6899
1691679624000,0.6899,0.6899,0.6899
1691679625000,0.6899,0.6899,0.6899
1691679626000,0.68993919,0.68993919,0.68993919
1691679627000,0.68993916,0.68993916,0.68993916
1691679628000,0.69,0.69,0.69
1691679629000,0.69,0.69,0.69
1691679630000,0.69034264,0.69034264,0.69034264
1691679631000,0.6904,0.6904,0.6904
1691679632000,0.6904,0.6904,0.6904
1691679633000,0.6905,0.6905,0.6905
1691679634000,0.6906,0.6906,0.6906
1691679635000,0.6906,0.6906,0.6906
1691679636000,0.69054005,0.69054005,0.69054005
1691679637000,0.69058593,0.69058593,0.69058593
1691679638000,0.69067288,0.69067288,0.69067288
1691679639000,0.69067288,0.69067288,0.69067288
1691679640000,0.69070038,0.69070038,0.69070038
1691679641000,0.69070962,0.69070962,0.69070962
1691679642000,0.69071042,0.69071042,0.69071042
1691679643000,0.69071042,0.69071042,0.69071042
1691679644000,0.69071078,0.69071078,0.69071078
1691679645000,0.69071075,0.69071075,0.69071075
1691679646000,0.69071075,0.69071075,0.69071075
1691679647000,0.69061032,0.69061032,0.69061032
1691679648000,0.69061177,0.69061177,0.69061177
1691679649000,0.69061252,0.69061252,0.69061252
1691679650000,0.69063211,0.69063211,0.69063211
1691679651000,0.69063163,0.69063163,0.69063163
1691679652000,0.69063088,0.69063088,0.69063088
1691679653000,0.69062775,0.69062775,0.69062775
1691679654000,0.69062778,0.69062778,0.69062778
1691679655000,0.69066471,0.69066471,0.69066471
1691679656000,0.69066471,0.69066471,0.69066471
1691679657000,0.69061549,0.69061549,0.69061549
1691679658000,0.69061549,0.69061549,0.69061549
1691679659000,0.69056011,0.69056011,0.69056011
1691679660000,0.69043033,0.69043033,0.69043033
1691679661000,0.69043033,0.69043033,0.69043033
1691679662000,0.69043033,0.69043033,0.69043033
1691679663000,0.69036113,0.69036113,0.69036113
1691679664000,0.69034213,0.69034213,0.69034213
1691679665000,0.69034138,0.69034138,0.69034138
1691679666000,0.69034138,0.69034138,0.69034138
1691679667000,0.69034213,0.69034213,0.69034213
1691679668000,0.6903421,0.6903421,0.6903421
1691679669000,0.6904,0.6904,0.6904
1691679670000,0.6903419,0.6903419,0.6903419
1691679671000,0.6903433,0.6903433,0.6903433
1691679672000,0.69043029,0.69043029,0.69043029
1691679673000,0.69043026,0.69043026,0.69043026
1691679674000,0.69043029,0.69043029,0.69043029
1691679675000,0.69042954,0.69042954,0.69042954
1691679676000,0.6903268,0.6903268,0.6903268
1691679677000,0.69032677,0.69032677,0.69032677
1691679678000,0.6901033,0.6901033,0.6901033
1691679679000,0.6901033,0.6901033,0.6901033
1691679680000,0.6901033,0.6901033,0.6901033
1691679681000,0.6902,0.6902,0.6902
1691679682000,0.69014065,0.69014065,0.69014065
1691679683000,0.69013413,0.69013413,0.69013413
1691679684000,0.69003568,0.69003568,0.69003568
1691679685000,0.69003571,0.69003571,0.69003571
1691679686000,0.69003571,0.69003571,0.69003571
1691679687000,0.69002501,0.69002501,0.69002501
1691679688000,0.69002501,0.69002501,0.69002501
1691679689000,0.68989775,0.68989775,0.68989775
1691679690000,0.6898985,0.6898985,0.6898985
1691679691000,0.68989772,0.68989772,0.68989772
1691679692000,0.68986466,0.68986466,0.68986466
1691679693000,0.6899,0.6899,0.6899
1691679694000,0.6899,0.6899,0.6899
1691679695000,0.6901,0.6901,0.6901
1691679696000,0.6900012,0.6900012,0.6900012
1691679697000,0.69007508,0.69007508,0.69007508
1691679698000,0.69,0.69,0.69
1691679699000,0.69,0.69,0.69
1691679700000,0.6899437,0.6899437,0.6899437
1691679701000,0.6901,0.6901,0.6901
1691679702000,0.6901,0.6901,0.6901
1691679703000,0.69,0.69,0.69
1691679704000,0.69,0.69,0.69
1691679705000,0.6901,0.6901,0.6901
1691679706000,0.6901,0.6901,0.6901
1691679707000,0.6901,0.6901,0.6901
1691679708000,0.6902,0.6902,0.6902
1691679709000,0.6902,0.6902,0.6902
1691679710000,0.6902,0.6902,0.6902
1691679711000,0.6903,0.6903,0.6903
1691679712000,0.6902,0.6902,0.6902
1691679713000,0.6903,0.6903,0.6903
1691679714000,0.6903,0.6903,0.6903
1691679715000,0.6904,0.6904,0.6904
1691679716000,0.6904,0.6904,0.6904
1691679717000,0.6905,0.6905,0.6905
1691679718000,0.6905,0.6905,0.6905
1691679719000,0.6906,0.6906,0.6906
1691679720000,0.6905,0.6905,0.6905
1691679721000,0.6905,0.6905,0.6905
1691679722000,0.6905,0.6905,0.6905
1691679723000,0.6905,0.6905,0.6905
1691679724000,0.6904,0.6904,0.6904
1691679725000,0.6905,0.6905,0.6905
1691679726000,0.6906,0.6906,0.6906
1691679727000,0.6906,0.6906,0.6906
1691679728000,0.6907,0.6907,0.6907
1691679729000,0.6906,0.6906,0.6906
1691679730000,0.6905,0.6905,0.6905
1691679731000,0.6905,0.6905,0.6905
1691679732000,0.6904,0.6904,0.6904
1691679733000,0.6904,0.6904,0.6904
1691679734000,0.6904,0.6904,0.6904
1691679735000,0.6905,0.6905,0.6905
1691679736000,0.6907,0.6907,0.6907
1691679737000,0.6907,0.6907,0.6907
1691679738000,0.6908,0.6908,0.6908
1691679739000,0.6908,0.6908,0.6908
1691679740000,0.6908,0.6908,0.6908
1691679741000,0.6908,0.6908,0.6908
1691679742000,0.6908,0.6908,0.6908
1691679743000,0.691,0.691,0.691
1691679744000,0.691,0.691,0.691
1691679745000,0.691,0.691,0.691
1691679746000,0.691,0.691,0.691
1691679747000,0.691,0.691,0.691
1691679748000,0.691,0.691,0.691
1691679749000,0.691,0.691,0.691
1691679750000,0.691,0.691,0.691
1691679751000,0.69094019,0.69094019,0.69094019
1691679752000,0.691,0.691,0.691
1691679753000,0.691,0.691,0.691
1691679754000,0.691,0.691,0.691
1691679755000,0.691,0.691,0.691
1691679756000,0.69094452,0.69094452,0.69094452
1691679757000,0.69099669,0.69099669,0.69099669
1691679758000,0.69099672,0.69099672,0.69099672
1691679759000,0.69099407,0.69099407,0.69099407
1691679760000,0.691,0.691,0.691
1691679761000,0.6911,0.6911,0.6911
1691679762000,0.6911,0.6911,0.6911
1691679763000,0.691,0.691,0.691
1691679764000,0.69099336,0.69099336,0.69099336
1691679765000,0.69099949,0.69099949,0.69099949
1691679766000,0.69099949,0.69099949,0.69099949
1691679767000,0.69099949,0.69099949,0.69099949
1691679768000,0.691,0.691,0.691
1691679769000,0.69100162,0.69100162,0.69100162
1691679770000,0.69100169,0.69100169,0.69100169
1691679771000,0.69100091,0.69100091,0.69100091
1691679772000,0.69100112,0.69100112,0.69100112
1691679773000,0.69100112,0.69100112,0.69100112
1691679774000,0.69100112,0.69100112,0.69100112
1691679775000,0.69100528,0.69100528,0.69100528
1691679776000,0.69100528,0.69100528,0.69100528
1691679777000,0.69100347,0.69100347,0.69100347
1691679778000,0.6912,0.6912,0.6912
1691679779000,0.6912,0.6912,0.6912
1691679780000,0.6911,0.6911,0.6911
1691679781000,0.6912,0.6912,0.6912
1691679782000,0.6913,0.6913,0.6913
1691679783000,0.6915,0.6915,0.6915
1691679784000,0.6914,0.6914,0.6914
1691679785000,0.69122655,0.69122655,0.69122655
1691679786000,0.6913,0.6913,0.6913
1691679787000,0.69123154,0.69123154,0.69123154
1691679788000,0.69122864,0.69122864,0.69122864
1691679789000,0.6913,0.6913,0.6913
1691679790000,0.6913,0.6913,0.6913
1691679791000,0.69124663,0.69124663,0.69124663
1691679792000,0.6913,0.6913,0.6913
1691679793000,0.6913,0.6913,0.6913
1691679794000,0.6914,0.6914,0.6914
1691679795000,0.6913,0.6913,0.6913
1691679796000,0.69124297,0.69124297,0.69124297
1691679797000,0.69124103,0.69124103,0.69124103
1691679798000,0.69124106,0.69124106,0.69124106
1691679799000,0.69124106,0.69124106,0.69124106
1691679800000,0.69109862,0.69109862,0.69109862
1691679801000,0.69105949,0.69105949,0.69105949
1691679802000,0.69106024,0.69106024,0.69106024
1691679803000,0.69105348,0.69105348,0.69105348
1691679804000,0.69101,0.69101,0.69101
1691679805000,0.6911,0.6911,0.6911
1691679806000,0.69100876,0.69100876,0.69100876
1691679807000,0.69100876,0.69100876,0.69100876
1691679808000,0.69100642,0.69100642,0.69100642
1691679809000,0.69100642,0.69100642,0.69100642
1691679810000,0.69100661,0.69100661,0.69100661
1691679811000,0.69099531,0.69099531,0.69099531
1691679812000,0.69099531,0.69099531,0.69099531
1691679813000,0.69099531,0.69099531,0.69099531
1691679814000,0.69099068,0.69099068,0.69099068
1691679815000,0.69098794,0.69098794,0.69098794
1691679816000,0.691,0.691,0.691
1691679817000,0.691,0.691,0.691
1691679818000,0.69111416,0.69111416,0.69111416
1691679819000,0.69111606,0.69111606,0.69111606
1691679820000,0.69111219,0.69111219,0.69111219
1691679821000,0.69111726,0.69111726,0.69111726
1691679822000,0.69111723,0.69111723,0.69111723
1691679823000,0.6912,0.6912,0.6912
1691679824000,0.6912,0.6912,0.6912
1691679825000,0.69111599,0.69111599,0.69111599
1691679826000,0.6912,0.6912,0.6912
1691679827000,0.6912,0.6912,0.6912
1691679828000,0.6913,0.6913,0.6913
1691679829000,0.6913,0.6913,0.6913
1691679830000,0.6913,0.6913,0.6913
1691679831000,0.69130646,0.69130646,0.69130646
1691679832000,0.6913,0.6913,0.6913
1691679833000,0.6913,0.6913,0.6913
1691679834000,0.69126387,0.69126387,0.69126387
1691679835000,0.6913,0.6913,0.6913
1691679836000,0.69130829,0.69130829,0.69130829
1691679837000,0.69130904,0.69130904,0.69130904
1691679838000,0.69130904,0.69130904,0.69130904
1691679839000,0.6913,0.6913,0.6913
1691679840000,0.69136122,0.69136122,0.69136122
1691679841000,0.69136317,0.69136317,0.69136317
1691679842000,0.6913215,0.6913215,0.6913215
1691679843000,0.69132025,0.69132025,0.69132025
1691679844000,0.69132022,0.69132022,0.69132022
1691679845000,0.69132022,0.69132022,0.69132022
1691679846000,0.69132022,0.69132022,0.69132022
1691679847000,0.69131629,0.69131629,0.69131629
1691679848000,0.69131629,0.69131629,0.69131629
1691679849000,0.6914,0.6914,0.6914
1691679850000,0.6914,0.6914,0.6914
1691679851000,0.69136089,0.69136089,0.69136089
1691679852000,0.69136752,0.69136752,0.69136752
1691679853000,0.69136752,0.69136752,0.69136752
1691679854000,0.69136752,0.69136752,0.69136752
1691679855000,0.69136749,0.69136749,0.69136749
1691679856000,0.6914,0.6914,0.6914
1691679857000,0.6914,0.6914,0.6914
1691679858000,0.69136999,0.69136999,0.69136999
1691679859000,0.69137649,0.69137649,0.69137649
1691679860000,0.69137652,0.69137652,0.69137652
1691679861000,0.69137769,0.69137769,0.69137769
1691679862000,0.69137769,0.69137769,0.69137769
1691679863000,0.6914,0.6914,0.6914
1691679864000,0.6914,0.6914,0.6914
1691679865000,0.6915,0.6915,0.6915
1691679866000,0.6915,0.6915,0.6915
1691679867000,0.6915,0.6915,0.6915
1691679868000,0.6915,0.6915,0.6915
1691679869000,0.69143873,0.69143873,0.69143873
1691679870000,0.6915,0.6915,0.6915
1691679871000,0.69143926,0.69143926,0.69143926
1691679872000,0.69143386,0.69143386,0.69143386
1691679873000,0.69143343,0.69143343,0.69143343
1691679874000,0.6915,0.6915,0.6915
1691679875000,0.6915,0.6915,0.6915
1691679876000,0.6914,0.6914,0.6914
1691679877000,0.6914,0.6914,0.6914
1691679878000,0.6914,0.6914,0.6914
1691679879000,0.69137239,0.69137239,0.69137239
1691679880000,0.69137036,0.69137036,0.69137036
1691679881000,0.69136116,0.69136116,0.69136116
1691679882000,0.69139899,0.69139899,0.69139899
1691679883000,0.69139899,0.69139899,0.69139899
1691679884000,0.69139978,0.69139978,0.69139978
1691679885000,0.6913563,0.6913563,0.6913563
1691679886000,0.69135182,0.69135182,0.69135182
1691679887000,0.69135182,0.69135182,0.69135182
1691679888000,0.69135205,0.69135205,0.69135205
1691679889000,0.69135202,0.69135202,0.69135202
1691679890000,0.69135202,0.69135202,0.69135202
1691679891000,0.69134994,0.69134994,0.69134994
1691679892000,0.6913471,0.6913471,0.6913471
1691679893000,0.6913471,0.6913471,0.6913471
1691679894000,0.69134785,0.69134785,0.69134785
1691679895000,0.69134713,0.69134713,0.69134713
1691679896000,0.69134713,0.69134713,0.69134713
1691679897000,0.6914,0.6914,0.6914
1691679898000,0.6913432,0.6913432,0.6913432
1691679899000,0.6913432,0.6913432,0.6913432
1691679900000,0.6914,0.6914,0.6914
1691679901000,0.6917,0.6917,0.6917
1691679902000,0.69164685,0.69164685,0.69164685
1691679903000,0.69164688,0.69164688,0.69164688
1691679904000,0.69164613,0.69164613,0.69164613
1691679905000,0.69163309,0.69163309,0.69163309
1691679906000,0.6913837,0.6913837,0.6913837
1691679907000,0.69133638,0.69133638,0.69133638
1691679908000,0.6913309,0.6913309,0.6913309
1691679909000,0.69136056,0.69136056,0.69136056
1691679910000,0.69136056,0.69136056,0.69136056
1691679911000,0.69136039,0.69136039,0.69136039
1691679912000,0.69134735,0.69134735,0.69134735
1691679913000,0.69133259,0.69133259,0.69133259
1691679914000,0.69120533,0.69120533,0.69120533
1691679915000,0.69120533,0.69120533,0.69120533
1691679916000,0.69120292,0.69120292,0.69120292
1691679917000,0.6909,0.6909,0.6909
1691679918000,0.69067592,0.69067592,0.69067592
1691679919000,0.6902075,0.6902075,0.6902075
1691679920000,0.69020747,0.69020747,0.69020747
1691679921000,0.6901,0.6901,0.6901
1691679922000,0.6902,0.6902,0.6902
1691679923000,0.69014695,0.69014695,0.69014695
1691679924000,0.69014059,0.69014059,0.69014059
1691679925000,0.69014059,0.69014059,0.69014059
1691679926000,0.69014115,0.69014115,0.69014115
1691679927000,0.69014115,0.69014115,0.69014115
1691679928000,0.69009768,0.69009768,0.69009768
1691679929000,0.69000174,0.69000174,0.69000174
1691679930000,0.68999864,0.68999864,0.68999864
1691679931000,0.6899856,0.6899856,0.6899856
1691679932000,0.68998389,0.68998389,0.68998389
1691679933000,0.69,0.69,0.69
1691679934000,0.69,0.69,0.69
1691679935000,0.6901,0.6901,0.6901
1691679936000,0.6901,0.6901,0.6901
1691679937000,0.6901,0.6901,0.6901
1691679938000,0.6901,0.6901,0.6901
1691679939000,0.69001626,0.69001626,0.69001626
1691679940000,0.69001626,0.69001626,0.69001626
1691679941000,0.69002241,0.69002241,0.69002241
1691679942000,0.69002241,0.69002241,0.69002241
1691679943000,0.69002225,0.69002225,0.69002225
1691679944000,0.69002225,0.69002225,0.69002225
1691679945000,0.69000921,0.69000921,0.69000921
1691679946000,0.69000519,0.69000519,0.69000519
1691679947000,0.69000519,0.69000519,0.69000519
1691679948000,0.69000193,0.69000193,0.69000193
1691679949000,0.69,0.69,0.69
1691679950000,0.68999541,0.68999541,0.68999541
1691679951000,0.6901,0.6901,0.6901
1691679952000,0.6901,0.6901,0.6901
1691679953000,0.6901,0.6901,0.6901
1691679954000,0.6901,0.6901,0.6901
1691679955000,0.6901,0.6901,0.6901
1691679956000,0.6901,0.6901,0.6901
1691679957000,0.6901,0.6901,0.6901
1691679958000,0.6902,0.6902,0.6902
1691679959000,0.6902,0.6902,0.6902
1691679960000,0.6904,0.6904,0.6904
1691679961000,0.6904,0.6904,0.6904
1691679962000,0.6905,0.6905,0.6905
1691679963000,0.6906,0.6906,0.6906
1691679964000,0.6906,0.6906,0.6906
1691679965000,0.6906,0.6906,0.6906
1691679966000,0.6905,0.6905,0.6905
1691679967000,0.6906,0.6906,0.6906
1691679968000,0.6906,0.6906,0.6906
1691679969000,0.6906,0.6906,0.6906
1691679970000,0.6906,0.6906,0.6906
1691679971000,0.6906,0.6906,0.6906
1691679972000,0.6906,0.6906,0.6906
1691679973000,0.6906,0.6906,0.6906
1691679974000,0.6906,0.6906,0.6906
1691679975000,0.6906,0.6906,0.6906
1691679976000,0.6906,0.6906,0.6906
1691679977000,0.69054555,0.69054555,0.69054555
1691679978000,0.69054555,0.69054555,0.69054555
1691679979000,0.69054555,0.69054555,0.69054555
1691679980000,0.69055058,0.69055058,0.69055058
1691679981000,0.69055058,0.69055058,0.69055058
1691679982000,0.69055058,0.69055058,0.69055058
1691679983000,0.69055058,0.69055058,0.69055058
1691679984000,0.6905071,0.6905071,0.6905071
1691679985000,0.69054908,0.69054908,0.69054908
1691679986000,0.69054908,0.69054908,0.69054908
1691679987000,0.69054905,0.69054905,0.69054905
1691679988000,0.69058393,0.69058393,0.69058393
1691679989000,0.69058387,0.69058387,0.69058387
1691679990000,0.69058287,0.69058287,0.69058287
1691679991000,0.69054659,0.69054659,0.69054659
1691679992000,0.69054653,0.69054653,0.69054653
1691679993000,0.69054653,0.69054653,0.69054653
1691679994000,0.69057916,0.69057916,0.69057916
1691679995000,0.69057913,0.69057913,0.69057913
1691679996000,0.69057269,0.69057269,0.69057269
1691679997000,0.69052846,0.69052846,0.69052846
1691679998000,0.69052846,0.69052846,0.69052846
1691679999000,0.69052846,0.69052846,0.69052846
1691680000000,0.69052418,0.69052418,0.69052418
1691680001000,0.69051924,0.69051924,0.69051924
1691680002000,0.69047781,0.69047781,0.69047781
1691680003000,0.69047778,0.69047778,0.69047778
1691680004000,0.69047732,0.69047732,0.69047732
1691680005000,0.69047732,0.69047732,0.69047732
1691680006000,0.69047651,0.69047651,0.69047651
1691680007000,0.6903766,0.6903766,0.6903766
1691680008000,0.6903766,0.6903766,0.6903766
1691680009000,0.69037657,0.69037657,0.69037657
1691680010000,0.6903766,0.6903766,0.6903766
1691680011000,0.69037657,0.69037657,0.69037657
1691680012000,0.69037657,0.69037657,0.69037657
1691680013000,0.69036951,0.69036951,0.69036951
1691680014000,0.69036951,0.69036951,0.69036951
1691680015000,0.69036521,0.69036521,0.69036521
1691680016000,0.69036521,0.69036521,0.69036521
1691680017000,0.69036521,0.69036521,0.69036521
1691680018000,0.69035678,0.69035678,0.69035678
1691680019000,0.69035678,0.69035678,0.69035678
1691680020000,0.69035863,0.69035863,0.69035863
1691680021000,0.69035863,0.69035863,0.69035863
1691680022000,0.69035788,0.69035788,0.69035788
1691680023000,0.69035791,0.69035791,0.69035791
1691680024000,0.6903512,0.6903512,0.6903512
1691680025000,0.69039922,0.69039922,0.69039922
1691680026000,0.6904061,0.6904061,0.6904061
1691680027000,0.69040535,0.69040535,0.69040535
1691680028000,0.69040535,0.69040535,0.69040535
1691680029000,0.69040011,0.69040011,0.69040011
1691680030000,0.69040011,0.69040011,0.69040011
1691680031000,0.6904,0.6904,0.6904
1691680032000,0.69041362,0.69041362,0.69041362
1691680033000,0.69041362,0.69041362,0.69041362
1691680034000,0.69041362,0.69041362,0.69041362
1691680035000,0.69040866,0.69040866,0.69040866
1691680036000,0.69041415,0.69041415,0.69041415
1691680037000,0.69046387,0.69046387,0.69046387
1691680038000,0.6905,0.6905,0.6905
1691680039000,0.6905,0.6905,0.6905
1691680040000,0.6905,0.6905,0.6905
1691680041000,0.6906,0.6906,0.6906
1691680042000,0.6905,0.6905,0.6905
1691680043000,0.6905,0.6905,0.6905
1691680044000,0.6905,0.6905,0.6905
1691680045000,0.69046408,0.69046408,0.69046408
1691680046000,0.69045509,0.69045509,0.69045509
1691680047000,0.69045506,0.69045506,0.69045506
1691680048000,0.69045506,0.69045506,0.69045506
1691680049000,0.69045506,0.69045506,0.69045506
1691680050000,0.69045506,0.69045506,0.69045506
1691680051000,0.69040877,0.69040877,0.69040877
1691680052000,0.69040877,0.69040877,0.69040877
1691680053000,0.69037032,0.69037032,0.69037032
1691680054000,0.69037107,0.69037107,0.69037107
1691680055000,0.6904,0.6904,0.6904
1691680056000,0.69040948,0.69040948,0.69040948
1691680057000,0.69040972,0.69040972,0.69040972
1691680058000,0.69040969,0.69040969,0.69040969
1691680059000,0.69040897,0.69040897,0.69040897
1691680060000,0.69040894,0.69040894,0.69040894
1691680061000,0.69040982,0.69040982,0.69040982
1691680062000,0.69040979,0.69040979,0.69040979
1691680063000,0.6904093,0.6904093,0.6904093
1691680064000,0.69040855,0.69040855,0.69040855
1691680065000,0.69040855,0.69040855,0.69040855
1691680066000,0.69040887,0.69040887,0.69040887
1691680067000,0.69040887,0.69040887,0.69040887
1691680068000,0.69040936,0.69040936,0.69040936
1691680069000,0.69029885,0.69029885,0.69029885
1691680070000,0.69029802,0.69029802,0.69029802
1691680071000,0.69019071,0.69019071,0.69019071
1691680072000,0.69019071,0.69019071,0.69019071
1691680073000,0.69023422,0.69023422,0.69023422
1691680074000,0.69023166,0.69023166,0.69023166
1691680075000,0.69023166,0.69023166,0.69023166
1691680076000,0.69023166,0.69023166,0.69023166
1691680077000,0.6902,0.6902,0.6902
1691680078000,0.69018815,0.69018815,0.69018815
1691680079000,0.69018839,0.69018839,0.69018839
1691680080000,0.69018839,0.69018839,0.69018839
1691680081000,0.69019492,0.69019492,0.69019492
1691680082000,0.69019492,0.69019492,0.69019492
1691680083000,0.69019567,0.69019567,0.69019567
1691680084000,0.69019082,0.69019082,0.69019082
1691680085000,0.6901865,0.6901865,0.6901865
1691680086000,0.6901865,0.6901865,0.6901865
1691680087000,0.69018425,0.69018425,0.69018425
1691680088000,0.69018425,0.69018425,0.69018425
1691680089000,0.69018428,0.69018428,0.69018428
1691680090000,0.69017983,0.69017983,0.69017983
1691680091000,0.69017843,0.69017843,0.69017843
1691680092000,0.69017853,0.69017853,0.69017853
1691680093000,0.69017853,0.69017853,0.69017853
1691680094000,0.69017193,0.69017193,0.69017193
1691680095000,0.69017193,0.69017193,0.69017193
1691680096000,0.69016587,0.69016587,0.69016587
1691680097000,0.69016463,0.69016463,0.69016463
1691680098000,0.6902,0.6902,0.6902
1691680099000,0.69020811,0.69020811,0.69020811
1691680100000,0.69020808,0.69020808,0.69020808
1691680101000,0.69020985,0.69020985,0.69020985
1691680102000,0.69020985,0.69020985,0.69020985
1691680103000,0.69020949,0.69020949,0.69020949
1691680104000,0.69020949,0.69020949,0.69020949
1691680105000,0.69020949,0.69020949,0.69020949
1691680106000,0.69021601,0.69021601,0.69021601
1691680107000,0.6903,0.6903,0.6903
1691680108000,0.6903,0.6903,0.6903
1691680109000,0.69021446,0.69021446,0.69021446
1691680110000,0.69021446,0.69021446,0.69021446
1691680111000,0.69021521,0.69021521,0.69021521
1691680112000,0.6903,0.6903,0.6903
1691680113000,0.6903,0.6903,0.6903
1691680114000,0.6903,0.6903,0.6903
1691680115000,0.6903,0.6903,0.6903
1691680116000,0.6903,0.6903,0.6903
1691680117000,0.6903,0.6903,0.6903
1691680118000,0.6903,0.6903,0.6903
1691680119000,0.6903,0.6903,0.6903
1691680120000,0.69022677,0.69022677,0.69022677
1691680121000,0.69022677,0.69022677,0.69022677
1691680122000,0.69013603,0.69013603,0.69013603
1691680123000,0.69013226,0.69013226,0.69013226
1691680124000,0.69011882,0.69011882,0.69011882
1691680125000,0.69008125,0.69008125,0.69008125
1691680126000,0.69008197,0.69008197,0.69008197
1691680127000,0.69007761,0.69007761,0.69007761
1691680128000,0.69007096,0.69007096,0.69007096
1691680129000,0.69006388,0.69006388,0.69006388
1691680130000,0.69006391,0.69006391,0.69006391
1691680131000,0.6900204,0.6900204,0.6900204
1691680132000,0.69000739,0.69000739,0.69000739
1691680133000,0.69000736,0.69000736,0.69000736
1691680134000,0.69000057,0.69000057,0.69000057
1691680135000,0.69000057,0.69000057,0.69000057
1691680136000,0.69000057,0.69000057,0.69000057
1691680137000,0.68999427,0.68999427,0.68999427
1691680138000,0.68999103,0.68999103,0.68999103
1691680139000,0.68994759,0.68994759,0.68994759
1691680140000,0.68992432,0.68992432,0.68992432
1691680141000,0.68992432,0.68992432,0.68992432
1691680142000,0.68992435,0.68992435,0.68992435
1691680143000,0.68992517,0.68992517,0.68992517
1691680144000,0.68996864,0.68996864,0.68996864
1691680145000,0.68996792,0.68996792,0.68996792
1691680146000,0.68996875,0.68996875,0.68996875
1691680147000,0.68996872,0.68996872,0.68996872
1691680148000,0.6899662,0.6899662,0.6899662
1691680149000,0.6899727,0.6899727,0.6899727
1691680150000,0.68997345,0.68997345,0.68997345
1691680151000,0.68996833,0.68996833,0.68996833
1691680152000,0.68992305,0.68992305,0.68992305
1691680153000,0.68992305,0.68992305,0.68992305
1691680154000,0.6897917,0.6897917,0.6897917
1691680155000,0.68970474,0.68970474,0.68970474
1691680156000,0.68969173,0.68969173,0.68969173
1691680157000,0.68968971,0.68968971,0.68968971
1691680158000,0.68963642,0.68963642,0.68963642
1691680159000,0.68951812,0.68951812,0.68951812
1691680160000,0.68947454,0.68947454,0.68947454
1691680161000,0.68947454,0.68947454,0.68947454
1691680162000,0.6894723,0.6894723,0.6894723
1691680163000,0.6894723,0.6894723,0.6894723
1691680164000,0.68947034,0.68947034,0.68947034
1691680165000,0.68942686,0.68942686,0.68942686
1691680166000,0.68942686,0.68942686,0.68942686
1691680167000,0.68942686,0.68942686,0.68942686
1691680168000,0.68942429,0.68942429,0.68942429
1691680169000,0.68942429,0.68942429,0.68942429
1691680170000,0.68942432,0.68942432,0.68942432
1691680171000,0.68942354,0.68942354,0.68942354
1691680172000,0.68942357,0.68942357,0.68942357
1691680173000,0.68942047,0.68942047,0.68942047
1691680174000,0.68942122,0.68942122,0.68942122
1691680175000,0.68942119,0.68942119,0.68942119
1691680176000,0.68942119,0.68942119,0.68942119
1691680177000,0.68941817,0.68941817,0.68941817
1691680178000,0.68941742,0.68941742,0.68941742
1691680179000,0.68941415,0.68941415,0.68941415
1691680180000,0.68941415,0.68941415,0.68941415
1691680181000,0.68930868,0.68930868,0.68930868
1691680182000,0.68926524,0.68926524,0.68926524
1691680183000,0.68926524,0.68926524,0.68926524
1691680184000,0.68926269,0.68926269,0.68926269
1691680185000,0.6892606,0.6892606,0.6892606
1691680186000,0.68930411,0.68930411,0.68930411
1691680187000,0.68930411,0.68930411,0.68930411
1691680188000,0.68930411,0.68930411,0.68930411
1691680189000,0.68929759,0.68929759,0.68929759
1691680190000,0.68929726,0.68929726,0.68929726
1691680191000,0.68929804,0.68929804,0.68929804
1691680192000,0.68929804,0.68929804,0.68929804
1691680193000,0.68928874,0.68928874,0.68928874
1691680194000,0.68928874,0.68928874,0.68928874
1691680195000,0.68928722,0.68928722,0.68928722
1691680196000,0.68928722,0.68928722,0.68928722
1691680197000,0.68924023,0.68924023,0.68924023
1691680198000,0.68924023,0.68924023,0.68924023
1691680199000,0.68922794,0.68922794,0.68922794
1691680200000,0.68922794,0.68922794,0.68922794
1691680201000,0.68912292,0.68912292,0.68912292
1691680202000,0.68909661,0.68909661,0.68909661
1691680203000,0.68909979,0.68909979,0.68909979
1691680204000,0.6892,0.6892,0.6892
1691680205000,0.6892,0.6892,0.6892
1691680206000,0.6892,0.6892,0.6892
1691680207000,0.6893,0.6893,0.6893
1691680208000,0.6893,0.6893,0.6893
1691680209000,0.6893,0.6893,0.6893
1691680210000,0.6893,0.6893,0.6893
1691680211000,0.6892421,0.6892421,0.6892421
1691680212000,0.68924371,0.68924371,0.68924371
1691680213000,0.68924371,0.68924371,0.68924371
1691680214000,0.68914997,0.68914997,0.68914997
1691680215000,0.68914514,0.68914514,0.68914514
1691680216000,0.68914514,0.68914514,0.68914514
1691680217000,0.68913458,0.68913458,0.68913458
1691680218000,0.68912803,0.68912803,0.68912803
1691680219000,0.68911407,0.68911407,0.68911407
1691680220000,0.6891,0.6891,0.6891
1691680221000,0.6891,0.6891,0.6891
1691680222000,0.6891,0.6891,0.6891
1691680223000,0.6891,0.6891,0.6891
1691680224000,0.6892,0.6892,0.6892
1691680225000,0.6893,0.6893,0.6893
1691680226000,0.6892,0.6892,0.6892
1691680227000,0.6893,0.6893,0.6893
1691680228000,0.6893,0.6893,0.6893
1691680229000,0.6893,0.6893,0.6893
1691680230000,0.6893,0.6893,0.6893
1691680231000,0.6893,0.6893,0.6893
1691680232000,0.6893,0.6893,0.6893
1691680233000,0.6893,0.6893,0.6893
1691680234000,0.6893,0.6893,0.6893
1691680235000,0.6893,0.6893,0.6893
1691680236000,0.6893,0.6893,0.6893
1691680237000,0.6894,0.6894,0.6894
1691680238000,0.6894,0.6894,0.6894
1691680239000,0.6893,0.6893,0.6893
1691680240000,0.6893,0.6893,0.6893
1691680241000,0.6893,0.6893,0.6893
1691680242000,0.68924308,0.68924308,0.68924308
1691680243000,0.68924386,0.68924386,0.68924386
1691680244000,0.68928152,0.68928152,0.68928152
1691680245000,0.68928453,0.68928453,0.68928453
1691680246000,0.6893,0.6893,0.6893
1691680247000,0.68920336,0.68920336,0.68920336
1691680248000,0.6893,0.6893,0.6893
1691680249000,0.68920261,0.68920261,0.68920261
1691680250000,0.68920261,0.68920261,0.68920261
1691680251000,0.68916245,0.68916245,0.68916245
1691680252000,0.68916245,0.68916245,0.68916245
1691680253000,0.6892,0.6892,0.6892
1691680254000,0.6892,0.6892,0.6892
1691680255000,0.6893,0.6893,0.6893
1691680256000,0.6892,0.6892,0.6892
1691680257000,0.68918359,0.68918359,0.68918359
1691680258000,0.68913362,0.68913362,0.68913362
1691680259000,0.68913362,0.68913362,0.68913362
1691680260000,0.68913433,0.68913433,0.68913433
1691680261000,0.68913362,0.68913362,0.68913362
1691680262000,0.68911648,0.68911648,0.68911648
1691680263000,0.68911648,0.68911648,0.68911648
1691680264000,0.68911645,0.68911645,0.68911645
1691680265000,0.68911645,0.68911645,0.68911645
1691680266000,0.68911648,0.68911648,0.68911648
1691680267000,0.68910937,0.68910937,0.68910937
1691680268000,0.68910934,0.68910934,0.68910934
1691680269000,0.68910716,0.68910716,0.68910716
1691680270000,0.68910716,0.68910716,0.68910716
1691680271000,0.68910719,0.68910719,0.68910719
1691680272000,0.6891,0.6891,0.6891
1691680273000,0.6891,0.6891,0.6891
1691680274000,0.6891,0.6891,0.6891
1691680275000,0.6891,0.6891,0.6891
1691680276000,0.68910394,0.68910394,0.68910394
1691680277000,0.6891,0.6891,0.6891
1691680278000,0.6892,0.6892,0.6892
1691680279000,0.6892,0.6892,0.6892
1691680280000,0.6892,0.6892,0.6892
1691680281000,0.6892,0.6892,0.6892
1691680282000,0.6891,0.6891,0.6891
1691680283000,0.6891,0.6891,0.6891
1691680284000,0.6891,0.6891,0.6891
1691680285000,0.6891,0.6891,0.6891
1691680286000,0.6891,0.6891,0.6891
1691680287000,0.6891,0.6891,0.6891
1691680288000,0.68902339,0.68902339,0.68902339
1691680289000,0.68902225,0.68902225,0.68902225
1691680290000,0.689,0.689,0.689
1691680291000,0.6891,0.6891,0.6891
1691680292000,0.68902044,0.68902044,0.68902044
1691680293000,0.6891,0.6891,0.6891
1691680294000,0.68902044,0.68902044,0.68902044
1691680295000,0.68902171,0.68902171,0.68902171
1691680296000,0.6891,0.6891,0.6891
1691680297000,0.6891,0.6891,0.6891
1691680298000,0.6892,0.6892,0.6892
1691680299000,0.6892,0.6892,0.6892
1691680300000,0.6892,0.6892,0.6892
1691680301000,0.6892,0.6892,0.6892
1691680302000,0.6892,0.6892,0.6892
1691680303000,0.6892,0.6892,0.6892
1691680304000,0.6892,0.6892,0.6892
1691680305000,0.6892,0.6892,0.6892
1691680306000,0.6892,0.6892,0.6892
1691680307000,0.6892,0.6892,0.6892
1691680308000,0.6892,0.6892,0.6892
1691680309000,0.6892,0.6892,0.6892
1691680310000,0.6892,0.6892,0.6892
1691680311000,0.6892,0.6892,0.6892
1691680312000,0.6893,0.6893,0.6893
1691680313000,0.6893,0.6893,0.6893
1691680314000,0.6893,0.6893,0.6893
1691680315000,0.6895,0.6895,0.6895
1691680316000,0.6894,0.6894,0.6894
1691680317000,0.6894,0.6894,0.6894
1691680318000,0.6894,0.6894,0.6894
1691680319000,0.6896,0.6896,0.6896
1691680320000,0.6895,0.6895,0.6895
1691680321000,0.6895,0.6895,0.6895
1691680322000,0.6895,0.6895,0.6895
1691680323000,0.6895,0.6895,0.6895
1691680324000,0.6894,0.6894,0.6894
1691680325000,0.6894,0.6894,0.6894
1691680326000,0.6895,0.6895,0.6895
1691680327000,0.6895,0.6895,0.6895
1691680328000,0.6894,0.6894,0.6894
1691680329000,0.6895,0.6895,0.6895
1691680330000,0.6894,0.6894,0.6894
1691680331000,0.6894,0.6894,0.6894
1691680332000,0.6894,0.6894,0.6894
1691680333000,0.6894,0.6894,0.6894
1691680334000,0.68935332,0.68935332,0.68935332
1691680335000,0.6894,0.6894,0.6894
1691680336000,0.6894,0.6894,0.6894
1691680337000,0.6894,0.6894,0.6894
1691680338000,0.6894,0.6894,0.6894
1691680339000,0.6894,0.6894,0.6894
1691680340000,0.6895,0.6895,0.6895
1691680341000,0.6895,0.6895,0.6895
1691680342000,0.6895,0.6895,0.6895
1691680343000,0.6896,0.6896,0.6896
1691680344000,0.6895,0.6895,0.6895
1691680345000,0.6895,0.6895,0.6895
1691680346000,0.6897,0.6897,0.6897
1691680347000,0.6897,0.6897,0.6897
1691680348000,0.6897,0.6897,0.6897
1691680349000,0.6897,0.6897,0.6897
1691680350000,0.6896,0.6896,0.6896
1691680351000,0.6896,0.6896,0.6896
1691680352000,0.6896,0.6896,0.6896
1691680353000,0.6896,0.6896,0.6896
1691680354000,0.6895,0.6895,0.6895
1691680355000,0.6895,0.6895,0.6895
1691680356000,0.6895,0.6895,0.6895
1691680357000,0.6895,0.6895,0.6895
1691680358000,0.6895,0.6895,0.6895
1691680359000,0.6895,0.6895,0.6895
1691680360000,0.6895,0.6895,0.6895
1691680361000,0.6896,0.6896,0.6896
1691680362000,0.6896,0.6896,0.6896
1691680363000,0.6895,0.6895,0.6895
1691680364000,0.6896,0.6896,0.6896
1691680365000,0.6895,0.6895,0.6895
1691680366000,0.6895,0.6895,0.6895
1691680367000,0.6897,0.6897,0.6897
1691680368000,0.6897,0.6897,0.6897
1691680369000,0.6896,0.6896,0.6896
1691680370000,0.6897,0.6897,0.6897
1691680371000,0.6897,0.6897,0.6897
1691680372000,0.6897,0.6897,0.6897
1691680373000,0.6897,0.6897,0.6897
1691680374000,0.6897,0.6897,0.6897
1691680375000,0.6897,0.6897,0.6897
1691680376000,0.6898,0.6898,0.6898
1691680377000,0.6898,0.6898,0.6898
1691680378000,0.6898,0.6898,0.6898
1691680379000,0.6897,0.6897,0.6897
1691680380000,0.6897,0.6897,0.6897
1691680381000,0.6897,0.6897,0.6897
1691680382000,0.6897,0.6897,0.6897
1691680383000,0.6897,0.6897,0.6897
1691680384000,0.6897,0.6897,0.6897
1691680385000,0.6899,0.6899,0.6899
1691680386000,0.6899,0.6899,0.6899
1691680387000,0.6899,0.6899,0.6899
1691680388000,0.6899,0.6899,0.6899
1691680389000,0.69,0.69,0.69
1691680390000,0.6899,0.6899,0.6899
1691680391000,0.6899,0.6899,0.6899
1691680392000,0.6899,0.6899,0.6899
1691680393000,0.6899,0.6899,0.6899
1691680394000,0.6899,0.6899,0.6899
1691680395000,0.6899,0.6899,0.6899
1691680396000,0.69,0.69,0.69
1691680397000,0.6899,0.6899,0.6899
1691680398000,0.6899,0.6899,0.6899
1691680399000,0.6899,0.6899,0.6899
1691680400000,0.6898,0.6898,0.6898
1691680401000,0.6898,0.6898,0.6898
1691680402000,0.6898,0.6898,0.6898
1691680403000,0.6898,0.6898,0.6898
1691680404000,0.6898,0.6898,0.6898
1691680405000,0.6898,0.6898,0.6898
1691680406000,0.6898,0.6898,0.6898
1691680407000,0.6898,0.6898,0.6898
1691680408000,0.6898,0.6898,0.6898
1691680409000,0.6899,0.6899,0.6899
1691680410000,0.6898,0.6898,0.6898
1691680411000,0.6899,0.6899,0.6899
1691680412000,0.6899,0.6899,0.6899
1691680413000,0.6899,0.6899,0.6899
1691680414000,0.6899,0.6899,0.6899
1691680415000,0.6898,0.6898,0.6898
1691680416000,0.6898,0.6898,0.6898
1691680417000,0.6898,0.6898,0.6898
1691680418000,0.6898,0.6898,0.6898
1691680419000,0.68970684,0.68970684,0.68970684
1691680420000,0.6897,0.6897,0.6897
1691680421000,0.6898,0.6898,0.6898
1691680422000,0.6899,0.6899,0.6899
1691680423000,0.6899,0.6899,0.6899
1691680424000,0.6898,0.6898,0.6898
1691680425000,0.6897,0.6897,0.6897
1691680426000,0.6897,0.6897,0.6897
1691680427000,0.6898,0.6898,0.6898
1691680428000,0.6897,0.6897,0.6897
1691680429000,0.68964736,0.68964736,0.68964736
1691680430000,0.68964736,0.68964736,0.68964736
1691680431000,0.68964668,0.68964668,0.68964668
1691680432000,0.68964668,0.68964668,0.68964668
1691680433000,0.68963721,0.68963721,0.68963721
1691680434000,0.68963463,0.68963463,0.68963463
1691680435000,0.68963323,0.68963323,0.68963323
1691680436000,0.68963323,0.68963323,0.68963323
1691680437000,0.6896332,0.6896332,0.6896332
1691680438000,0.6896332,0.6896332,0.6896332
1691680439000,0.68963516,0.68963516,0.68963516
1691680440000,0.68963391,0.68963391,0.68963391
1691680441000,0.68963316,0.68963316,0.68963316
1691680442000,0.68963316,0.68963316,0.68963316
1691680443000,0.68963391,0.68963391,0.68963391
1691680444000,0.6896,0.6896,0.6896
1691680445000,0.68958233,0.68958233,0.68958233
1691680446000,0.68950461,0.68950461,0.68950461
1691680447000,0.68950461,0.68950461,0.68950461
1691680448000,0.68950461,0.68950461,0.68950461
1691680449000,0.68950536,0.68950536,0.68950536
1691680450000,0.68950499,0.68950499,0.68950499
1691680451000,0.68950365,0.68950365,0.68950365
1691680452000,0.68961267,0.68961267,0.68961267
1691680453000,0.6899,0.6899,0.6899
1691680454000,0.6898,0.6898,0.6898
1691680455000,0.6898,0.6898,0.6898
1691680456000,0.6898,0.6898,0.6898
1691680457000,0.6898,0.6898,0.6898
1691680458000,0.6898,0.6898,0.6898
1691680459000,0.6898,0.6898,0.6898
1691680460000,0.6899,0.6899,0.6899
1691680461000,0.6898,0.6898,0.6898
1691680462000,0.6898,0.6898,0.6898
1691680463000,0.6898,0.6898,0.6898
1691680464000,0.6897,0.6897,0.6897
1691680465000,0.6897,0.6897,0.6897
1691680466000,0.68965494,0.68965494,0.68965494
1691680467000,0.68964863,0.68964863,0.68964863
1691680468000,0.68964863,0.68964863,0.68964863
1691680469000,0.6896486,0.6896486,0.6896486
1691680470000,0.6895118,0.6895118,0.6895118
1691680471000,0.6895118,0.6895118,0.6895118
1691680472000,0.68950564,0.68950564,0.68950564
1691680473000,0.68950564,0.68950564,0.68950564
1691680474000,0.68950564,0.68950564,0.68950564
1691680475000,0.68950564,0.68950564,0.68950564
1691680476000,0.68950564,0.68950564,0.68950564
1691680477000,0.68950205,0.68950205,0.68950205
1691680478000,0.68948036,0.68948036,0.68948036
1691680479000,0.68948111,0.68948111,0.68948111
1691680480000,0.68948111,0.68948111,0.68948111
1691680481000,0.68947462,0.68947462,0.68947462
1691680482000,0.68947384,0.68947384,0.68947384
1691680483000,0.68947754,0.68947754,0.68947754
1691680484000,0.68952098,0.68952098,0.68952098
1691680485000,0.68952098,0.68952098,0.68952098
1691680486000,0.68952141,0.68952141,0.68952141
1691680487000,0.68951489,0.68951489,0.68951489
1691680488000,0.68951485,0.68951485,0.68951485
1691680489000,0.68942687,0.68942687,0.68942687
1691680490000,0.68942687,0.68942687,0.68942687
1691680491000,0.68942759,0.68942759,0.68942759
1691680492000,0.68942756,0.68942756,0.68942756
1691680493000,0.68942756,0.68942756,0.68942756
1691680494000,0.68942703,0.68942703,0.68942703
1691680495000,0.68942628,0.68942628,0.68942628
1691680496000,0.68942628,0.68942628,0.68942628
1691680497000,0.68942628,0.68942628,0.68942628
1691680498000,0.68942631,0.68942631,0.68942631
1691680499000,0.68938284,0.68938284,0.68938284
1691680500000,0.6893838,0.6893838,0.6893838
1691680501000,0.68923525,0.68923525,0.68923525
1691680502000,0.68922313,0.68922313,0.68922313
1691680503000,0.68922313,0.68922313,0.68922313
1691680504000,0.6892231,0.6892231,0.6892231
1691680505000,0.68922636,0.68922636,0.68922636
1691680506000,0.6893,0.6893,0.6893
1691680507000,0.68936323,0.68936323,0.68936323
1691680508000,0.68936323,0.68936323,0.68936323
1691680509000,0.68936335,0.68936335,0.68936335
1691680510000,0.68936335,0.68936335,0.68936335
1691680511000,0.68917593,0.68917593,0.68917593
1691680512000,0.68917596,0.68917596,0.68917596
1691680513000,0.68916289,0.68916289,0.68916289
1691680514000,0.68916363,0.68916363,0.68916363
1691680515000,0.68921298,0.68921298,0.68921298
1691680516000,0.6893,0.6893,0.6893
1691680517000,0.68934909,0.68934909,0.68934909
1691680518000,0.68934831,0.68934831,0.68934831
1691680519000,0.68934834,0.68934834,0.68934834
1691680520000,0.68926138,0.68926138,0.68926138
1691680521000,0.68926135,0.68926135,0.68926135
1691680522000,0.68925716,0.68925716,0.68925716
1691680523000,0.68916458,0.68916458,0.68916458
1691680524000,0.68916461,0.68916461,0.68916461
1691680525000,0.68916461,0.68916461,0.68916461
1691680526000,0.6891211,0.6891211,0.6891211
1691680527000,0.6891139,0.6891139,0.6891139
1691680528000,0.68911468,0.68911468,0.68911468
1691680529000,0.68911468,0.68911468,0.68911468
1691680530000,0.68911468,0.68911468,0.68911468
1691680531000,0.6891139,0.6891139,0.6891139
1691680532000,0.6891139,0.6891139,0.6891139
1691680533000,0.68910968,0.68910968,0.68910968
1691680534000,0.68915315,0.68915315,0.68915315
1691680535000,0.68919663,0.68919663,0.68919663
1691680536000,0.68919926,0.68919926,0.68919926
1691680537000,0.68919926,0.68919926,0.68919926
1691680538000,0.68920463,0.68920463,0.68920463
1691680539000,0.68920662,0.68920662,0.68920662
1691680540000,0.68920662,0.68920662,0.68920662
1691680541000,0.68920662,0.68920662,0.68920662
1691680542000,0.68920662,0.68920662,0.68920662
1691680543000,0.68920662,0.68920662,0.68920662
1691680544000,0.68920112,0.68920112,0.68920112
1691680545000,0.68920112,0.68920112,0.68920112
1691680546000,0.68920037,0.68920037,0.68920037
1691680547000,0.68911847,0.68911847,0.68911847
1691680548000,0.68911139,0.68911139,0.68911139
1691680549000,0.6891092,0.6891092,0.6891092
1691680550000,0.68910845,0.68910845,0.68910845
1691680551000,0.68910848,0.68910848,0.68910848
1691680552000,0.68910848,0.68910848,0.68910848
1691680553000,0.68908243,0.68908243,0.68908243
1691680554000,0.68908243,0.68908243,0.68908243
1691680555000,0.68908139,0.68908139,0.68908139
1691680556000,0.68908142,0.68908142,0.68908142
1691680557000,0.68908139,0.68908139,0.68908139
1691680558000,0.68908132,0.68908132,0.68908132
1691680559000,0.68908132,0.68908132,0.68908132
1691680560000,0.68912228,0.68912228,0.68912228
1691680561000,0.68912228,0.68912228,0.68912228
1691680562000,0.68912228,0.68912228,0.68912228
1691680563000,0.68913535,0.68913535,0.68913535
1691680564000,0.68913535,0.68913535,0.68913535
1691680565000,0.68909263,0.68909263,0.68909263
1691680566000,0.68905001,0.68905001,0.68905001
1691680567000,0.68909349,0.68909349,0.68909349
1691680568000,0.68909287,0.68909287,0.68909287
1691680569000,0.68909365,0.68909365,0.68909365
1691680570000,0.6891,0.6891,0.6891
1691680571000,0.6891,0.6891,0.6891
1691680572000,0.6891,0.6891,0.6891
1691680573000,0.68907695,0.68907695,0.68907695
1691680574000,0.68912046,0.68912046,0.68912046
1691680575000,0.68912043,0.68912043,0.68912043
1691680576000,0.68912118,0.68912118,0.68912118
1691680577000,0.68911804,0.68911804,0.68911804
1691680578000,0.68911804,0.68911804,0.68911804
1691680579000,0.68911228,0.68911228,0.68911228
1691680580000,0.68905352,0.68905352,0.68905352
1691680581000,0.68905352,0.68905352,0.68905352
1691680582000,0.68905328,0.68905328,0.68905328
1691680583000,0.68905134,0.68905134,0.68905134
1691680584000,0.68905134,0.68905134,0.68905134
1691680585000,0.68905098,0.68905098,0.68905098
1691680586000,0.68905046,0.68905046,0.68905046
1691680587000,0.68904976,0.68904976,0.68904976
1691680588000,0.68904859,0.68904859,0.68904859
1691680589000,0.68904817,0.68904817,0.68904817
1691680590000,0.6890482,0.6890482,0.6890482
1691680591000,0.6890482,0.6890482,0.6890482
1691680592000,0.6890482,0.6890482,0.6890482
1691680593000,0.68904817,0.68904817,0.68904817
1691680594000,0.6891,0.6891,0.6891
1691680595000,0.6891,0.6891,0.6891
1691680596000,0.6891,0.6891,0.6891
1691680597000,0.6891,0.6891,0.6891
1691680598000,0.6891,0.6891,0.6891
1691680599000,0.6891,0.6891,0.6891
1691680600000,0.6892,0.6892,0.6892
1691680601000,0.68910046,0.68910046,0.68910046
1691680602000,0.68910046,0.68910046,0.68910046
1691680603000,0.6891,0.6891,0.6891
1691680604000,0.68909316,0.68909316,0.68909316
1691680605000,0.68900703,0.68900703,0.68900703
1691680606000,0.68900706,0.68900706,0.68900706
1691680607000,0.68900703,0.68900703,0.68900703
1691680608000,0.68900706,0.68900706,0.68900706
1691680609000,0.68900706,0.68900706,0.68900706
1691680610000,0.68899548,0.68899548,0.68899548
1691680611000,0.68899545,0.68899545,0.68899545
1691680612000,0.68899545,0.68899545,0.68899545
1691680613000,0.68895197,0.68895197,0.68895197
1691680614000,0.68895197,0.68895197,0.68895197
1691680615000,0.68895197,0.68895197,0.68895197
1691680616000,0.68898861,0.68898861,0.68898861
1691680617000,0.68894514,0.68894514,0.68894514
1691680618000,0.68895169,0.68895169,0.68895169
1691680619000,0.68895169,0.68895169,0.68895169
1691680620000,0.68894778,0.68894778,0.68894778
1691680621000,0.68893864,0.68893864,0.68893864
1691680622000,0.68893864,0.68893864,0.68893864
1691680623000,0.689,0.689,0.689
1691680624000,0.689,0.689,0.689
1691680625000,0.6891,0.6891,0.6891
1691680626000,0.6891,0.6891,0.6891
1691680627000,0.689,0.689,0.689
1691680628000,0.689,0.689,0.689
1691680629000,0.68899667,0.68899667,0.68899667
1691680630000,0.68899647,0.68899647,0.68899647
1691680631000,0.6889965,0.6889965,0.6889965
1691680632000,0.689,0.689,0.689
1691680633000,0.689,0.689,0.689
1691680634000,0.689,0.689,0.689
1691680635000,0.68899719,0.68899719,0.68899719
1691680636000,0.68899719,0.68899719,0.68899719
1691680637000,0.68899719,0.68899719,0.68899719
1691680638000,0.689,0.689,0.689
1691680639000,0.689,0.689,0.689
1691680640000,0.6891,0.6891,0.6891
1691680641000,0.6891,0.6891,0.6891
1691680642000,0.6891,0.6891,0.6891
1691680643000,0.6891,0.6891,0.6891
1691680644000,0.6891,0.6891,0.6891
1691680645000,0.6891,0.6891,0.6891
1691680646000,0.6892,0.6892,0.6892
1691680647000,0.6892,0.6892,0.6892
1691680648000,0.6892,0.6892,0.6892
1691680649000,0.6892,0.6892,0.6892
1691680650000,0.6891,0.6891,0.6891
1691680651000,0.6891,0.6891,0.6891
1691680652000,0.6892,0.6892,0.6892
1691680653000,0.6892,0.6892,0.6892
1691680654000,0.6892,0.6892,0.6892
1691680655000,0.6891,0.6891,0.6891
1691680656000,0.6891,0.6891,0.6891
1691680657000,0.6891,0.6891,0.6891
1691680658000,0.68903633,0.68903633,0.68903633
1691680659000,0.6890363,0.6890363,0.6890363
1691680660000,0.68904625,0.68904625,0.68904625
1691680661000,0.68904625,0.68904625,0.68904625
1691680662000,0.68908018,0.68908018,0.68908018
1691680663000,0.68908018,0.68908018,0.68908018
1691680664000,0.68903035,0.68903035,0.68903035
1691680665000,0.68903035,0.68903035,0.68903035
1691680666000,0.68899703,0.68899703,0.68899703
1691680667000,0.68899703,0.68899703,0.68899703
1691680668000,0.6888,0.6888,0.6888
1691680669000,0.6887887,0.6887887,0.6887887
1691680670000,0.6887887,0.6887887,0.6887887
1691680671000,0.6888,0.6888,0.6888
1691680672000,0.6888,0.6888,0.6888
1691680673000,0.68886779,0.68886779,0.68886779
1691680674000,0.689,0.689,0.689
1691680675000,0.6891,0.6891,0.6891
1691680676000,0.6894,0.6894,0.6894
1691680677000,0.6894,0.6894,0.6894
1691680678000,0.6894,0.6894,0.6894
1691680679000,0.6892,0.6892,0.6892
1691680680000,0.6892,0.6892,0.6892
1691680681000,0.6895,0.6895,0.6895
1691680682000,0.6895,0.6895,0.6895
1691680683000,0.6895,0.6895,0.6895
1691680684000,0.6896,0.6896,0.6896
1691680685000,0.6896,0.6896,0.6896
1691680686000,0.6896,0.6896,0.6896
1691680687000,0.6896,0.6896,0.6896
1691680688000,0.6897,0.6897,0.6897
1691680689000,0.6897,0.6897,0.6897
1691680690000,0.6896,0.6896,0.6896
1691680691000,0.6897,0.6897,0.6897
1691680692000,0.6897,0.6897,0.6897
1691680693000,0.6897,0.6897,0.6897
1691680694000,0.6897,0.6897,0.6897
1691680695000,0.6896,0.6896,0.6896
1691680696000,0.6896,0.6896,0.6896
1691680697000,0.6897,0.6897,0.6897
1691680698000,0.6897,0.6897,0.6897
1691680699000,0.6897,0.6897,0.6897
1691680700000,0.6897,0.6897,0.6897
1691680701000,0.6897,0.6897,0.6897
1691680702000,0.6899,0.6899,0.6899
1691680703000,0.6899,0.6899,0.6899
1691680704000,0.6899,0.6899,0.6899
1691680705000,0.6898,0.6898,0.6898
1691680706000,0.6898,0.6898,0.6898
1691680707000,0.6898,0.6898,0.6898
1691680708000,0.6899,0.6899,0.6899
1691680709000,0.6899,0.6899,0.6899
1691680710000,0.69,0.69,0.69
1691680711000,0.69,0.69,0.69
1691680712000,0.69,0.69,0.69
1691680713000,0.69,0.69,0.69
1691680714000,0.69,0.69,0.69
1691680715000,0.69,0.69,0.69
1691680716000,0.69,0.69,0.69
1691680717000,0.69,0.69,0.69
1691680718000,0.69,0.69,0.69
1691680719000,0.69006431,0.69006431,0.69006431
1691680720000,0.69,0.69,0.69
1691680721000,0.69,0.69,0.69
1691680722000,0.6901,0.6901,0.6901
1691680723000,0.6901,0.6901,0.6901
1691680724000,0.6901,0.6901,0.6901
1691680725000,0.69,0.69,0.69
1691680726000,0.69,0.69,0.69
1691680727000,0.69,0.69,0.69
1691680728000,0.6901,0.6901,0.6901
1691680729000,0.6901,0.6901,0.6901
1691680730000,0.69,0.69,0.69
1691680731000,0.69,0.69,0.69
1691680732000,0.69,0.69,0.69
1691680733000,0.6901,0.6901,0.6901
1691680734000,0.6901,0.6901,0.6901
1691680735000,0.6901,0.6901,0.6901
1691680736000,0.6901,0.6901,0.6901
1691680737000,0.69,0.69,0.69
1691680738000,0.69,0.69,0.69
1691680739000,0.69,0.69,0.69
1691680740000,0.69,0.69,0.69
1691680741000,0.69,0.69,0.69
1691680742000,0.69,0.69,0.69
1691680743000,0.69,0.69,0.69
1691680744000,0.69,0.69,0.69
1691680745000,0.6899,0.6899,0.6899
1691680746000,0.6899,0.6899,0.6899
1691680747000,0.69,0.69,0.69
1691680748000,0.69,0.69,0.69
1691680749000,0.69,0.69,0.69
1691680750000,0.69,0.69,0.69
1691680751000,0.69,0.69,0.69
1691680752000,0.69,0.69,0.69
1691680753000,0.6901,0.6901,0.6901
1691680754000,0.6901,0.6901,0.6901
1691680755000,0.69,0.69,0.69
1691680756000,0.69,0.69,0.69
1691680757000,0.69,0.69,0.69
1691680758000,0.6901,0.6901,0.6901
1691680759000,0.6901,0.6901,0.6901
1691680760000,0.69019189,0.69019189,0.69019189
1691680761000,0.6901,0.6901,0.6901
1691680762000,0.6901,0.6901,0.6901
1691680763000,0.6901,0.6901,0.6901
1691680764000,0.6901,0.6901,0.6901
1691680765000,0.69,0.69,0.69
1691680766000,0.6901,0.6901,0.6901
1691680767000,0.6901,0.6901,0.6901
1691680768000,0.6901,0.6901,0.6901
1691680769000,0.6901,0.6901,0.6901
1691680770000,0.6901,0.6901,0.6901
1691680771000,0.6902,0.6902,0.6902
1691680772000,0.6902,0.6902,0.6902
1691680773000,0.6902,0.6902,0.6902
1691680774000,0.6902,0.6902,0.6902
1691680775000,0.6902,0.6902,0.6902
1691680776000,0.6902,0.6902,0.6902
1691680777000,0.6902,0.6902,0.6902
1691680778000,0.6902,0.6902,0.6902
1691680779000,0.6902,0.6902,0.6902
1691680780000,0.69035977,0.69035977,0.69035977
1691680781000,0.69036629,0.69036629,0.69036629
1691680782000,0.6905,0.6905,0.6905
1691680783000,0.6905,0.6905,0.6905
1691680784000,0.6905,0.6905,0.6905
1691680785000,0.6904,0.6904,0.6904
1691680786000,0.6904,0.6904,0.6904
1691680787000,0.6903,0.6903,0.6903
1691680788000,0.6903,0.6903,0.6903
1691680789000,0.6903,0.6903,0.6903
1691680790000,0.6902,0.6902,0.6902
1691680791000,0.6903,0.6903,0.6903
1691680792000,0.6903,0.6903,0.6903
1691680793000,0.6903,0.6903,0.6903
1691680794000,0.69011739,0.69011739,0.69011739
1691680795000,0.69007388,0.69007388,0.69007388
1691680796000,0.69003119,0.69003119,0.69003119
1691680797000,0.69,0.69,0.69
1691680798000,0.6901,0.6901,0.6901
1691680799000,0.6901,0.6901,0.6901
1691680800000,0.69,0.69,0.69
1691680801000,0.69,0.69,0.69
1691680802000,0.69,0.69,0.69
1691680803000,0.6901,0.6901,0.6901
1691680804000,0.6901,0.6901,0.6901
1691680805000,0.69002652,0.69002652,0.69002652
1691680806000,0.6900273,0.6900273,0.6900273
1691680807000,0.69002652,0.69002652,0.69002652
1691680808000,0.69002652,0.69002652,0.69002652
1691680809000,0.6900273,0.6900273,0.6900273
1691680810000,0.69003089,0.69003089,0.69003089
1691680811000,0.6901,0.6901,0.6901
1691680812000,0.69,0.69,0.69
1691680813000,0.69,0.69,0.69
1691680814000,0.6899,0.6899,0.6899
1691680815000,0.68983547,0.68983547,0.68983547
1691680816000,0.68983547,0.68983547,0.68983547
1691680817000,0.68983547,0.68983547,0.68983547
1691680818000,0.68958934,0.68958934,0.68958934
1691680819000,0.68953393,0.68953393,0.68953393
1691680820000,0.68953393,0.68953393,0.68953393
1691680821000,0.68942627,0.68942627,0.68942627
1691680822000,0.68942573,0.68942573,0.68942573
1691680823000,0.68942573,0.68942573,0.68942573
1691680824000,0.6894692,0.6894692,0.6894692
1691680825000,0.68941927,0.68941927,0.68941927
1691680826000,0.68946426,0.68946426,0.68946426
1691680827000,0.6895,0.6895,0.6895
1691680828000,0.6895,0.6895,0.6895
1691680829000,0.6896,0.6896,0.6896
1691680830000,0.68957939,0.68957939,0.68957939
1691680831000,0.68957939,0.68957939,0.68957939
1691680832000,0.68949367,0.68949367,0.68949367
1691680833000,0.68948146,0.68948146,0.68948146
1691680834000,0.68948146,0.68948146,0.68948146
1691680835000,0.689454,0.689454,0.689454
1691680836000,0.68945475,0.68945475,0.68945475
1691680837000,0.68945453,0.68945453,0.68945453
1691680838000,0.68945378,0.68945378,0.68945378
1691680839000,0.68945456,0.68945456,0.68945456
1691680840000,0.68945401,0.68945401,0.68945401
1691680841000,0.68945401,0.68945401,0.68945401
1691680842000,0.68945404,0.68945404,0.68945404
1691680843000,0.6895,0.6895,0.6895
1691680844000,0.6895,0.6895,0.6895
1691680845000,0.68945406,0.68945406,0.68945406
1691680846000,0.68944334,0.68944334,0.68944334
1691680847000,0.68944986,0.68944986,0.68944986
1691680848000,0.68945139,0.68945139,0.68945139
1691680849000,0.68945139,0.68945139,0.68945139
1691680850000,0.68945139,0.68945139,0.68945139
1691680851000,0.68938809,0.68938809,0.68938809
1691680852000,0.68938809,0.68938809,0.68938809
1691680853000,0.68938809,0.68938809,0.68938809
1691680854000,0.6893815,0.6893815,0.6893815
1691680855000,0.68938062,0.68938062,0.68938062
1691680856000,0.68938062,0.68938062,0.68938062
1691680857000,0.68938065,0.68938065,0.68938065
1691680858000,0.68938065,0.68938065,0.68938065
1691680859000,0.68938319,0.68938319,0.68938319
1691680860000,0.68942667,0.68942667,0.68942667
1691680861000,0.68942667,0.68942667,0.68942667
1691680862000,0.68938326,0.68938326,0.68938326
1691680863000,0.6894,0.6894,0.6894
1691680864000,0.6894,0.6894,0.6894
1691680865000,0.68938579,0.68938579,0.68938579
1691680866000,0.6895,0.6895,0.6895
1691680867000,0.6895,0.6895,0.6895
1691680868000,0.6895,0.6895,0.6895
1691680869000,0.6895662,0.6895662,0.6895662
1691680870000,0.6896,0.6896,0.6896
1691680871000,0.6896,0.6896,0.6896
1691680872000,0.6897,0.6897,0.6897
1691680873000,0.6897,0.6897,0.6897
1691680874000,0.6897,0.6897,0.6897
1691680875000,0.6897,0.6897,0.6897
1691680876000,0.68971284,0.68971284,0.68971284
1691680877000,0.68971281,0.68971281,0.68971281
1691680878000,0.68961819,0.68961819,0.68961819
1691680879000,0.68961822,0.68961822,0.68961822
1691680880000,0.68961822,0.68961822,0.68961822
1691680881000,0.68961822,0.68961822,0.68961822
1691680882000,0.68961665,0.68961665,0.68961665
1691680883000,0.68961665,0.68961665,0.68961665
1691680884000,0.68961665,0.68961665,0.68961665
1691680885000,0.68961591,0.68961591,0.68961591
1691680886000,0.68961591,0.68961591,0.68961591
1691680887000,0.68959903,0.68959903,0.68959903
1691680888000,0.68959903,0.68959903,0.68959903
1691680889000,0.68959831,0.68959831,0.68959831
1691680890000,0.68959831,0.68959831,0.68959831
1691680891000,0.68959733,0.68959733,0.68959733
1691680892000,0.68959733,0.68959733,0.68959733
1691680893000,0.68959776,0.68959776,0.68959776
1691680894000,0.68959776,0.68959776,0.68959776
1691680895000,0.68959779,0.68959779,0.68959779
1691680896000,0.68959815,0.68959815,0.68959815
1691680897000,0.68959818,0.68959818,0.68959818
1691680898000,0.6896,0.6896,0.6896
1691680899000,0.6896848,0.6896848,0.6896848
1691680900000,0.68968402,0.68968402,0.68968402
1691680901000,0.68968402,0.68968402,0.68968402
1691680902000,0.6898,0.6898,0.6898
1691680903000,0.6898,0.6898,0.6898
1691680904000,0.6898,0.6898,0.6898
1691680905000,0.68973603,0.68973603,0.68973603
1691680906000,0.68973678,0.68973678,0.68973678
1691680907000,0.68974258,0.68974258,0.68974258
1691680908000,0.68974258,0.68974258,0.68974258
1691680909000,0.689745,0.689745,0.689745
1691680910000,0.6898,0.6898,0.6898
1691680911000,0.6898,0.6898,0.6898
1691680912000,0.68974531,0.68974531,0.68974531
1691680913000,0.6898,0.6898,0.6898
1691680914000,0.6898,0.6898,0.6898
1691680915000,0.6898,0.6898,0.6898
1691680916000,0.6898,0.6898,0.6898
1691680917000,0.6898,0.6898,0.6898
1691680918000,0.68980258,0.68980258,0.68980258
1691680919000,0.68980258,0.68980258,0.68980258
1691680920000,0.6898062,0.6898062,0.6898062
1691680921000,0.6898062,0.6898062,0.6898062
1691680922000,0.68976324,0.68976324,0.68976324
1691680923000,0.6898,0.6898,0.6898
1691680924000,0.68971973,0.68971973,0.68971973
1691680925000,0.68971973,0.68971973,0.68971973
1691680926000,0.68972372,0.68972372,0.68972372
1691680927000,0.68972372,0.68972372,0.68972372
1691680928000,0.68972189,0.68972189,0.68972189
1691680929000,0.68972189,0.68972189,0.68972189
1691680930000,0.68972189,0.68972189,0.68972189
1691680931000,0.68971618,0.68971618,0.68971618
1691680932000,0.6897149,0.6897149,0.6897149
1691680933000,0.6897149,0.6897149,0.6897149
1691680934000,0.68971599,0.68971599,0.68971599
1691680935000,0.68971599,0.68971599,0.68971599
1691680936000,0.68971599,0.68971599,0.68971599
1691680937000,0.68967231,0.68967231,0.68967231
1691680938000,0.68967231,0.68967231,0.68967231
1691680939000,0.68966747,0.68966747,0.68966747
1691680940000,0.68966627,0.68966627,0.68966627
1691680941000,0.68966627,0.68966627,0.68966627
1691680942000,0.68963988,0.68963988,0.68963988
1691680943000,0.68963887,0.68963887,0.68963887
1691680944000,0.68963887,0.68963887,0.68963887
1691680945000,0.68964614,0.68964614,0.68964614
1691680946000,0.6896454,0.6896454,0.6896454
1691680947000,0.68964543,0.68964543,0.68964543
1691680948000,0.68964446,0.68964446,0.68964446
1691680949000,0.68964446,0.68964446,0.68964446
1691680950000,0.68964446,0.68964446,0.68964446
1691680951000,0.68928754,0.68928754,0.68928754
1691680952000,0.68928754,0.68928754,0.68928754
1691680953000,0.68936356,0.68936356,0.68936356
1691680954000,0.68936428,0.68936428,0.68936428
1691680955000,0.68936353,0.68936353,0.68936353
1691680956000,0.68936353,0.68936353,0.68936353
1691680957000,0.68939617,0.68939617,0.68939617
1691680958000,0.68939617,0.68939617,0.68939617
1691680959000,0.68944456,0.68944456,0.68944456
1691680960000,0.68940109,0.68940109,0.68940109
1691680961000,0.68932932,0.68932932,0.68932932
1691680962000,0.68932932,0.68932932,0.68932932
1691680963000,0.68932932,0.68932932,0.68932932
1691680964000,0.68933052,0.68933052,0.68933052
1691680965000,0.68934179,0.68934179,0.68934179
1691680966000,0.68934179,0.68934179,0.68934179
1691680967000,0.68934179,0.68934179,0.68934179
1691680968000,0.68938527,0.68938527,0.68938527
1691680969000,0.68938168,0.68938168,0.68938168
1691680970000,0.6892998,0.6892998,0.6892998
1691680971000,0.6892998,0.6892998,0.6892998
1691680972000,0.6892998,0.6892998,0.6892998
1691680973000,0.68934334,0.68934334,0.68934334
1691680974000,0.68929986,0.68929986,0.68929986
1691680975000,0.68929914,0.68929914,0.68929914
1691680976000,0.68929682,0.68929682,0.68929682
1691680977000,0.68929682,0.68929682,0.68929682
1691680978000,0.68929682,0.68929682,0.68929682
1691680979000,0.68929603,0.68929603,0.68929603
1691680980000,0.68929603,0.68929603,0.68929603
1691680981000,0.68929193,0.68929193,0.68929193
1691680982000,0.68929193,0.68929193,0.68929193
1691680983000,0.68929193,0.68929193,0.68929193
1691680984000,0.68929193,0.68929193,0.68929193
1691680985000,0.68928501,0.68928501,0.68928501
1691680986000,0.68927999,0.68927999,0.68927999
1691680987000,0.68922664,0.68922664,0.68922664
1691680988000,0.6892145,0.6892145,0.6892145
1691680989000,0.6892145,0.6892145,0.6892145
1691680990000,0.68908243,0.68908243,0.68908243
1691680991000,0.68908243,0.68908243,0.68908243
1691680992000,0.68907612,0.68907612,0.68907612
1691680993000,0.68903301,0.68903301,0.68903301
1691680994000,0.68897793,0.68897793,0.68897793
1691680995000,0.68897793,0.68897793,0.68897793
1691680996000,0.68897793,0.68897793,0.68897793
1691680997000,0.68897796,0.68897796,0.68897796
1691680998000,0.68897402,0.68897402,0.68897402
1691680999000,0.68896009,0.68896009,0.68896009
1691681000000,0.68895663,0.68895663,0.68895663
1691681001000,0.68895731,0.68895731,0.68895731
1691681002000,0.68895731,0.68895731,0.68895731
1691681003000,0.68895139,0.68895139,0.68895139
1691681004000,0.68894732,0.68894732,0.68894732
1691681005000,0.6889466,0.6889466,0.6889466
1691681006000,0.6889466,0.6889466,0.6889466
1691681007000,0.68894657,0.68894657,0.68894657
1691681008000,0.68894657,0.68894657,0.68894657
1691681009000,0.68894064,0.68894064,0.68894064
1691681010000,0.68892104,0.68892104,0.68892104
1691681011000,0.68892179,0.68892179,0.68892179
1691681012000,0.68892179,0.68892179,0.68892179
1691681013000,0.68892104,0.68892104,0.68892104
1691681014000,0.6889165,0.6889165,0.6889165
1691681015000,0.6889165,0.6889165,0.6889165
1691681016000,0.6889165,0.6889165,0.6889165
1691681017000,0.6889165,0.6889165,0.6889165
1691681018000,0.6889165,0.6889165,0.6889165
1691681019000,0.68891575,0.68891575,0.68891575
1691681020000,0.68890767,0.68890767,0.68890767
1691681021000,0.68890767,0.68890767,0.68890767
1691681022000,0.68890763,0.68890763,0.68890763
1691681023000,0.68890763,0.68890763,0.68890763
1691681024000,0.68890838,0.68890838,0.68890838
1691681025000,0.68890223,0.68890223,0.68890223
1691681026000,0.68890223,0.68890223,0.68890223
1691681027000,0.6889022,0.6889022,0.6889022
1691681028000,0.6889022,0.6889022,0.6889022
1691681029000,0.6889022,0.6889022,0.6889022
1691681030000,0.68890027,0.68890027,0.68890027
1691681031000,0.68889164,0.68889164,0.68889164
1691681032000,0.68893584,0.68893584,0.68893584
1691681033000,0.68893584,0.68893584,0.68893584
1691681034000,0.68893587,0.68893587,0.68893587
1691681035000,0.68828321,0.68828321,0.68828321
1691681036000,0.68828321,0.68828321,0.68828321
1691681037000,0.68826923,0.68826923,0.68826923
1691681038000,0.68826926,0.68826926,0.68826926
1691681039000,0.68826923,0.68826923,0.68826923
1691681040000,0.68826923,0.68826923,0.68826923
1691681041000,0.6882622,0.6882622,0.6882622
1691681042000,0.68825433,0.68825433,0.68825433
1691681043000,0.68825436,0.68825436,0.68825436
1691681044000,0.68825436,0.68825436,0.68825436
1691681045000,0.68825542,0.68825542,0.68825542
1691681046000,0.68825568,0.68825568,0.68825568
1691681047000,0.68825568,0.68825568,0.68825568
1691681048000,0.68826409,0.68826409,0.68826409
1691681049000,0.68826409,0.68826409,0.68826409
1691681050000,0.68831275,0.68831275,0.68831275
1691681051000,0.68831286,0.68831286,0.68831286
1691681052000,0.68827016,0.68827016,0.68827016
1691681053000,0.68826207,0.68826207,0.68826207
1691681054000,0.68826204,0.68826204,0.68826204
1691681055000,0.68822146,0.68822146,0.68822146
1691681056000,0.68821624,0.68821624,0.68821624
1691681057000,0.68821624,0.68821624,0.68821624
1691681058000,0.68821621,0.68821621,0.68821621
1691681059000,0.68820857,0.68820857,0.68820857
1691681060000,0.68820857,0.68820857,0.68820857
1691681061000,0.68807952,0.68807952,0.68807952
1691681062000,0.68807949,0.68807949,0.68807949
1691681063000,0.68807949,0.68807949,0.68807949
1691681064000,0.68807014,0.68807014,0.68807014
1691681065000,0.68807014,0.68807014,0.68807014
1691681066000,0.68806162,0.68806162,0.68806162
1691681067000,0.68801814,0.68801814,0.68801814
1691681068000,0.68806162,0.68806162,0.68806162
1691681069000,0.68806162,0.68806162,0.68806162
1691681070000,0.68805467,0.68805467,0.68805467
1691681071000,0.68805467,0.68805467,0.68805467
1691681072000,0.6880098,0.6880098,0.6880098
1691681073000,0.68801057,0.68801057,0.68801057
1691681074000,0.68801054,0.68801054,0.68801054
1691681075000,0.68800293,0.68800293,0.68800293
1691681076000,0.68800178,0.68800178,0.68800178
1691681077000,0.68800104,0.68800104,0.68800104
1691681078000,0.68800104,0.68800104,0.68800104
1691681079000,0.68800101,0.68800101,0.68800101
1691681080000,0.68800101,0.68800101,0.68800101
1691681081000,0.68797739,0.68797739,0.68797739
1691681082000,0.68802087,0.68802087,0.68802087
1691681083000,0.68802087,0.68802087,0.68802087
1691681084000,0.68802087,0.68802087,0.68802087
1691681085000,0.6880209,0.6880209,0.6880209
1691681086000,0.68801213,0.68801213,0.68801213
1691681087000,0.6879737,0.6879737,0.6879737
1691681088000,0.68797367,0.68797367,0.68797367
1691681089000,0.6879737,0.6879737,0.6879737
1691681090000,0.68797367,0.68797367,0.68797367
1691681091000,0.68797527,0.68797527,0.68797527
1691681092000,0.688,0.688,0.688
1691681093000,0.68796495,0.68796495,0.68796495
1691681094000,0.68796495,0.68796495,0.68796495
1691681095000,0.68796495,0.68796495,0.68796495
1691681096000,0.68800852,0.68800852,0.68800852
1691681097000,0.68800666,0.68800666,0.68800666
1691681098000,0.68800666,0.68800666,0.68800666
1691681099000,0.68800666,0.68800666,0.68800666
1691681100000,0.68800738,0.68800738,0.68800738
1691681101000,0.68800666,0.68800666,0.68800666
1691681102000,0.68800614,0.68800614,0.68800614
1691681103000,0.68800814,0.68800814,0.68800814
1691681104000,0.68800814,0.68800814,0.68800814
1691681105000,0.6881,0.6881,0.6881
1691681106000,0.6882,0.6882,0.6882
1691681107000,0.688059,0.688059,0.688059
1691681108000,0.68805991,0.68805991,0.68805991
1691681109000,0.68805991,0.68805991,0.68805991
1691681110000,0.6881,0.6881,0.6881
1691681111000,0.68805994,0.68805994,0.68805994
1691681112000,0.68810065,0.68810065,0.68810065
1691681113000,0.68810065,0.68810065,0.68810065
1691681114000,0.6881,0.6881,0.6881
1691681115000,0.6881,0.6881,0.6881
1691681116000,0.6881,0.6881,0.6881
1691681117000,0.6881,0.6881,0.6881
1691681118000,0.688,0.688,0.688
1691681119000,0.6881,0.6881,0.6881
1691681120000,0.6883,0.6883,0.6883
1691681121000,0.6883,0.6883,0.6883
1691681122000,0.6883,0.6883,0.6883
1691681123000,0.6883,0.6883,0.6883
1691681124000,0.6884,0.6884,0.6884
1691681125000,0.6885,0.6885,0.6885
1691681126000,0.6885,0.6885,0.6885
1691681127000,0.6885,0.6885,0.6885
1691681128000,0.6886,0.6886,0.6886
1691681129000,0.6887,0.6887,0.6887
1691681130000,0.6886,0.6886,0.6886
1691681131000,0.6885,0.6885,0.6885
1691681132000,0.6885,0.6885,0.6885
1691681133000,0.6884,0.6884,0.6884
1691681134000,0.6884,0.6884,0.6884
1691681135000,0.6885,0.6885,0.6885
1691681136000,0.6884,0.6884,0.6884
1691681137000,0.6885,0.6885,0.6885
1691681138000,0.6886,0.6886,0.6886
1691681139000,0.6886,0.6886,0.6886
1691681140000,0.6886,0.6886,0.6886
1691681141000,0.6886,0.6886,0.6886
1691681142000,0.6886,0.6886,0.6886
1691681143000,0.6885,0.6885,0.6885
1691681144000,0.6886,0.6886,0.6886
1691681145000,0.6886,0.6886,0.6886
1691681146000,0.6886,0.6886,0.6886
1691681147000,0.6886,0.6886,0.6886
1691681148000,0.6886,0.6886,0.6886
1691681149000,0.6886,0.6886,0.6886
1691681150000,0.6886,0.6886,0.6886
1691681151000,0.6886,0.6886,0.6886
1691681152000,0.6886,0.6886,0.6886
1691681153000,0.6886,0.6886,0.6886
1691681154000,0.6886,0.6886,0.6886
1691681155000,0.6887,0.6887,0.6887
1691681156000,0.6887,0.6887,0.6887
1691681157000,0.6887,0.6887,0.6887
1691681158000,0.6886,0.6886,0.6886
1691681159000,0.6886,0.6886,0.6886
1691681160000,0.6886,0.6886,0.6886
1691681161000,0.6886,0.6886,0.6886
1691681162000,0.6886,0.6886,0.6886
1691681163000,0.6886,0.6886,0.6886
1691681164000,0.6886,0.6886,0.6886
1691681165000,0.6886,0.6886,0.6886
1691681166000,0.6886,0.6886,0.6886
1691681167000,0.6886,0.6886,0.6886
1691681168000,0.6886,0.6886,0.6886
1691681169000,0.6886,0.6886,0.6886
1691681170000,0.6885,0.6885,0.6885
1691681171000,0.6885,0.6885,0.6885
1691681172000,0.6885,0.6885,0.6885
1691681173000,0.6885,0.6885,0.6885
1691681174000,0.6885,0.6885,0.6885
1691681175000,0.6885,0.6885,0.6885
1691681176000,0.6886,0.6886,0.6886
1691681177000,0.6886,0.6886,0.6886
1691681178000,0.6886,0.6886,0.6886
1691681179000,0.6885,0.6885,0.6885
1691681180000,0.6885,0.6885,0.6885
1691681181000,0.6886,0.6886,0.6886
1691681182000,0.6886,0.6886,0.6886
1691681183000,0.6886,0.6886,0.6886
1691681184000,0.6886,0.6886,0.6886
1691681185000,0.6885,0.6885,0.6885
1691681186000,0.6884,0.6884,0.6884
1691681187000,0.6885,0.6885,0.6885
1691681188000,0.6885,0.6885,0.6885
1691681189000,0.6885,0.6885,0.6885
1691681190000,0.6885,0.6885,0.6885
1691681191000,0.6887,0.6887,0.6887
1691681192000,0.6886,0.6886,0.6886
1691681193000,0.6886,0.6886,0.6886
1691681194000,0.6886,0.6886,0.6886
1691681195000,0.6886,0.6886,0.6886
1691681196000,0.6886,0.6886,0.6886
1691681197000,0.6886,0.6886,0.6886
1691681198000,0.6885,0.6885,0.6885
1691681199000,0.6885,0.6885,0.6885
1691681200000,0.6885,0.6885,0.6885
1691681201000,0.6885,0.6885,0.6885
1691681202000,0.6885,0.6885,0.6885
1691681203000,0.6887,0.6887,0.6887
1691681204000,0.6887,0.6887,0.6887
1691681205000,0.6887,0.6887,0.6887
1691681206000,0.6887,0.6887,0.6887
1691681207000,0.6888,0.6888,0.6888
1691681208000,0.6888,0.6888,0.6888
1691681209000,0.6888,0.6888,0.6888
1691681210000,0.6887,0.6887,0.6887
1691681211000,0.6887,0.6887,0.6887
1691681212000,0.6887,0.6887,0.6887
1691681213000,0.6887,0.6887,0.6887
1691681214000,0.6887,0.6887,0.6887
1691681215000,0.6887,0.6887,0.6887
1691681216000,0.6887,0.6887,0.6887
1691681217000,0.6887,0.6887,0.6887
1691681218000,0.6887,0.6887,0.6887
1691681219000,0.6888,0.6888,0.6888
1691681220000,0.6888,0.6888,0.6888
1691681221000,0.6888,0.6888,0.6888
1691681222000,0.6887,0.6887,0.6887
1691681223000,0.6886,0.6886,0.6886
1691681224000,0.6886,0.6886,0.6886
1691681225000,0.6885,0.6885,0.6885
1691681226000,0.6885,0.6885,0.6885
1691681227000,0.6885,0.6885,0.6885
1691681228000,0.6885,0.6885,0.6885
1691681229000,0.68837207,0.68837207,0.68837207
1691681230000,0.68833589,0.68833589,0.68833589
1691681231000,0.68833413,0.68833413,0.68833413
1691681232000,0.6883,0.6883,0.6883
1691681233000,0.6883,0.6883,0.6883
1691681234000,0.6883,0.6883,0.6883
1691681235000,0.6884,0.6884,0.6884
1691681236000,0.6884,0.6884,0.6884
1691681237000,0.6883,0.6883,0.6883
1691681238000,0.6883,0.6883,0.6883
1691681239000,0.6884,0.6884,0.6884
1691681240000,0.6884,0.6884,0.6884
1691681241000,0.6885,0.6885,0.6885
1691681242000,0.6885,0.6885,0.6885
1691681243000,0.6885,0.6885,0.6885
1691681244000,0.6885,0.6885,0.6885
1691681245000,0.6887,0.6887,0.6887
1691681246000,0.6887,0.6887,0.6887
1691681247000,0.6886,0.6886,0.6886
1691681248000,0.6886,0.6886,0.6886
1691681249000,0.6886,0.6886,0.6886
1691681250000,0.6886,0.6886,0.6886
1691681251000,0.6886,0.6886,0.6886
1691681252000,0.6886,0.6886,0.6886
1691681253000,0.6886,0.6886,0.6886
1691681254000,0.6886,0.6886,0.6886
1691681255000,0.6886,0.6886,0.6886
1691681256000,0.6886,0.6886,0.6886
1691681257000,0.6886,0.6886,0.6886
1691681258000,0.6886,0.6886,0.6886
1691681259000,0.6886,0.6886,0.6886
1691681260000,0.6886,0.6886,0.6886
1691681261000,0.6886,0.6886,0.6886
1691681262000,0.6886,0.6886,0.6886
1691681263000,0.6886,0.6886,0.6886
1691681264000,0.6886,0.6886,0.6886
1691681265000,0.6886,0.6886,0.6886
1691681266000,0.6886,0.6886,0.6886
1691681267000,0.6886,0.6886,0.6886
1691681268000,0.6886,0.6886,0.6886
1691681269000,0.6886,0.6886,0.6886
1691681270000,0.6886,0.6886,0.6886
1691681271000,0.6886,0.6886,0.6886
1691681272000,0.6886,0.6886,0.6886
1691681273000,0.6887,0.6887,0.6887
1691681274000,0.6887,0.6887,0.6887
1691681275000,0.6887,0.6887,0.6887
1691681276000,0.6887,0.6887,0.6887
1691681277000,0.6887,0.6887,0.6887
1691681278000,0.6887,0.6887,0.6887
1691681279000,0.6887,0.6887,0.6887
1691681280000,0.6887,0.6887,0.6887
1691681281000,0.6888,0.6888,0.6888
1691681282000,0.6888,0.6888,0.6888
1691681283000,0.6888,0.6888,0.6888
1691681284000,0.6887,0.6887,0.6887
1691681285000,0.6887,0.6887,0.6887
1691681286000,0.6887,0.6887,0.6887
1691681287000,0.6887,0.6887,0.6887
1691681288000,0.6888,0.6888,0.6888
1691681289000,0.6888,0.6888,0.6888
1691681290000,0.6888,0.6888,0.6888
1691681291000,0.6888,0.6888,0.6888
1691681292000,0.6888,0.6888,0.6888
1691681293000,0.6888,0.6888,0.6888
1691681294000,0.6888,0.6888,0.6888
1691681295000,0.6889,0.6889,0.6889
1691681296000,0.6889,0.6889,0.6889
1691681297000,0.6888,0.6888,0.6888
1691681298000,0.6888,0.6888,0.6888
1691681299000,0.6887,0.6887,0.6887
1691681300000,0.6888,0.6888,0.6888
1691681301000,0.6888,0.6888,0.6888
1691681302000,0.6888,0.6888,0.6888
1691681303000,0.6887,0.6887,0.6887
1691681304000,0.6887,0.6887,0.6887
1691681305000,0.6887,0.6887,0.6887
1691681306000,0.6887,0.6887,0.6887
1691681307000,0.6887,0.6887,0.6887
1691681308000,0.6887,0.6887,0.6887
1691681309000,0.6886,0.6886,0.6886
1691681310000,0.68861083,0.68861083,0.68861083
1691681311000,0.68861083,0.68861083,0.68861083
1691681312000,0.6886108,0.6886108,0.6886108
1691681313000,0.6886,0.6886,0.6886
1691681314000,0.6886,0.6886,0.6886
1691681315000,0.6886,0.6886,0.6886
1691681316000,0.6886,0.6886,0.6886
1691681317000,0.6886,0.6886,0.6886
1691681318000,0.6886,0.6886,0.6886
1691681319000,0.6886,0.6886,0.6886
1691681320000,0.6887,0.6887,0.6887
1691681321000,0.6887,0.6887,0.6887
1691681322000,0.6888,0.6888,0.6888
1691681323000,0.6888,0.6888,0.6888
1691681324000,0.6888,0.6888,0.6888
1691681325000,0.6888,0.6888,0.6888
1691681326000,0.6888,0.6888,0.6888
1691681327000,0.6888,0.6888,0.6888
1691681328000,0.6887,0.6887,0.6887
1691681329000,0.6887,0.6887,0.6887
1691681330000,0.6886,0.6886,0.6886
1691681331000,0.6887,0.6887,0.6887
1691681332000,0.6887,0.6887,0.6887
1691681333000,0.6887,0.6887,0.6887
1691681334000,0.6887,0.6887,0.6887
1691681335000,0.6888,0.6888,0.6888
1691681336000,0.6889,0.6889,0.6889
1691681337000,0.6889,0.6889,0.6889
1691681338000,0.689,0.689,0.689
1691681339000,0.6889,0.6889,0.6889
1691681340000,0.6889,0.6889,0.6889
1691681341000,0.6889,0.6889,0.6889
1691681342000,0.6888,0.6888,0.6888
1691681343000,0.6888,0.6888,0.6888
1691681344000,0.6888,0.6888,0.6888
1691681345000,0.6887167,0.6887167,0.6887167
1691681346000,0.68872409,0.68872409,0.68872409
1691681347000,0.68873028,0.68873028,0.68873028
1691681348000,0.68873028,0.68873028,0.68873028
1691681349000,0.68871781,0.68871781,0.68871781
1691681350000,0.68867508,0.68867508,0.68867508
1691681351000,0.6887,0.6887,0.6887
1691681352000,0.6887,0.6887,0.6887
1691681353000,0.6887,0.6887,0.6887
1691681354000,0.6887,0.6887,0.6887
1691681355000,0.6887,0.6887,0.6887
1691681356000,0.6887,0.6887,0.6887
1691681357000,0.6887,0.6887,0.6887
1691681358000,0.6888,0.6888,0.6888
1691681359000,0.6888,0.6888,0.6888
1691681360000,0.6888,0.6888,0.6888
1691681361000,0.68872812,0.68872812,0.68872812
1691681362000,0.68872812,0.68872812,0.68872812
1691681363000,0.68873404,0.68873404,0.68873404
1691681364000,0.68873332,0.68873332,0.68873332
1691681365000,0.68873404,0.68873404,0.68873404
1691681366000,0.68873404,0.68873404,0.68873404
1691681367000,0.68869056,0.68869056,0.68869056
1691681368000,0.68869486,0.68869486,0.68869486
1691681369000,0.68869486,0.68869486,0.68869486
1691681370000,0.68869411,0.68869411,0.68869411
1691681371000,0.68869414,0.68869414,0.68869414
1691681372000,0.68869489,0.68869489,0.68869489
1691681373000,0.68869485,0.68869485,0.68869485
1691681374000,0.68869971,0.68869971,0.68869971
1691681375000,0.68869971,0.68869971,0.68869971
1691681376000,0.68869968,0.68869968,0.68869968
1691681377000,0.68864968,0.68864968,0.68864968
1691681378000,0.68864824,0.68864824,0.68864824
1691681379000,0.68865479,0.68865479,0.68865479
1691681380000,0.68865479,0.68865479,0.68865479
1691681381000,0.68865479,0.68865479,0.68865479
1691681382000,0.68865479,0.68865479,0.68865479
1691681383000,0.68865476,0.68865476,0.68865476
1691681384000,0.68860193,0.68860193,0.68860193
1691681385000,0.6886061,0.6886061,0.6886061
1691681386000,0.68859741,0.68859741,0.68859741
1691681387000,0.68859741,0.68859741,0.68859741
1691681388000,0.68859741,0.68859741,0.68859741
1691681389000,0.68859741,0.68859741,0.68859741
1691681390000,0.68860348,0.68860348,0.68860348
1691681391000,0.68860348,0.68860348,0.68860348
1691681392000,0.68856,0.68856,0.68856
1691681393000,0.68855926,0.68855926,0.68855926
1691681394000,0.68855958,0.68855958,0.68855958
1691681395000,0.68860381,0.68860381,0.68860381
1691681396000,0.68861169,0.68861169,0.68861169
1691681397000,0.68861169,0.68861169,0.68861169
1691681398000,0.68856818,0.68856818,0.68856818
1691681399000,0.68856818,0.68856818,0.68856818
1691681400000,0.68856769,0.68856769,0.68856769
1691681401000,0.6886112,0.6886112,0.6886112
1691681402000,0.6886163,0.6886163,0.6886163
1691681403000,0.68857279,0.68857279,0.68857279
1691681404000,0.68857282,0.68857282,0.68857282
1691681405000,0.68857224,0.68857224,0.68857224
1691681406000,0.68855161,0.68855161,0.68855161
1691681407000,0.68854948,0.68854948,0.68854948
1691681408000,0.68854948,0.68854948,0.68854948
1691681409000,0.6885486,0.6885486,0.6885486
1691681410000,0.68854934,0.68854934,0.68854934
1691681411000,0.68854934,0.68854934,0.68854934
1691681412000,0.68854934,0.68854934,0.68854934
1691681413000,0.6885498,0.6885498,0.6885498
1691681414000,0.68854866,0.68854866,0.68854866
1691681415000,0.68854866,0.68854866,0.68854866
1691681416000,0.68854866,0.68854866,0.68854866
1691681417000,0.68854866,0.68854866,0.68854866
1691681418000,0.68855409,0.68855409,0.68855409
1691681419000,0.6886,0.6886,0.6886
1691681420000,0.68855452,0.68855452,0.68855452
1691681421000,0.68855377,0.68855377,0.68855377
1691681422000,0.68855377,0.68855377,0.68855377
1691681423000,0.68855377,0.68855377,0.68855377
1691681424000,0.68855071,0.68855071,0.68855071
1691681425000,0.6886,0.6886,0.6886
1691681426000,0.68859422,0.68859422,0.68859422
1691681427000,0.68859422,0.68859422,0.68859422
1691681428000,0.6886,0.6886,0.6886
1691681429000,0.6885489,0.6885489,0.6885489
1691681430000,0.6886,0.6886,0.6886
1691681431000,0.6886,0.6886,0.6886
1691681432000,0.6887,0.6887,0.6887
1691681433000,0.6887,0.6887,0.6887
1691681434000,0.6887,0.6887,0.6887
1691681435000,0.6887,0.6887,0.6887
1691681436000,0.6886,0.6886,0.6886
1691681437000,0.6886,0.6886,0.6886
1691681438000,0.6886,0.6886,0.6886
1691681439000,0.6886,0.6886,0.6886
1691681440000,0.6886,0.6886,0.6886
1691681441000,0.688522,0.688522,0.688522
1691681442000,0.688522,0.688522,0.688522
1691681443000,0.68855895,0.68855895,0.68855895
1691681444000,0.68851544,0.68851544,0.68851544
1691681445000,0.68851666,0.68851666,0.68851666
1691681446000,0.6887,0.6887,0.6887
1691681447000,0.6886,0.6886,0.6886
1691681448000,0.6886,0.6886,0.6886
1691681449000,0.6887,0.6887,0.6887
1691681450000,0.6887,0.6887,0.6887
1691681451000,0.68859276,0.68859276,0.68859276
1691681452000,0.68859351,0.68859351,0.68859351
1691681453000,0.68859279,0.68859279,0.68859279
1691681454000,0.68859276,0.68859276,0.68859276
1691681455000,0.68859276,0.68859276,0.68859276
1691681456000,0.68859132,0.68859132,0.68859132
1691681457000,0.6885691,0.6885691,0.6885691
1691681458000,0.68856988,0.68856988,0.68856988
1691681459000,0.68856913,0.68856913,0.68856913
1691681460000,0.68857699,0.68857699,0.68857699
1691681461000,0.68857699,0.68857699,0.68857699
1691681462000,0.68857672,0.68857672,0.68857672
1691681463000,0.6886,0.6886,0.6886
1691681464000,0.68858973,0.68858973,0.68858973
1691681465000,0.68858973,0.68858973,0.68858973
1691681466000,0.68858849,0.68858849,0.68858849
1691681467000,0.68858849,0.68858849,0.68858849
1691681468000,0.68854084,0.68854084,0.68854084
1691681469000,0.68854084,0.68854084,0.68854084
1691681470000,0.68854084,0.68854084,0.68854084
1691681471000,0.68854182,0.68854182,0.68854182
1691681472000,0.68854185,0.68854185,0.68854185
1691681473000,0.68854332,0.68854332,0.68854332
1691681474000,0.68854407,0.68854407,0.68854407
1691681475000,0.6886,0.6886,0.6886
1691681476000,0.68859583,0.68859583,0.68859583
1691681477000,0.68855781,0.68855781,0.68855781
1691681478000,0.68856342,0.68856342,0.68856342
1691681479000,0.68856318,0.68856318,0.68856318
1691681480000,0.68856393,0.68856393,0.68856393
1691681481000,0.68856996,0.68856996,0.68856996
1691681482000,0.6886,0.6886,0.6886
1691681483000,0.6886,0.6886,0.6886
1691681484000,0.6887,0.6887,0.6887
1691681485000,0.6887,0.6887,0.6887
1691681486000,0.6888,0.6888,0.6888
1691681487000,0.6888,0.6888,0.6888
1691681488000,0.6888,0.6888,0.6888
1691681489000,0.6888,0.6888,0.6888
1691681490000,0.6888,0.6888,0.6888
1691681491000,0.6888,0.6888,0.6888
1691681492000,0.6888,0.6888,0.6888
1691681493000,0.6888,0.6888,0.6888
1691681494000,0.6888,0.6888,0.6888
1691681495000,0.6888,0.6888,0.6888
1691681496000,0.68889519,0.68889519,0.68889519
1691681497000,0.6889,0.6889,0.6889
1691681498000,0.6888,0.6888,0.6888
1691681499000,0.6888,0.6888,0.6888
1691681500000,0.6888,0.6888,0.6888
1691681501000,0.6888,0.6888,0.6888
1691681502000,0.6888,0.6888,0.6888
1691681503000,0.68871757,0.68871757,0.68871757
1691681504000,0.68871757,0.68871757,0.68871757
1691681505000,0.68871757,0.68871757,0.68871757
1691681506000,0.68875674,0.68875674,0.68875674
1691681507000,0.68875723,0.68875723,0.68875723
1691681508000,0.6888,0.6888,0.6888
1691681509000,0.6888,0.6888,0.6888
1691681510000,0.6888,0.6888,0.6888
1691681511000,0.6889,0.6889,0.6889
1691681512000,0.6888,0.6888,0.6888
1691681513000,0.6888,0.6888,0.6888
1691681514000,0.6888,0.6888,0.6888
1691681515000,0.689,0.689,0.689
1691681516000,0.689,0.689,0.689
1691681517000,0.689,0.689,0.689
1691681518000,0.689,0.689,0.689
1691681519000,0.689,0.689,0.689
1691681520000,0.689,0.689,0.689
1691681521000,0.6889,0.6889,0.6889
1691681522000,0.6889,0.6889,0.6889
1691681523000,0.6889,0.6889,0.6889
1691681524000,0.6889,0.6889,0.6889
1691681525000,0.6889,0.6889,0.6889
1691681526000,0.6888,0.6888,0.6888
1691681527000,0.68863725,0.68863725,0.68863725
1691681528000,0.68863728,0.68863728,0.68863728
1691681529000,0.68864113,0.68864113,0.68864113
1691681530000,0.68860417,0.68860417,0.68860417
1691681531000,0.6886042,0.6886042,0.6886042
1691681532000,0.6886042,0.6886042,0.6886042
1691681533000,0.68860257,0.68860257,0.68860257
1691681534000,0.68860348,0.68860348,0.68860348
1691681535000,0.68860348,0.68860348,0.68860348
1691681536000,0.6887,0.6887,0.6887
1691681537000,0.68873538,0.68873538,0.68873538
1691681538000,0.6888,0.6888,0.6888
1691681539000,0.68873463,0.68873463,0.68873463
1691681540000,0.6888,0.6888,0.6888
1691681541000,0.6888,0.6888,0.6888
1691681542000,0.6888,0.6888,0.6888
1691681543000,0.6888,0.6888,0.6888
1691681544000,0.6888,0.6888,0.6888
1691681545000,0.6888,0.6888,0.6888
1691681546000,0.6888,0.6888,0.6888
1691681547000,0.6887,0.6887,0.6887
1691681548000,0.6887,0.6887,0.6887
1691681549000,0.68868439,0.68868439,0.68868439
1691681550000,0.6887,0.6887,0.6887
1691681551000,0.68867822,0.68867822,0.68867822
1691681552000,0.68868475,0.68868475,0.68868475
1691681553000,0.6886,0.6886,0.6886
1691681554000,0.6886252,0.6886252,0.6886252
1691681555000,0.6886,0.6886,0.6886
1691681556000,0.6887,0.6887,0.6887
1691681557000,0.6887,0.6887,0.6887
1691681558000,0.6887,0.6887,0.6887
1691681559000,0.6887,0.6887,0.6887
1691681560000,0.688593,0.688593,0.688593
1691681561000,0.6886,0.6886,0.6886
1691681562000,0.68863628,0.68863628,0.68863628
1691681563000,0.68863618,0.68863618,0.68863618
1691681564000,0.68863615,0.68863615,0.68863615
1691681565000,0.6887,0.6887,0.6887
1691681566000,0.6887,0.6887,0.6887
1691681567000,0.6887,0.6887,0.6887
1691681568000,0.6887,0.6887,0.6887
1691681569000,0.6887,0.6887,0.6887
1691681570000,0.6887,0.6887,0.6887
1691681571000,0.68863551,0.68863551,0.68863551
1691681572000,0.68863551,0.68863551,0.68863551
1691681573000,0.68863061,0.68863061,0.68863061
1691681574000,0.68863139,0.68863139,0.68863139
1691681575000,0.68863139,0.68863139,0.68863139
1691681576000,0.68863139,0.68863139,0.68863139
1691681577000,0.6886,0.6886,0.6886
1691681578000,0.6886,0.6886,0.6886
1691681579000,0.6886,0.6886,0.6886
1691681580000,0.6886,0.6886,0.6886
1691681581000,0.6885423,0.6885423,0.6885423
1691681582000,0.6885423,0.6885423,0.6885423
1691681583000,0.6886,0.6886,0.6886
1691681584000,0.68854174,0.68854174,0.68854174
1691681585000,0.68858521,0.68858521,0.68858521
1691681586000,0.68858521,0.68858521,0.68858521
1691681587000,0.68858521,0.68858521,0.68858521
1691681588000,0.6886,0.6886,0.6886
1691681589000,0.6886,0.6886,0.6886
1691681590000,0.68862633,0.68862633,0.68862633
1691681591000,0.68862555,0.68862555,0.68862555
1691681592000,0.68862555,0.68862555,0.68862555
1691681593000,0.6886263,0.6886263,0.6886263
1691681594000,0.68862796,0.68862796,0.68862796
1691681595000,0.6887,0.6887,0.6887
1691681596000,0.6887,0.6887,0.6887
1691681597000,0.6887,0.6887,0.6887
1691681598000,0.6887,0.6887,0.6887
1691681599000,0.6887,0.6887,0.6887
1691681600000,0.6888,0.6888,0.6888
1691681601000,0.6889,0.6889,0.6889
1691681602000,0.6889,0.6889,0.6889
1691681603000,0.6889,0.6889,0.6889
1691681604000,0.6889,0.6889,0.6889
1691681605000,0.68872129,0.68872129,0.68872129
1691681606000,0.6888,0.6888,0.6888
1691681607000,0.6888,0.6888,0.6888
1691681608000,0.6888,0.6888,0.6888
1691681609000,0.6888,0.6888,0.6888
1691681610000,0.6888,0.6888,0.6888
1691681611000,0.6888,0.6888,0.6888
1691681612000,0.6888,0.6888,0.6888
1691681613000,0.6888,0.6888,0.6888
1691681614000,0.6888,0.6888,0.6888
1691681615000,0.6888,0.6888,0.6888
1691681616000,0.6888,0.6888,0.6888
1691681617000,0.6888,0.6888,0.6888
1691681618000,0.6888,0.6888,0.6888
1691681619000,0.6888,0.6888,0.6888
1691681620000,0.6888,0.6888,0.6888
1691681621000,0.6888,0.6888,0.6888
1691681622000,0.6888,0.6888,0.6888
1691681623000,0.6888,0.6888,0.6888
1691681624000,0.6888,0.6888,0.6888
1691681625000,0.6888,0.6888,0.6888
1691681626000,0.6888,0.6888,0.6888
1691681627000,0.6888,0.6888,0.6888
1691681628000,0.6888,0.6888,0.6888
1691681629000,0.6888,0.6888,0.6888
1691681630000,0.6889,0.6889,0.6889
1691681631000,0.6889,0.6889,0.6889
1691681632000,0.6889,0.6889,0.6889
1691681633000,0.6889,0.6889,0.6889
1691681634000,0.6889,0.6889,0.6889
1691681635000,0.6889,0.6889,0.6889
1691681636000,0.6889,0.6889,0.6889
1691681637000,0.6889,0.6889,0.6889
1691681638000,0.6888,0.6888,0.6888
1691681639000,0.6888,0.6888,0.6888
1691681640000,0.6888,0.6888,0.6888
1691681641000,0.6888,0.6888,0.6888
1691681642000,0.6888,0.6888,0.6888
1691681643000,0.6888,0.6888,0.6888
1691681644000,0.6888,0.6888,0.6888
1691681645000,0.6888,0.6888,0.6888
1691681646000,0.6888,0.6888,0.6888
1691681647000,0.6888,0.6888,0.6888
1691681648000,0.6888,0.6888,0.6888
1691681649000,0.68883468,0.68883468,0.68883468
1691681650000,0.68883644,0.68883644,0.68883644
1691681651000,0.68883644,0.68883644,0.68883644
1691681652000,0.68883644,0.68883644,0.68883644
1691681653000,0.6889,0.6889,0.6889
1691681654000,0.6889,0.6889,0.6889
1691681655000,0.6889,0.6889,0.6889
1691681656000,0.6889,0.6889,0.6889
1691681657000,0.6889,0.6889,0.6889
1691681658000,0.689,0.689,0.689
1691681659000,0.689,0.689,0.689
1691681660000,0.68919616,0.68919616,0.68919616
1691681661000,0.6892,0.6892,0.6892
1691681662000,0.6893,0.6893,0.6893
1691681663000,0.6893,0.6893,0.6893
1691681664000,0.6893,0.6893,0.6893
1691681665000,0.6893,0.6893,0.6893
1691681666000,0.6893,0.6893,0.6893
1691681667000,0.6893,0.6893,0.6893
1691681668000,0.6893,0.6893,0.6893
1691681669000,0.6893,0.6893,0.6893
1691681670000,0.6893,0.6893,0.6893
1691681671000,0.6893,0.6893,0.6893
1691681672000,0.6892,0.6892,0.6892
1691681673000,0.6892,0.6892,0.6892
1691681674000,0.68911248,0.68911248,0.68911248
1691681675000,0.6892,0.6892,0.6892
1691681676000,0.6892,0.6892,0.6892
1691681677000,0.6892,0.6892,0.6892
1691681678000,0.6892,0.6892,0.6892
1691681679000,0.68911495,0.68911495,0.68911495
1691681680000,0.68911581,0.68911581,0.68911581
1691681681000,0.6892,0.6892,0.6892
1691681682000,0.6892,0.6892,0.6892
1691681683000,0.6892,0.6892,0.6892
1691681684000,0.6892,0.6892,0.6892
1691681685000,0.6892,0.6892,0.6892
1691681686000,0.6892,0.6892,0.6892
1691681687000,0.6892,0.6892,0.6892
1691681688000,0.6891,0.6891,0.6891
1691681689000,0.6892,0.6892,0.6892
1691681690000,0.6892,0.6892,0.6892
1691681691000,0.6892,0.6892,0.6892
1691681692000,0.6892,0.6892,0.6892
1691681693000,0.6892,0.6892,0.6892
1691681694000,0.6892,0.6892,0.6892
1691681695000,0.6893,0.6893,0.6893
1691681696000,0.6893,0.6893,0.6893
1691681697000,0.6893,0.6893,0.6893
1691681698000,0.6892,0.6892,0.6892
1691681699000,0.6892,0.6892,0.6892
1691681700000,0.6892,0.6892,0.6892
1691681701000,0.6892,0.6892,0.6892
1691681702000,0.6893,0.6893,0.6893
1691681703000,0.6893,0.6893,0.6893
1691681704000,0.6893,0.6893,0.6893
1691681705000,0.6893,0.6893,0.6893
1691681706000,0.6893,0.6893,0.6893
1691681707000,0.68948931,0.68948931,0.68948931
1691681708000,0.6894,0.6894,0.6894
1691681709000,0.6894,0.6894,0.6894
1691681710000,0.6894,0.6894,0.6894
1691681711000,0.6894,0.6894,0.6894
1691681712000,0.6895,0.6895,0.6895
1691681713000,0.6895,0.6895,0.6895
1691681714000,0.6895,0.6895,0.6895
1691681715000,0.6895,0.6895,0.6895
1691681716000,0.6895,0.6895,0.6895
1691681717000,0.6895,0.6895,0.6895
1691681718000,0.6895,0.6895,0.6895
1691681719000,0.6895,0.6895,0.6895
1691681720000,0.6895347,0.6895347,0.6895347
1691681721000,0.6896,0.6896,0.6896
1691681722000,0.6896,0.6896,0.6896
1691681723000,0.6896,0.6896,0.6896
1691681724000,0.6895,0.6895,0.6895
1691681725000,0.6895,0.6895,0.6895
1691681726000,0.6895,0.6895,0.6895
1691681727000,0.6895,0.6895,0.6895
1691681728000,0.6895,0.6895,0.6895
1691681729000,0.6895,0.6895,0.6895
1691681730000,0.6895,0.6895,0.6895
1691681731000,0.68943018,0.68943018,0.68943018
1691681732000,0.68943115,0.68943115,0.68943115
1691681733000,0.68943209,0.68943209,0.68943209
1691681734000,0.6895,0.6895,0.6895
1691681735000,0.6895,0.6895,0.6895
1691681736000,0.6895,0.6895,0.6895
1691681737000,0.6895,0.6895,0.6895
1691681738000,0.6895,0.6895,0.6895
1691681739000,0.6895,0.6895,0.6895
1691681740000,0.6896,0.6896,0.6896
1691681741000,0.6896,0.6896,0.6896
1691681742000,0.6896,0.6896,0.6896
1691681743000,0.68967821,0.68967821,0.68967821
1691681744000,0.6896,0.6896,0.6896
1691681745000,0.6897,0.6897,0.6897
1691681746000,0.6897,0.6897,0.6897
1691681747000,0.6897782,0.6897782,0.6897782
1691681748000,0.68979313,0.68979313,0.68979313
1691681749000,0.68979312,0.68979312,0.68979312
1691681750000,0.68979312,0.68979312,0.68979312
1691681751000,0.68979571,0.68979571,0.68979571
1691681752000,0.68979578,0.68979578,0.68979578
1691681753000,0.68979767,0.68979767,0.68979767
1691681754000,0.6897,0.6897,0.6897
1691681755000,0.6897,0.6897,0.6897
1691681756000,0.6897,0.6897,0.6897
1691681757000,0.6897,0.6897,0.6897
1691681758000,0.6897,0.6897,0.6897
1691681759000,0.68956799,0.68956799,0.68956799
1691681760000,0.68950385,0.68950385,0.68950385
1691681761000,0.6895091,0.6895091,0.6895091
1691681762000,0.6895091,0.6895091,0.6895091
1691681763000,0.68950842,0.68950842,0.68950842
1691681764000,0.68950753,0.68950753,0.68950753
1691681765000,0.68950753,0.68950753,0.68950753
1691681766000,0.68950753,0.68950753,0.68950753
1691681767000,0.68949627,0.68949627,0.68949627
1691681768000,0.68938002,0.68938002,0.68938002
1691681769000,0.68926596,0.68926596,0.68926596
1691681770000,0.68926596,0.68926596,0.68926596
1691681771000,0.68926596,0.68926596,0.68926596
1691681772000,0.68926549,0.68926549,0.68926549
1691681773000,0.68926553,0.68926553,0.68926553
1691681774000,0.68926016,0.68926016,0.68926016
1691681775000,0.68926016,0.68926016,0.68926016
1691681776000,0.68926016,0.68926016,0.68926016
1691681777000,0.68926016,0.68926016,0.68926016
1691681778000,0.68921077,0.68921077,0.68921077
1691681779000,0.68920807,0.68920807,0.68920807
1691681780000,0.68920376,0.68920376,0.68920376
1691681781000,0.68920376,0.68920376,0.68920376
1691681782000,0.68920376,0.68920376,0.68920376
1691681783000,0.6891988,0.6891988,0.6891988
1691681784000,0.68919482,0.68919482,0.68919482
1691681785000,0.68919482,0.68919482,0.68919482
1691681786000,0.68914555,0.68914555,0.68914555
1691681787000,0.68914555,0.68914555,0.68914555
1691681788000,0.68909242,0.68909242,0.68909242
1691681789000,0.68908478,0.68908478,0.68908478
1691681790000,0.68908478,0.68908478,0.68908478
1691681791000,0.68908353,0.68908353,0.68908353
1691681792000,0.68908356,0.68908356,0.68908356
1691681793000,0.68906881,0.68906881,0.68906881
1691681794000,0.68906415,0.68906415,0.68906415
1691681795000,0.68906415,0.68906415,0.68906415
1691681796000,0.68894415,0.68894415,0.68894415
1691681797000,0.688839,0.688839,0.688839
1691681798000,0.688839,0.688839,0.688839
1691681799000,0.68878497,0.68878497,0.68878497
1691681800000,0.68877841,0.68877841,0.68877841
1691681801000,0.68877708,0.68877708,0.68877708
1691681802000,0.68877708,0.68877708,0.68877708
1691681803000,0.68877708,0.68877708,0.68877708
1691681804000,0.68877209,0.68877209,0.68877209
1691681805000,0.68876887,0.68876887,0.68876887
1691681806000,0.68873887,0.68873887,0.68873887
1691681807000,0.68873887,0.68873887,0.68873887
1691681808000,0.68873887,0.68873887,0.68873887
1691681809000,0.68878981,0.68878981,0.68878981
1691681810000,0.68878895,0.68878895,0.68878895
1691681811000,0.68878698,0.68878698,0.68878698
1691681812000,0.68873784,0.68873784,0.68873784
1691681813000,0.6888,0.6888,0.6888
1691681814000,0.6889,0.6889,0.6889
1691681815000,0.6889,0.6889,0.6889
1691681816000,0.6889,0.6889,0.6889
1691681817000,0.6889,0.6889,0.6889
1691681818000,0.68883602,0.68883602,0.68883602
1691681819000,0.6889,0.6889,0.6889
1691681820000,0.6889,0.6889,0.6889
1691681821000,0.6889,0.6889,0.6889
1691681822000,0.6889,0.6889,0.6889
1691681823000,0.68883323,0.68883323,0.68883323
1691681824000,0.6889,0.6889,0.6889
1691681825000,0.6889,0.6889,0.6889
1691681826000,0.6889,0.6889,0.6889
1691681827000,0.6889,0.6889,0.6889
1691681828000,0.68890154,0.68890154,0.68890154
1691681829000,0.68890154,0.68890154,0.68890154
1691681830000,0.68890065,0.68890065,0.68890065
1691681831000,0.68893068,0.68893068,0.68893068
1691681832000,0.68893068,0.68893068,0.68893068
1691681833000,0.68893318,0.68893318,0.68893318
1691681834000,0.68893318,0.68893318,0.68893318
1691681835000,0.68893318,0.68893318,0.68893318
1691681836000,0.6889,0.6889,0.6889
1691681837000,0.6889,0.6889,0.6889
1691681838000,0.68898189,0.68898189,0.68898189
1691681839000,0.68898186,0.68898186,0.68898186
1691681840000,0.68898186,0.68898186,0.68898186
1691681841000,0.68898186,0.68898186,0.68898186
1691681842000,0.68893189,0.68893189,0.68893189
1691681843000,0.68898189,0.68898189,0.68898189
1691681844000,0.68898198,0.68898198,0.68898198
1691681845000,0.68898198,0.68898198,0.68898198
1691681846000,0.68898198,0.68898198,0.68898198
1691681847000,0.689,0.689,0.689
1691681848000,0.6891,0.6891,0.6891
1691681849000,0.6891,0.6891,0.6891
1691681850000,0.6891,0.6891,0.6891
1691681851000,0.6891,0.6891,0.6891
1691681852000,0.6892,0.6892,0.6892
1691681853000,0.6892,0.6892,0.6892
1691681854000,0.6892,0.6892,0.6892
1691681855000,0.68929664,0.68929664,0.68929664
1691681856000,0.6892,0.6892,0.6892
1691681857000,0.6892,0.6892,0.6892
1691681858000,0.6893,0.6893,0.6893
1691681859000,0.6893,0.6893,0.6893
1691681860000,0.6893,0.6893,0.6893
1691681861000,0.6893,0.6893,0.6893
1691681862000,0.6893,0.6893,0.6893
1691681863000,0.6893,0.6893,0.6893
1691681864000,0.6893,0.6893,0.6893
1691681865000,0.6892,0.6892,0.6892
1691681866000,0.68914129,0.68914129,0.68914129
1691681867000,0.68914129,0.68914129,0.68914129
1691681868000,0.68914133,0.68914133,0.68914133
1691681869000,0.68914215,0.68914215,0.68914215
1691681870000,0.68913567,0.68913567,0.68913567
1691681871000,0.68902693,0.68902693,0.68902693
1691681872000,0.68902333,0.68902333,0.68902333
1691681873000,0.68901497,0.68901497,0.68901497
1691681874000,0.68904497,0.68904497,0.68904497
1691681875000,0.68904789,0.68904789,0.68904789
1691681876000,0.68904789,0.68904789,0.68904789
1691681877000,0.68904864,0.68904864,0.68904864
1691681878000,0.6890495,0.6890495,0.6890495
1691681879000,0.68904947,0.68904947,0.68904947
1691681880000,0.6890495,0.6890495,0.6890495
1691681881000,0.68904928,0.68904928,0.68904928
1691681882000,0.68904928,0.68904928,0.68904928
1691681883000,0.6891,0.6891,0.6891
1691681884000,0.6891,0.6891,0.6891
1691681885000,0.6891,0.6891,0.6891
1691681886000,0.6891,0.6891,0.6891
1691681887000,0.6891,0.6891,0.6891
1691681888000,0.6891,0.6891,0.6891
1691681889000,0.6891,0.6891,0.6891
1691681890000,0.6891,0.6891,0.6891
1691681891000,0.6891,0.6891,0.6891
1691681892000,0.6891,0.6891,0.6891
1691681893000,0.6891,0.6891,0.6891
1691681894000,0.6891,0.6891,0.6891
1691681895000,0.6892,0.6892,0.6892
1691681896000,0.6892,0.6892,0.6892
1691681897000,0.68923945,0.68923945,0.68923945
1691681898000,0.6894,0.6894,0.6894
1691681899000,0.6894,0.6894,0.6894
1691681900000,0.6894,0.6894,0.6894
1691681901000,0.6894,0.6894,0.6894
1691681902000,0.6895,0.6895,0.6895
1691681903000,0.6895,0.6895,0.6895
1691681904000,0.6895,0.6895,0.6895
1691681905000,0.6895,0.6895,0.6895
1691681906000,0.6895,0.6895,0.6895
1691681907000,0.6895,0.6895,0.6895
1691681908000,0.6895,0.6895,0.6895
1691681909000,0.6895,0.6895,0.6895
1691681910000,0.6895,0.6895,0.6895
1691681911000,0.6895,0.6895,0.6895
1691681912000,0.6895,0.6895,0.6895
1691681913000,0.6895,0.6895,0.6895
1691681914000,0.6895,0.6895,0.6895
1691681915000,0.6895,0.6895,0.6895
1691681916000,0.6895,0.6895,0.6895
1691681917000,0.6895,0.6895,0.6895
1691681918000,0.6895,0.6895,0.6895
1691681919000,0.6896,0.6896,0.6896
1691681920000,0.6896,0.6896,0.6896
1691681921000,0.6896,0.6896,0.6896
1691681922000,0.6896,0.6896,0.6896
1691681923000,0.6896,0.6896,0.6896
1691681924000,0.6896,0.6896,0.6896
1691681925000,0.68960468,0.68960468,0.68960468
1691681926000,0.68960468,0.68960468,0.68960468
1691681927000,0.68960436,0.68960436,0.68960436
1691681928000,0.68960436,0.68960436,0.68960436
1691681929000,0.6897,0.6897,0.6897
1691681930000,0.6897,0.6897,0.6897
1691681931000,0.6897,0.6897,0.6897
1691681932000,0.6897,0.6897,0.6897
1691681933000,0.6897,0.6897,0.6897
1691681934000,0.68961032,0.68961032,0.68961032
1691681935000,0.68961032,0.68961032,0.68961032
1691681936000,0.68961779,0.68961779,0.68961779
1691681937000,0.68961794,0.68961794,0.68961794
1691681938000,0.68961589,0.68961589,0.68961589
1691681939000,0.68961589,0.68961589,0.68961589
1691681940000,0.68961503,0.68961503,0.68961503
1691681941000,0.6897,0.6897,0.6897
1691681942000,0.6897,0.6897,0.6897
1691681943000,0.68961614,0.68961614,0.68961614
1691681944000,0.689617,0.689617,0.689617
1691681945000,0.68960372,0.68960372,0.68960372
1691681946000,0.68960372,0.68960372,0.68960372
1691681947000,0.68960267,0.68960267,0.68960267
1691681948000,0.68960267,0.68960267,0.68960267
1691681949000,0.68959999,0.68959999,0.68959999
1691681950000,0.68959999,0.68959999,0.68959999
1691681951000,0.68959913,0.68959913,0.68959913
1691681952000,0.68959913,0.68959913,0.68959913
1691681953000,0.68954961,0.68954961,0.68954961
1691681954000,0.68954965,0.68954965,0.68954965
1691681955000,0.68954787,0.68954787,0.68954787
1691681956000,0.68954787,0.68954787,0.68954787
1691681957000,0.68954716,0.68954716,0.68954716
1691681958000,0.68951798,0.68951798,0.68951798
1691681959000,0.68953298,0.68953298,0.68953298
1691681960000,0.68952938,0.68952938,0.68952938
1691681961000,0.68952938,0.68952938,0.68952938
1691681962000,0.68952938,0.68952938,0.68952938
1691681963000,0.68941551,0.68941551,0.68941551
1691681964000,0.68941548,0.68941548,0.68941548
1691681965000,0.68941551,0.68941551,0.68941551
1691681966000,0.68940769,0.68940769,0.68940769
1691681967000,0.68940769,0.68940769,0.68940769
1691681968000,0.68940653,0.68940653,0.68940653
1691681969000,0.68940653,0.68940653,0.68940653
1691681970000,0.68940653,0.68940653,0.68940653
1691681971000,0.68940276,0.68940276,0.68940276
1691681972000,0.68940366,0.68940366,0.68940366
1691681973000,0.68940182,0.68940182,0.68940182
1691681974000,0.68940093,0.68940093,0.68940093
1691681975000,0.68940093,0.68940093,0.68940093
1691681976000,0.68940096,0.68940096,0.68940096
1691681977000,0.68939318,0.68939318,0.68939318
1691681978000,0.68939407,0.68939407,0.68939407
1691681979000,0.6893943,0.6893943,0.6893943
1691681980000,0.6893943,0.6893943,0.6893943
1691681981000,0.68934344,0.68934344,0.68934344
1691681982000,0.68934078,0.68934078,0.68934078
1691681983000,0.68934077,0.68934077,0.68934077
1691681984000,0.68934077,0.68934077,0.68934077
1691681985000,0.68933074,0.68933074,0.68933074
1691681986000,0.68933074,0.68933074,0.68933074
1691681987000,0.68933074,0.68933074,0.68933074
1691681988000,0.68937828,0.68937828,0.68937828
1691681989000,0.68937952,0.68937952,0.68937952
1691681990000,0.68937952,0.68937952,0.68937952
1691681991000,0.68937952,0.68937952,0.68937952
1691681992000,0.68937866,0.68937866,0.68937866
1691681993000,0.68932766,0.68932766,0.68932766
1691681994000,0.6894,0.6894,0.6894
1691681995000,0.6894,0.6894,0.6894
1691681996000,0.6893277,0.6893277,0.6893277
1691681997000,0.68932766,0.68932766,0.68932766
1691681998000,0.68932736,0.68932736,0.68932736
1691681999000,0.68932483,0.68932483,0.68932483
1691682000000,0.68932573,0.68932573,0.68932573
1691682001000,0.68932573,0.68932573,0.68932573
1691682002000,0.6892757,0.6892757,0.6892757
1691682003000,0.68923055,0.68923055,0.68923055
1691682004000,0.68909052,0.68909052,0.68909052
1691682005000,0.68909052,0.68909052,0.68909052
1691682006000,0.68909052,0.68909052,0.68909052
1691682007000,0.68912056,0.68912056,0.68912056
1691682008000,0.68911966,0.68911966,0.68911966
1691682009000,0.68911966,0.68911966,0.68911966
1691682010000,0.68910876,0.68910876,0.68910876
1691682011000,0.68895834,0.68895834,0.68895834
1691682012000,0.68895834,0.68895834,0.68895834
1691682013000,0.68895834,0.68895834,0.68895834
1691682014000,0.68895343,0.68895343,0.68895343
1691682015000,0.6889455,0.6889455,0.6889455
1691682016000,0.68894046,0.68894046,0.68894046
1691682017000,0.68894046,0.68894046,0.68894046
1691682018000,0.68894046,0.68894046,0.68894046
1691682019000,0.68894072,0.68894072,0.68894072
1691682020000,0.68893981,0.68893981,0.68893981
1691682021000,0.68892981,0.68892981,0.68892981
1691682022000,0.68892981,0.68892981,0.68892981
1691682023000,0.68885204,0.68885204,0.68885204
1691682024000,0.68885161,0.68885161,0.68885161
1691682025000,0.68884548,0.68884548,0.68884548
1691682026000,0.68884116,0.68884116,0.68884116
1691682027000,0.68883798,0.68883798,0.68883798
1691682028000,0.68883798,0.68883798,0.68883798
1691682029000,0.68883708,0.68883708,0.68883708
1691682030000,0.6888,0.6888,0.6888
1691682031000,0.68882928,0.68882928,0.68882928
1691682032000,0.68882511,0.68882511,0.68882511
1691682033000,0.68882511,0.68882511,0.68882511
1691682034000,0.6888235,0.6888235,0.6888235
1691682035000,0.68874454,0.68874454,0.68874454
1691682036000,0.68874454,0.68874454,0.68874454
1691682037000,0.68874166,0.68874166,0.68874166
1691682038000,0.68874166,0.68874166,0.68874166
1691682039000,0.68874016,0.68874016,0.68874016
1691682040000,0.68874013,0.68874013,0.68874013
1691682041000,0.68874016,0.68874016,0.68874016
1691682042000,0.68874016,0.68874016,0.68874016
1691682043000,0.68873801,0.68873801,0.68873801
1691682044000,0.68873876,0.68873876,0.68873876
1691682045000,0.68873899,0.68873899,0.68873899
1691682046000,0.68873902,0.68873902,0.68873902
1691682047000,0.6888,0.6888,0.6888
1691682048000,0.6888,0.6888,0.6888
1691682049000,0.6888,0.6888,0.6888
1691682050000,0.6888,0.6888,0.6888
1691682051000,0.6888,0.6888,0.6888
1691682052000,0.6888,0.6888,0.6888
1691682053000,0.68882273,0.68882273,0.68882273
1691682054000,0.68881844,0.68881844,0.68881844
1691682055000,0.68881808,0.68881808,0.68881808
1691682056000,0.68881733,0.68881733,0.68881733
1691682057000,0.68881733,0.68881733,0.68881733
1691682058000,0.6888173,0.6888173,0.6888173
1691682059000,0.68877383,0.68877383,0.68877383
1691682060000,0.68877096,0.68877096,0.68877096
1691682061000,0.68877096,0.68877096,0.68877096
1691682062000,0.68877096,0.68877096,0.68877096
1691682063000,0.6888,0.6888,0.6888
1691682064000,0.68880945,0.68880945,0.68880945
1691682065000,0.68880839,0.68880839,0.68880839
1691682066000,0.68880839,0.68880839,0.68880839
1691682067000,0.6888,0.6888,0.6888
1691682068000,0.6888,0.6888,0.6888
1691682069000,0.68880764,0.68880764,0.68880764
1691682070000,0.68880621,0.68880621,0.68880621
1691682071000,0.6888049,0.6888049,0.6888049
1691682072000,0.6888049,0.6888049,0.6888049
1691682073000,0.68880561,0.68880561,0.68880561
1691682074000,0.68880487,0.68880487,0.68880487
1691682075000,0.68880487,0.68880487,0.68880487
1691682076000,0.68880442,0.68880442,0.68880442
1691682077000,0.68880442,0.68880442,0.68880442
1691682078000,0.68880516,0.68880516,0.68880516
1691682079000,0.68880516,0.68880516,0.68880516
1691682080000,0.6888,0.6888,0.6888
1691682081000,0.68875963,0.68875963,0.68875963
1691682082000,0.68880717,0.68880717,0.68880717
1691682083000,0.68880717,0.68880717,0.68880717
1691682084000,0.68880717,0.68880717,0.68880717
1691682085000,0.68874542,0.68874542,0.68874542
1691682086000,0.68874433,0.68874433,0.68874433
1691682087000,0.68874764,0.68874764,0.68874764
1691682088000,0.68874109,0.68874109,0.68874109
1691682089000,0.68874109,0.68874109,0.68874109
1691682090000,0.68874109,0.68874109,0.68874109
1691682091000,0.68874047,0.68874047,0.68874047
1691682092000,0.68874047,0.68874047,0.68874047
1691682093000,0.68874313,0.68874313,0.68874313
1691682094000,0.68874316,0.68874316,0.68874316
1691682095000,0.68873707,0.68873707,0.68873707
1691682096000,0.68873941,0.68873941,0.68873941
1691682097000,0.6888,0.6888,0.6888
1691682098000,0.68874157,0.68874157,0.68874157
1691682099000,0.6887416,0.6887416,0.6887416
1691682100000,0.68874085,0.68874085,0.68874085
1691682101000,0.6887,0.6887,0.6887
1691682102000,0.6887,0.6887,0.6887
1691682103000,0.6887,0.6887,0.6887
1691682104000,0.6887,0.6887,0.6887
1691682105000,0.6887,0.6887,0.6887
1691682106000,0.6887,0.6887,0.6887
1691682107000,0.68868786,0.68868786,0.68868786
1691682108000,0.68861175,0.68861175,0.68861175
1691682109000,0.68861201,0.68861201,0.68861201
1691682110000,0.68861201,0.68861201,0.68861201
1691682111000,0.68861276,0.68861276,0.68861276
1691682112000,0.68856623,0.68856623,0.68856623
1691682113000,0.68860322,0.68860322,0.68860322
1691682114000,0.68860322,0.68860322,0.68860322
1691682115000,0.68860005,0.68860005,0.68860005
1691682116000,0.68855598,0.68855598,0.68855598
1691682117000,0.68855595,0.68855595,0.68855595
1691682118000,0.68855598,0.68855598,0.68855598
1691682119000,0.68855598,0.68855598,0.68855598
1691682120000,0.68855043,0.68855043,0.68855043
1691682121000,0.68855121,0.68855121,0.68855121
1691682122000,0.68855121,0.68855121,0.68855121
1691682123000,0.68854721,0.68854721,0.68854721
1691682124000,0.68854721,0.68854721,0.68854721
1691682125000,0.68854721,0.68854721,0.68854721
1691682126000,0.68853469,0.68853469,0.68853469
1691682127000,0.68849121,0.68849121,0.68849121
1691682128000,0.68849304,0.68849304,0.68849304
1691682129000,0.68849304,0.68849304,0.68849304
1691682130000,0.68853652,0.68853652,0.68853652
1691682131000,0.68853471,0.68853471,0.68853471
1691682132000,0.68853285,0.68853285,0.68853285
1691682133000,0.68853285,0.68853285,0.68853285
1691682134000,0.68848795,0.68848795,0.68848795
1691682135000,0.68848723,0.68848723,0.68848723
1691682136000,0.68848723,0.68848723,0.68848723
1691682137000,0.68848173,0.68848173,0.68848173
1691682138000,0.68848173,0.68848173,0.68848173
1691682139000,0.68843825,0.68843825,0.68843825
1691682140000,0.6885,0.6885,0.6885
1691682141000,0.68848173,0.68848173,0.68848173
1691682142000,0.68848189,0.68848189,0.68848189
1691682143000,0.68848059,0.68848059,0.68848059
1691682144000,0.6885,0.6885,0.6885
1691682145000,0.68856758,0.68856758,0.68856758
1691682146000,0.68856758,0.68856758,0.68856758
1691682147000,0.68856872,0.68856872,0.68856872
1691682148000,0.68856764,0.68856764,0.68856764
1691682149000,0.68856839,0.68856839,0.68856839
1691682150000,0.68856761,0.68856761,0.68856761
1691682151000,0.68856761,0.68856761,0.68856761
1691682152000,0.68856627,0.68856627,0.68856627
1691682153000,0.68856627,0.68856627,0.68856627
1691682154000,0.68856112,0.68856112,0.68856112
1691682155000,0.68856109,0.68856109,0.68856109
1691682156000,0.68856109,0.68856109,0.68856109
1691682157000,0.68856109,0.68856109,0.68856109
1691682158000,0.68856148,0.68856148,0.68856148
1691682159000,0.68855565,0.68855565,0.68855565
1691682160000,0.6885564,0.6885564,0.6885564
1691682161000,0.6885564,0.6885564,0.6885564
1691682162000,0.68846787,0.68846787,0.68846787
1691682163000,0.68846787,0.68846787,0.68846787
1691682164000,0.68846787,0.68846787,0.68846787
1691682165000,0.68846201,0.68846201,0.68846201
1691682166000,0.68846201,0.68846201,0.68846201
1691682167000,0.68843648,0.68843648,0.68843648
1691682168000,0.68843648,0.68843648,0.68843648
1691682169000,0.68843648,0.68843648,0.68843648
1691682170000,0.68843432,0.68843432,0.68843432
1691682171000,0.68843432,0.68843432,0.68843432
1691682172000,0.68843357,0.68843357,0.68843357
1691682173000,0.6886,0.6886,0.6886
1691682174000,0.6885,0.6885,0.6885
1691682175000,0.6885,0.6885,0.6885
1691682176000,0.6885,0.6885,0.6885
1691682177000,0.68851893,0.68851893,0.68851893
1691682178000,0.68852174,0.68852174,0.68852174
1691682179000,0.6886,0.6886,0.6886
1691682180000,0.6886,0.6886,0.6886
1691682181000,0.6886,0.6886,0.6886
1691682182000,0.6886,0.6886,0.6886
1691682183000,0.6886,0.6886,0.6886
1691682184000,0.6887,0.6887,0.6887
1691682185000,0.6887,0.6887,0.6887
1691682186000,0.6887,0.6887,0.6887
1691682187000,0.6887,0.6887,0.6887
1691682188000,0.6887,0.6887,0.6887
1691682189000,0.6887,0.6887,0.6887
1691682190000,0.6887,0.6887,0.6887
1691682191000,0.6887,0.6887,0.6887
1691682192000,0.68858027,0.68858027,0.68858027
1691682193000,0.6886,0.6886,0.6886
1691682194000,0.6886,0.6886,0.6886
1691682195000,0.6886,0.6886,0.6886
1691682196000,0.6886,0.6886,0.6886
1691682197000,0.68858848,0.68858848,0.68858848
1691682198000,0.68858467,0.68858467,0.68858467
1691682199000,0.6886,0.6886,0.6886
1691682200000,0.6886,0.6886,0.6886
1691682201000,0.6886,0.6886,0.6886
1691682202000,0.6886,0.6886,0.6886
1691682203000,0.6886,0.6886,0.6886
1691682204000,0.6886,0.6886,0.6886
1691682205000,0.6886,0.6886,0.6886
1691682206000,0.6886,0.6886,0.6886
1691682207000,0.6886,0.6886,0.6886
1691682208000,0.68858144,0.68858144,0.68858144
1691682209000,0.6886,0.6886,0.6886
1691682210000,0.6886,0.6886,0.6886
1691682211000,0.6886,0.6886,0.6886
1691682212000,0.6886,0.6886,0.6886
1691682213000,0.6886,0.6886,0.6886
1691682214000,0.6886,0.6886,0.6886
1691682215000,0.6886,0.6886,0.6886
1691682216000,0.6886,0.6886,0.6886
1691682217000,0.6885766,0.6885766,0.6885766
1691682218000,0.68857657,0.68857657,0.68857657
1691682219000,0.68857657,0.68857657,0.68857657
1691682220000,0.68851806,0.68851806,0.68851806
1691682221000,0.68851877,0.68851877,0.68851877
1691682222000,0.68851877,0.68851877,0.68851877
1691682223000,0.68846074,0.68846074,0.68846074
1691682224000,0.68845941,0.68845941,0.68845941
1691682225000,0.68845275,0.68845275,0.68845275
1691682226000,0.68845207,0.68845207,0.68845207
1691682227000,0.68845129,0.68845129,0.68845129
1691682228000,0.68845204,0.68845204,0.68845204
1691682229000,0.68845204,0.68845204,0.68845204
1691682230000,0.68845148,0.68845148,0.68845148
1691682231000,0.68844149,0.68844149,0.68844149
1691682232000,0.68844149,0.68844149,0.68844149
1691682233000,0.68847999,0.68847999,0.68847999
1691682234000,0.68847999,0.68847999,0.68847999
1691682235000,0.68848635,0.68848635,0.68848635
1691682236000,0.68848635,0.68848635,0.68848635
1691682237000,0.68848519,0.68848519,0.68848519
1691682238000,0.68847864,0.68847864,0.68847864
1691682239000,0.68847266,0.68847266,0.68847266
1691682240000,0.68847138,0.68847138,0.68847138
1691682241000,0.68847138,0.68847138,0.68847138
1691682242000,0.68842561,0.68842561,0.68842561
1691682243000,0.68842561,0.68842561,0.68842561
1691682244000,0.68842085,0.68842085,0.68842085
1691682245000,0.68840937,0.68840937,0.68840937
1691682246000,0.6884033,0.6884033,0.6884033
1691682247000,0.68830382,0.68830382,0.68830382
1691682248000,0.68829976,0.68829976,0.68829976
1691682249000,0.68829905,0.68829905,0.68829905
1691682250000,0.68829566,0.68829566,0.68829566
1691682251000,0.68829563,0.68829563,0.68829563
1691682252000,0.68829563,0.68829563,0.68829563
1691682253000,0.68829335,0.68829335,0.68829335
1691682254000,0.6883,0.6883,0.6883
1691682255000,0.68829407,0.68829407,0.68829407
1691682256000,0.6882425,0.6882425,0.6882425
1691682257000,0.6882425,0.6882425,0.6882425
1691682258000,0.68824324,0.68824324,0.68824324
1691682259000,0.6882385,0.6882385,0.6882385
1691682260000,0.6881957,0.6881957,0.6881957
1691682261000,0.6881957,0.6881957,0.6881957
1691682262000,0.6881957,0.6881957,0.6881957
1691682263000,0.6882,0.6882,0.6882
1691682264000,0.6882,0.6882,0.6882
1691682265000,0.68824423,0.68824423,0.68824423
1691682266000,0.6884,0.6884,0.6884
1691682267000,0.6883,0.6883,0.6883
1691682268000,0.6883,0.6883,0.6883
1691682269000,0.6883,0.6883,0.6883
1691682270000,0.6883,0.6883,0.6883
1691682271000,0.68831811,0.68831811,0.68831811
1691682272000,0.68833193,0.68833193,0.68833193
1691682273000,0.68833118,0.68833118,0.68833118
1691682274000,0.68833115,0.68833115,0.68833115
1691682275000,0.6885,0.6885,0.6885
1691682276000,0.6885,0.6885,0.6885
1691682277000,0.6885,0.6885,0.6885
1691682278000,0.6885,0.6885,0.6885
1691682279000,0.6884,0.6884,0.6884
1691682280000,0.68840852,0.68840852,0.68840852
1691682281000,0.68840997,0.68840997,0.68840997
1691682282000,0.68840997,0.68840997,0.68840997
1691682283000,0.68841072,0.68841072,0.68841072
1691682284000,0.6884,0.6884,0.6884
1691682285000,0.68836812,0.68836812,0.68836812
1691682286000,0.68836804,0.68836804,0.68836804
1691682287000,0.68836804,0.68836804,0.68836804
1691682288000,0.6884,0.6884,0.6884
1691682289000,0.6884,0.6884,0.6884
1691682290000,0.68838193,0.68838193,0.68838193
1691682291000,0.68838122,0.68838122,0.68838122
1691682292000,0.6884,0.6884,0.6884
1691682293000,0.6884,0.6884,0.6884
1691682294000,0.6884,0.6884,0.6884
1691682295000,0.6884,0.6884,0.6884
1691682296000,0.6885,0.6885,0.6885
1691682297000,0.6885,0.6885,0.6885
1691682298000,0.6885,0.6885,0.6885
1691682299000,0.6885,0.6885,0.6885
1691682300000,0.6885,0.6885,0.6885
1691682301000,0.6885,0.6885,0.6885
1691682302000,0.68842329,0.68842329,0.68842329
1691682303000,0.68842294,0.68842294,0.68842294
1691682304000,0.68842294,0.68842294,0.68842294
1691682305000,0.6884295,0.6884295,0.6884295
1691682306000,0.6884295,0.6884295,0.6884295
1691682307000,0.6883,0.6883,0.6883
1691682308000,0.68834035,0.68834035,0.68834035
1691682309000,0.68834035,0.68834035,0.68834035
1691682310000,0.68834035,0.68834035,0.68834035
1691682311000,0.68829762,0.68829762,0.68829762
1691682312000,0.68829288,0.68829288,0.68829288
1691682313000,0.68827984,0.68827984,0.68827984
1691682314000,0.68822895,0.68822895,0.68822895
1691682315000,0.68807442,0.68807442,0.68807442
1691682316000,0.688065,0.688065,0.688065
1691682317000,0.688065,0.688065,0.688065
1691682318000,0.68806503,0.68806503,0.68806503
1691682319000,0.68806349,0.68806349,0.68806349
1691682320000,0.68801042,0.68801042,0.68801042
1691682321000,0.68801042,0.68801042,0.68801042
1691682322000,0.68805198,0.68805198,0.68805198
1691682323000,0.68805195,0.68805195,0.68805195
1691682324000,0.68805198,0.68805198,0.68805198
1691682325000,0.6881,0.6881,0.6881
1691682326000,0.68805112,0.68805112,0.68805112
1691682327000,0.68805112,0.68805112,0.68805112
1691682328000,0.68805112,0.68805112,0.68805112
1691682329000,0.68805109,0.68805109,0.68805109
1691682330000,0.68805109,0.68805109,0.68805109
1691682331000,0.68805061,0.68805061,0.68805061
1691682332000,0.68804933,0.68804933,0.68804933
1691682333000,0.68804933,0.68804933,0.68804933
1691682334000,0.68804339,0.68804339,0.68804339
1691682335000,0.68804339,0.68804339,0.68804339
1691682336000,0.68803965,0.68803965,0.68803965
1691682337000,0.6880379,0.6880379,0.6880379
1691682338000,0.6880379,0.6880379,0.6880379
1691682339000,0.68803793,0.68803793,0.68803793
1691682340000,0.68802488,0.68802488,0.68802488
1691682341000,0.68802485,0.68802485,0.68802485
1691682342000,0.68801701,0.68801701,0.68801701
1691682343000,0.68801695,0.68801695,0.68801695
1691682344000,0.68801695,0.68801695,0.68801695
1691682345000,0.68802999,0.68802999,0.68802999
1691682346000,0.68802999,0.68802999,0.68802999
1691682347000,0.68802415,0.68802415,0.68802415
1691682348000,0.68802415,0.68802415,0.68802415
1691682349000,0.68802415,0.68802415,0.68802415
1691682350000,0.68802412,0.68802412,0.68802412
1691682351000,0.68802412,0.68802412,0.68802412
1691682352000,0.68802383,0.68802383,0.68802383
1691682353000,0.688018,0.688018,0.688018
1691682354000,0.688018,0.688018,0.688018
1691682355000,0.68801875,0.68801875,0.68801875
1691682356000,0.68801875,0.68801875,0.68801875
1691682357000,0.68801825,0.68801825,0.68801825
1691682358000,0.68801314,0.68801314,0.68801314
1691682359000,0.68801314,0.68801314,0.68801314
1691682360000,0.68777181,0.68777181,0.68777181
1691682361000,0.68758283,0.68758283,0.68758283
1691682362000,0.68757792,0.68757792,0.68757792
1691682363000,0.68754869,0.68754869,0.68754869
1691682364000,0.68749645,0.68749645,0.68749645
1691682365000,0.6874957,0.6874957,0.6874957
1691682366000,0.6874957,0.6874957,0.6874957
1691682367000,0.68745223,0.68745223,0.68745223
1691682368000,0.68745219,0.68745219,0.68745219
1691682369000,0.68749232,0.68749232,0.68749232
1691682370000,0.68744884,0.68744884,0.68744884
1691682371000,0.68744884,0.68744884,0.68744884
1691682372000,0.68747928,0.68747928,0.68747928
1691682373000,0.68747928,0.68747928,0.68747928
1691682374000,0.68743583,0.68743583,0.68743583
1691682375000,0.68743391,0.68743391,0.68743391
1691682376000,0.68743391,0.68743391,0.68743391
1691682377000,0.68747736,0.68747736,0.68747736
1691682378000,0.68743391,0.68743391,0.68743391
1691682379000,0.68743391,0.68743391,0.68743391
1691682380000,0.68743144,0.68743144,0.68743144
1691682381000,0.68743069,0.68743069,0.68743069
1691682382000,0.68742193,0.68742193,0.68742193
1691682383000,0.68742193,0.68742193,0.68742193
1691682384000,0.68746543,0.68746543,0.68746543
1691682385000,0.6874677,0.6874677,0.6874677
1691682386000,0.68745807,0.68745807,0.68745807
1691682387000,0.68745735,0.68745735,0.68745735
1691682388000,0.6874581,0.6874581,0.6874581
1691682389000,0.6874581,0.6874581,0.6874581
1691682390000,0.68743201,0.68743201,0.68743201
1691682391000,0.6874277,0.6874277,0.6874277
1691682392000,0.68742695,0.68742695,0.68742695
1691682393000,0.68742695,0.68742695,0.68742695
1691682394000,0.68742695,0.68742695,0.68742695
1691682395000,0.68742695,0.68742695,0.68742695
1691682396000,0.6874331,0.6874331,0.6874331
1691682397000,0.68742685,0.68742685,0.68742685
1691682398000,0.68738334,0.68738334,0.68738334
1691682399000,0.68738337,0.68738337,0.68738337
1691682400000,0.68738334,0.68738334,0.68738334
1691682401000,0.68738334,0.68738334,0.68738334
1691682402000,0.68742183,0.68742183,0.68742183
1691682403000,0.68742183,0.68742183,0.68742183
1691682404000,0.68738339,0.68738339,0.68738339
1691682405000,0.68738339,0.68738339,0.68738339
1691682406000,0.68742612,0.68742612,0.68742612
1691682407000,0.68742615,0.68742615,0.68742615
1691682408000,0.68742204,0.68742204,0.68742204
1691682409000,0.68742204,0.68742204,0.68742204
1691682410000,0.68743511,0.68743511,0.68743511
1691682411000,0.6874,0.6874,0.6874
1691682412000,0.6873916,0.6873916,0.6873916
1691682413000,0.68743508,0.68743508,0.68743508
1691682414000,0.68743381,0.68743381,0.68743381
1691682415000,0.68743381,0.68743381,0.68743381
1691682416000,0.68743381,0.68743381,0.68743381
1691682417000,0.68743384,0.68743384,0.68743384
1691682418000,0.68743381,0.68743381,0.68743381
1691682419000,0.68743069,0.68743069,0.68743069
1691682420000,0.68733721,0.68733721,0.68733721
1691682421000,0.68733721,0.68733721,0.68733721
1691682422000,0.68733721,0.68733721,0.68733721
1691682423000,0.6874,0.6874,0.6874
1691682424000,0.68732665,0.68732665,0.68732665
1691682425000,0.68732437,0.68732437,0.68732437
1691682426000,0.68732437,0.68732437,0.68732437
1691682427000,0.68733086,0.68733086,0.68733086
1691682428000,0.6874,0.6874,0.6874
1691682429000,0.6874,0.6874,0.6874
1691682430000,0.6874,0.6874,0.6874
1691682431000,0.6875,0.6875,0.6875
1691682432000,0.6876,0.6876,0.6876
1691682433000,0.6877,0.6877,0.6877
1691682434000,0.6877,0.6877,0.6877
1691682435000,0.6877,0.6877,0.6877
1691682436000,0.6876,0.6876,0.6876
1691682437000,0.6877,0.6877,0.6877
1691682438000,0.6877,0.6877,0.6877
1691682439000,0.6877,0.6877,0.6877
1691682440000,0.6877,0.6877,0.6877
1691682441000,0.6877,0.6877,0.6877
1691682442000,0.6877,0.6877,0.6877
1691682443000,0.6876,0.6876,0.6876
1691682444000,0.6876,0.6876,0.6876
1691682445000,0.6876,0.6876,0.6876
1691682446000,0.6876,0.6876,0.6876
1691682447000,0.6876,0.6876,0.6876
1691682448000,0.68756975,0.68756975,0.68756975
1691682449000,0.68758335,0.68758335,0.68758335
1691682450000,0.68758332,0.68758332,0.68758332
1691682451000,0.68758332,0.68758332,0.68758332
1691682452000,0.68758071,0.68758071,0.68758071
1691682453000,0.68758071,0.68758071,0.68758071
1691682454000,0.68758071,0.68758071,0.68758071
1691682455000,0.68746325,0.68746325,0.68746325
1691682456000,0.68746325,0.68746325,0.68746325
1691682457000,0.68746325,0.68746325,0.68746325
1691682458000,0.68746257,0.68746257,0.68746257
1691682459000,0.68746257,0.68746257,0.68746257
1691682460000,0.68746257,0.68746257,0.68746257
1691682461000,0.6875051,0.6875051,0.6875051
1691682462000,0.68750264,0.68750264,0.68750264
1691682463000,0.68750196,0.68750196,0.68750196
1691682464000,0.68750196,0.68750196,0.68750196
1691682465000,0.68749718,0.68749718,0.68749718
1691682466000,0.68749718,0.68749718,0.68749718
1691682467000,0.68749718,0.68749718,0.68749718
1691682468000,0.68749718,0.68749718,0.68749718
1691682469000,0.68749683,0.68749683,0.68749683
1691682470000,0.68749667,0.68749667,0.68749667
1691682471000,0.6874,0.6874,0.6874
1691682472000,0.6874,0.6874,0.6874
1691682473000,0.68736564,0.68736564,0.68736564
1691682474000,0.68736412,0.68736412,0.68736412
1691682475000,0.68736197,0.68736197,0.68736197
1691682476000,0.68736197,0.68736197,0.68736197
1691682477000,0.68736197,0.68736197,0.68736197
1691682478000,0.68736197,0.68736197,0.68736197
1691682479000,0.68735334,0.68735334,0.68735334
1691682480000,0.68734734,0.68734734,0.68734734
1691682481000,0.6874,0.6874,0.6874
1691682482000,0.6874,0.6874,0.6874
1691682483000,0.6875,0.6875,0.6875
1691682484000,0.68740251,0.68740251,0.68740251
1691682485000,0.6874,0.6874,0.6874
1691682486000,0.6875,0.6875,0.6875
1691682487000,0.6875,0.6875,0.6875
1691682488000,0.6874,0.6874,0.6874
1691682489000,0.68740151,0.68740151,0.68740151
1691682490000,0.68740151,0.68740151,0.68740151
1691682491000,0.6875,0.6875,0.6875
1691682492000,0.6875,0.6875,0.6875
1691682493000,0.6877,0.6877,0.6877
1691682494000,0.6877,0.6877,0.6877
1691682495000,0.6877,0.6877,0.6877
1691682496000,0.6877,0.6877,0.6877
1691682497000,0.6878,0.6878,0.6878
1691682498000,0.6878,0.6878,0.6878
1691682499000,0.6878,0.6878,0.6878
1691682500000,0.6878,0.6878,0.6878
1691682501000,0.6878,0.6878,0.6878
1691682502000,0.6877,0.6877,0.6877
1691682503000,0.6877,0.6877,0.6877
1691682504000,0.6877,0.6877,0.6877
1691682505000,0.6877,0.6877,0.6877
1691682506000,0.6877,0.6877,0.6877
1691682507000,0.6876,0.6876,0.6876
1691682508000,0.6877,0.6877,0.6877
1691682509000,0.6877,0.6877,0.6877
1691682510000,0.6877,0.6877,0.6877
1691682511000,0.6877,0.6877,0.6877
1691682512000,0.6877,0.6877,0.6877
1691682513000,0.6877,0.6877,0.6877
1691682514000,0.6877,0.6877,0.6877
1691682515000,0.6877,0.6877,0.6877
1691682516000,0.6877,0.6877,0.6877
1691682517000,0.6877,0.6877,0.6877
1691682518000,0.6877,0.6877,0.6877
1691682519000,0.6876,0.6876,0.6876
1691682520000,0.6877,0.6877,0.6877
1691682521000,0.6877,0.6877,0.6877
1691682522000,0.6877,0.6877,0.6877
1691682523000,0.6877,0.6877,0.6877
1691682524000,0.6877,0.6877,0.6877
1691682525000,0.6876,0.6876,0.6876
1691682526000,0.6876,0.6876,0.6876
1691682527000,0.6876,0.6876,0.6876
1691682528000,0.6876,0.6876,0.6876
1691682529000,0.6876,0.6876,0.6876
1691682530000,0.6876,0.6876,0.6876
1691682531000,0.6877,0.6877,0.6877
1691682532000,0.6877,0.6877,0.6877
1691682533000,0.6877,0.6877,0.6877
1691682534000,0.6877,0.6877,0.6877
1691682535000,0.6877,0.6877,0.6877
1691682536000,0.6877,0.6877,0.6877
1691682537000,0.6877,0.6877,0.6877
1691682538000,0.6877,0.6877,0.6877
1691682539000,0.6878,0.6878,0.6878
1691682540000,0.6878,0.6878,0.6878
1691682541000,0.6878,0.6878,0.6878
1691682542000,0.6879,0.6879,0.6879
1691682543000,0.6879,0.6879,0.6879
1691682544000,0.6879,0.6879,0.6879
1691682545000,0.688,0.688,0.688
1691682546000,0.6879,0.6879,0.6879
1691682547000,0.688,0.688,0.688
1691682548000,0.688,0.688,0.688
1691682549000,0.688,0.688,0.688
1691682550000,0.6879,0.6879,0.6879
1691682551000,0.6879,0.6879,0.6879
1691682552000,0.6879,0.6879,0.6879
1691682553000,0.6879,0.6879,0.6879
1691682554000,0.6879,0.6879,0.6879
1691682555000,0.6878,0.6878,0.6878
1691682556000,0.6878,0.6878,0.6878
1691682557000,0.6878,0.6878,0.6878
1691682558000,0.6878,0.6878,0.6878
1691682559000,0.6878,0.6878,0.6878
1691682560000,0.6878,0.6878,0.6878
1691682561000,0.6878,0.6878,0.6878
1691682562000,0.6878,0.6878,0.6878
1691682563000,0.6878,0.6878,0.6878
1691682564000,0.6878,0.6878,0.6878
1691682565000,0.6878,0.6878,0.6878
1691682566000,0.6879,0.6879,0.6879
1691682567000,0.6879,0.6879,0.6879
1691682568000,0.6879,0.6879,0.6879
1691682569000,0.6879,0.6879,0.6879
1691682570000,0.6879,0.6879,0.6879
1691682571000,0.6879,0.6879,0.6879
1691682572000,0.6878,0.6878,0.6878
1691682573000,0.6878,0.6878,0.6878
1691682574000,0.6878,0.6878,0.6878
1691682575000,0.6878,0.6878,0.6878
1691682576000,0.6878,0.6878,0.6878
1691682577000,0.6877,0.6877,0.6877
1691682578000,0.6877,0.6877,0.6877
1691682579000,0.6877,0.6877,0.6877
1691682580000,0.6877,0.6877,0.6877
1691682581000,0.6877,0.6877,0.6877
1691682582000,0.6877,0.6877,0.6877
1691682583000,0.6878,0.6878,0.6878
1691682584000,0.6878,0.6878,0.6878
1691682585000,0.6878,0.6878,0.6878
1691682586000,0.6878,0.6878,0.6878
1691682587000,0.6877,0.6877,0.6877
1691682588000,0.6877,0.6877,0.6877
1691682589000,0.6877,0.6877,0.6877
1691682590000,0.6877,0.6877,0.6877
1691682591000,0.6877,0.6877,0.6877
1691682592000,0.68769475,0.68769475,0.68769475
1691682593000,0.68760542,0.68760542,0.68760542
1691682594000,0.68760617,0.68760617,0.68760617
1691682595000,0.6877,0.6877,0.6877
1691682596000,0.6877,0.6877,0.6877
1691682597000,0.6877,0.6877,0.6877
1691682598000,0.6877,0.6877,0.6877
1691682599000,0.6877,0.6877,0.6877
1691682600000,0.6876,0.6876,0.6876
1691682601000,0.6876,0.6876,0.6876
1691682602000,0.6876,0.6876,0.6876
1691682603000,0.6876,0.6876,0.6876
1691682604000,0.6876,0.6876,0.6876
1691682605000,0.68757837,0.68757837,0.68757837
1691682606000,0.68753486,0.68753486,0.68753486
1691682607000,0.68753436,0.68753436,0.68753436
1691682608000,0.68753302,0.68753302,0.68753302
1691682609000,0.68757564,0.68757564,0.68757564
1691682610000,0.68757564,0.68757564,0.68757564
1691682611000,0.68757512,0.68757512,0.68757512
1691682612000,0.68757512,0.68757512,0.68757512
1691682613000,0.68757181,0.68757181,0.68757181
1691682614000,0.68756957,0.68756957,0.68756957
1691682615000,0.68756957,0.68756957,0.68756957
1691682616000,0.68756883,0.68756883,0.68756883
1691682617000,0.68756883,0.68756883,0.68756883
1691682618000,0.6875,0.6875,0.6875
1691682619000,0.6874815,0.6874815,0.6874815
1691682620000,0.6875,0.6875,0.6875
1691682621000,0.6875,0.6875,0.6875
1691682622000,0.6875,0.6875,0.6875
1691682623000,0.6875,0.6875,0.6875
1691682624000,0.6875,0.6875,0.6875
1691682625000,0.6875,0.6875,0.6875
1691682626000,0.6875,0.6875,0.6875
1691682627000,0.6875,0.6875,0.6875
1691682628000,0.6875,0.6875,0.6875
1691682629000,0.6875,0.6875,0.6875
1691682630000,0.6875,0.6875,0.6875
1691682631000,0.6875,0.6875,0.6875
1691682632000,0.6875,0.6875,0.6875
1691682633000,0.6874,0.6874,0.6874
1691682634000,0.68737192,0.68737192,0.68737192
1691682635000,0.68725256,0.68725256,0.68725256
1691682636000,0.68725177,0.68725177,0.68725177
1691682637000,0.68725251,0.68725251,0.68725251
1691682638000,0.68725251,0.68725251,0.68725251
1691682639000,0.68725251,0.68725251,0.68725251
1691682640000,0.68724692,0.68724692,0.68724692
1691682641000,0.68724692,0.68724692,0.68724692
1691682642000,0.68724692,0.68724692,0.68724692
1691682643000,0.68724692,0.68724692,0.68724692
1691682644000,0.68724688,0.68724688,0.68724688
1691682645000,0.68729049,0.68729049,0.68729049
1691682646000,0.68729337,0.68729337,0.68729337
1691682647000,0.68724989,0.68724989,0.68724989
1691682648000,0.68724986,0.68724986,0.68724986
1691682649000,0.68724164,0.68724164,0.68724164
1691682650000,0.68724092,0.68724092,0.68724092
1691682651000,0.6873,0.6873,0.6873
1691682652000,0.68724462,0.68724462,0.68724462
1691682653000,0.68724462,0.68724462,0.68724462
1691682654000,0.6872385,0.6872385,0.6872385
1691682655000,0.68723847,0.68723847,0.68723847
1691682656000,0.6872385,0.6872385,0.6872385
1691682657000,0.68724246,0.68724246,0.68724246
1691682658000,0.6873,0.6873,0.6873
1691682659000,0.6873,0.6873,0.6873
1691682660000,0.6873,0.6873,0.6873
1691682661000,0.6874,0.6874,0.6874
1691682662000,0.6874,0.6874,0.6874
1691682663000,0.6874,0.6874,0.6874
1691682664000,0.6874,0.6874,0.6874
1691682665000,0.6874,0.6874,0.6874
1691682666000,0.6874,0.6874,0.6874
1691682667000,0.6875,0.6875,0.6875
1691682668000,0.6876,0.6876,0.6876
1691682669000,0.6876,0.6876,0.6876
1691682670000,0.6876,0.6876,0.6876
1691682671000,0.6876,0.6876,0.6876
1691682672000,0.6876,0.6876,0.6876
1691682673000,0.6876,0.6876,0.6876
1691682674000,0.6875478,0.6875478,0.6875478
1691682675000,0.68754783,0.68754783,0.68754783
1691682676000,0.68744675,0.68744675,0.68744675
1691682677000,0.68734347,0.68734347,0.68734347
1691682678000,0.68734347,0.68734347,0.68734347
1691682679000,0.6873,0.6873,0.6873
1691682680000,0.68728931,0.68728931,0.68728931
1691682681000,0.687168,0.687168,0.687168
1691682682000,0.68716797,0.68716797,0.68716797
1691682683000,0.68716797,0.68716797,0.68716797
1691682684000,0.6872,0.6872,0.6872
1691682685000,0.68721221,0.68721221,0.68721221
1691682686000,0.6874,0.6874,0.6874
1691682687000,0.6873,0.6873,0.6873
1691682688000,0.68733308,0.68733308,0.68733308
1691682689000,0.68733308,0.68733308,0.68733308
1691682690000,0.68733902,0.68733902,0.68733902
1691682691000,0.68733899,0.68733899,0.68733899
1691682692000,0.6874,0.6874,0.6874
1691682693000,0.6875,0.6875,0.6875
1691682694000,0.6874,0.6874,0.6874
1691682695000,0.6874,0.6874,0.6874
1691682696000,0.6874,0.6874,0.6874
1691682697000,0.6874,0.6874,0.6874
1691682698000,0.6874,0.6874,0.6874
1691682699000,0.6874,0.6874,0.6874
1691682700000,0.6874,0.6874,0.6874
1691682701000,0.6874,0.6874,0.6874
1691682702000,0.6875,0.6875,0.6875
1691682703000,0.6875,0.6875,0.6875
1691682704000,0.6876,0.6876,0.6876
1691682705000,0.6876,0.6876,0.6876
1691682706000,0.6876,0.6876,0.6876
1691682707000,0.6876,0.6876,0.6876
1691682708000,0.6876,0.6876,0.6876
1691682709000,0.68746113,0.68746113,0.68746113
1691682710000,0.68746113,0.68746113,0.68746113
1691682711000,0.6874106,0.6874106,0.6874106
1691682712000,0.6875,0.6875,0.6875
1691682713000,0.6875,0.6875,0.6875
1691682714000,0.6875,0.6875,0.6875
1691682715000,0.6874128,0.6874128,0.6874128
1691682716000,0.68741385,0.68741385,0.68741385
1691682717000,0.68741385,0.68741385,0.68741385
1691682718000,0.6874181,0.6874181,0.6874181
1691682719000,0.6875,0.6875,0.6875
1691682720000,0.6875,0.6875,0.6875
1691682721000,0.6875,0.6875,0.6875
1691682722000,0.68741097,0.68741097,0.68741097
1691682723000,0.68741364,0.68741364,0.68741364
1691682724000,0.6874136,0.6874136,0.6874136
1691682725000,0.68741274,0.68741274,0.68741274
1691682726000,0.68739032,0.68739032,0.68739032
1691682727000,0.6873,0.6873,0.6873
1691682728000,0.68729028,0.68729028,0.68729028
1691682729000,0.68728956,0.68728956,0.68728956
1691682730000,0.6873,0.6873,0.6873
1691682731000,0.6873,0.6873,0.6873
1691682732000,0.6873,0.6873,0.6873
1691682733000,0.6873,0.6873,0.6873
1691682734000,0.68723929,0.68723929,0.68723929
1691682735000,0.6874,0.6874,0.6874
1691682736000,0.6875,0.6875,0.6875
1691682737000,0.6874,0.6874,0.6874
1691682738000,0.6875,0.6875,0.6875
1691682739000,0.6875,0.6875,0.6875
1691682740000,0.6875,0.6875,0.6875
1691682741000,0.6875,0.6875,0.6875
1691682742000,0.6875,0.6875,0.6875
1691682743000,0.6875,0.6875,0.6875
1691682744000,0.6875,0.6875,0.6875
1691682745000,0.6875,0.6875,0.6875
1691682746000,0.6875167,0.6875167,0.6875167
1691682747000,0.6875,0.6875,0.6875
1691682748000,0.6875,0.6875,0.6875
1691682749000,0.6875,0.6875,0.6875
1691682750000,0.68752094,0.68752094,0.68752094
1691682751000,0.68752666,0.68752666,0.68752666
1691682752000,0.6875,0.6875,0.6875
1691682753000,0.68747171,0.68747171,0.68747171
1691682754000,0.68742167,0.68742167,0.68742167
1691682755000,0.68742171,0.68742171,0.68742171
1691682756000,0.68742043,0.68742043,0.68742043
1691682757000,0.68741789,0.68741789,0.68741789
1691682758000,0.68741792,0.68741792,0.68741792
1691682759000,0.68741789,0.68741789,0.68741789
1691682760000,0.68741789,0.68741789,0.68741789
1691682761000,0.68740852,0.68740852,0.68740852
1691682762000,0.68740951,0.68740951,0.68740951
1691682763000,0.68740951,0.68740951,0.68740951
1691682764000,0.68740951,0.68740951,0.68740951
1691682765000,0.68740951,0.68740951,0.68740951
1691682766000,0.68745948,0.68745948,0.68745948
1691682767000,0.68740802,0.68740802,0.68740802
1691682768000,0.68740796,0.68740796,0.68740796
1691682769000,0.68740796,0.68740796,0.68740796
1691682770000,0.68740425,0.68740425,0.68740425
1691682771000,0.68740425,0.68740425,0.68740425
1691682772000,0.6875,0.6875,0.6875
1691682773000,0.6875,0.6875,0.6875
1691682774000,0.6875,0.6875,0.6875
1691682775000,0.6875,0.6875,0.6875
1691682776000,0.6875,0.6875,0.6875
1691682777000,0.6875,0.6875,0.6875
1691682778000,0.6875,0.6875,0.6875
1691682779000,0.68751215,0.68751215,0.68751215
1691682780000,0.68751215,0.68751215,0.68751215
1691682781000,0.68751301,0.68751301,0.68751301
1691682782000,0.6876072,0.6876072,0.6876072
1691682783000,0.68760986,0.68760986,0.68760986
1691682784000,0.68760997,0.68760997,0.68760997
1691682785000,0.68760997,0.68760997,0.68760997
1691682786000,0.6877,0.6877,0.6877
1691682787000,0.6877,0.6877,0.6877
1691682788000,0.6877,0.6877,0.6877
1691682789000,0.6877,0.6877,0.6877
1691682790000,0.6877,0.6877,0.6877
1691682791000,0.68761831,0.68761831,0.68761831
1691682792000,0.68762051,0.68762051,0.68762051
1691682793000,0.68762051,0.68762051,0.68762051
1691682794000,0.68762041,0.68762041,0.68762041
1691682795000,0.6877,0.6877,0.6877
1691682796000,0.6877,0.6877,0.6877
1691682797000,0.68762217,0.68762217,0.68762217
1691682798000,0.68743823,0.68743823,0.68743823
1691682799000,0.68740134,0.68740134,0.68740134
1691682800000,0.68740069,0.68740069,0.68740069
1691682801000,0.6873981,0.6873981,0.6873981
1691682802000,0.68739807,0.68739807,0.68739807
1691682803000,0.68739695,0.68739695,0.68739695
1691682804000,0.68739692,0.68739692,0.68739692
1691682805000,0.68739695,0.68739695,0.68739695
1691682806000,0.68739617,0.68739617,0.68739617
1691682807000,0.6874001,0.6874001,0.6874001
1691682808000,0.68739938,0.68739938,0.68739938
1691682809000,0.6874,0.6874,0.6874
1691682810000,0.6874,0.6874,0.6874
1691682811000,0.6874,0.6874,0.6874
1691682812000,0.6874,0.6874,0.6874
1691682813000,0.6875,0.6875,0.6875
1691682814000,0.6875,0.6875,0.6875
1691682815000,0.6875,0.6875,0.6875
1691682816000,0.6876,0.6876,0.6876
1691682817000,0.6877,0.6877,0.6877
1691682818000,0.6877,0.6877,0.6877
1691682819000,0.6877,0.6877,0.6877
1691682820000,0.6877,0.6877,0.6877
1691682821000,0.6877,0.6877,0.6877
1691682822000,0.6877,0.6877,0.6877
1691682823000,0.6877,0.6877,0.6877
1691682824000,0.6877,0.6877,0.6877
1691682825000,0.6877,0.6877,0.6877
1691682826000,0.6877,0.6877,0.6877
1691682827000,0.6877,0.6877,0.6877
1691682828000,0.6877,0.6877,0.6877
1691682829000,0.6877,0.6877,0.6877
1691682830000,0.6877,0.6877,0.6877
1691682831000,0.6878,0.6878,0.6878
1691682832000,0.6878,0.6878,0.6878
1691682833000,0.6878,0.6878,0.6878
1691682834000,0.6878,0.6878,0.6878
1691682835000,0.6878,0.6878,0.6878
1691682836000,0.6878,0.6878,0.6878
1691682837000,0.6878,0.6878,0.6878
1691682838000,0.6878,0.6878,0.6878
1691682839000,0.6878,0.6878,0.6878
1691682840000,0.6878,0.6878,0.6878
1691682841000,0.6878,0.6878,0.6878
1691682842000,0.6879,0.6879,0.6879
1691682843000,0.688,0.688,0.688
1691682844000,0.6879,0.6879,0.6879
1691682845000,0.6878,0.6878,0.6878
1691682846000,0.6878,0.6878,0.6878
1691682847000,0.6879,0.6879,0.6879
1691682848000,0.6879,0.6879,0.6879
1691682849000,0.6879,0.6879,0.6879
1691682850000,0.6879,0.6879,0.6879
1691682851000,0.6879,0.6879,0.6879
1691682852000,0.6877,0.6877,0.6877
1691682853000,0.6877,0.6877,0.6877
1691682854000,0.6877,0.6877,0.6877
1691682855000,0.6877,0.6877,0.6877
1691682856000,0.6878,0.6878,0.6878
1691682857000,0.6878,0.6878,0.6878
1691682858000,0.6878,0.6878,0.6878
1691682859000,0.6878,0.6878,0.6878
1691682860000,0.6878,0.6878,0.6878
1691682861000,0.6878,0.6878,0.6878
1691682862000,0.6878,0.6878,0.6878
1691682863000,0.6877,0.6877,0.6877
1691682864000,0.6877,0.6877,0.6877
1691682865000,0.6876471,0.6876471,0.6876471
1691682866000,0.68764667,0.68764667,0.68764667
1691682867000,0.6876446,0.6876446,0.6876446
1691682868000,0.6876446,0.6876446,0.6876446
1691682869000,0.68764464,0.68764464,0.68764464
1691682870000,0.6876446,0.6876446,0.6876446
1691682871000,0.68764974,0.68764974,0.68764974
1691682872000,0.68764977,0.68764977,0.68764977
1691682873000,0.6877,0.6877,0.6877
1691682874000,0.68764855,0.68764855,0.68764855
1691682875000,0.6876404,0.6876404,0.6876404
1691682876000,0.68764115,0.68764115,0.68764115
1691682877000,0.6877,0.6877,0.6877
1691682878000,0.68763785,0.68763785,0.68763785
1691682879000,0.68763712,0.68763712,0.68763712
1691682880000,0.68763712,0.68763712,0.68763712
1691682881000,0.68763629,0.68763629,0.68763629
1691682882000,0.68763704,0.68763704,0.68763704
1691682883000,0.68763629,0.68763629,0.68763629
1691682884000,0.68763597,0.68763597,0.68763597
1691682885000,0.68763571,0.68763571,0.68763571
1691682886000,0.68763571,0.68763571,0.68763571
1691682887000,0.68763571,0.68763571,0.68763571
1691682888000,0.6877,0.6877,0.6877
1691682889000,0.6877,0.6877,0.6877
1691682890000,0.6877,0.6877,0.6877
1691682891000,0.6877,0.6877,0.6877
1691682892000,0.6877,0.6877,0.6877
1691682893000,0.6877,0.6877,0.6877
1691682894000,0.68763645,0.68763645,0.68763645
1691682895000,0.68763783,0.68763783,0.68763783
1691682896000,0.6877,0.6877,0.6877
1691682897000,0.6877,0.6877,0.6877
1691682898000,0.6877,0.6877,0.6877
1691682899000,0.68763708,0.68763708,0.68763708
1691682900000,0.68763722,0.68763722,0.68763722
1691682901000,0.68763722,0.68763722,0.68763722
1691682902000,0.68763722,0.68763722,0.68763722
1691682903000,0.6877,0.6877,0.6877
1691682904000,0.6877,0.6877,0.6877
1691682905000,0.6877,0.6877,0.6877
1691682906000,0.6878,0.6878,0.6878
1691682907000,0.6878,0.6878,0.6878
1691682908000,0.6878,0.6878,0.6878
1691682909000,0.6878,0.6878,0.6878
1691682910000,0.6877,0.6877,0.6877
1691682911000,0.6877,0.6877,0.6877
1691682912000,0.6877,0.6877,0.6877
1691682913000,0.6877,0.6877,0.6877
1691682914000,0.6877,0.6877,0.6877
1691682915000,0.6877,0.6877,0.6877
1691682916000,0.6876271,0.6876271,0.6876271
1691682917000,0.6877,0.6877,0.6877
1691682918000,0.6877,0.6877,0.6877
1691682919000,0.68763081,0.68763081,0.68763081
1691682920000,0.68761997,0.68761997,0.68761997
1691682921000,0.68757747,0.68757747,0.68757747
1691682922000,0.6876,0.6876,0.6876
1691682923000,0.68762119,0.68762119,0.68762119
1691682924000,0.68762119,0.68762119,0.68762119
1691682925000,0.68762122,0.68762122,0.68762122
1691682926000,0.68763341,0.68763341,0.68763341
1691682927000,0.68763344,0.68763344,0.68763344
1691682928000,0.68763226,0.68763226,0.68763226
1691682929000,0.68763151,0.68763151,0.68763151
1691682930000,0.68763148,0.68763148,0.68763148
1691682931000,0.68763148,0.68763148,0.68763148
1691682932000,0.68761196,0.68761196,0.68761196
1691682933000,0.68761196,0.68761196,0.68761196
1691682934000,0.68761131,0.68761131,0.68761131
1691682935000,0.68761131,0.68761131,0.68761131
1691682936000,0.68761202,0.68761202,0.68761202
1691682937000,0.68761202,0.68761202,0.68761202
1691682938000,0.68761199,0.68761199,0.68761199
1691682939000,0.68761391,0.68761391,0.68761391
1691682940000,0.68761391,0.68761391,0.68761391
1691682941000,0.68761391,0.68761391,0.68761391
1691682942000,0.68761387,0.68761387,0.68761387
1691682943000,0.68761387,0.68761387,0.68761387
1691682944000,0.6876139,0.6876139,0.6876139
1691682945000,0.68761646,0.68761646,0.68761646
1691682946000,0.68761425,0.68761425,0.68761425
1691682947000,0.68761428,0.68761428,0.68761428
1691682948000,0.68761431,0.68761431,0.68761431
1691682949000,0.68761431,0.68761431,0.68761431
1691682950000,0.68761513,0.68761513,0.68761513
1691682951000,0.68761405,0.68761405,0.68761405
1691682952000,0.68761252,0.68761252,0.68761252
1691682953000,0.68761327,0.68761327,0.68761327
1691682954000,0.68761327,0.68761327,0.68761327
1691682955000,0.6876,0.6876,0.6876
1691682956000,0.6876,0.6876,0.6876
1691682957000,0.6876,0.6876,0.6876
1691682958000,0.6876,0.6876,0.6876
1691682959000,0.6876,0.6876,0.6876
1691682960000,0.6876,0.6876,0.6876
1691682961000,0.6876,0.6876,0.6876
1691682962000,0.6876,0.6876,0.6876
1691682963000,0.68762895,0.68762895,0.68762895
1691682964000,0.6877,0.6877,0.6877
1691682965000,0.6877,0.6877,0.6877
1691682966000,0.6878,0.6878,0.6878
1691682967000,0.6878,0.6878,0.6878
1691682968000,0.6878,0.6878,0.6878
1691682969000,0.6878,0.6878,0.6878
1691682970000,0.6877,0.6877,0.6877
1691682971000,0.6877,0.6877,0.6877
1691682972000,0.68769759,0.68769759,0.68769759
1691682973000,0.6877,0.6877,0.6877
1691682974000,0.6877,0.6877,0.6877
1691682975000,0.6877,0.6877,0.6877
1691682976000,0.68765212,0.68765212,0.68765212
1691682977000,0.68769586,0.68769586,0.68769586
1691682978000,0.6876984,0.6876984,0.6876984
1691682979000,0.68769837,0.68769837,0.68769837
1691682980000,0.68769837,0.68769837,0.68769837
1691682981000,0.6876984,0.6876984,0.6876984
1691682982000,0.68768597,0.68768597,0.68768597
1691682983000,0.6876885,0.6876885,0.6876885
1691682984000,0.68768847,0.68768847,0.68768847
1691682985000,0.68769067,0.68769067,0.68769067
1691682986000,0.68769067,0.68769067,0.68769067
1691682987000,0.68768992,0.68768992,0.68768992
1691682988000,0.68768973,0.68768973,0.68768973
1691682989000,0.68768946,0.68768946,0.68768946
1691682990000,0.68768946,0.68768946,0.68768946
1691682991000,0.68768946,0.68768946,0.68768946
1691682992000,0.68768946,0.68768946,0.68768946
1691682993000,0.68768943,0.68768943,0.68768943
1691682994000,0.68768961,0.68768961,0.68768961
1691682995000,0.68768961,0.68768961,0.68768961
1691682996000,0.68768961,0.68768961,0.68768961
1691682997000,0.68768961,0.68768961,0.68768961
1691682998000,0.68768958,0.68768958,0.68768958
1691682999000,0.68768958,0.68768958,0.68768958
1691683000000,0.68768806,0.68768806,0.68768806
1691683001000,0.68768806,0.68768806,0.68768806
1691683002000,0.68768809,0.68768809,0.68768809
1691683003000,0.68768809,0.68768809,0.68768809
1691683004000,0.68768809,0.68768809,0.68768809
1691683005000,0.68768654,0.68768654,0.68768654
1691683006000,0.68764381,0.68764381,0.68764381
1691683007000,0.6877,0.6877,0.6877
1691683008000,0.6877,0.6877,0.6877
1691683009000,0.6877,0.6877,0.6877
1691683010000,0.6877,0.6877,0.6877
1691683011000,0.68768127,0.68768127,0.68768127
1691683012000,0.6877,0.6877,0.6877
1691683013000,0.6877,0.6877,0.6877
1691683014000,0.6877,0.6877,0.6877
1691683015000,0.6879,0.6879,0.6879
1691683016000,0.6879,0.6879,0.6879
1691683017000,0.6879,0.6879,0.6879
1691683018000,0.688,0.688,0.688
1691683019000,0.6881,0.6881,0.6881
1691683020000,0.6881,0.6881,0.6881
1691683021000,0.6882,0.6882,0.6882
1691683022000,0.6882,0.6882,0.6882
1691683023000,0.6882,0.6882,0.6882
1691683024000,0.6882,0.6882,0.6882
1691683025000,0.6882,0.6882,0.6882
1691683026000,0.6882,0.6882,0.6882
1691683027000,0.6882,0.6882,0.6882
1691683028000,0.688,0.688,0.688
1691683029000,0.688,0.688,0.688
1691683030000,0.688,0.688,0.688
1691683031000,0.688,0.688,0.688
1691683032000,0.6881,0.6881,0.6881
1691683033000,0.6881,0.6881,0.6881
1691683034000,0.6881,0.6881,0.6881
1691683035000,0.6881,0.6881,0.6881
1691683036000,0.6881,0.6881,0.6881
1691683037000,0.6882,0.6882,0.6882
1691683038000,0.68836848,0.68836848,0.68836848
1691683039000,0.6883,0.6883,0.6883
1691683040000,0.6883,0.6883,0.6883
1691683041000,0.6883,0.6883,0.6883
1691683042000,0.6883,0.6883,0.6883
1691683043000,0.6883,0.6883,0.6883
1691683044000,0.6883,0.6883,0.6883
1691683045000,0.6883,0.6883,0.6883
1691683046000,0.6884,0.6884,0.6884
1691683047000,0.6884,0.6884,0.6884
1691683048000,0.6884,0.6884,0.6884
1691683049000,0.6883,0.6883,0.6883
1691683050000,0.6883,0.6883,0.6883
1691683051000,0.6883,0.6883,0.6883
1691683052000,0.6883,0.6883,0.6883
1691683053000,0.6884,0.6884,0.6884
1691683054000,0.6884,0.6884,0.6884
1691683055000,0.6884,0.6884,0.6884
1691683056000,0.6884,0.6884,0.6884
1691683057000,0.6884,0.6884,0.6884
1691683058000,0.6883,0.6883,0.6883
1691683059000,0.6883,0.6883,0.6883
1691683060000,0.6883,0.6883,0.6883
1691683061000,0.6883,0.6883,0.6883
1691683062000,0.6883,0.6883,0.6883
1691683063000,0.6883021,0.6883021,0.6883021
1691683064000,0.6883021,0.6883021,0.6883021
1691683065000,0.68824023,0.68824023,0.68824023
1691683066000,0.68824528,0.68824528,0.68824528
1691683067000,0.68824528,0.68824528,0.68824528
1691683068000,0.68824531,0.68824531,0.68824531
1691683069000,0.6882,0.6882,0.6882
1691683070000,0.6882,0.6882,0.6882
1691683071000,0.6882,0.6882,0.6882
1691683072000,0.6882,0.6882,0.6882
1691683073000,0.6882,0.6882,0.6882
1691683074000,0.6882,0.6882,0.6882
1691683075000,0.6882,0.6882,0.6882
1691683076000,0.6882,0.6882,0.6882
1691683077000,0.6882,0.6882,0.6882
1691683078000,0.6882,0.6882,0.6882
1691683079000,0.6882,0.6882,0.6882
1691683080000,0.6882,0.6882,0.6882
1691683081000,0.68815709,0.68815709,0.68815709
1691683082000,0.68805598,0.68805598,0.68805598
1691683083000,0.68805627,0.68805627,0.68805627
1691683084000,0.6881,0.6881,0.6881
1691683085000,0.6881,0.6881,0.6881
1691683086000,0.6881,0.6881,0.6881
1691683087000,0.6881,0.6881,0.6881
1691683088000,0.6881,0.6881,0.6881
1691683089000,0.6881,0.6881,0.6881
1691683090000,0.6881,0.6881,0.6881
1691683091000,0.68803307,0.68803307,0.68803307
1691683092000,0.6877287,0.6877287,0.6877287
1691683093000,0.6877287,0.6877287,0.6877287
1691683094000,0.68781529,0.68781529,0.68781529
1691683095000,0.68781529,0.68781529,0.68781529
1691683096000,0.68780515,0.68780515,0.68780515
1691683097000,0.68780515,0.68780515,0.68780515
1691683098000,0.68780515,0.68780515,0.68780515
1691683099000,0.68780228,0.68780228,0.68780228
1691683100000,0.6878,0.6878,0.6878
1691683101000,0.6878,0.6878,0.6878
1691683102000,0.6878,0.6878,0.6878
1691683103000,0.6877993,0.6877993,0.6877993
1691683104000,0.68774558,0.68774558,0.68774558
1691683105000,0.68774659,0.68774659,0.68774659
1691683106000,0.68779007,0.68779007,0.68779007
1691683107000,0.6877901,0.6877901,0.6877901
1691683108000,0.6877901,0.6877901,0.6877901
1691683109000,0.68779082,0.68779082,0.68779082
1691683110000,0.68778958,0.68778958,0.68778958
1691683111000,0.6878,0.6878,0.6878
1691683112000,0.6878,0.6878,0.6878
1691683113000,0.6878,0.6878,0.6878
1691683114000,0.6878,0.6878,0.6878
1691683115000,0.6878,0.6878,0.6878
1691683116000,0.6878,0.6878,0.6878
1691683117000,0.6877911,0.6877911,0.6877911
1691683118000,0.68779107,0.68779107,0.68779107
1691683119000,0.6878,0.6878,0.6878
1691683120000,0.6877911,0.6877911,0.6877911
1691683121000,0.6877715,0.6877715,0.6877715
1691683122000,0.6876,0.6876,0.6876
1691683123000,0.6876,0.6876,0.6876
1691683124000,0.6876,0.6876,0.6876
1691683125000,0.6876,0.6876,0.6876
1691683126000,0.6876,0.6876,0.6876
1691683127000,0.6876,0.6876,0.6876
1691683128000,0.68759555,0.68759555,0.68759555
1691683129000,0.6876,0.6876,0.6876
1691683130000,0.6876,0.6876,0.6876
1691683131000,0.6876,0.6876,0.6876
1691683132000,0.6876,0.6876,0.6876
1691683133000,0.68759422,0.68759422,0.68759422
1691683134000,0.68763769,0.68763769,0.68763769
1691683135000,0.68763769,0.68763769,0.68763769
1691683136000,0.68763769,0.68763769,0.68763769
1691683137000,0.6877,0.6877,0.6877
1691683138000,0.68763868,0.68763868,0.68763868
1691683139000,0.68763865,0.68763865,0.68763865
1691683140000,0.68763865,0.68763865,0.68763865
1691683141000,0.68768216,0.68768216,0.68768216
1691683142000,0.68768252,0.68768252,0.68768252
1691683143000,0.6877,0.6877,0.6877
1691683144000,0.6877,0.6877,0.6877
1691683145000,0.6877,0.6877,0.6877
1691683146000,0.6877,0.6877,0.6877
1691683147000,0.6877,0.6877,0.6877
1691683148000,0.6877,0.6877,0.6877
1691683149000,0.6877,0.6877,0.6877
1691683150000,0.6877,0.6877,0.6877
1691683151000,0.6877,0.6877,0.6877
1691683152000,0.6877,0.6877,0.6877
1691683153000,0.68792784,0.68792784,0.68792784
1691683154000,0.68792784,0.68792784,0.68792784
1691683155000,0.68792881,0.68792881,0.68792881
1691683156000,0.688,0.688,0.688
1691683157000,0.688,0.688,0.688
1691683158000,0.688,0.688,0.688
1691683159000,0.688,0.688,0.688
1691683160000,0.688,0.688,0.688
1691683161000,0.688,0.688,0.688
1691683162000,0.68793074,0.68793074,0.68793074
1691683163000,0.68793765,0.68793765,0.68793765
1691683164000,0.6879,0.6879,0.6879
1691683165000,0.6879,0.6879,0.6879
1691683166000,0.6879,0.6879,0.6879
1691683167000,0.688,0.688,0.688
1691683168000,0.688,0.688,0.688
1691683169000,0.688,0.688,0.688
1691683170000,0.6879,0.6879,0.6879
1691683171000,0.68790182,0.68790182,0.68790182
1691683172000,0.6881,0.6881,0.6881
1691683173000,0.6881,0.6881,0.6881
1691683174000,0.6881,0.6881,0.6881
1691683175000,0.6881,0.6881,0.6881
1691683176000,0.6881,0.6881,0.6881
1691683177000,0.6881,0.6881,0.6881
1691683178000,0.6881,0.6881,0.6881
1691683179000,0.6881,0.6881,0.6881
1691683180000,0.6881,0.6881,0.6881
1691683181000,0.6881,0.6881,0.6881
1691683182000,0.6881,0.6881,0.6881
1691683183000,0.6881,0.6881,0.6881
1691683184000,0.6881,0.6881,0.6881
1691683185000,0.6881,0.6881,0.6881
1691683186000,0.6881,0.6881,0.6881
1691683187000,0.6881,0.6881,0.6881
1691683188000,0.6881,0.6881,0.6881
1691683189000,0.6881,0.6881,0.6881
1691683190000,0.6881,0.6881,0.6881
1691683191000,0.6881,0.6881,0.6881
1691683192000,0.6881,0.6881,0.6881
1691683193000,0.6881,0.6881,0.6881
1691683194000,0.688,0.688,0.688
1691683195000,0.68802228,0.68802228,0.68802228
1691683196000,0.68802228,0.68802228,0.68802228
1691683197000,0.68802231,0.68802231,0.68802231
1691683198000,0.68802156,0.68802156,0.68802156
1691683199000,0.68802357,0.68802357,0.68802357
1691683200000,0.68802357,0.68802357,0.68802357
1691683201000,0.6881,0.6881,0.6881
1691683202000,0.6881,0.6881,0.6881
1691683203000,0.6881,0.6881,0.6881
1691683204000,0.6881,0.6881,0.6881
1691683205000,0.6881,0.6881,0.6881
1691683206000,0.6881,0.6881,0.6881
1691683207000,0.6881,0.6881,0.6881
1691683208000,0.6882,0.6882,0.6882
1691683209000,0.6882,0.6882,0.6882
1691683210000,0.6881,0.6881,0.6881
1691683211000,0.6881,0.6881,0.6881
1691683212000,0.6881,0.6881,0.6881
1691683213000,0.6881,0.6881,0.6881
1691683214000,0.6881,0.6881,0.6881
1691683215000,0.688,0.688,0.688
1691683216000,0.688,0.688,0.688
1691683217000,0.68790132,0.68790132,0.68790132
1691683218000,0.68790755,0.68790755,0.68790755
1691683219000,0.6879,0.6879,0.6879
1691683220000,0.68786336,0.68786336,0.68786336
1691683221000,0.68785827,0.68785827,0.68785827
1691683222000,0.68785827,0.68785827,0.68785827
1691683223000,0.68785889,0.68785889,0.68785889
1691683224000,0.68785889,0.68785889,0.68785889
1691683225000,0.6879,0.6879,0.6879
1691683226000,0.68782625,0.68782625,0.68782625
1691683227000,0.68782627,0.68782627,0.68782627
1691683228000,0.68781251,0.68781251,0.68781251
1691683229000,0.68784699,0.68784699,0.68784699
1691683230000,0.68784696,0.68784696,0.68784696
1691683231000,0.68784696,0.68784696,0.68784696
1691683232000,0.68780418,0.68780418,0.68780418
1691683233000,0.68780418,0.68780418,0.68780418
1691683234000,0.68780584,0.68780584,0.68780584
1691683235000,0.68780584,0.68780584,0.68780584
1691683236000,0.68780581,0.68780581,0.68780581
1691683237000,0.68780659,0.68780659,0.68780659
1691683238000,0.68780687,0.68780687,0.68780687
1691683239000,0.68780648,0.68780648,0.68780648
1691683240000,0.68780645,0.68780645,0.68780645
1691683241000,0.68780645,0.68780645,0.68780645
1691683242000,0.68780645,0.68780645,0.68780645
1691683243000,0.6878,0.6878,0.6878
1691683244000,0.6878,0.6878,0.6878
1691683245000,0.68775602,0.68775602,0.68775602
1691683246000,0.68775602,0.68775602,0.68775602
1691683247000,0.68775602,0.68775602,0.68775602
1691683248000,0.68775605,0.68775605,0.68775605
1691683249000,0.68775797,0.68775797,0.68775797
1691683250000,0.68771449,0.68771449,0.68771449
1691683251000,0.68771524,0.68771524,0.68771524
1691683252000,0.68767099,0.68767099,0.68767099
1691683253000,0.68767102,0.68767102,0.68767102
1691683254000,0.68767029,0.68767029,0.68767029
1691683255000,0.68767029,0.68767029,0.68767029
1691683256000,0.68767029,0.68767029,0.68767029
1691683257000,0.68767029,0.68767029,0.68767029
1691683258000,0.68767026,0.68767026,0.68767026
1691683259000,0.68767026,0.68767026,0.68767026
1691683260000,0.68765515,0.68765515,0.68765515
1691683261000,0.6876544,0.6876544,0.6876544
1691683262000,0.68765443,0.68765443,0.68765443
1691683263000,0.68761092,0.68761092,0.68761092
1691683264000,0.68760038,0.68760038,0.68760038
1691683265000,0.68764464,0.68764464,0.68764464
1691683266000,0.68764,0.68764,0.68764
1691683267000,0.6877,0.6877,0.6877
1691683268000,0.6877,0.6877,0.6877
1691683269000,0.68768273,0.68768273,0.68768273
1691683270000,0.68768273,0.68768273,0.68768273
1691683271000,0.68768282,0.68768282,0.68768282
1691683272000,0.68768279,0.68768279,0.68768279
1691683273000,0.68767626,0.68767626,0.68767626
1691683274000,0.68767701,0.68767701,0.68767701
1691683275000,0.68767701,0.68767701,0.68767701
1691683276000,0.6876763,0.6876763,0.6876763
1691683277000,0.6876712,0.6876712,0.6876712
1691683278000,0.68767123,0.68767123,0.68767123
1691683279000,0.6876712,0.6876712,0.6876712
1691683280000,0.6876665,0.6876665,0.6876665
1691683281000,0.68766647,0.68766647,0.68766647
1691683282000,0.68766603,0.68766603,0.68766603
1691683283000,0.68766603,0.68766603,0.68766603
1691683284000,0.68757832,0.68757832,0.68757832
1691683285000,0.68757483,0.68757483,0.68757483
1691683286000,0.68756613,0.68756613,0.68756613
1691683287000,0.68756685,0.68756685,0.68756685
1691683288000,0.68756379,0.68756379,0.68756379
1691683289000,0.68756379,0.68756379,0.68756379
1691683290000,0.68756379,0.68756379,0.68756379
1691683291000,0.6875232,0.6875232,0.6875232
1691683292000,0.68752394,0.68752394,0.68752394
1691683293000,0.68752164,0.68752164,0.68752164
1691683294000,0.68752164,0.68752164,0.68752164
1691683295000,0.68752164,0.68752164,0.68752164
1691683296000,0.68751802,0.68751802,0.68751802
1691683297000,0.68751802,0.68751802,0.68751802
1691683298000,0.68751802,0.68751802,0.68751802
1691683299000,0.68751645,0.68751645,0.68751645
1691683300000,0.68751645,0.68751645,0.68751645
1691683301000,0.68751781,0.68751781,0.68751781
1691683302000,0.68753086,0.68753086,0.68753086
1691683303000,0.68748738,0.68748738,0.68748738
1691683304000,0.68748748,0.68748748,0.68748748
1691683305000,0.68748598,0.68748598,0.68748598
1691683306000,0.68748523,0.68748523,0.68748523
1691683307000,0.68748523,0.68748523,0.68748523
1691683308000,0.68748523,0.68748523,0.68748523
1691683309000,0.68745989,0.68745989,0.68745989
1691683310000,0.68746098,0.68746098,0.68746098
1691683311000,0.68746098,0.68746098,0.68746098
1691683312000,0.68746098,0.68746098,0.68746098
1691683313000,0.68746101,0.68746101,0.68746101
1691683314000,0.68746101,0.68746101,0.68746101
1691683315000,0.6875,0.6875,0.6875
1691683316000,0.6875,0.6875,0.6875
1691683317000,0.6875,0.6875,0.6875
1691683318000,0.6874951,0.6874951,0.6874951
1691683319000,0.6874951,0.6874951,0.6874951
1691683320000,0.68749438,0.68749438,0.68749438
1691683321000,0.68744654,0.68744654,0.68744654
1691683322000,0.6874335,0.6874335,0.6874335
1691683323000,0.68747623,0.68747623,0.68747623
1691683324000,0.68747623,0.68747623,0.68747623
1691683325000,0.6875,0.6875,0.6875
1691683326000,0.68743001,0.68743001,0.68743001
1691683327000,0.68744308,0.68744308,0.68744308
1691683328000,0.68744308,0.68744308,0.68744308
1691683329000,0.68744308,0.68744308,0.68744308
1691683330000,0.68744308,0.68744308,0.68744308
1691683331000,0.68744383,0.68744383,0.68744383
1691683332000,0.6874417,0.6874417,0.6874417
1691683333000,0.6874417,0.6874417,0.6874417
1691683334000,0.68740254,0.68740254,0.68740254
1691683335000,0.68740254,0.68740254,0.68740254
1691683336000,0.68740328,0.68740328,0.68740328
1691683337000,0.68738603,0.68738603,0.68738603
1691683338000,0.68742954,0.68742954,0.68742954
1691683339000,0.68738606,0.68738606,0.68738606
1691683340000,0.68738606,0.68738606,0.68738606
1691683341000,0.6874,0.6874,0.6874
1691683342000,0.6874,0.6874,0.6874
1691683343000,0.6874,0.6874,0.6874
1691683344000,0.6875,0.6875,0.6875
1691683345000,0.6874,0.6874,0.6874
1691683346000,0.6874,0.6874,0.6874
1691683347000,0.6874,0.6874,0.6874
1691683348000,0.6874,0.6874,0.6874
1691683349000,0.6878,0.6878,0.6878
1691683350000,0.6878,0.6878,0.6878
1691683351000,0.6878,0.6878,0.6878
1691683352000,0.6877,0.6877,0.6877
1691683353000,0.6877,0.6877,0.6877
1691683354000,0.6876752,0.6876752,0.6876752
1691683355000,0.68767445,0.68767445,0.68767445
1691683356000,0.68767445,0.68767445,0.68767445
1691683357000,0.68768208,0.68768208,0.68768208
1691683358000,0.68763935,0.68763935,0.68763935
1691683359000,0.68763935,0.68763935,0.68763935
1691683360000,0.68763562,0.68763562,0.68763562
1691683361000,0.68763562,0.68763562,0.68763562
1691683362000,0.68763562,0.68763562,0.68763562
1691683363000,0.6877,0.6877,0.6877
1691683364000,0.6877,0.6877,0.6877
1691683365000,0.6878,0.6878,0.6878
1691683366000,0.6878,0.6878,0.6878
1691683367000,0.6879,0.6879,0.6879
1691683368000,0.68824568,0.68824568,0.68824568
1691683369000,0.6883,0.6883,0.6883
1691683370000,0.6883,0.6883,0.6883
1691683371000,0.6883,0.6883,0.6883
1691683372000,0.6882,0.6882,0.6882
1691683373000,0.6882,0.6882,0.6882
1691683374000,0.6882,0.6882,0.6882
1691683375000,0.6882,0.6882,0.6882
1691683376000,0.6882,0.6882,0.6882
1691683377000,0.6882,0.6882,0.6882
1691683378000,0.6882,0.6882,0.6882
1691683379000,0.6883,0.6883,0.6883
1691683380000,0.6882,0.6882,0.6882
1691683381000,0.6883,0.6883,0.6883
1691683382000,0.6883,0.6883,0.6883
1691683383000,0.6882,0.6882,0.6882
1691683384000,0.6882,0.6882,0.6882
1691683385000,0.6882,0.6882,0.6882
1691683386000,0.6884,0.6884,0.6884
1691683387000,0.6883,0.6883,0.6883
1691683388000,0.6883,0.6883,0.6883
1691683389000,0.6883,0.6883,0.6883
1691683390000,0.6883,0.6883,0.6883
1691683391000,0.6881,0.6881,0.6881
1691683392000,0.6882,0.6882,0.6882
1691683393000,0.6882,0.6882,0.6882
1691683394000,0.6882,0.6882,0.6882
1691683395000,0.6882,0.6882,0.6882
1691683396000,0.6882,0.6882,0.6882
1691683397000,0.6883,0.6883,0.6883
1691683398000,0.6884,0.6884,0.6884
1691683399000,0.6883,0.6883,0.6883
1691683400000,0.6884,0.6884,0.6884
1691683401000,0.6883,0.6883,0.6883
1691683402000,0.6883,0.6883,0.6883
1691683403000,0.6883,0.6883,0.6883
1691683404000,0.6883,0.6883,0.6883
1691683405000,0.6884,0.6884,0.6884
1691683406000,0.6883,0.6883,0.6883
1691683407000,0.6883,0.6883,0.6883
1691683408000,0.6883,0.6883,0.6883
1691683409000,0.6883,0.6883,0.6883
1691683410000,0.6883,0.6883,0.6883
1691683411000,0.6883,0.6883,0.6883
1691683412000,0.6883,0.6883,0.6883
1691683413000,0.6883,0.6883,0.6883
1691683414000,0.6883,0.6883,0.6883
1691683415000,0.6884,0.6884,0.6884
1691683416000,0.6883,0.6883,0.6883
1691683417000,0.6883,0.6883,0.6883
1691683418000,0.6883,0.6883,0.6883
1691683419000,0.6883,0.6883,0.6883
1691683420000,0.6883,0.6883,0.6883
1691683421000,0.6883,0.6883,0.6883
1691683422000,0.6885,0.6885,0.6885
1691683423000,0.6886,0.6886,0.6886
1691683424000,0.6885,0.6885,0.6885
1691683425000,0.6885,0.6885,0.6885
1691683426000,0.6885,0.6885,0.6885
1691683427000,0.6887,0.6887,0.6887
1691683428000,0.6886,0.6886,0.6886
1691683429000,0.6887,0.6887,0.6887
1691683430000,0.6886,0.6886,0.6886
1691683431000,0.6886,0.6886,0.6886
1691683432000,0.6886,0.6886,0.6886
1691683433000,0.6886,0.6886,0.6886
1691683434000,0.6885,0.6885,0.6885
1691683435000,0.6885,0.6885,0.6885
1691683436000,0.6885,0.6885,0.6885
1691683437000,0.6885,0.6885,0.6885
1691683438000,0.6886,0.6886,0.6886
1691683439000,0.6885,0.6885,0.6885
1691683440000,0.6885,0.6885,0.6885
1691683441000,0.6885,0.6885,0.6885
1691683442000,0.6885,0.6885,0.6885
1691683443000,0.6885,0.6885,0.6885
1691683444000,0.6885,0.6885,0.6885
1691683445000,0.6885,0.6885,0.6885
1691683446000,0.6885,0.6885,0.6885
1691683447000,0.6885,0.6885,0.6885
1691683448000,0.6885,0.6885,0.6885
1691683449000,0.6885,0.6885,0.6885
1691683450000,0.6886,0.6886,0.6886
1691683451000,0.6886,0.6886,0.6886
1691683452000,0.6887,0.6887,0.6887
1691683453000,0.6886,0.6886,0.6886
1691683454000,0.6886,0.6886,0.6886
1691683455000,0.6886,0.6886,0.6886
1691683456000,0.6886,0.6886,0.6886
1691683457000,0.6887,0.6887,0.6887
1691683458000,0.6887,0.6887,0.6887
1691683459000,0.6887,0.6887,0.6887
1691683460000,0.6888,0.6888,0.6888
1691683461000,0.6888,0.6888,0.6888
1691683462000,0.6887,0.6887,0.6887
1691683463000,0.6887,0.6887,0.6887
1691683464000,0.68887929,0.68887929,0.68887929
1691683465000,0.68887929,0.68887929,0.68887929
1691683466000,0.6889,0.6889,0.6889
1691683467000,0.6888,0.6888,0.6888
1691683468000,0.6888,0.6888,0.6888
1691683469000,0.6888,0.6888,0.6888
1691683470000,0.6888,0.6888,0.6888
1691683471000,0.6889,0.6889,0.6889
1691683472000,0.6888,0.6888,0.6888
1691683473000,0.6888,0.6888,0.6888
1691683474000,0.6888,0.6888,0.6888
1691683475000,0.6888,0.6888,0.6888
1691683476000,0.6888,0.6888,0.6888
1691683477000,0.6888,0.6888,0.6888
1691683478000,0.6888,0.6888,0.6888
1691683479000,0.6888,0.6888,0.6888
1691683480000,0.6888,0.6888,0.6888
1691683481000,0.6888,0.6888,0.6888
1691683482000,0.6888,0.6888,0.6888
1691683483000,0.6888,0.6888,0.6888
1691683484000,0.6888,0.6888,0.6888
1691683485000,0.6889,0.6889,0.6889
1691683486000,0.6888,0.6888,0.6888
1691683487000,0.6888,0.6888,0.6888
1691683488000,0.6888,0.6888,0.6888
1691683489000,0.6889,0.6889,0.6889
1691683490000,0.6889,0.6889,0.6889
1691683491000,0.6889,0.6889,0.6889
1691683492000,0.6889,0.6889,0.6889
1691683493000,0.6888,0.6888,0.6888
1691683494000,0.6888,0.6888,0.6888
1691683495000,0.6888,0.6888,0.6888
1691683496000,0.6888,0.6888,0.6888
1691683497000,0.6888,0.6888,0.6888
1691683498000,0.6889,0.6889,0.6889
1691683499000,0.6888,0.6888,0.6888
1691683500000,0.6888,0.6888,0.6888
1691683501000,0.6888,0.6888,0.6888
1691683502000,0.6889,0.6889,0.6889
1691683503000,0.6888,0.6888,0.6888
1691683504000,0.6889,0.6889,0.6889
1691683505000,0.6888,0.6888,0.6888
1691683506000,0.6888,0.6888,0.6888
1691683507000,0.6888,0.6888,0.6888
1691683508000,0.6887,0.6887,0.6887
1691683509000,0.6888,0.6888,0.6888
1691683510000,0.6888,0.6888,0.6888
1691683511000,0.6888,0.6888,0.6888
1691683512000,0.6888,0.6888,0.6888
1691683513000,0.6888,0.6888,0.6888
1691683514000,0.6888,0.6888,0.6888
1691683515000,0.6888,0.6888,0.6888
1691683516000,0.6888,0.6888,0.6888
1691683517000,0.6888,0.6888,0.6888
1691683518000,0.68873118,0.68873118,0.68873118
1691683519000,0.6888,0.6888,0.6888
1691683520000,0.6888,0.6888,0.6888
1691683521000,0.6888,0.6888,0.6888
1691683522000,0.6888,0.6888,0.6888
1691683523000,0.6887,0.6887,0.6887
1691683524000,0.6887,0.6887,0.6887
1691683525000,0.6888,0.6888,0.6888
1691683526000,0.6888,0.6888,0.6888
1691683527000,0.68884412,0.68884412,0.68884412
1691683528000,0.6889,0.6889,0.6889
1691683529000,0.68884412,0.68884412,0.68884412
1691683530000,0.6888929,0.6888929,0.6888929
1691683531000,0.6889,0.6889,0.6889
1691683532000,0.6889,0.6889,0.6889
1691683533000,0.6889,0.6889,0.6889
1691683534000,0.68889985,0.68889985,0.68889985
1691683535000,0.68891481,0.68891481,0.68891481
1691683536000,0.68890746,0.68890746,0.68890746
1691683537000,0.68890758,0.68890758,0.68890758
1691683538000,0.68890758,0.68890758,0.68890758
1691683539000,0.68890758,0.68890758,0.68890758
1691683540000,0.68895883,0.68895883,0.68895883
1691683541000,0.68901119,0.68901119,0.68901119
1691683542000,0.689,0.689,0.689
1691683543000,0.689,0.689,0.689
1691683544000,0.6891,0.6891,0.6891
1691683545000,0.689,0.689,0.689
1691683546000,0.689,0.689,0.689
1691683547000,0.689,0.689,0.689
1691683548000,0.689,0.689,0.689
1691683549000,0.689,0.689,0.689
1691683550000,0.689,0.689,0.689
1691683551000,0.689,0.689,0.689
1691683552000,0.689,0.689,0.689
1691683553000,0.689,0.689,0.689
1691683554000,0.689,0.689,0.689
1691683555000,0.689,0.689,0.689
1691683556000,0.689,0.689,0.689
1691683557000,0.689,0.689,0.689
1691683558000,0.689,0.689,0.689
1691683559000,0.689,0.689,0.689
1691683560000,0.689,0.689,0.689
1691683561000,0.689,0.689,0.689
1691683562000,0.689,0.689,0.689
1691683563000,0.68898111,0.68898111,0.68898111
1691683564000,0.68898694,0.68898694,0.68898694
1691683565000,0.689,0.689,0.689
1691683566000,0.689,0.689,0.689
1691683567000,0.689,0.689,0.689
1691683568000,0.689,0.689,0.689
1691683569000,0.68898862,0.68898862,0.68898862
1691683570000,0.689,0.689,0.689
1691683571000,0.689,0.689,0.689
1691683572000,0.689,0.689,0.689
1691683573000,0.68899379,0.68899379,0.68899379
1691683574000,0.68899465,0.68899465,0.68899465
1691683575000,0.6889968,0.6889968,0.6889968
1691683576000,0.68899766,0.68899766,0.68899766
1691683577000,0.689,0.689,0.689
1691683578000,0.689,0.689,0.689
1691683579000,0.689,0.689,0.689
1691683580000,0.689,0.689,0.689
1691683581000,0.68900398,0.68900398,0.68900398
1691683582000,0.68900259,0.68900259,0.68900259
1691683583000,0.68900345,0.68900345,0.68900345
1691683584000,0.68900349,0.68900349,0.68900349
1691683585000,0.68900224,0.68900224,0.68900224
1691683586000,0.68900592,0.68900592,0.68900592
1691683587000,0.68900592,0.68900592,0.68900592
1691683588000,0.68900746,0.68900746,0.68900746
1691683589000,0.68900746,0.68900746,0.68900746
1691683590000,0.68900746,0.68900746,0.68900746
1691683591000,0.68902246,0.68902246,0.68902246
1691683592000,0.68902684,0.68902684,0.68902684
1691683593000,0.6890277,0.6890277,0.6890277
1691683594000,0.68902767,0.68902767,0.68902767
1691683595000,0.6890202,0.6890202,0.6890202
1691683596000,0.6890202,0.6890202,0.6890202
1691683597000,0.689,0.689,0.689
1691683598000,0.689,0.689,0.689
1691683599000,0.689,0.689,0.689
1691683600000,0.689,0.689,0.689
1691683601000,0.68901808,0.68901808,0.68901808
1691683602000,0.68901722,0.68901722,0.68901722
1691683603000,0.68902162,0.68902162,0.68902162
1691683604000,0.68907334,0.68907334,0.68907334
1691683605000,0.68907338,0.68907338,0.68907338
1691683606000,0.68907338,0.68907338,0.68907338
1691683607000,0.68908752,0.68908752,0.68908752
1691683608000,0.68911763,0.68911763,0.68911763
1691683609000,0.68913492,0.68913492,0.68913492
1691683610000,0.68913492,0.68913492,0.68913492
1691683611000,0.68913359,0.68913359,0.68913359
1691683612000,0.68908362,0.68908362,0.68908362
1691683613000,0.68908295,0.68908295,0.68908295
1691683614000,0.68908304,0.68908304,0.68908304
1691683615000,0.68908304,0.68908304,0.68908304
1691683616000,0.68908304,0.68908304,0.68908304
1691683617000,0.68908304,0.68908304,0.68908304
1691683618000,0.68913214,0.68913214,0.68913214
1691683619000,0.68913289,0.68913289,0.68913289
1691683620000,0.68908358,0.68908358,0.68908358
1691683621000,0.68907198,0.68907198,0.68907198
1691683622000,0.68907198,0.68907198,0.68907198
1691683623000,0.68902277,0.68902277,0.68902277
1691683624000,0.68902168,0.68902168,0.68902168
1691683625000,0.68902149,0.68902149,0.68902149
1691683626000,0.68893993,0.68893993,0.68893993
1691683627000,0.68893993,0.68893993,0.68893993
1691683628000,0.68893907,0.68893907,0.68893907
1691683629000,0.68893354,0.68893354,0.68893354
1691683630000,0.68893354,0.68893354,0.68893354
1691683631000,0.68896146,0.68896146,0.68896146
1691683632000,0.68894521,0.68894521,0.68894521
1691683633000,0.68893009,0.68893009,0.68893009
1691683634000,0.68893006,0.68893006,0.68893006
1691683635000,0.68893006,0.68893006,0.68893006
1691683636000,0.68893024,0.68893024,0.68893024
1691683637000,0.68893107,0.68893107,0.68893107
1691683638000,0.68892717,0.68892717,0.68892717
1691683639000,0.6889272,0.6889272,0.6889272
1691683640000,0.6889272,0.6889272,0.6889272
1691683641000,0.68892634,0.68892634,0.68892634
1691683642000,0.68892713,0.68892713,0.68892713
1691683643000,0.68892713,0.68892713,0.68892713
1691683644000,0.68892743,0.68892743,0.68892743
1691683645000,0.68896736,0.68896736,0.68896736
1691683646000,0.68891819,0.68891819,0.68891819
1691683647000,0.6889158,0.6889158,0.6889158
1691683648000,0.6889158,0.6889158,0.6889158
1691683649000,0.6889139,0.6889139,0.6889139
1691683650000,0.68891198,0.68891198,0.68891198
1691683651000,0.68891198,0.68891198,0.68891198
1691683652000,0.68891198,0.68891198,0.68891198
1691683653000,0.68890945,0.68890945,0.68890945
1691683654000,0.68890934,0.68890934,0.68890934
1691683655000,0.68890934,0.68890934,0.68890934
1691683656000,0.68890938,0.68890938,0.68890938
1691683657000,0.68890934,0.68890934,0.68890934
1691683658000,0.68891105,0.68891105,0.68891105
1691683659000,0.68891105,0.68891105,0.68891105
1691683660000,0.68896191,0.68896191,0.68896191
1691683661000,0.68896191,0.68896191,0.68896191
1691683662000,0.68896191,0.68896191,0.68896191
1691683663000,0.68896105,0.68896105,0.68896105
1691683664000,0.688955,0.688955,0.688955
1691683665000,0.68895118,0.68895118,0.68895118
1691683666000,0.68895204,0.68895204,0.68895204
1691683667000,0.68895204,0.68895204,0.68895204
1691683668000,0.68895204,0.68895204,0.68895204
1691683669000,0.68889624,0.68889624,0.68889624
1691683670000,0.68889624,0.68889624,0.68889624
1691683671000,0.68894624,0.68894624,0.68894624
1691683672000,0.68894624,0.68894624,0.68894624
1691683673000,0.68891542,0.68891542,0.68891542
1691683674000,0.68891542,0.68891542,0.68891542
1691683675000,0.68891107,0.68891107,0.68891107
1691683676000,0.68891107,0.68891107,0.68891107
1691683677000,0.6889119,0.6889119,0.6889119
1691683678000,0.68891107,0.68891107,0.68891107
1691683679000,0.68891107,0.68891107,0.68891107
1691683680000,0.68890746,0.68890746,0.68890746
1691683681000,0.68890658,0.68890658,0.68890658
1691683682000,0.68890662,0.68890662,0.68890662
1691683683000,0.68890618,0.68890618,0.68890618
1691683684000,0.68890618,0.68890618,0.68890618
1691683685000,0.68892118,0.68892118,0.68892118
1691683686000,0.68891454,0.68891454,0.68891454
1691683687000,0.68891454,0.68891454,0.68891454
1691683688000,0.68891454,0.68891454,0.68891454
1691683689000,0.6889133,0.6889133,0.6889133
1691683690000,0.68891416,0.68891416,0.68891416
1691683691000,0.68891326,0.68891326,0.68891326
1691683692000,0.68890936,0.68890936,0.68890936
1691683693000,0.68890936,0.68890936,0.68890936
1691683694000,0.68890525,0.68890525,0.68890525
1691683695000,0.68890525,0.68890525,0.68890525
1691683696000,0.68890611,0.68890611,0.68890611
1691683697000,0.68890407,0.68890407,0.68890407
1691683698000,0.6889032,0.6889032,0.6889032
1691683699000,0.68885324,0.68885324,0.68885324
1691683700000,0.68885047,0.68885047,0.68885047
1691683701000,0.68885047,0.68885047,0.68885047
1691683702000,0.68885049,0.68885049,0.68885049
1691683703000,0.68883135,0.68883135,0.68883135
1691683704000,0.68880026,0.68880026,0.68880026
1691683705000,0.68883026,0.68883026,0.68883026
1691683706000,0.6888294,0.6888294,0.6888294
1691683707000,0.6888294,0.6888294,0.6888294
1691683708000,0.68882739,0.68882739,0.68882739
1691683709000,0.68882345,0.68882345,0.68882345
1691683710000,0.68881811,0.68881811,0.68881811
1691683711000,0.68886811,0.68886811,0.68886811
1691683712000,0.68886815,0.68886815,0.68886815
1691683713000,0.68886811,0.68886811,0.68886811
1691683714000,0.68886627,0.68886627,0.68886627
1691683715000,0.68885238,0.68885238,0.68885238
1691683716000,0.68885238,0.68885238,0.68885238
1691683717000,0.68885324,0.68885324,0.68885324
1691683718000,0.68885203,0.68885203,0.68885203
1691683719000,0.68884973,0.68884973,0.68884973
1691683720000,0.68883476,0.68883476,0.68883476
1691683721000,0.68873678,0.68873678,0.68873678
1691683722000,0.68873654,0.68873654,0.68873654
1691683723000,0.68873654,0.68873654,0.68873654
1691683724000,0.68873654,0.68873654,0.68873654
1691683725000,0.68873128,0.68873128,0.68873128
1691683726000,0.68873203,0.68873203,0.68873203
1691683727000,0.68873203,0.68873203,0.68873203
1691683728000,0.68873206,0.68873206,0.68873206
1691683729000,0.68872558,0.68872558,0.68872558
1691683730000,0.68867671,0.68867671,0.68867671
1691683731000,0.68867671,0.68867671,0.68867671
1691683732000,0.68867671,0.68867671,0.68867671
1691683733000,0.68867671,0.68867671,0.68867671
1691683734000,0.68867671,0.68867671,0.68867671
1691683735000,0.68867599,0.68867599,0.68867599
1691683736000,0.68867024,0.68867024,0.68867024
1691683737000,0.68867021,0.68867021,0.68867021
1691683738000,0.68871369,0.68871369,0.68871369
1691683739000,0.68871369,0.68871369,0.68871369
1691683740000,0.68871369,0.68871369,0.68871369
1691683741000,0.68870923,0.68870923,0.68870923
1691683742000,0.68870923,0.68870923,0.68870923
1691683743000,0.68874836,0.68874836,0.68874836
1691683744000,0.68874764,0.68874764,0.68874764
1691683745000,0.68874836,0.68874836,0.68874836
1691683746000,0.68874836,0.68874836,0.68874836
1691683747000,0.68874362,0.68874362,0.68874362
1691683748000,0.68874362,0.68874362,0.68874362
1691683749000,0.68874362,0.68874362,0.68874362
1691683750000,0.68874362,0.68874362,0.68874362
1691683751000,0.68874287,0.68874287,0.68874287
1691683752000,0.6887381,0.6887381,0.6887381
1691683753000,0.68873158,0.68873158,0.68873158
1691683754000,0.68873158,0.68873158,0.68873158
1691683755000,0.68873158,0.68873158,0.68873158
1691683756000,0.6886881,0.6886881,0.6886881
1691683757000,0.68869462,0.68869462,0.68869462
1691683758000,0.68868993,0.68868993,0.68868993
1691683759000,0.68873266,0.68873266,0.68873266
1691683760000,0.68868704,0.68868704,0.68868704
1691683761000,0.6886059,0.6886059,0.6886059
1691683762000,0.6886059,0.6886059,0.6886059
1691683763000,0.68859688,0.68859688,0.68859688
1691683764000,0.68859613,0.68859613,0.68859613
1691683765000,0.68859613,0.68859613,0.68859613
1691683766000,0.6885961,0.6885961,0.6885961
1691683767000,0.68859613,0.68859613,0.68859613
1691683768000,0.68859613,0.68859613,0.68859613
1691683769000,0.68854408,0.68854408,0.68854408
1691683770000,0.68854408,0.68854408,0.68854408
1691683771000,0.68854408,0.68854408,0.68854408
1691683772000,0.68853104,0.68853104,0.68853104
1691683773000,0.68852886,0.68852886,0.68852886
1691683774000,0.68852886,0.68852886,0.68852886
1691683775000,0.68852115,0.68852115,0.68852115
1691683776000,0.6884777,0.6884777,0.6884777
1691683777000,0.68847658,0.68847658,0.68847658
1691683778000,0.68847658,0.68847658,0.68847658
1691683779000,0.68845124,0.68845124,0.68845124
1691683780000,0.68844377,0.68844377,0.68844377
1691683781000,0.68844377,0.68844377,0.68844377
1691683782000,0.6884003,0.6884003,0.6884003
1691683783000,0.6884003,0.6884003,0.6884003
1691683784000,0.6884003,0.6884003,0.6884003
1691683785000,0.6884003,0.6884003,0.6884003
1691683786000,0.6883867,0.6883867,0.6883867
1691683787000,0.6883866,0.6883866,0.6883866
1691683788000,0.6883866,0.6883866,0.6883866
1691683789000,0.68838735,0.68838735,0.68838735
1691683790000,0.68834387,0.68834387,0.68834387
1691683791000,0.68833186,0.68833186,0.68833186
1691683792000,0.68832345,0.68832345,0.68832345
1691683793000,0.6883227,0.6883227,0.6883227
1691683794000,0.6883227,0.6883227,0.6883227
1691683795000,0.68827922,0.68827922,0.68827922
1691683796000,0.68827922,0.68827922,0.68827922
1691683797000,0.68827037,0.68827037,0.68827037
1691683798000,0.68826191,0.68826191,0.68826191
1691683799000,0.68830614,0.68830614,0.68830614
1691683800000,0.68830614,0.68830614,0.68830614
1691683801000,0.68828005,0.68828005,0.68828005
1691683802000,0.68826499,0.68826499,0.68826499
1691683803000,0.68826499,0.68826499,0.68826499
1691683804000,0.6882592,0.6882592,0.6882592
1691683805000,0.68825848,0.68825848,0.68825848
1691683806000,0.6882592,0.6882592,0.6882592
1691683807000,0.6882592,0.6882592,0.6882592
1691683808000,0.68821026,0.68821026,0.68821026
1691683809000,0.68821026,0.68821026,0.68821026
1691683810000,0.68821023,0.68821023,0.68821023
1691683811000,0.68821023,0.68821023,0.68821023
1691683812000,0.68821023,0.68821023,0.68821023
1691683813000,0.68820302,0.68820302,0.68820302
1691683814000,0.68820302,0.68820302,0.68820302
1691683815000,0.68820302,0.68820302,0.68820302
1691683816000,0.6882465,0.6882465,0.6882465
1691683817000,0.6882465,0.6882465,0.6882465
1691683818000,0.6882465,0.6882465,0.6882465
1691683819000,0.68824027,0.68824027,0.68824027
1691683820000,0.68824027,0.68824027,0.68824027
1691683821000,0.6882351,0.6882351,0.6882351
1691683822000,0.68823622,0.68823622,0.68823622
1691683823000,0.68823519,0.68823519,0.68823519
1691683824000,0.68822941,0.68822941,0.68822941
1691683825000,0.68822941,0.68822941,0.68822941
1691683826000,0.68817458,0.68817458,0.68817458
1691683827000,0.68817458,0.68817458,0.68817458
1691683828000,0.68817393,0.68817393,0.68817393
1691683829000,0.68818698,0.68818698,0.68818698
1691683830000,0.68818107,0.68818107,0.68818107
1691683831000,0.68818107,0.68818107,0.68818107
1691683832000,0.6881811,0.6881811,0.6881811
1691683833000,0.68817093,0.68817093,0.68817093
1691683834000,0.68817093,0.68817093,0.68817093
1691683835000,0.68816724,0.68816724,0.68816724
1691683836000,0.68816646,0.68816646,0.68816646
1691683837000,0.68816721,0.68816721,0.68816721
1691683838000,0.68816371,0.68816371,0.68816371
1691683839000,0.68816371,0.68816371,0.68816371
1691683840000,0.6881,0.6881,0.6881
1691683841000,0.6881,0.6881,0.6881
1691683842000,0.6881,0.6881,0.6881
1691683843000,0.6881,0.6881,0.6881
1691683844000,0.68811034,0.68811034,0.68811034
1691683845000,0.68820215,0.68820215,0.68820215
1691683846000,0.6882,0.6882,0.6882
1691683847000,0.6882,0.6882,0.6882
1691683848000,0.6882,0.6882,0.6882
1691683849000,0.6882,0.6882,0.6882
1691683850000,0.6882,0.6882,0.6882
1691683851000,0.6882,0.6882,0.6882
1691683852000,0.6883,0.6883,0.6883
1691683853000,0.6883,0.6883,0.6883
1691683854000,0.6883,0.6883,0.6883
1691683855000,0.6883,0.6883,0.6883
1691683856000,0.6883,0.6883,0.6883
1691683857000,0.6883,0.6883,0.6883
1691683858000,0.6883,0.6883,0.6883
1691683859000,0.6883,0.6883,0.6883
1691683860000,0.6883,0.6883,0.6883
1691683861000,0.6883,0.6883,0.6883
1691683862000,0.6883,0.6883,0.6883
1691683863000,0.6883,0.6883,0.6883
1691683864000,0.6883,0.6883,0.6883
1691683865000,0.6883,0.6883,0.6883
1691683866000,0.6883,0.6883,0.6883
1691683867000,0.6883,0.6883,0.6883
1691683868000,0.6883,0.6883,0.6883
1691683869000,0.6883,0.6883,0.6883
1691683870000,0.6883,0.6883,0.6883
1691683871000,0.6883,0.6883,0.6883
1691683872000,0.6883,0.6883,0.6883
1691683873000,0.6883,0.6883,0.6883
1691683874000,0.6883,0.6883,0.6883
1691683875000,0.68831828,0.68831828,0.68831828
1691683876000,0.6883,0.6883,0.6883
1691683877000,0.68826825,0.68826825,0.68826825
1691683878000,0.68826173,0.68826173,0.68826173
1691683879000,0.68821802,0.68821802,0.68821802
1691683880000,0.68821447,0.68821447,0.68821447
1691683881000,0.68821447,0.68821447,0.68821447
1691683882000,0.68821447,0.68821447,0.68821447
1691683883000,0.6882145,0.6882145,0.6882145
1691683884000,0.6882145,0.6882145,0.6882145
1691683885000,0.68816644,0.68816644,0.68816644
1691683886000,0.68816644,0.68816644,0.68816644
1691683887000,0.6882092,0.6882092,0.6882092
1691683888000,0.6882092,0.6882092,0.6882092
1691683889000,0.68820992,0.68820992,0.68820992
1691683890000,0.68820914,0.68820914,0.68820914
1691683891000,0.68820365,0.68820365,0.68820365
1691683892000,0.68820365,0.68820365,0.68820365
1691683893000,0.68820368,0.68820368,0.68820368
1691683894000,0.68820368,0.68820368,0.68820368
1691683895000,0.68820368,0.68820368,0.68820368
1691683896000,0.68819945,0.68819945,0.68819945
1691683897000,0.6882002,0.6882002,0.6882002
1691683898000,0.6882002,0.6882002,0.6882002
1691683899000,0.68820023,0.68820023,0.68820023
1691683900000,0.68819916,0.68819916,0.68819916
1691683901000,0.68819511,0.68819511,0.68819511
1691683902000,0.68814329,0.68814329,0.68814329
1691683903000,0.6881,0.6881,0.6881
1691683904000,0.6881,0.6881,0.6881
1691683905000,0.68808527,0.68808527,0.68808527
1691683906000,0.688,0.688,0.688
1691683907000,0.68785698,0.68785698,0.68785698
1691683908000,0.68780825,0.68780825,0.68780825
1691683909000,0.68780894,0.68780894,0.68780894
1691683910000,0.68780894,0.68780894,0.68780894
1691683911000,0.68784681,0.68784681,0.68784681
1691683912000,0.68784681,0.68784681,0.68784681
1691683913000,0.68779897,0.68779897,0.68779897
1691683914000,0.68784248,0.68784248,0.68784248
1691683915000,0.68779888,0.68779888,0.68779888
1691683916000,0.68784313,0.68784313,0.68784313
1691683917000,0.68784238,0.68784238,0.68784238
1691683918000,0.68783799,0.68783799,0.68783799
1691683919000,0.68779448,0.68779448,0.68779448
1691683920000,0.68779068,0.68779068,0.68779068
1691683921000,0.68779068,0.68779068,0.68779068
1691683922000,0.6877472,0.6877472,0.6877472
1691683923000,0.68774723,0.68774723,0.68774723
1691683924000,0.68774291,0.68774291,0.68774291
1691683925000,0.68774291,0.68774291,0.68774291
1691683926000,0.68777892,0.68777892,0.68777892
1691683927000,0.68777895,0.68777895,0.68777895
1691683928000,0.68777895,0.68777895,0.68777895
1691683929000,0.68782243,0.68782243,0.68782243
1691683930000,0.68782214,0.68782214,0.68782214
1691683931000,0.687827,0.687827,0.687827
1691683932000,0.687827,0.687827,0.687827
1691683933000,0.687827,0.687827,0.687827
1691683934000,0.687827,0.687827,0.687827
1691683935000,0.68773297,0.68773297,0.68773297
1691683936000,0.68772949,0.68772949,0.68772949
1691683937000,0.68777372,0.68777372,0.68777372
1691683938000,0.687773,0.687773,0.687773
1691683939000,0.68772949,0.68772949,0.68772949
1691683940000,0.68772949,0.68772949,0.68772949
1691683941000,0.68772182,0.68772182,0.68772182
1691683942000,0.68772182,0.68772182,0.68772182
1691683943000,0.68772185,0.68772185,0.68772185
1691683944000,0.68770953,0.68770953,0.68770953
1691683945000,0.68770953,0.68770953,0.68770953
1691683946000,0.68766466,0.68766466,0.68766466
1691683947000,0.68766368,0.68766368,0.68766368
1691683948000,0.68766443,0.68766443,0.68766443
1691683949000,0.68765537,0.68765537,0.68765537
1691683950000,0.68765534,0.68765534,0.68765534
1691683951000,0.68765475,0.68765475,0.68765475
1691683952000,0.68764847,0.68764847,0.68764847
1691683953000,0.68764716,0.68764716,0.68764716
1691683954000,0.68764716,0.68764716,0.68764716
1691683955000,0.68764716,0.68764716,0.68764716
1691683956000,0.68760228,0.68760228,0.68760228
1691683957000,0.68759879,0.68759879,0.68759879
1691683958000,0.68764227,0.68764227,0.68764227
1691683959000,0.68764227,0.68764227,0.68764227
1691683960000,0.68764227,0.68764227,0.68764227
1691683961000,0.68759882,0.68759882,0.68759882
1691683962000,0.68759821,0.68759821,0.68759821
1691683963000,0.68759869,0.68759869,0.68759869
1691683964000,0.68759869,0.68759869,0.68759869
1691683965000,0.6875849,0.6875849,0.6875849
1691683966000,0.6875849,0.6875849,0.6875849
1691683967000,0.687582,0.687582,0.687582
1691683968000,0.68757362,0.68757362,0.68757362
1691683969000,0.68757362,0.68757362,0.68757362
1691683970000,0.68757362,0.68757362,0.68757362
1691683971000,0.68757362,0.68757362,0.68757362
1691683972000,0.68753557,0.68753557,0.68753557
1691683973000,0.68753557,0.68753557,0.68753557
1691683974000,0.6876,0.6876,0.6876
1691683975000,0.6876,0.6876,0.6876
1691683976000,0.6876,0.6876,0.6876
1691683977000,0.6876,0.6876,0.6876
1691683978000,0.6876,0.6876,0.6876
1691683979000,0.6877,0.6877,0.6877
1691683980000,0.6876,0.6876,0.6876
1691683981000,0.6879,0.6879,0.6879
1691683982000,0.6879,0.6879,0.6879
1691683983000,0.6879,0.6879,0.6879
1691683984000,0.6879,0.6879,0.6879
1691683985000,0.688,0.688,0.688
1691683986000,0.688,0.688,0.688
1691683987000,0.688,0.688,0.688
1691683988000,0.688,0.688,0.688
1691683989000,0.688,0.688,0.688
1691683990000,0.688,0.688,0.688
1691683991000,0.688,0.688,0.688
1691683992000,0.6881,0.6881,0.6881
1691683993000,0.6881,0.6881,0.6881
1691683994000,0.6881,0.6881,0.6881
1691683995000,0.6881,0.6881,0.6881
1691683996000,0.6881,0.6881,0.6881
1691683997000,0.6881,0.6881,0.6881
1691683998000,0.6881,0.6881,0.6881
1691683999000,0.6881,0.6881,0.6881
1691684000000,0.6882,0.6882,0.6882
1691684001000,0.6882,0.6882,0.6882
1691684002000,0.6882,0.6882,0.6882
1691684003000,0.6882,0.6882,0.6882
1691684004000,0.6881,0.6881,0.6881
1691684005000,0.6881,0.6881,0.6881
1691684006000,0.6881,0.6881,0.6881
1691684007000,0.6881,0.6881,0.6881
1691684008000,0.6881,0.6881,0.6881
1691684009000,0.6881,0.6881,0.6881
1691684010000,0.688,0.688,0.688
1691684011000,0.688,0.688,0.688
1691684012000,0.688,0.688,0.688
1691684013000,0.6881,0.6881,0.6881
1691684014000,0.688,0.688,0.688
1691684015000,0.688,0.688,0.688
1691684016000,0.688,0.688,0.688
1691684017000,0.688,0.688,0.688
1691684018000,0.688,0.688,0.688
1691684019000,0.688,0.688,0.688
1691684020000,0.688,0.688,0.688
1691684021000,0.688,0.688,0.688
1691684022000,0.688,0.688,0.688
1691684023000,0.688,0.688,0.688
1691684024000,0.688,0.688,0.688
1691684025000,0.688,0.688,0.688
1691684026000,0.688,0.688,0.688
1691684027000,0.688,0.688,0.688
1691684028000,0.688,0.688,0.688
1691684029000,0.688,0.688,0.688
1691684030000,0.6881,0.6881,0.6881
1691684031000,0.6881,0.6881,0.6881
1691684032000,0.688,0.688,0.688
1691684033000,0.688,0.688,0.688
1691684034000,0.688,0.688,0.688
1691684035000,0.688,0.688,0.688
1691684036000,0.688,0.688,0.688
1691684037000,0.688,0.688,0.688
1691684038000,0.688,0.688,0.688
1691684039000,0.688,0.688,0.688
1691684040000,0.6881,0.6881,0.6881
1691684041000,0.6882,0.6882,0.6882
1691684042000,0.6882,0.6882,0.6882
1691684043000,0.6882,0.6882,0.6882
1691684044000,0.6882,0.6882,0.6882
1691684045000,0.6881,0.6881,0.6881
1691684046000,0.6879,0.6879,0.6879
1691684047000,0.6879,0.6879,0.6879
1691684048000,0.6881,0.6881,0.6881
1691684049000,0.688,0.688,0.688
1691684050000,0.6879,0.6879,0.6879
1691684051000,0.6879,0.6879,0.6879
1691684052000,0.6879,0.6879,0.6879
1691684053000,0.688,0.688,0.688
1691684054000,0.688,0.688,0.688
1691684055000,0.6879,0.6879,0.6879
1691684056000,0.6879,0.6879,0.6879
1691684057000,0.688,0.688,0.688
1691684058000,0.6879,0.6879,0.6879
1691684059000,0.6879,0.6879,0.6879
1691684060000,0.6878125,0.6878125,0.6878125
1691684061000,0.6878125,0.6878125,0.6878125
1691684062000,0.68781606,0.68781606,0.68781606
1691684063000,0.68781678,0.68781678,0.68781678
1691684064000,0.6878,0.6878,0.6878
1691684065000,0.6878,0.6878,0.6878
1691684066000,0.6878,0.6878,0.6878
1691684067000,0.6878,0.6878,0.6878
1691684068000,0.6878,0.6878,0.6878
1691684069000,0.6878,0.6878,0.6878
1691684070000,0.68773059,0.68773059,0.68773059
1691684071000,0.68773056,0.68773056,0.68773056
1691684072000,0.68773056,0.68773056,0.68773056
1691684073000,0.68773164,0.68773164,0.68773164
1691684074000,0.68773164,0.68773164,0.68773164
1691684075000,0.68768792,0.68768792,0.68768792
1691684076000,0.6877,0.6877,0.6877
1691684077000,0.68773139,0.68773139,0.68773139
1691684078000,0.68773139,0.68773139,0.68773139
1691684079000,0.6877315,0.6877315,0.6877315
1691684080000,0.68773007,0.68773007,0.68773007
1691684081000,0.68773007,0.68773007,0.68773007
1691684082000,0.68773007,0.68773007,0.68773007
1691684083000,0.68773007,0.68773007,0.68773007
1691684084000,0.68772998,0.68772998,0.68772998
1691684085000,0.68770467,0.68770467,0.68770467
1691684086000,0.68770464,0.68770464,0.68770464
1691684087000,0.68770464,0.68770464,0.68770464
1691684088000,0.68770141,0.68770141,0.68770141
1691684089000,0.68770138,0.68770138,0.68770138
1691684090000,0.68770098,0.68770098,0.68770098
1691684091000,0.68770098,0.68770098,0.68770098
1691684092000,0.68770026,0.68770026,0.68770026
1691684093000,0.68770026,0.68770026,0.68770026
1691684094000,0.68772526,0.68772526,0.68772526
1691684095000,0.68772753,0.68772753,0.68772753
1691684096000,0.68772825,0.68772825,0.68772825
1691684097000,0.68772825,0.68772825,0.68772825
1691684098000,0.6877,0.6877,0.6877
1691684099000,0.68768294,0.68768294,0.68768294
1691684100000,0.68767522,0.68767522,0.68767522
1691684101000,0.6877,0.6877,0.6877
1691684102000,0.6877,0.6877,0.6877
1691684103000,0.6877,0.6877,0.6877
1691684104000,0.6877,0.6877,0.6877
1691684105000,0.6877,0.6877,0.6877
1691684106000,0.6877,0.6877,0.6877
1691684107000,0.6877,0.6877,0.6877
1691684108000,0.6877,0.6877,0.6877
1691684109000,0.68773007,0.68773007,0.68773007
1691684110000,0.68773007,0.68773007,0.68773007
1691684111000,0.68773007,0.68773007,0.68773007
1691684112000,0.68772232,0.68772232,0.68772232
1691684113000,0.68763608,0.68763608,0.68763608
1691684114000,0.68763536,0.68763536,0.68763536
1691684115000,0.68763207,0.68763207,0.68763207
1691684116000,0.68763207,0.68763207,0.68763207
1691684117000,0.68763207,0.68763207,0.68763207
1691684118000,0.68756551,0.68756551,0.68756551
1691684119000,0.68756551,0.68756551,0.68756551
1691684120000,0.68756016,0.68756016,0.68756016
1691684121000,0.68751463,0.68751463,0.68751463
1691684122000,0.68751463,0.68751463,0.68751463
1691684123000,0.68754941,0.68754941,0.68754941
1691684124000,0.68759289,0.68759289,0.68759289
1691684125000,0.68759289,0.68759289,0.68759289
1691684126000,0.68759292,0.68759292,0.68759292
1691684127000,0.68759292,0.68759292,0.68759292
1691684128000,0.68759289,0.68759289,0.68759289
1691684129000,0.68759027,0.68759027,0.68759027
1691684130000,0.68759105,0.68759105,0.68759105
1691684131000,0.68759102,0.68759102,0.68759102
1691684132000,0.68759102,0.68759102,0.68759102
1691684133000,0.68759102,0.68759102,0.68759102
1691684134000,0.68758809,0.68758809,0.68758809
1691684135000,0.68747701,0.68747701,0.68747701
1691684136000,0.68747701,0.68747701,0.68747701
1691684137000,0.68747629,0.68747629,0.68747629
1691684138000,0.68747701,0.68747701,0.68747701
1691684139000,0.68747701,0.68747701,0.68747701
1691684140000,0.6874763,0.6874763,0.6874763
1691684141000,0.68747052,0.68747052,0.68747052
1691684142000,0.68746651,0.68746651,0.68746651
1691684143000,0.68746651,0.68746651,0.68746651
1691684144000,0.68746648,0.68746648,0.68746648
1691684145000,0.6874646,0.6874646,0.6874646
1691684146000,0.68742112,0.68742112,0.68742112
1691684147000,0.68741815,0.68741815,0.68741815
1691684148000,0.68737253,0.68737253,0.68737253
1691684149000,0.68737253,0.68737253,0.68737253
1691684150000,0.68737132,0.68737132,0.68737132
1691684151000,0.68736742,0.68736742,0.68736742
1691684152000,0.68736359,0.68736359,0.68736359
1691684153000,0.68736356,0.68736356,0.68736356
1691684154000,0.68735946,0.68735946,0.68735946
1691684155000,0.68735156,0.68735156,0.68735156
1691684156000,0.68726191,0.68726191,0.68726191
1691684157000,0.68726191,0.68726191,0.68726191
1691684158000,0.68726188,0.68726188,0.68726188
1691684159000,0.68726188,0.68726188,0.68726188
1691684160000,0.68709822,0.68709822,0.68709822
1691684161000,0.68714172,0.68714172,0.68714172
1691684162000,0.68713486,0.68713486,0.68713486
1691684163000,0.68703918,0.68703918,0.68703918
1691684164000,0.68701962,0.68701962,0.68701962
1691684165000,0.6873,0.6873,0.6873
1691684166000,0.6872,0.6872,0.6872
1691684167000,0.68713292,0.68713292,0.68713292
1691684168000,0.68713367,0.68713367,0.68713367
1691684169000,0.68713289,0.68713289,0.68713289
1691684170000,0.68762362,0.68762362,0.68762362
1691684171000,0.68803594,0.68803594,0.68803594
1691684172000,0.6878,0.6878,0.6878
1691684173000,0.6881,0.6881,0.6881
1691684174000,0.6881,0.6881,0.6881
1691684175000,0.688,0.688,0.688
1691684176000,0.6879,0.6879,0.6879
1691684177000,0.68775001,0.68775001,0.68775001
1691684178000,0.6878,0.6878,0.6878
1691684179000,0.6878,0.6878,0.6878
1691684180000,0.6878,0.6878,0.6878
1691684181000,0.6878,0.6878,0.6878
1691684182000,0.6876,0.6876,0.6876
1691684183000,0.68751984,0.68751984,0.68751984
1691684184000,0.6876,0.6876,0.6876
1691684185000,0.6876,0.6876,0.6876
1691684186000,0.6878,0.6878,0.6878
1691684187000,0.6878,0.6878,0.6878
1691684188000,0.6877,0.6877,0.6877
1691684189000,0.6876,0.6876,0.6876
1691684190000,0.6876,0.6876,0.6876
1691684191000,0.68756831,0.68756831,0.68756831
1691684192000,0.6876,0.6876,0.6876
1691684193000,0.68756284,0.68756284,0.68756284
1691684194000,0.68760411,0.68760411,0.68760411
1691684195000,0.6877,0.6877,0.6877
1691684196000,0.6877,0.6877,0.6877
1691684197000,0.6878,0.6878,0.6878
1691684198000,0.6877,0.6877,0.6877
1691684199000,0.6877,0.6877,0.6877
1691684200000,0.6877,0.6877,0.6877
1691684201000,0.6877,0.6877,0.6877
1691684202000,0.6877,0.6877,0.6877
1691684203000,0.6877,0.6877,0.6877
1691684204000,0.6878,0.6878,0.6878
1691684205000,0.688,0.688,0.688
1691684206000,0.6879,0.6879,0.6879
1691684207000,0.6879,0.6879,0.6879
1691684208000,0.6879,0.6879,0.6879
1691684209000,0.6879,0.6879,0.6879
1691684210000,0.6879,0.6879,0.6879
1691684211000,0.6879,0.6879,0.6879
1691684212000,0.6879,0.6879,0.6879
1691684213000,0.68781401,0.68781401,0.68781401
1691684214000,0.68781401,0.68781401,0.68781401
1691684215000,0.688,0.688,0.688
1691684216000,0.688,0.688,0.688
1691684217000,0.688,0.688,0.688
1691684218000,0.6879,0.6879,0.6879
1691684219000,0.6881,0.6881,0.6881
1691684220000,0.688,0.688,0.688
1691684221000,0.6881,0.6881,0.6881
1691684222000,0.6881,0.6881,0.6881
1691684223000,0.6881,0.6881,0.6881
1691684224000,0.6881,0.6881,0.6881
1691684225000,0.6881,0.6881,0.6881
1691684226000,0.6881,0.6881,0.6881
1691684227000,0.6883,0.6883,0.6883
1691684228000,0.6883,0.6883,0.6883
1691684229000,0.6883,0.6883,0.6883
1691684230000,0.6885,0.6885,0.6885
1691684231000,0.6885,0.6885,0.6885
1691684232000,0.6884,0.6884,0.6884
1691684233000,0.6884,0.6884,0.6884
1691684234000,0.6884,0.6884,0.6884
1691684235000,0.6885,0.6885,0.6885
1691684236000,0.6885,0.6885,0.6885
1691684237000,0.6885,0.6885,0.6885
1691684238000,0.6885,0.6885,0.6885
1691684239000,0.6884,0.6884,0.6884
1691684240000,0.6884,0.6884,0.6884
1691684241000,0.6884,0.6884,0.6884
1691684242000,0.6885,0.6885,0.6885
1691684243000,0.6885,0.6885,0.6885
1691684244000,0.6885,0.6885,0.6885
1691684245000,0.6885,0.6885,0.6885
1691684246000,0.6886,0.6886,0.6886
1691684247000,0.6885,0.6885,0.6885
1691684248000,0.6885,0.6885,0.6885
1691684249000,0.68830158,0.68830158,0.68830158
1691684250000,0.68830153,0.68830153,0.68830153
1691684251000,0.68829411,0.68829411,0.68829411
1691684252000,0.68829411,0.68829411,0.68829411
1691684253000,0.68825607,0.68825607,0.68825607
1691684254000,0.68825607,0.68825607,0.68825607
1691684255000,0.68825604,0.68825604,0.68825604
1691684256000,0.68826071,0.68826071,0.68826071
1691684257000,0.6883,0.6883,0.6883
1691684258000,0.68826074,0.68826074,0.68826074
1691684259000,0.6882543,0.6882543,0.6882543
1691684260000,0.6882543,0.6882543,0.6882543
1691684261000,0.6882569,0.6882569,0.6882569
1691684262000,0.6883,0.6883,0.6883
1691684263000,0.6883,0.6883,0.6883
1691684264000,0.68825546,0.68825546,0.68825546
1691684265000,0.68825546,0.68825546,0.68825546
1691684266000,0.6883,0.6883,0.6883
1691684267000,0.6882566,0.6882566,0.6882566
1691684268000,0.6882566,0.6882566,0.6882566
1691684269000,0.6882536,0.6882536,0.6882536
1691684270000,0.68825363,0.68825363,0.68825363
1691684271000,0.68821087,0.68821087,0.68821087
1691684272000,0.68821097,0.68821097,0.68821097
1691684273000,0.68821097,0.68821097,0.68821097
1691684274000,0.68825519,0.68825519,0.68825519
1691684275000,0.68825519,0.68825519,0.68825519
1691684276000,0.68825519,0.68825519,0.68825519
1691684277000,0.68825523,0.68825523,0.68825523
1691684278000,0.68821101,0.68821101,0.68821101
1691684279000,0.6882,0.6882,0.6882
1691684280000,0.68818882,0.68818882,0.68818882
1691684281000,0.68818882,0.68818882,0.68818882
1691684282000,0.68818046,0.68818046,0.68818046
1691684283000,0.68817379,0.68817379,0.68817379
1691684284000,0.68816723,0.68816723,0.68816723
1691684285000,0.68816723,0.68816723,0.68816723
1691684286000,0.68812378,0.68812378,0.68812378
1691684287000,0.68812375,0.68812375,0.68812375
1691684288000,0.68812375,0.68812375,0.68812375
1691684289000,0.68811492,0.68811492,0.68811492
1691684290000,0.68811492,0.68811492,0.68811492
1691684291000,0.68811492,0.68811492,0.68811492
1691684292000,0.68811496,0.68811496,0.68811496
1691684293000,0.68811496,0.68811496,0.68811496
1691684294000,0.68807118,0.68807118,0.68807118
1691684295000,0.68806603,0.68806603,0.68806603
1691684296000,0.68805951,0.68805951,0.68805951
1691684297000,0.6882,0.6882,0.6882
1691684298000,0.6881,0.6881,0.6881
1691684299000,0.6881,0.6881,0.6881
1691684300000,0.68815414,0.68815414,0.68815414
1691684301000,0.68815489,0.68815489,0.68815489
1691684302000,0.6882,0.6882,0.6882
1691684303000,0.6882,0.6882,0.6882
1691684304000,0.6882,0.6882,0.6882
1691684305000,0.6882,0.6882,0.6882
1691684306000,0.6883,0.6883,0.6883
1691684307000,0.6883,0.6883,0.6883
1691684308000,0.6883,0.6883,0.6883
1691684309000,0.6883,0.6883,0.6883
1691684310000,0.6883,0.6883,0.6883
1691684311000,0.6883,0.6883,0.6883
1691684312000,0.6883,0.6883,0.6883
1691684313000,0.6883,0.6883,0.6883
1691684314000,0.68834089,0.68834089,0.68834089
1691684315000,0.6884,0.6884,0.6884
1691684316000,0.6884,0.6884,0.6884
1691684317000,0.6885,0.6885,0.6885
1691684318000,0.68844498,0.68844498,0.68844498
1691684319000,0.6884,0.6884,0.6884
1691684320000,0.6885,0.6885,0.6885
1691684321000,0.6885,0.6885,0.6885
1691684322000,0.6885,0.6885,0.6885
1691684323000,0.6885,0.6885,0.6885
1691684324000,0.6886,0.6886,0.6886
1691684325000,0.6885,0.6885,0.6885
1691684326000,0.68845393,0.68845393,0.68845393
1691684327000,0.68845393,0.68845393,0.68845393
1691684328000,0.68844977,0.68844977,0.68844977
1691684329000,0.68844977,0.68844977,0.68844977
1691684330000,0.68844977,0.68844977,0.68844977
1691684331000,0.68844516,0.68844516,0.68844516
1691684332000,0.6884,0.6884,0.6884
1691684333000,0.6884,0.6884,0.6884
1691684334000,0.68830538,0.68830538,0.68830538
1691684335000,0.68830415,0.68830415,0.68830415
1691684336000,0.68830415,0.68830415,0.68830415
1691684337000,0.6883,0.6883,0.6883
1691684338000,0.6883,0.6883,0.6883
1691684339000,0.6883,0.6883,0.6883
1691684340000,0.68834461,0.68834461,0.68834461
1691684341000,0.6886,0.6886,0.6886
1691684342000,0.6885,0.6885,0.6885
1691684343000,0.6885,0.6885,0.6885
1691684344000,0.6885,0.6885,0.6885
1691684345000,0.6885,0.6885,0.6885
1691684346000,0.6884,0.6884,0.6884
1691684347000,0.6884,0.6884,0.6884
1691684348000,0.6884,0.6884,0.6884
1691684349000,0.6885,0.6885,0.6885
1691684350000,0.6885,0.6885,0.6885
1691684351000,0.6884,0.6884,0.6884
1691684352000,0.6884,0.6884,0.6884
1691684353000,0.6884,0.6884,0.6884
1691684354000,0.6884,0.6884,0.6884
1691684355000,0.6884,0.6884,0.6884
1691684356000,0.6885,0.6885,0.6885
1691684357000,0.6884,0.6884,0.6884
1691684358000,0.6884,0.6884,0.6884
1691684359000,0.6885,0.6885,0.6885
1691684360000,0.6885,0.6885,0.6885
1691684361000,0.68840395,0.68840395,0.68840395
1691684362000,0.68840395,0.68840395,0.68840395
1691684363000,0.6885,0.6885,0.6885
1691684364000,0.68840398,0.68840398,0.68840398
1691684365000,0.68840395,0.68840395,0.68840395
1691684366000,0.68840343,0.68840343,0.68840343
1691684367000,0.68840343,0.68840343,0.68840343
1691684368000,0.68840418,0.68840418,0.68840418
1691684369000,0.6885,0.6885,0.6885
1691684370000,0.6885,0.6885,0.6885
1691684371000,0.6885,0.6885,0.6885
1691684372000,0.6885,0.6885,0.6885
1691684373000,0.6885,0.6885,0.6885
1691684374000,0.6886,0.6886,0.6886
1691684375000,0.6886,0.6886,0.6886
1691684376000,0.6886,0.6886,0.6886
1691684377000,0.6885,0.6885,0.6885
1691684378000,0.6885,0.6885,0.6885
1691684379000,0.6885,0.6885,0.6885
1691684380000,0.68847191,0.68847191,0.68847191
1691684381000,0.68847188,0.68847188,0.68847188
1691684382000,0.6885,0.6885,0.6885
1691684383000,0.68847435,0.68847435,0.68847435
1691684384000,0.6885,0.6885,0.6885
1691684385000,0.6885,0.6885,0.6885
1691684386000,0.6885,0.6885,0.6885
1691684387000,0.6884,0.6884,0.6884
1691684388000,0.6884,0.6884,0.6884
1691684389000,0.6885,0.6885,0.6885
1691684390000,0.68832978,0.68832978,0.68832978
1691684391000,0.68832978,0.68832978,0.68832978
1691684392000,0.6885,0.6885,0.6885
1691684393000,0.6885,0.6885,0.6885
1691684394000,0.68840997,0.68840997,0.68840997
1691684395000,0.68840997,0.68840997,0.68840997
1691684396000,0.68840997,0.68840997,0.68840997
1691684397000,0.68836337,0.68836337,0.68836337
1691684398000,0.68836231,0.68836231,0.68836231
1691684399000,0.68836228,0.68836228,0.68836228
1691684400000,0.68836168,0.68836168,0.68836168
1691684401000,0.68836168,0.68836168,0.68836168
1691684402000,0.68834864,0.68834864,0.68834864
1691684403000,0.68834864,0.68834864,0.68834864
1691684404000,0.68834375,0.68834375,0.68834375
1691684405000,0.6883391,0.6883391,0.6883391
1691684406000,0.68833186,0.68833186,0.68833186
1691684407000,0.68833104,0.68833104,0.68833104
1691684408000,0.68833104,0.68833104,0.68833104
1691684409000,0.688243,0.688243,0.688243
1691684410000,0.68819054,0.68819054,0.68819054
1691684411000,0.68819382,0.68819382,0.68819382
1691684412000,0.68802767,0.68802767,0.68802767
1691684413000,0.68796939,0.68796939,0.68796939
1691684414000,0.68796939,0.68796939,0.68796939
1691684415000,0.6879471,0.6879471,0.6879471
1691684416000,0.68794675,0.68794675,0.68794675
1691684417000,0.68801027,0.68801027,0.68801027
1691684418000,0.68800949,0.68800949,0.68800949
1691684419000,0.68801027,0.68801027,0.68801027
1691684420000,0.68801027,0.68801027,0.68801027
1691684421000,0.68800952,0.68800952,0.68800952
1691684422000,0.68799988,0.68799988,0.68799988
1691684423000,0.68799988,0.68799988,0.68799988
1691684424000,0.68799991,0.68799991,0.68799991
1691684425000,0.68795643,0.68795643,0.68795643
1691684426000,0.68795643,0.68795643,0.68795643
1691684427000,0.68795692,0.68795692,0.68795692
1691684428000,0.6879533,0.6879533,0.6879533
1691684429000,0.68797361,0.68797361,0.68797361
1691684430000,0.68803414,0.68803414,0.68803414
1691684431000,0.68803414,0.68803414,0.68803414
1691684432000,0.68803489,0.68803489,0.68803489
1691684433000,0.68804625,0.68804625,0.68804625
1691684434000,0.68804625,0.68804625,0.68804625
1691684435000,0.68808976,0.68808976,0.68808976
1691684436000,0.68817669,0.68817669,0.68817669
1691684437000,0.6882,0.6882,0.6882
1691684438000,0.6883,0.6883,0.6883
1691684439000,0.6884,0.6884,0.6884
1691684440000,0.6885,0.6885,0.6885
1691684441000,0.6885,0.6885,0.6885
1691684442000,0.6885,0.6885,0.6885
1691684443000,0.6885,0.6885,0.6885
1691684444000,0.6885,0.6885,0.6885
1691684445000,0.68835529,0.68835529,0.68835529
1691684446000,0.68835108,0.68835108,0.68835108
1691684447000,0.68835108,0.68835108,0.68835108
1691684448000,0.68835334,0.68835334,0.68835334
1691684449000,0.68835531,0.68835531,0.68835531
1691684450000,0.68835531,0.68835531,0.68835531
1691684451000,0.6884,0.6884,0.6884
1691684452000,0.6884,0.6884,0.6884
1691684453000,0.68835567,0.68835567,0.68835567
1691684454000,0.6884,0.6884,0.6884
1691684455000,0.6885,0.6885,0.6885
1691684456000,0.6884,0.6884,0.6884
1691684457000,0.6885,0.6885,0.6885
1691684458000,0.6885,0.6885,0.6885
1691684459000,0.6884,0.6884,0.6884
1691684460000,0.6884,0.6884,0.6884
1691684461000,0.6884,0.6884,0.6884
1691684462000,0.6884,0.6884,0.6884
1691684463000,0.6884,0.6884,0.6884
1691684464000,0.6884,0.6884,0.6884
1691684465000,0.6884,0.6884,0.6884
1691684466000,0.6884,0.6884,0.6884
1691684467000,0.6885,0.6885,0.6885
1691684468000,0.6884,0.6884,0.6884
1691684469000,0.6885,0.6885,0.6885
1691684470000,0.6884,0.6884,0.6884
1691684471000,0.6884,0.6884,0.6884
1691684472000,0.6884,0.6884,0.6884
1691684473000,0.6884,0.6884,0.6884
1691684474000,0.6884,0.6884,0.6884
1691684475000,0.6884,0.6884,0.6884
1691684476000,0.6884,0.6884,0.6884
1691684477000,0.6885,0.6885,0.6885
1691684478000,0.6885,0.6885,0.6885
1691684479000,0.6885,0.6885,0.6885
1691684480000,0.6887,0.6887,0.6887
1691684481000,0.6887,0.6887,0.6887
1691684482000,0.6887,0.6887,0.6887
1691684483000,0.6887,0.6887,0.6887
1691684484000,0.6887,0.6887,0.6887
1691684485000,0.6887,0.6887,0.6887
1691684486000,0.6888,0.6888,0.6888
1691684487000,0.6888,0.6888,0.6888
1691684488000,0.6888,0.6888,0.6888
1691684489000,0.6887,0.6887,0.6887
1691684490000,0.6887,0.6887,0.6887
1691684491000,0.6887,0.6887,0.6887
1691684492000,0.6887,0.6887,0.6887
1691684493000,0.6888,0.6888,0.6888
1691684494000,0.6887,0.6887,0.6887
1691684495000,0.6888,0.6888,0.6888
1691684496000,0.6888,0.6888,0.6888
1691684497000,0.6888,0.6888,0.6888
1691684498000,0.6888,0.6888,0.6888
1691684499000,0.6888,0.6888,0.6888
1691684500000,0.6888,0.6888,0.6888
1691684501000,0.6888,0.6888,0.6888
1691684502000,0.6888,0.6888,0.6888
1691684503000,0.6888,0.6888,0.6888
1691684504000,0.6888,0.6888,0.6888
1691684505000,0.6888,0.6888,0.6888
1691684506000,0.6888,0.6888,0.6888
1691684507000,0.6888,0.6888,0.6888
1691684508000,0.6888,0.6888,0.6888
1691684509000,0.6888,0.6888,0.6888
1691684510000,0.6888,0.6888,0.6888
1691684511000,0.6888,0.6888,0.6888
1691684512000,0.6888,0.6888,0.6888
1691684513000,0.6888,0.6888,0.6888
1691684514000,0.6888,0.6888,0.6888
1691684515000,0.6888,0.6888,0.6888
1691684516000,0.6888,0.6888,0.6888
1691684517000,0.6888,0.6888,0.6888
1691684518000,0.6889,0.6889,0.6889
1691684519000,0.6889,0.6889,0.6889
1691684520000,0.6889,0.6889,0.6889
1691684521000,0.689,0.689,0.689
1691684522000,0.689,0.689,0.689
1691684523000,0.689,0.689,0.689
1691684524000,0.689,0.689,0.689
1691684525000,0.6891,0.6891,0.6891
1691684526000,0.6891,0.6891,0.6891
1691684527000,0.6891,0.6891,0.6891
1691684528000,0.689,0.689,0.689
1691684529000,0.6891,0.6891,0.6891
1691684530000,0.6889,0.6889,0.6889
1691684531000,0.6889,0.6889,0.6889
1691684532000,0.6893,0.6893,0.6893
1691684533000,0.6893,0.6893,0.6893
1691684534000,0.6893,0.6893,0.6893
1691684535000,0.6892,0.6892,0.6892
1691684536000,0.6892,0.6892,0.6892
1691684537000,0.6893,0.6893,0.6893
1691684538000,0.6893,0.6893,0.6893
1691684539000,0.6892,0.6892,0.6892
1691684540000,0.6893,0.6893,0.6893
1691684541000,0.6893,0.6893,0.6893
1691684542000,0.6894,0.6894,0.6894
1691684543000,0.6894,0.6894,0.6894
1691684544000,0.6894,0.6894,0.6894
1691684545000,0.6893,0.6893,0.6893
1691684546000,0.6894,0.6894,0.6894
1691684547000,0.6895,0.6895,0.6895
1691684548000,0.6894,0.6894,0.6894
1691684549000,0.6894,0.6894,0.6894
1691684550000,0.6894,0.6894,0.6894
1691684551000,0.6894,0.6894,0.6894
1691684552000,0.6893,0.6893,0.6893
1691684553000,0.6895,0.6895,0.6895
1691684554000,0.6896,0.6896,0.6896
1691684555000,0.6897,0.6897,0.6897
1691684556000,0.6896,0.6896,0.6896
1691684557000,0.6896,0.6896,0.6896
1691684558000,0.6896,0.6896,0.6896
1691684559000,0.6896,0.6896,0.6896
1691684560000,0.6896,0.6896,0.6896
1691684561000,0.6896,0.6896,0.6896
1691684562000,0.6896,0.6896,0.6896
1691684563000,0.6896,0.6896,0.6896
1691684564000,0.6896,0.6896,0.6896
1691684565000,0.6897,0.6897,0.6897
1691684566000,0.6896,0.6896,0.6896
1691684567000,0.6896,0.6896,0.6896
1691684568000,0.6896,0.6896,0.6896
1691684569000,0.6898,0.6898,0.6898
1691684570000,0.6899,0.6899,0.6899
1691684571000,0.6899,0.6899,0.6899
1691684572000,0.6899,0.6899,0.6899
1691684573000,0.6899,0.6899,0.6899
1691684574000,0.6899,0.6899,0.6899
1691684575000,0.6899,0.6899,0.6899
1691684576000,0.6898,0.6898,0.6898
1691684577000,0.6899,0.6899,0.6899
1691684578000,0.6899,0.6899,0.6899
1691684579000,0.6899,0.6899,0.6899
1691684580000,0.6899,0.6899,0.6899
1691684581000,0.69,0.69,0.69
1691684582000,0.69,0.69,0.69
1691684583000,0.6899,0.6899,0.6899
1691684584000,0.6899,0.6899,0.6899
1691684585000,0.6898,0.6898,0.6898
1691684586000,0.6898,0.6898,0.6898
1691684587000,0.6899,0.6899,0.6899
1691684588000,0.6901,0.6901,0.6901
1691684589000,0.6901,0.6901,0.6901
1691684590000,0.6901,0.6901,0.6901
1691684591000,0.69,0.69,0.69
1691684592000,0.69,0.69,0.69
1691684593000,0.6901,0.6901,0.6901
1691684594000,0.69,0.69,0.69
1691684595000,0.69,0.69,0.69
1691684596000,0.69,0.69,0.69
1691684597000,0.6899,0.6899,0.6899
1691684598000,0.6899,0.6899,0.6899
1691684599000,0.6899,0.6899,0.6899
1691684600000,0.6899,0.6899,0.6899
1691684601000,0.6899,0.6899,0.6899
1691684602000,0.6899,0.6899,0.6899
1691684603000,0.69,0.69,0.69
1691684604000,0.69,0.69,0.69
1691684605000,0.69,0.69,0.69
1691684606000,0.69,0.69,0.69
1691684607000,0.6901,0.6901,0.6901
1691684608000,0.69,0.69,0.69
1691684609000,0.6901,0.6901,0.6901
1691684610000,0.6901,0.6901,0.6901
1691684611000,0.6902,0.6902,0.6902
1691684612000,0.6902,0.6902,0.6902
1691684613000,0.6902,0.6902,0.6902
1691684614000,0.6902,0.6902,0.6902
1691684615000,0.6902,0.6902,0.6902
1691684616000,0.6903,0.6903,0.6903
1691684617000,0.6903,0.6903,0.6903
1691684618000,0.6903,0.6903,0.6903
1691684619000,0.6903,0.6903,0.6903
1691684620000,0.6903,0.6903,0.6903
1691684621000,0.6903,0.6903,0.6903
1691684622000,0.6903,0.6903,0.6903
1691684623000,0.6903,0.6903,0.6903
1691684624000,0.6903,0.6903,0.6903
1691684625000,0.6904,0.6904,0.6904
1691684626000,0.6904,0.6904,0.6904
1691684627000,0.6903,0.6903,0.6903
1691684628000,0.6904,0.6904,0.6904
1691684629000,0.6904,0.6904,0.6904
1691684630000,0.6904,0.6904,0.6904
1691684631000,0.6904,0.6904,0.6904
1691684632000,0.6902,0.6902,0.6902
1691684633000,0.69013614,0.69013614,0.69013614
1691684634000,0.69013689,0.69013689,0.69013689
1691684635000,0.69013689,0.69013689,0.69013689
1691684636000,0.6901,0.6901,0.6901
1691684637000,0.6901,0.6901,0.6901
1691684638000,0.6901,0.6901,0.6901
1691684639000,0.6901,0.6901,0.6901
1691684640000,0.6902,0.6902,0.6902
1691684641000,0.6901,0.6901,0.6901
1691684642000,0.69,0.69,0.69
1691684643000,0.68993797,0.68993797,0.68993797
1691684644000,0.68991798,0.68991798,0.68991798
1691684645000,0.68991723,0.68991723,0.68991723
1691684646000,0.69,0.69,0.69
1691684647000,0.68991798,0.68991798,0.68991798
1691684648000,0.68990823,0.68990823,0.68990823
1691684649000,0.68991055,0.68991055,0.68991055
1691684650000,0.6899098,0.6899098,0.6899098
1691684651000,0.69,0.69,0.69
1691684652000,0.69,0.69,0.69
1691684653000,0.69,0.69,0.69
1691684654000,0.6901,0.6901,0.6901
1691684655000,0.6902,0.6902,0.6902
1691684656000,0.6901,0.6901,0.6901
1691684657000,0.6901,0.6901,0.6901
1691684658000,0.68990439,0.68990439,0.68990439
1691684659000,0.68990439,0.68990439,0.68990439
1691684660000,0.68990851,0.68990851,0.68990851
1691684661000,0.68990851,0.68990851,0.68990851
1691684662000,0.68990287,0.68990287,0.68990287
1691684663000,0.68990284,0.68990284,0.68990284
1691684664000,0.68989511,0.68989511,0.68989511
1691684665000,0.69,0.69,0.69
1691684666000,0.69,0.69,0.69
1691684667000,0.6898954,0.6898954,0.6898954
1691684668000,0.6899,0.6899,0.6899
1691684669000,0.6899,0.6899,0.6899
1691684670000,0.6899,0.6899,0.6899
1691684671000,0.6899,0.6899,0.6899
1691684672000,0.6899,0.6899,0.6899
1691684673000,0.6899,0.6899,0.6899
1691684674000,0.6899,0.6899,0.6899
1691684675000,0.6899,0.6899,0.6899
1691684676000,0.6899,0.6899,0.6899
1691684677000,0.69,0.69,0.69
1691684678000,0.6899,0.6899,0.6899
1691684679000,0.6899,0.6899,0.6899
1691684680000,0.6899,0.6899,0.6899
1691684681000,0.6901,0.6901,0.6901
1691684682000,0.69,0.69,0.69
1691684683000,0.68990402,0.68990402,0.68990402
1691684684000,0.68990324,0.68990324,0.68990324
1691684685000,0.68990324,0.68990324,0.68990324
1691684686000,0.68990399,0.68990399,0.68990399
1691684687000,0.69,0.69,0.69
1691684688000,0.68990538,0.68990538,0.68990538
1691684689000,0.68990538,0.68990538,0.68990538
1691684690000,0.68990538,0.68990538,0.68990538
1691684691000,0.68990541,0.68990541,0.68990541
1691684692000,0.68986702,0.68986702,0.68986702
1691684693000,0.6898271,0.6898271,0.6898271
1691684694000,0.6899,0.6899,0.6899
1691684695000,0.6899,0.6899,0.6899
1691684696000,0.6899,0.6899,0.6899
1691684697000,0.68984847,0.68984847,0.68984847
1691684698000,0.68985159,0.68985159,0.68985159
1691684699000,0.68980667,0.68980667,0.68980667
1691684700000,0.68980667,0.68980667,0.68980667
1691684701000,0.68980745,0.68980745,0.68980745
1691684702000,0.68980745,0.68980745,0.68980745
1691684703000,0.68980745,0.68980745,0.68980745
1691684704000,0.68976727,0.68976727,0.68976727
1691684705000,0.68976727,0.68976727,0.68976727
1691684706000,0.68975153,0.68975153,0.68975153
1691684707000,0.68975075,0.68975075,0.68975075
1691684708000,0.68975153,0.68975153,0.68975153
1691684709000,0.68975153,0.68975153,0.68975153
1691684710000,0.68975424,0.68975424,0.68975424
1691684711000,0.68975421,0.68975421,0.68975421
1691684712000,0.68975421,0.68975421,0.68975421
1691684713000,0.68974901,0.68974901,0.68974901
1691684714000,0.68969083,0.68969083,0.68969083
1691684715000,0.68969421,0.68969421,0.68969421
1691684716000,0.68969421,0.68969421,0.68969421
1691684717000,0.68969418,0.68969418,0.68969418
1691684718000,0.68969418,0.68969418,0.68969418
1691684719000,0.68969418,0.68969418,0.68969418
1691684720000,0.68969395,0.68969395,0.68969395
1691684721000,0.68969961,0.68969961,0.68969961
1691684722000,0.68970828,0.68970828,0.68970828
1691684723000,0.68970828,0.68970828,0.68970828
1691684724000,0.68965966,0.68965966,0.68965966
1691684725000,0.68965366,0.68965366,0.68965366
1691684726000,0.68964438,0.68964438,0.68964438
1691684727000,0.68964438,0.68964438,0.68964438
1691684728000,0.68957743,0.68957743,0.68957743
1691684729000,0.6895325,0.6895325,0.6895325
1691684730000,0.6895325,0.6895325,0.6895325
1691684731000,0.68946431,0.68946431,0.68946431
1691684732000,0.68946078,0.68946078,0.68946078
1691684733000,0.68941805,0.68941805,0.68941805
1691684734000,0.68941733,0.68941733,0.68941733
1691684735000,0.68937382,0.68937382,0.68937382
1691684736000,0.68937382,0.68937382,0.68937382
1691684737000,0.68937349,0.68937349,0.68937349
1691684738000,0.68929256,0.68929256,0.68929256
1691684739000,0.68929181,0.68929181,0.68929181
1691684740000,0.68929181,0.68929181,0.68929181
1691684741000,0.68929181,0.68929181,0.68929181
1691684742000,0.68924834,0.68924834,0.68924834
1691684743000,0.68889115,0.68889115,0.68889115
1691684744000,0.68878653,0.68878653,0.68878653
1691684745000,0.68874377,0.68874377,0.68874377
1691684746000,0.68870126,0.68870126,0.68870126
1691684747000,0.68870126,0.68870126,0.68870126
1691684748000,0.68874289,0.68874289,0.68874289
1691684749000,0.68874211,0.68874211,0.68874211
1691684750000,0.68874211,0.68874211,0.68874211
1691684751000,0.6887485,0.6887485,0.6887485
1691684752000,0.68874922,0.68874922,0.68874922
1691684753000,0.68874922,0.68874922,0.68874922
1691684754000,0.6887527,0.6887527,0.6887527
1691684755000,0.68875968,0.68875968,0.68875968
1691684756000,0.68876092,0.68876092,0.68876092
1691684757000,0.6888044,0.6888044,0.6888044
1691684758000,0.68880365,0.68880365,0.68880365
1691684759000,0.68885091,0.68885091,0.68885091
1691684760000,0.68885088,0.68885088,0.68885088
1691684761000,0.68885652,0.68885652,0.68885652
1691684762000,0.68885652,0.68885652,0.68885652
1691684763000,0.68885655,0.68885655,0.68885655
1691684764000,0.68885655,0.68885655,0.68885655
1691684765000,0.68885319,0.68885319,0.68885319
1691684766000,0.68881779,0.68881779,0.68881779
1691684767000,0.68881779,0.68881779,0.68881779
1691684768000,0.6889,0.6889,0.6889
1691684769000,0.6889,0.6889,0.6889
1691684770000,0.6889,0.6889,0.6889
1691684771000,0.6889,0.6889,0.6889
1691684772000,0.6889,0.6889,0.6889
1691684773000,0.6889,0.6889,0.6889
1691684774000,0.6889,0.6889,0.6889
1691684775000,0.6889,0.6889,0.6889
1691684776000,0.6889,0.6889,0.6889
1691684777000,0.6889,0.6889,0.6889
1691684778000,0.6889,0.6889,0.6889
1691684779000,0.6889,0.6889,0.6889
1691684780000,0.68882566,0.68882566,0.68882566
1691684781000,0.6889,0.6889,0.6889
1691684782000,0.6889,0.6889,0.6889
1691684783000,0.6889,0.6889,0.6889
1691684784000,0.6889,0.6889,0.6889
1691684785000,0.68885782,0.68885782,0.68885782
1691684786000,0.68889617,0.68889617,0.68889617
1691684787000,0.689,0.689,0.689
1691684788000,0.689,0.689,0.689
1691684789000,0.689,0.689,0.689
1691684790000,0.689,0.689,0.689
1691684791000,0.6889,0.6889,0.6889
1691684792000,0.68890157,0.68890157,0.68890157
1691684793000,0.68890153,0.68890153,0.68890153
1691684794000,0.68890228,0.68890228,0.68890228
1691684795000,0.6889,0.6889,0.6889
1691684796000,0.68884939,0.68884939,0.68884939
1691684797000,0.68885047,0.68885047,0.68885047
1691684798000,0.6889,0.6889,0.6889
1691684799000,0.6889,0.6889,0.6889
1691684800000,0.68885044,0.68885044,0.68885044
1691684801000,0.68885041,0.68885041,0.68885041
1691684802000,0.68885041,0.68885041,0.68885041
1691684803000,0.68886345,0.68886345,0.68886345
1691684804000,0.68886344,0.68886344,0.68886344
1691684805000,0.68886344,0.68886344,0.68886344
1691684806000,0.68886344,0.68886344,0.68886344
1691684807000,0.68886344,0.68886344,0.68886344
1691684808000,0.689,0.689,0.689
1691684809000,0.689,0.689,0.689
1691684810000,0.6891,0.6891,0.6891
1691684811000,0.6893,0.6893,0.6893
1691684812000,0.6893,0.6893,0.6893
1691684813000,0.6893,0.6893,0.6893
1691684814000,0.6893,0.6893,0.6893
1691684815000,0.68939578,0.68939578,0.68939578
1691684816000,0.68939578,0.68939578,0.68939578
1691684817000,0.68939578,0.68939578,0.68939578
1691684818000,0.68939578,0.68939578,0.68939578
1691684819000,0.68939577,0.68939577,0.68939577
1691684820000,0.6893,0.6893,0.6893
1691684821000,0.6892,0.6892,0.6892
1691684822000,0.6892,0.6892,0.6892
1691684823000,0.6892,0.6892,0.6892
1691684824000,0.6892,0.6892,0.6892
1691684825000,0.6892,0.6892,0.6892
1691684826000,0.68911001,0.68911001,0.68911001
1691684827000,0.6892,0.6892,0.6892
1691684828000,0.6892,0.6892,0.6892
1691684829000,0.6892,0.6892,0.6892
1691684830000,0.6892,0.6892,0.6892
1691684831000,0.6892,0.6892,0.6892
1691684832000,0.6891,0.6891,0.6891
1691684833000,0.68907866,0.68907866,0.68907866
1691684834000,0.6890757,0.6890757,0.6890757
1691684835000,0.68907645,0.68907645,0.68907645
1691684836000,0.68907645,0.68907645,0.68907645
1691684837000,0.68905967,0.68905967,0.68905967
1691684838000,0.68905967,0.68905967,0.68905967
1691684839000,0.68905892,0.68905892,0.68905892
1691684840000,0.68905892,0.68905892,0.68905892
1691684841000,0.6891,0.6891,0.6891
1691684842000,0.68901619,0.68901619,0.68901619
1691684843000,0.68901465,0.68901465,0.68901465
1691684844000,0.68901465,0.68901465,0.68901465
1691684845000,0.68900163,0.68900163,0.68900163
1691684846000,0.6893,0.6893,0.6893
1691684847000,0.6893,0.6893,0.6893
1691684848000,0.6893,0.6893,0.6893
1691684849000,0.6894,0.6894,0.6894
1691684850000,0.6894,0.6894,0.6894
1691684851000,0.6895,0.6895,0.6895
1691684852000,0.6894,0.6894,0.6894
1691684853000,0.6894,0.6894,0.6894
1691684854000,0.6894,0.6894,0.6894
1691684855000,0.6894,0.6894,0.6894
1691684856000,0.6894,0.6894,0.6894
1691684857000,0.6895,0.6895,0.6895
1691684858000,0.6896,0.6896,0.6896
1691684859000,0.6896,0.6896,0.6896
1691684860000,0.6896,0.6896,0.6896
1691684861000,0.6896,0.6896,0.6896
1691684862000,0.68955308,0.68955308,0.68955308
1691684863000,0.6895567,0.6895567,0.6895567
1691684864000,0.6895567,0.6895567,0.6895567
1691684865000,0.6896,0.6896,0.6896
1691684866000,0.68955822,0.68955822,0.68955822
1691684867000,0.68955822,0.68955822,0.68955822
1691684868000,0.68955578,0.68955578,0.68955578
1691684869000,0.68955575,0.68955575,0.68955575
1691684870000,0.68955549,0.68955549,0.68955549
1691684871000,0.6896,0.6896,0.6896
1691684872000,0.68964631,0.68964631,0.68964631
1691684873000,0.68964631,0.68964631,0.68964631
1691684874000,0.68965939,0.68965939,0.68965939
1691684875000,0.6897,0.6897,0.6897
1691684876000,0.6897,0.6897,0.6897
1691684877000,0.68970237,0.68970237,0.68970237
1691684878000,0.68970237,0.68970237,0.68970237
1691684879000,0.68970237,0.68970237,0.68970237
1691684880000,0.68970237,0.68970237,0.68970237
1691684881000,0.6897,0.6897,0.6897
1691684882000,0.6897,0.6897,0.6897
1691684883000,0.6897,0.6897,0.6897
1691684884000,0.6897,0.6897,0.6897
1691684885000,0.6897,0.6897,0.6897
1691684886000,0.6897,0.6897,0.6897
1691684887000,0.6897,0.6897,0.6897
1691684888000,0.68965423,0.68965423,0.68965423
1691684889000,0.68965119,0.68965119,0.68965119
1691684890000,0.68969467,0.68969467,0.68969467
1691684891000,0.68969467,0.68969467,0.68969467
1691684892000,0.68964914,0.68964914,0.68964914
1691684893000,0.6897,0.6897,0.6897
1691684894000,0.6897,0.6897,0.6897
1691684895000,0.6897,0.6897,0.6897
1691684896000,0.6897,0.6897,0.6897
1691684897000,0.6897,0.6897,0.6897
1691684898000,0.6897,0.6897,0.6897
1691684899000,0.6897,0.6897,0.6897
1691684900000,0.6897,0.6897,0.6897
1691684901000,0.6898,0.6898,0.6898
1691684902000,0.6898,0.6898,0.6898
1691684903000,0.68973821,0.68973821,0.68973821
1691684904000,0.68973964,0.68973964,0.68973964
1691684905000,0.68973964,0.68973964,0.68973964
1691684906000,0.6897,0.6897,0.6897
1691684907000,0.6897,0.6897,0.6897
1691684908000,0.68968034,0.68968034,0.68968034
1691684909000,0.6897,0.6897,0.6897
1691684910000,0.6897,0.6897,0.6897
1691684911000,0.6897,0.6897,0.6897
1691684912000,0.6897,0.6897,0.6897
1691684913000,0.68963394,0.68963394,0.68963394
1691684914000,0.68963181,0.68963181,0.68963181
1691684915000,0.68962835,0.68962835,0.68962835
1691684916000,0.68962907,0.68962907,0.68962907
1691684917000,0.68962427,0.68962427,0.68962427
1691684918000,0.68962295,0.68962295,0.68962295
1691684919000,0.68962295,0.68962295,0.68962295
1691684920000,0.68962066,0.68962066,0.68962066
1691684921000,0.68961991,0.68961991,0.68961991
1691684922000,0.68961991,0.68961991,0.68961991
1691684923000,0.68962603,0.68962603,0.68962603
1691684924000,0.68962603,0.68962603,0.68962603
1691684925000,0.6897,0.6897,0.6897
1691684926000,0.68961408,0.68961408,0.68961408
1691684927000,0.68961408,0.68961408,0.68961408
1691684928000,0.68961408,0.68961408,0.68961408
1691684929000,0.68961408,0.68961408,0.68961408
1691684930000,0.68961447,0.68961447,0.68961447
1691684931000,0.68961076,0.68961076,0.68961076
1691684932000,0.68961076,0.68961076,0.68961076
1691684933000,0.6897,0.6897,0.6897
1691684934000,0.68961076,0.68961076,0.68961076
1691684935000,0.68961076,0.68961076,0.68961076
1691684936000,0.68961086,0.68961086,0.68961086
1691684937000,0.68961066,0.68961066,0.68961066
1691684938000,0.68960994,0.68960994,0.68960994
1691684939000,0.68960994,0.68960994,0.68960994
1691684940000,0.68960991,0.68960991,0.68960991
1691684941000,0.68960991,0.68960991,0.68960991
1691684942000,0.68960933,0.68960933,0.68960933
1691684943000,0.68960933,0.68960933,0.68960933
1691684944000,0.68960936,0.68960936,0.68960936
1691684945000,0.68961011,0.68961011,0.68961011
1691684946000,0.68960861,0.68960861,0.68960861
1691684947000,0.68960861,0.68960861,0.68960861
1691684948000,0.6896,0.6896,0.6896
1691684949000,0.68956385,0.68956385,0.68956385
1691684950000,0.68956385,0.68956385,0.68956385
1691684951000,0.6896,0.6896,0.6896
1691684952000,0.6896,0.6896,0.6896
1691684953000,0.68967317,0.68967317,0.68967317
1691684954000,0.6897,0.6897,0.6897
1691684955000,0.6897,0.6897,0.6897
1691684956000,0.6897,0.6897,0.6897
1691684957000,0.6898,0.6898,0.6898
1691684958000,0.6897,0.6897,0.6897
1691684959000,0.6896973,0.6896973,0.6896973
1691684960000,0.68969841,0.68969841,0.68969841
1691684961000,0.6897,0.6897,0.6897
1691684962000,0.6897,0.6897,0.6897
1691684963000,0.68969669,0.68969669,0.68969669
1691684964000,0.68969699,0.68969699,0.68969699
1691684965000,0.6897,0.6897,0.6897
1691684966000,0.68971235,0.68971235,0.68971235
1691684967000,0.68971369,0.68971369,0.68971369
1691684968000,0.6898,0.6898,0.6898
1691684969000,0.6898,0.6898,0.6898
1691684970000,0.68971618,0.68971618,0.68971618
1691684971000,0.68971641,0.68971641,0.68971641
1691684972000,0.68975989,0.68975989,0.68975989
1691684973000,0.68975989,0.68975989,0.68975989
1691684974000,0.68975914,0.68975914,0.68975914
1691684975000,0.68975894,0.68975894,0.68975894
1691684976000,0.68975894,0.68975894,0.68975894
1691684977000,0.68979822,0.68979822,0.68979822
1691684978000,0.6898,0.6898,0.6898
1691684979000,0.68979822,0.68979822,0.68979822
1691684980000,0.68979822,0.68979822,0.68979822
1691684981000,0.68979528,0.68979528,0.68979528
1691684982000,0.68979531,0.68979531,0.68979531
1691684983000,0.68979531,0.68979531,0.68979531
1691684984000,0.68979528,0.68979528,0.68979528
1691684985000,0.68979531,0.68979531,0.68979531
1691684986000,0.68979372,0.68979372,0.68979372
1691684987000,0.689793,0.689793,0.689793
1691684988000,0.68979303,0.68979303,0.68979303
1691684989000,0.689793,0.689793,0.689793
1691684990000,0.689793,0.689793,0.689793
1691684991000,0.689793,0.689793,0.689793
1691684992000,0.68978905,0.68978905,0.68978905
1691684993000,0.68974662,0.68974662,0.68974662
1691684994000,0.68974662,0.68974662,0.68974662
1691684995000,0.68974665,0.68974665,0.68974665
1691684996000,0.68970824,0.68970824,0.68970824
1691684997000,0.68970324,0.68970324,0.68970324
1691684998000,0.6897032,0.6897032,0.6897032
1691684999000,0.6897032,0.6897032,0.6897032
1691685000000,0.6897032,0.6897032,0.6897032
1691685001000,0.6898,0.6898,0.6898
1691685002000,0.6898,0.6898,0.6898
1691685003000,0.68974831,0.68974831,0.68974831
1691685004000,0.68974834,0.68974834,0.68974834
1691685005000,0.68974834,0.68974834,0.68974834
1691685006000,0.68974909,0.68974909,0.68974909
1691685007000,0.68974909,0.68974909,0.68974909
1691685008000,0.68974833,0.68974833,0.68974833
1691685009000,0.68974829,0.68974829,0.68974829
1691685010000,0.68974829,0.68974829,0.68974829
1691685011000,0.68974829,0.68974829,0.68974829
1691685012000,0.68974807,0.68974807,0.68974807
1691685013000,0.689746,0.689746,0.689746
1691685014000,0.68974477,0.68974477,0.68974477
1691685015000,0.68974477,0.68974477,0.68974477
1691685016000,0.68966505,0.68966505,0.68966505
1691685017000,0.68966099,0.68966099,0.68966099
1691685018000,0.68966102,0.68966102,0.68966102
1691685019000,0.68965927,0.68965927,0.68965927
1691685020000,0.68965927,0.68965927,0.68965927
1691685021000,0.68957231,0.68957231,0.68957231
1691685022000,0.68957231,0.68957231,0.68957231
1691685023000,0.68957195,0.68957195,0.68957195
1691685024000,0.68957195,0.68957195,0.68957195
1691685025000,0.68957033,0.68957033,0.68957033
1691685026000,0.68957033,0.68957033,0.68957033
1691685027000,0.68942199,0.68942199,0.68942199
1691685028000,0.68942199,0.68942199,0.68942199
1691685029000,0.68942199,0.68942199,0.68942199
1691685030000,0.68942199,0.68942199,0.68942199
1691685031000,0.68942293,0.68942293,0.68942293
1691685032000,0.68942296,0.68942296,0.68942296
1691685033000,0.68942244,0.68942244,0.68942244
1691685034000,0.68941607,0.68941607,0.68941607
1691685035000,0.68941607,0.68941607,0.68941607
1691685036000,0.68930765,0.68930765,0.68930765
1691685037000,0.6893067,0.6893067,0.6893067
1691685038000,0.68929581,0.68929581,0.68929581
1691685039000,0.68929572,0.68929572,0.68929572
1691685040000,0.68929572,0.68929572,0.68929572
1691685041000,0.68930224,0.68930224,0.68930224
1691685042000,0.68930141,0.68930141,0.68930141
1691685043000,0.6892519,0.6892519,0.6892519
1691685044000,0.6892519,0.6892519,0.6892519
1691685045000,0.6892519,0.6892519,0.6892519
1691685046000,0.6892519,0.6892519,0.6892519
1691685047000,0.68925444,0.68925444,0.68925444
1691685048000,0.68925721,0.68925721,0.68925721
1691685049000,0.68925718,0.68925718,0.68925718
1691685050000,0.68925718,0.68925718,0.68925718
1691685051000,0.68923839,0.68923839,0.68923839
1691685052000,0.68923836,0.68923836,0.68923836
1691685053000,0.6892406,0.6892406,0.6892406
1691685054000,0.68924084,0.68924084,0.68924084
1691685055000,0.68924084,0.68924084,0.68924084
1691685056000,0.68924084,0.68924084,0.68924084
1691685057000,0.68924084,0.68924084,0.68924084
1691685058000,0.68928798,0.68928798,0.68928798
1691685059000,0.68928798,0.68928798,0.68928798
1691685060000,0.68928798,0.68928798,0.68928798
1691685061000,0.6894,0.6894,0.6894
1691685062000,0.68935644,0.68935644,0.68935644
1691685063000,0.68935644,0.68935644,0.68935644
1691685064000,0.68936046,0.68936046,0.68936046
1691685065000,0.68936596,0.68936596,0.68936596
1691685066000,0.68936596,0.68936596,0.68936596
1691685067000,0.68936382,0.68936382,0.68936382
1691685068000,0.68936372,0.68936372,0.68936372
1691685069000,0.68935942,0.68935942,0.68935942
1691685070000,0.68935945,0.68935945,0.68935945
1691685071000,0.68935942,0.68935942,0.68935942
1691685072000,0.68937113,0.68937113,0.68937113
1691685073000,0.68937113,0.68937113,0.68937113
1691685074000,0.68937116,0.68937116,0.68937116
1691685075000,0.68936686,0.68936686,0.68936686
1691685076000,0.68936683,0.68936683,0.68936683
1691685077000,0.68936683,0.68936683,0.68936683
1691685078000,0.68932335,0.68932335,0.68932335
1691685079000,0.68934947,0.68934947,0.68934947
1691685080000,0.68934657,0.68934657,0.68934657
1691685081000,0.68939124,0.68939124,0.68939124
1691685082000,0.68939124,0.68939124,0.68939124
1691685083000,0.68939124,0.68939124,0.68939124
1691685084000,0.68939225,0.68939225,0.68939225
1691685085000,0.68939225,0.68939225,0.68939225
1691685086000,0.68939024,0.68939024,0.68939024
1691685087000,0.68943294,0.68943294,0.68943294
1691685088000,0.68943369,0.68943369,0.68943369
1691685089000,0.68943516,0.68943516,0.68943516
1691685090000,0.68943516,0.68943516,0.68943516
1691685091000,0.68943233,0.68943233,0.68943233
1691685092000,0.6895,0.6895,0.6895
1691685093000,0.6895,0.6895,0.6895
1691685094000,0.68943452,0.68943452,0.68943452
1691685095000,0.68943452,0.68943452,0.68943452
1691685096000,0.68943452,0.68943452,0.68943452
1691685097000,0.68947769,0.68947769,0.68947769
1691685098000,0.68947769,0.68947769,0.68947769
1691685099000,0.68947805,0.68947805,0.68947805
1691685100000,0.68945777,0.68945777,0.68945777
1691685101000,0.6896,0.6896,0.6896
1691685102000,0.6896,0.6896,0.6896
1691685103000,0.6896,0.6896,0.6896
1691685104000,0.6896,0.6896,0.6896
1691685105000,0.6895,0.6895,0.6895
1691685106000,0.6896,0.6896,0.6896
1691685107000,0.6896,0.6896,0.6896
1691685108000,0.68952261,0.68952261,0.68952261
1691685109000,0.68952261,0.68952261,0.68952261
1691685110000,0.6895606,0.6895606,0.6895606
1691685111000,0.6895606,0.6895606,0.6895606
1691685112000,0.68956057,0.68956057,0.68956057
1691685113000,0.68955597,0.68955597,0.68955597
1691685114000,0.68955597,0.68955597,0.68955597
1691685115000,0.68955597,0.68955597,0.68955597
1691685116000,0.68959435,0.68959435,0.68959435
1691685117000,0.68959507,0.68959507,0.68959507
1691685118000,0.6895951,0.6895951,0.6895951
1691685119000,0.68958628,0.68958628,0.68958628
1691685120000,0.68958628,0.68958628,0.68958628
1691685121000,0.68958741,0.68958741,0.68958741
1691685122000,0.68958813,0.68958813,0.68958813
1691685123000,0.68958813,0.68958813,0.68958813
1691685124000,0.68958813,0.68958813,0.68958813
1691685125000,0.68958274,0.68958274,0.68958274
1691685126000,0.68957589,0.68957589,0.68957589
1691685127000,0.68957592,0.68957592,0.68957592
1691685128000,0.68957592,0.68957592,0.68957592
1691685129000,0.68948346,0.68948346,0.68948346
1691685130000,0.68942843,0.68942843,0.68942843
1691685131000,0.68942843,0.68942843,0.68942843
1691685132000,0.68934069,0.68934069,0.68934069
1691685133000,0.68934144,0.68934144,0.68934144
1691685134000,0.68933536,0.68933536,0.68933536
1691685135000,0.68933536,0.68933536,0.68933536
1691685136000,0.68931998,0.68931998,0.68931998
1691685137000,0.68910528,0.68910528,0.68910528
1691685138000,0.68910528,0.68910528,0.68910528
1691685139000,0.68910531,0.68910531,0.68910531
1691685140000,0.68910225,0.68910225,0.68910225
1691685141000,0.68908579,0.68908579,0.68908579
1691685142000,0.68908579,0.68908579,0.68908579
1691685143000,0.68908656,0.68908656,0.68908656
1691685144000,0.68908656,0.68908656,0.68908656
1691685145000,0.68908562,0.68908562,0.68908562
1691685146000,0.68905379,0.68905379,0.68905379
1691685147000,0.68904258,0.68904258,0.68904258
1691685148000,0.68903602,0.68903602,0.68903602
1691685149000,0.68903605,0.68903605,0.68903605
1691685150000,0.68909032,0.68909032,0.68909032
1691685151000,0.68918666,0.68918666,0.68918666
1691685152000,0.68918188,0.68918188,0.68918188
1691685153000,0.6892,0.6892,0.6892
1691685154000,0.6892,0.6892,0.6892
1691685155000,0.6892,0.6892,0.6892
1691685156000,0.68916214,0.68916214,0.68916214
1691685157000,0.68916218,0.68916218,0.68916218
1691685158000,0.68915682,0.68915682,0.68915682
1691685159000,0.68915682,0.68915682,0.68915682
1691685160000,0.68915682,0.68915682,0.68915682
1691685161000,0.68911242,0.68911242,0.68911242
1691685162000,0.68911242,0.68911242,0.68911242
1691685163000,0.68910499,0.68910499,0.68910499
1691685164000,0.68910425,0.68910425,0.68910425
1691685165000,0.68906074,0.68906074,0.68906074
1691685166000,0.68906048,0.68906048,0.68906048
1691685167000,0.68906048,0.68906048,0.68906048
1691685168000,0.68906048,0.68906048,0.68906048
1691685169000,0.68905738,0.68905738,0.68905738
1691685170000,0.68905663,0.68905663,0.68905663
1691685171000,0.68905611,0.68905611,0.68905611
1691685172000,0.68905611,0.68905611,0.68905611
1691685173000,0.68909962,0.68909962,0.68909962
1691685174000,0.68909407,0.68909407,0.68909407
1691685175000,0.68909407,0.68909407,0.68909407
1691685176000,0.68909521,0.68909521,0.68909521
1691685177000,0.68909446,0.68909446,0.68909446
1691685178000,0.68909443,0.68909443,0.68909443
1691685179000,0.68913357,0.68913357,0.68913357
1691685180000,0.68912904,0.68912904,0.68912904
1691685181000,0.68912904,0.68912904,0.68912904
1691685182000,0.68912618,0.68912618,0.68912618
1691685183000,0.68912618,0.68912618,0.68912618
1691685184000,0.68908198,0.68908198,0.68908198
1691685185000,0.68907658,0.68907658,0.68907658
1691685186000,0.68907603,0.68907603,0.68907603
1691685187000,0.68906373,0.68906373,0.68906373
1691685188000,0.68906373,0.68906373,0.68906373
1691685189000,0.68904417,0.68904417,0.68904417
1691685190000,0.68904417,0.68904417,0.68904417
1691685191000,0.68903649,0.68903649,0.68903649
1691685192000,0.68903538,0.68903538,0.68903538
1691685193000,0.68907886,0.68907886,0.68907886
1691685194000,0.68907886,0.68907886,0.68907886
1691685195000,0.68907886,0.68907886,0.68907886
1691685196000,0.68910378,0.68910378,0.68910378
1691685197000,0.68910348,0.68910348,0.68910348
1691685198000,0.6892,0.6892,0.6892
1691685199000,0.6892,0.6892,0.6892
1691685200000,0.6892,0.6892,0.6892
1691685201000,0.68914771,0.68914771,0.68914771
1691685202000,0.68910055,0.68910055,0.68910055
1691685203000,0.68906215,0.68906215,0.68906215
1691685204000,0.68906215,0.68906215,0.68906215
1691685205000,0.68906106,0.68906106,0.68906106
1691685206000,0.68906215,0.68906215,0.68906215
1691685207000,0.6890591,0.6890591,0.6890591
1691685208000,0.68905822,0.68905822,0.68905822
1691685209000,0.68905819,0.68905819,0.68905819
1691685210000,0.68905819,0.68905819,0.68905819
1691685211000,0.68905903,0.68905903,0.68905903
1691685212000,0.68906458,0.68906458,0.68906458
1691685213000,0.68906221,0.68906221,0.68906221
1691685214000,0.68906143,0.68906143,0.68906143
1691685215000,0.68906218,0.68906218,0.68906218
1691685216000,0.68906218,0.68906218,0.68906218
1691685217000,0.68906218,0.68906218,0.68906218
1691685218000,0.68906538,0.68906538,0.68906538
1691685219000,0.68906538,0.68906538,0.68906538
1691685220000,0.68905811,0.68905811,0.68905811
1691685221000,0.68905885,0.68905885,0.68905885
1691685222000,0.68891783,0.68891783,0.68891783
1691685223000,0.68891783,0.68891783,0.68891783
1691685224000,0.68895627,0.68895627,0.68895627
1691685225000,0.68895627,0.68895627,0.68895627
1691685226000,0.68899978,0.68899978,0.68899978
1691685227000,0.68899978,0.68899978,0.68899978
1691685228000,0.68900115,0.68900115,0.68900115
1691685229000,0.68900115,0.68900115,0.68900115
1691685230000,0.68899611,0.68899611,0.68899611
1691685231000,0.6889635,0.6889635,0.6889635
1691685232000,0.68896363,0.68896363,0.68896363
1691685233000,0.68896366,0.68896366,0.68896366
1691685234000,0.68893683,0.68893683,0.68893683
1691685235000,0.689,0.689,0.689
1691685236000,0.689,0.689,0.689
1691685237000,0.689,0.689,0.689
1691685238000,0.689,0.689,0.689
1691685239000,0.689,0.689,0.689
1691685240000,0.689,0.689,0.689
1691685241000,0.689,0.689,0.689
1691685242000,0.68893467,0.68893467,0.68893467
1691685243000,0.689,0.689,0.689
1691685244000,0.689,0.689,0.689
1691685245000,0.689,0.689,0.689
1691685246000,0.689,0.689,0.689
1691685247000,0.689,0.689,0.689
1691685248000,0.689,0.689,0.689
1691685249000,0.689,0.689,0.689
1691685250000,0.6889142,0.6889142,0.6889142
1691685251000,0.6889142,0.6889142,0.6889142
1691685252000,0.689,0.689,0.689
1691685253000,0.689,0.689,0.689
1691685254000,0.689,0.689,0.689
1691685255000,0.689,0.689,0.689
1691685256000,0.68891384,0.68891384,0.68891384
1691685257000,0.68894876,0.68894876,0.68894876
1691685258000,0.68894876,0.68894876,0.68894876
1691685259000,0.68894918,0.68894918,0.68894918
1691685260000,0.68894918,0.68894918,0.68894918
1691685261000,0.6889484,0.6889484,0.6889484
1691685262000,0.6889484,0.6889484,0.6889484
1691685263000,0.68899,0.68899,0.68899
1691685264000,0.68894652,0.68894652,0.68894652
1691685265000,0.68894652,0.68894652,0.68894652
1691685266000,0.6889473,0.6889473,0.6889473
1691685267000,0.68894727,0.68894727,0.68894727
1691685268000,0.68894369,0.68894369,0.68894369
1691685269000,0.68894369,0.68894369,0.68894369
1691685270000,0.6889,0.6889,0.6889
1691685271000,0.6889,0.6889,0.6889
1691685272000,0.6889,0.6889,0.6889
1691685273000,0.6889,0.6889,0.6889
1691685274000,0.68890719,0.68890719,0.68890719
1691685275000,0.68890723,0.68890723,0.68890723
1691685276000,0.68890719,0.68890719,0.68890719
1691685277000,0.68890719,0.68890719,0.68890719
1691685278000,0.68890719,0.68890719,0.68890719
1691685279000,0.68890524,0.68890524,0.68890524
1691685280000,0.68890607,0.68890607,0.68890607
1691685281000,0.68890607,0.68890607,0.68890607
1691685282000,0.6889061,0.6889061,0.6889061
1691685283000,0.689,0.689,0.689
1691685284000,0.689,0.689,0.689
1691685285000,0.689,0.689,0.689
1691685286000,0.689,0.689,0.689
1691685287000,0.68884673,0.68884673,0.68884673
1691685288000,0.6889,0.6889,0.6889
1691685289000,0.6889,0.6889,0.6889
1691685290000,0.6889,0.6889,0.6889
1691685291000,0.6889,0.6889,0.6889
1691685292000,0.6889,0.6889,0.6889
1691685293000,0.6889,0.6889,0.6889
1691685294000,0.6889,0.6889,0.6889
1691685295000,0.6889,0.6889,0.6889
1691685296000,0.6889,0.6889,0.6889
1691685297000,0.68884471,0.68884471,0.68884471
1691685298000,0.68884471,0.68884471,0.68884471
1691685299000,0.6889,0.6889,0.6889
1691685300000,0.6889,0.6889,0.6889
1691685301000,0.6889,0.6889,0.6889
1691685302000,0.689,0.689,0.689
1691685303000,0.68883938,0.68883938,0.68883938
1691685304000,0.6889,0.6889,0.6889
1691685305000,0.6889,0.6889,0.6889
1691685306000,0.689,0.689,0.689
1691685307000,0.689,0.689,0.689
1691685308000,0.6891,0.6891,0.6891
1691685309000,0.6889,0.6889,0.6889
1691685310000,0.6889,0.6889,0.6889
1691685311000,0.68890882,0.68890882,0.68890882
1691685312000,0.68891053,0.68891053,0.68891053
1691685313000,0.68890841,0.68890841,0.68890841
1691685314000,0.68890841,0.68890841,0.68890841
1691685315000,0.68890238,0.68890238,0.68890238
1691685316000,0.6889,0.6889,0.6889
1691685317000,0.6889,0.6889,0.6889
1691685318000,0.6889,0.6889,0.6889
1691685319000,0.6889,0.6889,0.6889
1691685320000,0.689,0.689,0.689
1691685321000,0.689,0.689,0.689
1691685322000,0.689,0.689,0.689
1691685323000,0.689,0.689,0.689
1691685324000,0.689,0.689,0.689
1691685325000,0.689,0.689,0.689
1691685326000,0.6892,0.6892,0.6892
1691685327000,0.6892,0.6892,0.6892
1691685328000,0.6892,0.6892,0.6892
1691685329000,0.6893,0.6893,0.6893
1691685330000,0.6893,0.6893,0.6893
1691685331000,0.6892,0.6892,0.6892
1691685332000,0.6892,0.6892,0.6892
1691685333000,0.6891,0.6891,0.6891
1691685334000,0.689,0.689,0.689
1691685335000,0.689,0.689,0.689
1691685336000,0.6888,0.6888,0.6888
1691685337000,0.6888,0.6888,0.6888
1691685338000,0.6888,0.6888,0.6888
1691685339000,0.6888,0.6888,0.6888
1691685340000,0.6888,0.6888,0.6888
1691685341000,0.6888,0.6888,0.6888
1691685342000,0.6888,0.6888,0.6888
1691685343000,0.68878411,0.68878411,0.68878411
1691685344000,0.68878411,0.68878411,0.68878411
1691685345000,0.6888,0.6888,0.6888
1691685346000,0.68879104,0.68879104,0.68879104
1691685347000,0.68878853,0.68878853,0.68878853
1691685348000,0.68878853,0.68878853,0.68878853
1691685349000,0.68878853,0.68878853,0.68878853
1691685350000,0.68878853,0.68878853,0.68878853
1691685351000,0.68879064,0.68879064,0.68879064
1691685352000,0.68879067,0.68879067,0.68879067
1691685353000,0.6889,0.6889,0.6889
1691685354000,0.6889,0.6889,0.6889
1691685355000,0.6889,0.6889,0.6889
1691685356000,0.6889,0.6889,0.6889
1691685357000,0.6888,0.6888,0.6888
1691685358000,0.6888,0.6888,0.6888
1691685359000,0.6888,0.6888,0.6888
1691685360000,0.6888,0.6888,0.6888
1691685361000,0.6888,0.6888,0.6888
1691685362000,0.6888,0.6888,0.6888
1691685363000,0.6889,0.6889,0.6889
1691685364000,0.68880155,0.68880155,0.68880155
1691685365000,0.6889,0.6889,0.6889
1691685366000,0.6889,0.6889,0.6889
1691685367000,0.6889,0.6889,0.6889
1691685368000,0.6889,0.6889,0.6889
1691685369000,0.6889,0.6889,0.6889
1691685370000,0.6891,0.6891,0.6891
1691685371000,0.6891,0.6891,0.6891
1691685372000,0.6891,0.6891,0.6891
1691685373000,0.6891,0.6891,0.6891
1691685374000,0.6891,0.6891,0.6891
1691685375000,0.6892,0.6892,0.6892
1691685376000,0.6891,0.6891,0.6891
1691685377000,0.6891,0.6891,0.6891
1691685378000,0.6892,0.6892,0.6892
1691685379000,0.6892,0.6892,0.6892
1691685380000,0.6891,0.6891,0.6891
1691685381000,0.6891,0.6891,0.6891
1691685382000,0.6891,0.6891,0.6891
1691685383000,0.6891,0.6891,0.6891
1691685384000,0.6892,0.6892,0.6892
1691685385000,0.6893,0.6893,0.6893
1691685386000,0.6893,0.6893,0.6893
1691685387000,0.6894,0.6894,0.6894
1691685388000,0.6894,0.6894,0.6894
1691685389000,0.6894,0.6894,0.6894
1691685390000,0.6894,0.6894,0.6894
1691685391000,0.6894,0.6894,0.6894
1691685392000,0.6893,0.6893,0.6893
1691685393000,0.6893,0.6893,0.6893
1691685394000,0.6892286,0.6892286,0.6892286
1691685395000,0.68923132,0.68923132,0.68923132
1691685396000,0.68922918,0.68922918,0.68922918
1691685397000,0.68922918,0.68922918,0.68922918
1691685398000,0.68922918,0.68922918,0.68922918
1691685399000,0.68922918,0.68922918,0.68922918
1691685400000,0.68922918,0.68922918,0.68922918
1691685401000,0.68910669,0.68910669,0.68910669
1691685402000,0.68910459,0.68910459,0.68910459
1691685403000,0.68910377,0.68910377,0.68910377
1691685404000,0.68910373,0.68910373,0.68910373
1691685405000,0.68909429,0.68909429,0.68909429
1691685406000,0.68909429,0.68909429,0.68909429
1691685407000,0.68908832,0.68908832,0.68908832
1691685408000,0.68908832,0.68908832,0.68908832
1691685409000,0.68908918,0.68908918,0.68908918
1691685410000,0.6892,0.6892,0.6892
1691685411000,0.6891,0.6891,0.6891
1691685412000,0.6891,0.6891,0.6891
1691685413000,0.6891,0.6891,0.6891
1691685414000,0.68905201,0.68905201,0.68905201
1691685415000,0.68903399,0.68903399,0.68903399
1691685416000,0.68903399,0.68903399,0.68903399
1691685417000,0.689,0.689,0.689
1691685418000,0.689,0.689,0.689
1691685419000,0.689,0.689,0.689
1691685420000,0.689,0.689,0.689
1691685421000,0.689,0.689,0.689
1691685422000,0.689,0.689,0.689
1691685423000,0.6891,0.6891,0.6891
1691685424000,0.6893,0.6893,0.6893
1691685425000,0.6893,0.6893,0.6893
1691685426000,0.6893,0.6893,0.6893
1691685427000,0.6893,0.6893,0.6893
1691685428000,0.6893,0.6893,0.6893
1691685429000,0.6893,0.6893,0.6893
1691685430000,0.6892,0.6892,0.6892
1691685431000,0.6892,0.6892,0.6892
1691685432000,0.6892,0.6892,0.6892
1691685433000,0.6891,0.6891,0.6891
1691685434000,0.6891,0.6891,0.6891
1691685435000,0.6891,0.6891,0.6891
1691685436000,0.6892,0.6892,0.6892
1691685437000,0.6893,0.6893,0.6893
1691685438000,0.6893,0.6893,0.6893
1691685439000,0.6893,0.6893,0.6893
1691685440000,0.6893,0.6893,0.6893
1691685441000,0.6893,0.6893,0.6893
1691685442000,0.6892,0.6892,0.6892
1691685443000,0.6892,0.6892,0.6892
1691685444000,0.6892,0.6892,0.6892
1691685445000,0.6892,0.6892,0.6892
1691685446000,0.6892,0.6892,0.6892
1691685447000,0.6892,0.6892,0.6892
1691685448000,0.6892,0.6892,0.6892
1691685449000,0.68911585,0.68911585,0.68911585
1691685450000,0.6892,0.6892,0.6892
1691685451000,0.6892,0.6892,0.6892
1691685452000,0.6892,0.6892,0.6892
1691685453000,0.68911722,0.68911722,0.68911722
1691685454000,0.6891211,0.6891211,0.6891211
1691685455000,0.68912114,0.68912114,0.68912114
1691685456000,0.68912179,0.68912179,0.68912179
1691685457000,0.68912182,0.68912182,0.68912182
1691685458000,0.68912156,0.68912156,0.68912156
1691685459000,0.68912156,0.68912156,0.68912156
1691685460000,0.68912242,0.68912242,0.68912242
1691685461000,0.6892,0.6892,0.6892
1691685462000,0.6892,0.6892,0.6892
1691685463000,0.6892,0.6892,0.6892
1691685464000,0.6892,0.6892,0.6892
1691685465000,0.6892,0.6892,0.6892
1691685466000,0.6893,0.6893,0.6893
1691685467000,0.6893,0.6893,0.6893
1691685468000,0.6895,0.6895,0.6895
1691685469000,0.6895,0.6895,0.6895
1691685470000,0.6894,0.6894,0.6894
1691685471000,0.6894,0.6894,0.6894
1691685472000,0.6894,0.6894,0.6894
1691685473000,0.6895,0.6895,0.6895
1691685474000,0.6895,0.6895,0.6895
1691685475000,0.6895,0.6895,0.6895
1691685476000,0.6896,0.6896,0.6896
1691685477000,0.6896,0.6896,0.6896
1691685478000,0.6896,0.6896,0.6896
1691685479000,0.6896,0.6896,0.6896
1691685480000,0.6896,0.6896,0.6896
1691685481000,0.6897,0.6897,0.6897
1691685482000,0.6897,0.6897,0.6897
1691685483000,0.6897,0.6897,0.6897
1691685484000,0.6897,0.6897,0.6897
1691685485000,0.6897,0.6897,0.6897
1691685486000,0.6896,0.6896,0.6896
1691685487000,0.6896,0.6896,0.6896
1691685488000,0.6896,0.6896,0.6896
1691685489000,0.6896,0.6896,0.6896
1691685490000,0.6896,0.6896,0.6896
1691685491000,0.6896,0.6896,0.6896
1691685492000,0.6896,0.6896,0.6896
1691685493000,0.6896,0.6896,0.6896
1691685494000,0.6896,0.6896,0.6896
1691685495000,0.6897,0.6897,0.6897
1691685496000,0.6897,0.6897,0.6897
1691685497000,0.6897,0.6897,0.6897
1691685498000,0.6896,0.6896,0.6896
1691685499000,0.6897,0.6897,0.6897
1691685500000,0.6897,0.6897,0.6897
1691685501000,0.6897,0.6897,0.6897
1691685502000,0.6897,0.6897,0.6897
1691685503000,0.6896,0.6896,0.6896
1691685504000,0.6896,0.6896,0.6896
1691685505000,0.68958706,0.68958706,0.68958706
1691685506000,0.68959195,0.68959195,0.68959195
1691685507000,0.68954199,0.68954199,0.68954199
1691685508000,0.68954109,0.68954109,0.68954109
1691685509000,0.68954109,0.68954109,0.68954109
1691685510000,0.68954079,0.68954079,0.68954079
1691685511000,0.68954173,0.68954173,0.68954173
1691685512000,0.6896,0.6896,0.6896
1691685513000,0.6896,0.6896,0.6896
1691685514000,0.6896,0.6896,0.6896
1691685515000,0.6896,0.6896,0.6896
1691685516000,0.6896,0.6896,0.6896
1691685517000,0.6896,0.6896,0.6896
1691685518000,0.68954611,0.68954611,0.68954611
1691685519000,0.68955097,0.68955097,0.68955097
1691685520000,0.68955097,0.68955097,0.68955097
1691685521000,0.68955097,0.68955097,0.68955097
1691685522000,0.68955093,0.68955093,0.68955093
1691685523000,0.6896,0.6896,0.6896
1691685524000,0.6896,0.6896,0.6896
1691685525000,0.6896,0.6896,0.6896
1691685526000,0.6896,0.6896,0.6896
1691685527000,0.68950553,0.68950553,0.68950553
1691685528000,0.6896,0.6896,0.6896
1691685529000,0.6896,0.6896,0.6896
1691685530000,0.6896,0.6896,0.6896
1691685531000,0.6896,0.6896,0.6896
1691685532000,0.6896,0.6896,0.6896
1691685533000,0.6895,0.6895,0.6895
1691685534000,0.6895,0.6895,0.6895
1691685535000,0.6895,0.6895,0.6895
1691685536000,0.6895,0.6895,0.6895
1691685537000,0.6895,0.6895,0.6895
1691685538000,0.6895,0.6895,0.6895
1691685539000,0.6895,0.6895,0.6895
1691685540000,0.6896,0.6896,0.6896
1691685541000,0.6896,0.6896,0.6896
1691685542000,0.6896,0.6896,0.6896
1691685543000,0.68950046,0.68950046,0.68950046
1691685544000,0.6896,0.6896,0.6896
1691685545000,0.6895,0.6895,0.6895
1691685546000,0.6895,0.6895,0.6895
1691685547000,0.6895,0.6895,0.6895
1691685548000,0.6895,0.6895,0.6895
1691685549000,0.6895,0.6895,0.6895
1691685550000,0.68955117,0.68955117,0.68955117
1691685551000,0.6896,0.6896,0.6896
1691685552000,0.6896,0.6896,0.6896
1691685553000,0.6896,0.6896,0.6896
1691685554000,0.6896,0.6896,0.6896
1691685555000,0.6896,0.6896,0.6896
1691685556000,0.6896,0.6896,0.6896
1691685557000,0.68955296,0.68955296,0.68955296
1691685558000,0.68955296,0.68955296,0.68955296
1691685559000,0.68955296,0.68955296,0.68955296
1691685560000,0.689553,0.689553,0.689553
1691685561000,0.6896,0.6896,0.6896
1691685562000,0.6896,0.6896,0.6896
1691685563000,0.6896,0.6896,0.6896
1691685564000,0.6896,0.6896,0.6896
1691685565000,0.68955419,0.68955419,0.68955419
1691685566000,0.68955419,0.68955419,0.68955419
1691685567000,0.6895556,0.6895556,0.6895556
1691685568000,0.68955474,0.68955474,0.68955474
1691685569000,0.6896,0.6896,0.6896
1691685570000,0.6897,0.6897,0.6897
1691685571000,0.6897,0.6897,0.6897
1691685572000,0.6897,0.6897,0.6897
1691685573000,0.6898,0.6898,0.6898
1691685574000,0.6898,0.6898,0.6898
1691685575000,0.6897,0.6897,0.6897
1691685576000,0.6897,0.6897,0.6897
1691685577000,0.6897,0.6897,0.6897
1691685578000,0.6897,0.6897,0.6897
1691685579000,0.6896,0.6896,0.6896
1691685580000,0.6896,0.6896,0.6896
1691685581000,0.6896,0.6896,0.6896
1691685582000,0.6896,0.6896,0.6896
1691685583000,0.6896,0.6896,0.6896
1691685584000,0.6897,0.6897,0.6897
1691685585000,0.6897,0.6897,0.6897
1691685586000,0.6897,0.6897,0.6897
1691685587000,0.6897,0.6897,0.6897
1691685588000,0.6897,0.6897,0.6897
1691685589000,0.6896,0.6896,0.6896
1691685590000,0.6896,0.6896,0.6896
1691685591000,0.6896,0.6896,0.6896
1691685592000,0.68961029,0.68961029,0.68961029
1691685593000,0.6898,0.6898,0.6898
1691685594000,0.6898,0.6898,0.6898
1691685595000,0.6898,0.6898,0.6898
1691685596000,0.6898,0.6898,0.6898
1691685597000,0.6897346,0.6897346,0.6897346
1691685598000,0.6899,0.6899,0.6899
1691685599000,0.6899,0.6899,0.6899
1691685600000,0.69,0.69,0.69
1691685601000,0.69,0.69,0.69
1691685602000,0.6901,0.6901,0.6901
1691685603000,0.69,0.69,0.69
1691685604000,0.69,0.69,0.69
1691685605000,0.69004272,0.69004272,0.69004272
1691685606000,0.6902,0.6902,0.6902
1691685607000,0.6902,0.6902,0.6902
1691685608000,0.6902,0.6902,0.6902
1691685609000,0.6901,0.6901,0.6901
1691685610000,0.6901,0.6901,0.6901
1691685611000,0.6902,0.6902,0.6902
1691685612000,0.6902,0.6902,0.6902
1691685613000,0.6902,0.6902,0.6902
1691685614000,0.6902,0.6902,0.6902
1691685615000,0.6902,0.6902,0.6902
1691685616000,0.6902,0.6902,0.6902
1691685617000,0.6902,0.6902,0.6902
1691685618000,0.6902,0.6902,0.6902
1691685619000,0.6902,0.6902,0.6902
1691685620000,0.6902,0.6902,0.6902
1691685621000,0.6902,0.6902,0.6902
1691685622000,0.6902,0.6902,0.6902
1691685623000,0.6902,0.6902,0.6902
1691685624000,0.6902,0.6902,0.6902
1691685625000,0.6904,0.6904,0.6904
1691685626000,0.6904,0.6904,0.6904
1691685627000,0.6904,0.6904,0.6904
1691685628000,0.6905,0.6905,0.6905
1691685629000,0.6905,0.6905,0.6905
1691685630000,0.6905,0.6905,0.6905
1691685631000,0.6905,0.6905,0.6905
1691685632000,0.6905,0.6905,0.6905
1691685633000,0.6904,0.6904,0.6904
1691685634000,0.6904,0.6904,0.6904
1691685635000,0.6904,0.6904,0.6904
1691685636000,0.69034162,0.69034162,0.69034162
1691685637000,0.69034162,0.69034162,0.69034162
1691685638000,0.69012655,0.69012655,0.69012655
1691685639000,0.69012652,0.69012652,0.69012652
1691685640000,0.69012652,0.69012652,0.69012652
1691685641000,0.69012156,0.69012156,0.69012156
1691685642000,0.69011704,0.69011704,0.69011704
1691685643000,0.69011521,0.69011521,0.69011521
1691685644000,0.69008054,0.69008054,0.69008054
1691685645000,0.69008101,0.69008101,0.69008101
1691685646000,0.69008105,0.69008105,0.69008105
1691685647000,0.69008105,0.69008105,0.69008105
1691685648000,0.68995911,0.68995911,0.68995911
1691685649000,0.68995911,0.68995911,0.68995911
1691685650000,0.68995005,0.68995005,0.68995005
1691685651000,0.68995005,0.68995005,0.68995005
1691685652000,0.68995005,0.68995005,0.68995005
1691685653000,0.68994626,0.68994626,0.68994626
1691685654000,0.69,0.69,0.69
1691685655000,0.69,0.69,0.69
1691685656000,0.69,0.69,0.69
1691685657000,0.69002638,0.69002638,0.69002638
1691685658000,0.6900328,0.6900328,0.6900328
1691685659000,0.69003976,0.69003976,0.69003976
1691685660000,0.69003976,0.69003976,0.69003976
1691685661000,0.6900402,0.6900402,0.6900402
1691685662000,0.69000934,0.69000934,0.69000934
1691685663000,0.69005769,0.69005769,0.69005769
1691685664000,0.69005769,0.69005769,0.69005769
1691685665000,0.69005682,0.69005682,0.69005682
1691685666000,0.69005645,0.69005645,0.69005645
1691685667000,0.69005645,0.69005645,0.69005645
1691685668000,0.69005645,0.69005645,0.69005645
1691685669000,0.69005765,0.69005765,0.69005765
1691685670000,0.69005761,0.69005761,0.69005761
1691685671000,0.69005761,0.69005761,0.69005761
1691685672000,0.69005192,0.69005192,0.69005192
1691685673000,0.69005113,0.69005113,0.69005113
1691685674000,0.69005117,0.69005117,0.69005117
1691685675000,0.6901,0.6901,0.6901
1691685676000,0.6901,0.6901,0.6901
1691685677000,0.6901,0.6901,0.6901
1691685678000,0.6902,0.6902,0.6902
1691685679000,0.6902,0.6902,0.6902
1691685680000,0.6902,0.6902,0.6902
1691685681000,0.6902,0.6902,0.6902
1691685682000,0.6901,0.6901,0.6901
1691685683000,0.6902,0.6902,0.6902
1691685684000,0.6902,0.6902,0.6902
1691685685000,0.6903,0.6903,0.6903
1691685686000,0.6903,0.6903,0.6903
1691685687000,0.6903,0.6903,0.6903
1691685688000,0.6904,0.6904,0.6904
1691685689000,0.6903,0.6903,0.6903
1691685690000,0.6903,0.6903,0.6903
1691685691000,0.6903,0.6903,0.6903
1691685692000,0.6904,0.6904,0.6904
1691685693000,0.6904,0.6904,0.6904
1691685694000,0.6903,0.6903,0.6903
1691685695000,0.6903,0.6903,0.6903
1691685696000,0.6903,0.6903,0.6903
1691685697000,0.69021484,0.69021484,0.69021484
1691685698000,0.69026484,0.69026484,0.69026484
1691685699000,0.69026853,0.69026853,0.69026853
1691685700000,0.69021924,0.69021924,0.69021924
1691685701000,0.6903,0.6903,0.6903
1691685702000,0.6903,0.6903,0.6903
1691685703000,0.6903,0.6903,0.6903
1691685704000,0.6903,0.6903,0.6903
1691685705000,0.6903,0.6903,0.6903
1691685706000,0.6903,0.6903,0.6903
1691685707000,0.6902666,0.6902666,0.6902666
1691685708000,0.6902666,0.6902666,0.6902666
1691685709000,0.69026664,0.69026664,0.69026664
1691685710000,0.69026903,0.69026903,0.69026903
1691685711000,0.69026906,0.69026906,0.69026906
1691685712000,0.69026906,0.69026906,0.69026906
1691685713000,0.69026992,0.69026992,0.69026992
1691685714000,0.6903,0.6903,0.6903
1691685715000,0.69038559,0.69038559,0.69038559
1691685716000,0.69038985,0.69038985,0.69038985
1691685717000,0.69038985,0.69038985,0.69038985
1691685718000,0.69039075,0.69039075,0.69039075
1691685719000,0.69039075,0.69039075,0.69039075
1691685720000,0.69039337,0.69039337,0.69039337
1691685721000,0.6904,0.6904,0.6904
1691685722000,0.69039546,0.69039546,0.69039546
1691685723000,0.69039546,0.69039546,0.69039546
1691685724000,0.69039546,0.69039546,0.69039546
1691685725000,0.6904,0.6904,0.6904
1691685726000,0.6904,0.6904,0.6904
1691685727000,0.6904,0.6904,0.6904
1691685728000,0.69039388,0.69039388,0.69039388
1691685729000,0.69041296,0.69041296,0.69041296
1691685730000,0.69042796,0.69042796,0.69042796
1691685731000,0.69042796,0.69042796,0.69042796
1691685732000,0.69042793,0.69042793,0.69042793
1691685733000,0.69042793,0.69042793,0.69042793
1691685734000,0.6904318,0.6904318,0.6904318
1691685735000,0.69043131,0.69043131,0.69043131
1691685736000,0.69043131,0.69043131,0.69043131
1691685737000,0.6905,0.6905,0.6905
1691685738000,0.6905,0.6905,0.6905
1691685739000,0.6905,0.6905,0.6905
1691685740000,0.6905,0.6905,0.6905
1691685741000,0.69049233,0.69049233,0.69049233
1691685742000,0.6905,0.6905,0.6905
1691685743000,0.6905,0.6905,0.6905
1691685744000,0.69054124,0.69054124,0.69054124
1691685745000,0.6904921,0.6904921,0.6904921
1691685746000,0.69033913,0.69033913,0.69033913
1691685747000,0.69033999,0.69033999,0.69033999
1691685748000,0.69033999,0.69033999,0.69033999
1691685749000,0.69033804,0.69033804,0.69033804
1691685750000,0.69030482,0.69030482,0.69030482
1691685751000,0.69029666,0.69029666,0.69029666
1691685752000,0.69029666,0.69029666,0.69029666
1691685753000,0.69029666,0.69029666,0.69029666
1691685754000,0.69029626,0.69029626,0.69029626
1691685755000,0.69029615,0.69029615,0.69029615
1691685756000,0.69029615,0.69029615,0.69029615
1691685757000,0.69029525,0.69029525,0.69029525
1691685758000,0.69029525,0.69029525,0.69029525
1691685759000,0.69029525,0.69029525,0.69029525
1691685760000,0.69029414,0.69029414,0.69029414
1691685761000,0.69030248,0.69030248,0.69030248
1691685762000,0.6904,0.6904,0.6904
1691685763000,0.6904,0.6904,0.6904
1691685764000,0.6904,0.6904,0.6904
1691685765000,0.6904,0.6904,0.6904
1691685766000,0.6904,0.6904,0.6904
1691685767000,0.6904,0.6904,0.6904
1691685768000,0.6904,0.6904,0.6904
1691685769000,0.6904,0.6904,0.6904
1691685770000,0.6904,0.6904,0.6904
1691685771000,0.6904,0.6904,0.6904
1691685772000,0.6904,0.6904,0.6904
1691685773000,0.6904,0.6904,0.6904
1691685774000,0.6904,0.6904,0.6904
1691685775000,0.69030608,0.69030608,0.69030608
1691685776000,0.6904,0.6904,0.6904
1691685777000,0.69030418,0.69030418,0.69030418
1691685778000,0.69030418,0.69030418,0.69030418
1691685779000,0.69030418,0.69030418,0.69030418
1691685780000,0.69030418,0.69030418,0.69030418
1691685781000,0.69030508,0.69030508,0.69030508
1691685782000,0.6903,0.6903,0.6903
1691685783000,0.6903,0.6903,0.6903
1691685784000,0.6903,0.6903,0.6903
1691685785000,0.6903,0.6903,0.6903
1691685786000,0.6903,0.6903,0.6903
1691685787000,0.6903,0.6903,0.6903
1691685788000,0.6903,0.6903,0.6903
1691685789000,0.6903,0.6903,0.6903
1691685790000,0.6903,0.6903,0.6903
1691685791000,0.69031787,0.69031787,0.69031787
1691685792000,0.6905,0.6905,0.6905
1691685793000,0.6905,0.6905,0.6905
1691685794000,0.6905,0.6905,0.6905
1691685795000,0.6905,0.6905,0.6905
1691685796000,0.6905,0.6905,0.6905
1691685797000,0.6905,0.6905,0.6905
1691685798000,0.6905,0.6905,0.6905
1691685799000,0.6905,0.6905,0.6905
1691685800000,0.6905,0.6905,0.6905
1691685801000,0.69040419,0.69040419,0.69040419
1691685802000,0.69040348,0.69040348,0.69040348
1691685803000,0.69040434,0.69040434,0.69040434
1691685804000,0.69030263,0.69030263,0.69030263
1691685805000,0.69029513,0.69029513,0.69029513
1691685806000,0.69029381,0.69029381,0.69029381
1691685807000,0.69029381,0.69029381,0.69029381
1691685808000,0.6903,0.6903,0.6903
1691685809000,0.6903,0.6903,0.6903
1691685810000,0.6903,0.6903,0.6903
1691685811000,0.6903,0.6903,0.6903
1691685812000,0.69034555,0.69034555,0.69034555
1691685813000,0.69034469,0.69034469,0.69034469
1691685814000,0.69034469,0.69034469,0.69034469
1691685815000,0.6903,0.6903,0.6903
1691685816000,0.6903,0.6903,0.6903
1691685817000,0.69029447,0.69029447,0.69029447
1691685818000,0.69029451,0.69029451,0.69029451
1691685819000,0.69029451,0.69029451,0.69029451
1691685820000,0.69027947,0.69027947,0.69027947
1691685821000,0.690279,0.690279,0.690279
1691685822000,0.69027941,0.69027941,0.69027941
1691685823000,0.6903,0.6903,0.6903
1691685824000,0.6903,0.6903,0.6903
1691685825000,0.6903,0.6903,0.6903
1691685826000,0.6903,0.6903,0.6903
1691685827000,0.6903,0.6903,0.6903
1691685828000,0.6903,0.6903,0.6903
1691685829000,0.69029773,0.69029773,0.69029773
1691685830000,0.6903,0.6903,0.6903
1691685831000,0.6903,0.6903,0.6903
1691685832000,0.6903,0.6903,0.6903
1691685833000,0.6903,0.6903,0.6903
1691685834000,0.6903,0.6903,0.6903
1691685835000,0.6903,0.6903,0.6903
1691685836000,0.6903,0.6903,0.6903
1691685837000,0.6903,0.6903,0.6903
1691685838000,0.6903,0.6903,0.6903
1691685839000,0.6903,0.6903,0.6903
1691685840000,0.6903,0.6903,0.6903
1691685841000,0.6904,0.6904,0.6904
1691685842000,0.6904,0.6904,0.6904
1691685843000,0.6904,0.6904,0.6904
1691685844000,0.6904,0.6904,0.6904
1691685845000,0.6904,0.6904,0.6904
1691685846000,0.6904,0.6904,0.6904
1691685847000,0.6904,0.6904,0.6904
1691685848000,0.6904,0.6904,0.6904
1691685849000,0.6904,0.6904,0.6904
1691685850000,0.6903,0.6903,0.6903
1691685851000,0.6903,0.6903,0.6903
1691685852000,0.6903,0.6903,0.6903
1691685853000,0.6903,0.6903,0.6903
1691685854000,0.6903,0.6903,0.6903
1691685855000,0.6903,0.6903,0.6903
1691685856000,0.6903,0.6903,0.6903
1691685857000,0.69030727,0.69030727,0.69030727
1691685858000,0.69030727,0.69030727,0.69030727
1691685859000,0.69030798,0.69030798,0.69030798
1691685860000,0.69030798,0.69030798,0.69030798
1691685861000,0.69030798,0.69030798,0.69030798
1691685862000,0.6903,0.6903,0.6903
1691685863000,0.6904,0.6904,0.6904
1691685864000,0.6904,0.6904,0.6904
1691685865000,0.6905,0.6905,0.6905
1691685866000,0.6905,0.6905,0.6905
1691685867000,0.6905,0.6905,0.6905
1691685868000,0.6905,0.6905,0.6905
1691685869000,0.6904,0.6904,0.6904
1691685870000,0.6904,0.6904,0.6904
1691685871000,0.6904,0.6904,0.6904
1691685872000,0.6904,0.6904,0.6904
1691685873000,0.6904,0.6904,0.6904
1691685874000,0.6905,0.6905,0.6905
1691685875000,0.6905,0.6905,0.6905
1691685876000,0.6905,0.6905,0.6905
1691685877000,0.6905,0.6905,0.6905
1691685878000,0.6905,0.6905,0.6905
1691685879000,0.6905,0.6905,0.6905
1691685880000,0.6905,0.6905,0.6905
1691685881000,0.6905,0.6905,0.6905
1691685882000,0.6905,0.6905,0.6905
1691685883000,0.6905,0.6905,0.6905
1691685884000,0.6905,0.6905,0.6905
1691685885000,0.6904,0.6904,0.6904
1691685886000,0.6905,0.6905,0.6905
1691685887000,0.6905,0.6905,0.6905
1691685888000,0.6905,0.6905,0.6905
1691685889000,0.6905,0.6905,0.6905
1691685890000,0.6905,0.6905,0.6905
1691685891000,0.6906,0.6906,0.6906
1691685892000,0.6906,0.6906,0.6906
1691685893000,0.6905,0.6905,0.6905
1691685894000,0.6906,0.6906,0.6906
1691685895000,0.6906,0.6906,0.6906
1691685896000,0.6905,0.6905,0.6905
1691685897000,0.6906,0.6906,0.6906
1691685898000,0.6906,0.6906,0.6906
1691685899000,0.6906,0.6906,0.6906
1691685900000,0.6906,0.6906,0.6906
1691685901000,0.6906,0.6906,0.6906
1691685902000,0.6905,0.6905,0.6905
1691685903000,0.6905,0.6905,0.6905
1691685904000,0.6905,0.6905,0.6905
1691685905000,0.69052446,0.69052446,0.69052446
1691685906000,0.69052533,0.69052533,0.69052533
1691685907000,0.69043068,0.69043068,0.69043068
1691685908000,0.69043068,0.69043068,0.69043068
1691685909000,0.69042986,0.69042986,0.69042986
1691685910000,0.69042986,0.69042986,0.69042986
1691685911000,0.69042989,0.69042989,0.69042989
1691685912000,0.69042989,0.69042989,0.69042989
1691685913000,0.69042989,0.69042989,0.69042989
1691685914000,0.69042933,0.69042933,0.69042933
1691685915000,0.6904268,0.6904268,0.6904268
1691685916000,0.69042677,0.69042677,0.69042677
1691685917000,0.69042677,0.69042677,0.69042677
1691685918000,0.69042591,0.69042591,0.69042591
1691685919000,0.69042628,0.69042628,0.69042628
1691685920000,0.69042489,0.69042489,0.69042489
1691685921000,0.69042489,0.69042489,0.69042489
1691685922000,0.69042486,0.69042486,0.69042486
1691685923000,0.69042486,0.69042486,0.69042486
1691685924000,0.69042014,0.69042014,0.69042014
1691685925000,0.69042014,0.69042014,0.69042014
1691685926000,0.69041076,0.69041076,0.69041076
1691685927000,0.69041076,0.69041076,0.69041076
1691685928000,0.69041076,0.69041076,0.69041076
1691685929000,0.69041076,0.69041076,0.69041076
1691685930000,0.69041076,0.69041076,0.69041076
1691685931000,0.69040767,0.69040767,0.69040767
1691685932000,0.69040767,0.69040767,0.69040767
1691685933000,0.69040854,0.69040854,0.69040854
1691685934000,0.69035812,0.69035812,0.69035812
1691685935000,0.6905,0.6905,0.6905
1691685936000,0.6905,0.6905,0.6905
1691685937000,0.6905,0.6905,0.6905
1691685938000,0.6905,0.6905,0.6905
1691685939000,0.6905,0.6905,0.6905
1691685940000,0.6905,0.6905,0.6905
1691685941000,0.6905,0.6905,0.6905
1691685942000,0.6905,0.6905,0.6905
1691685943000,0.6905,0.6905,0.6905
1691685944000,0.6904144,0.6904144,0.6904144
1691685945000,0.69041433,0.69041433,0.69041433
1691685946000,0.69041433,0.69041433,0.69041433
1691685947000,0.69041433,0.69041433,0.69041433
1691685948000,0.6905,0.6905,0.6905
1691685949000,0.6905,0.6905,0.6905
1691685950000,0.6905,0.6905,0.6905
1691685951000,0.6905,0.6905,0.6905
1691685952000,0.6905,0.6905,0.6905
1691685953000,0.6905,0.6905,0.6905
1691685954000,0.6906,0.6906,0.6906
1691685955000,0.6906,0.6906,0.6906
1691685956000,0.6906,0.6906,0.6906
1691685957000,0.6906,0.6906,0.6906
1691685958000,0.69050376,0.69050376,0.69050376
1691685959000,0.69050656,0.69050656,0.69050656
1691685960000,0.69050674,0.69050674,0.69050674
1691685961000,0.6906,0.6906,0.6906
1691685962000,0.69050674,0.69050674,0.69050674
1691685963000,0.6906,0.6906,0.6906
1691685964000,0.69055931,0.69055931,0.69055931
1691685965000,0.69055927,0.69055927,0.69055927
1691685966000,0.69056006,0.69056006,0.69056006
1691685967000,0.69056006,0.69056006,0.69056006
1691685968000,0.6905592,0.6905592,0.6905592
1691685969000,0.6905592,0.6905592,0.6905592
1691685970000,0.69056121,0.69056121,0.69056121
1691685971000,0.69056308,0.69056308,0.69056308
1691685972000,0.6906,0.6906,0.6906
1691685973000,0.6908,0.6908,0.6908
1691685974000,0.6908,0.6908,0.6908
1691685975000,0.6908,0.6908,0.6908
1691685976000,0.6906166,0.6906166,0.6906166
1691685977000,0.6906166,0.6906166,0.6906166
1691685978000,0.6906166,0.6906166,0.6906166
1691685979000,0.69061747,0.69061747,0.69061747
1691685980000,0.69061657,0.69061657,0.69061657
1691685981000,0.69061434,0.69061434,0.69061434
1691685982000,0.69059627,0.69059627,0.69059627
1691685983000,0.6907,0.6907,0.6907
1691685984000,0.6906,0.6906,0.6906
1691685985000,0.6907,0.6907,0.6907
1691685986000,0.6907,0.6907,0.6907
1691685987000,0.6907,0.6907,0.6907
1691685988000,0.6907,0.6907,0.6907
1691685989000,0.6907,0.6907,0.6907
1691685990000,0.6907,0.6907,0.6907
1691685991000,0.6907,0.6907,0.6907
1691685992000,0.6907,0.6907,0.6907
1691685993000,0.6908,0.6908,0.6908
1691685994000,0.6908,0.6908,0.6908
1691685995000,0.6908,0.6908,0.6908
1691685996000,0.6908,0.6908,0.6908
1691685997000,0.6908,0.6908,0.6908
1691685998000,0.6908,0.6908,0.6908
1691685999000,0.6908,0.6908,0.6908
1691686000000,0.6908,0.6908,0.6908
1691686001000,0.6908,0.6908,0.6908
1691686002000,0.6909,0.6909,0.6909
1691686003000,0.6908,0.6908,0.6908
1691686004000,0.6908,0.6908,0.6908
1691686005000,0.6908,0.6908,0.6908
1691686006000,0.6906259,0.6906259,0.6906259
1691686007000,0.69072014,0.69072014,0.69072014
1691686008000,0.69072014,0.69072014,0.69072014
1691686009000,0.69072449,0.69072449,0.69072449
1691686010000,0.69072449,0.69072449,0.69072449
1691686011000,0.69072449,0.69072449,0.69072449
1691686012000,0.69072636,0.69072636,0.69072636
1691686013000,0.69073311,0.69073311,0.69073311
1691686014000,0.6908,0.6908,0.6908
1691686015000,0.6908,0.6908,0.6908
1691686016000,0.6908,0.6908,0.6908
1691686017000,0.69073263,0.69073263,0.69073263
1691686018000,0.69073263,0.69073263,0.69073263
1691686019000,0.69073859,0.69073859,0.69073859
1691686020000,0.69073897,0.69073897,0.69073897
1691686021000,0.6908,0.6908,0.6908
1691686022000,0.6909,0.6909,0.6909
1691686023000,0.6909,0.6909,0.6909
1691686024000,0.6909,0.6909,0.6909
1691686025000,0.6908,0.6908,0.6908
1691686026000,0.6908,0.6908,0.6908
1691686027000,0.6909,0.6909,0.6909
1691686028000,0.6908,0.6908,0.6908
1691686029000,0.6909,0.6909,0.6909
1691686030000,0.6909,0.6909,0.6909
1691686031000,0.6909,0.6909,0.6909
1691686032000,0.6909,0.6909,0.6909
1691686033000,0.6909,0.6909,0.6909
1691686034000,0.6909,0.6909,0.6909
1691686035000,0.6909,0.6909,0.6909
1691686036000,0.6909,0.6909,0.6909
1691686037000,0.6908,0.6908,0.6908
1691686038000,0.6908,0.6908,0.6908
1691686039000,0.6908,0.6908,0.6908
1691686040000,0.6908,0.6908,0.6908
1691686041000,0.6909,0.6909,0.6909
1691686042000,0.6909,0.6909,0.6909
1691686043000,0.6909,0.6909,0.6909
1691686044000,0.691,0.691,0.691
1691686045000,0.69090019,0.69090019,0.69090019
1691686046000,0.69084972,0.69084972,0.69084972
1691686047000,0.69079899,0.69079899,0.69079899
1691686048000,0.69079899,0.69079899,0.69079899
1691686049000,0.69079899,0.69079899,0.69079899
1691686050000,0.69079902,0.69079902,0.69079902
1691686051000,0.69079902,0.69079902,0.69079902
1691686052000,0.69079902,0.69079902,0.69079902
1691686053000,0.69079864,0.69079864,0.69079864
1691686054000,0.69079616,0.69079616,0.69079616
1691686055000,0.69079613,0.69079613,0.69079613
1691686056000,0.69079613,0.69079613,0.69079613
1691686057000,0.69079613,0.69079613,0.69079613
1691686058000,0.69079922,0.69079922,0.69079922
1691686059000,0.69075646,0.69075646,0.69075646
1691686060000,0.69075646,0.69075646,0.69075646
1691686061000,0.69075646,0.69075646,0.69075646
1691686062000,0.69075649,0.69075649,0.69075649
1691686063000,0.69075561,0.69075561,0.69075561
1691686064000,0.69075533,0.69075533,0.69075533
1691686065000,0.69075533,0.69075533,0.69075533
1691686066000,0.6907479,0.6907479,0.6907479
1691686067000,0.69079134,0.69079134,0.69079134
1691686068000,0.69079134,0.69079134,0.69079134
1691686069000,0.6907465,0.6907465,0.6907465
1691686070000,0.6907465,0.6907465,0.6907465
1691686071000,0.69074571,0.69074571,0.69074571
1691686072000,0.69074571,0.69074571,0.69074571
1691686073000,0.69074542,0.69074542,0.69074542
1691686074000,0.69074539,0.69074539,0.69074539
1691686075000,0.69074385,0.69074385,0.69074385
1691686076000,0.69078729,0.69078729,0.69078729
1691686077000,0.69078804,0.69078804,0.69078804
1691686078000,0.69078801,0.69078801,0.69078801
1691686079000,0.69078801,0.69078801,0.69078801
1691686080000,0.69074223,0.69074223,0.69074223
1691686081000,0.69074223,0.69074223,0.69074223
1691686082000,0.69074223,0.69074223,0.69074223
1691686083000,0.69074213,0.69074213,0.69074213
1691686084000,0.69074213,0.69074213,0.69074213
1691686085000,0.6907421,0.6907421,0.6907421
1691686086000,0.6907414,0.6907414,0.6907414
1691686087000,0.6907414,0.6907414,0.6907414
1691686088000,0.6907414,0.6907414,0.6907414
1691686089000,0.6906891,0.6906891,0.6906891
1691686090000,0.6906891,0.6906891,0.6906891
1691686091000,0.69062359,0.69062359,0.69062359
1691686092000,0.69056814,0.69056814,0.69056814
1691686093000,0.69055746,0.69055746,0.69055746
1691686094000,0.69055746,0.69055746,0.69055746
1691686095000,0.69055671,0.69055671,0.69055671
1691686096000,0.69056975,0.69056975,0.69056975
1691686097000,0.6905677,0.6905677,0.6905677
1691686098000,0.69057096,0.69057096,0.69057096
1691686099000,0.69057021,0.69057021,0.69057021
1691686100000,0.69057021,0.69057021,0.69057021
1691686101000,0.69057021,0.69057021,0.69057021
1691686102000,0.69056968,0.69056968,0.69056968
1691686103000,0.69056884,0.69056884,0.69056884
1691686104000,0.69056884,0.69056884,0.69056884
1691686105000,0.69056884,0.69056884,0.69056884
1691686106000,0.69056884,0.69056884,0.69056884
1691686107000,0.69052536,0.69052536,0.69052536
1691686108000,0.69052304,0.69052304,0.69052304
1691686109000,0.69052144,0.69052144,0.69052144
1691686110000,0.69052144,0.69052144,0.69052144
1691686111000,0.69052144,0.69052144,0.69052144
1691686112000,0.69052144,0.69052144,0.69052144
1691686113000,0.69052144,0.69052144,0.69052144
1691686114000,0.6905205,0.6905205,0.6905205
1691686115000,0.69051975,0.69051975,0.69051975
1691686116000,0.69056323,0.69056323,0.69056323
1691686117000,0.69051978,0.69051978,0.69051978
1691686118000,0.69051975,0.69051975,0.69051975
1691686119000,0.69051816,0.69051816,0.69051816
1691686120000,0.69047846,0.69047846,0.69047846
1691686121000,0.69047849,0.69047849,0.69047849
1691686122000,0.69047849,0.69047849,0.69047849
1691686123000,0.69047849,0.69047849,0.69047849
1691686124000,0.69052164,0.69052164,0.69052164
1691686125000,0.69052046,0.69052046,0.69052046
1691686126000,0.69052046,0.69052046,0.69052046
1691686127000,0.69052046,0.69052046,0.69052046
1691686128000,0.69051971,0.69051971,0.69051971
1691686129000,0.69052003,0.69052003,0.69052003
1691686130000,0.69051838,0.69051838,0.69051838
1691686131000,0.69051763,0.69051763,0.69051763
1691686132000,0.69051835,0.69051835,0.69051835
1691686133000,0.69051835,0.69051835,0.69051835
1691686134000,0.69051835,0.69051835,0.69051835
1691686135000,0.69051816,0.69051816,0.69051816
1691686136000,0.69051439,0.69051439,0.69051439
1691686137000,0.69051439,0.69051439,0.69051439
1691686138000,0.69051442,0.69051442,0.69051442
1691686139000,0.69051361,0.69051361,0.69051361
1691686140000,0.69051361,0.69051361,0.69051361
1691686141000,0.6905095,0.6905095,0.6905095
1691686142000,0.69051022,0.69051022,0.69051022
1691686143000,0.69051025,0.69051025,0.69051025
1691686144000,0.69051022,0.69051022,0.69051022
1691686145000,0.69051022,0.69051022,0.69051022
1691686146000,0.69050914,0.69050914,0.69050914
1691686147000,0.69050246,0.69050246,0.69050246
1691686148000,0.69050243,0.69050243,0.69050243
1691686149000,0.6904959,0.6904959,0.6904959
1691686150000,0.6906,0.6906,0.6906
1691686151000,0.69063748,0.69063748,0.69063748
1691686152000,0.69063931,0.69063931,0.69063931
1691686153000,0.6907,0.6907,0.6907
1691686154000,0.6907,0.6907,0.6907
1691686155000,0.6907,0.6907,0.6907
1691686156000,0.6907,0.6907,0.6907
1691686157000,0.6907,0.6907,0.6907
1691686158000,0.6907,0.6907,0.6907
1691686159000,0.6907,0.6907,0.6907
1691686160000,0.6907,0.6907,0.6907
1691686161000,0.6907,0.6907,0.6907
1691686162000,0.6907,0.6907,0.6907
1691686163000,0.6907,0.6907,0.6907
1691686164000,0.6907,0.6907,0.6907
1691686165000,0.6909,0.6909,0.6909
1691686166000,0.6909,0.6909,0.6909
1691686167000,0.691,0.691,0.691
1691686168000,0.691,0.691,0.691
1691686169000,0.691,0.691,0.691
1691686170000,0.691,0.691,0.691
1691686171000,0.691,0.691,0.691
1691686172000,0.691,0.691,0.691
1691686173000,0.691,0.691,0.691
1691686174000,0.691,0.691,0.691
1691686175000,0.6911,0.6911,0.6911
1691686176000,0.6911,0.6911,0.6911
1691686177000,0.6911,0.6911,0.6911
1691686178000,0.691,0.691,0.691
1691686179000,0.69100347,0.69100347,0.69100347
1691686180000,0.69100419,0.69100419,0.69100419
1691686181000,0.69101074,0.69101074,0.69101074
1691686182000,0.69101071,0.69101071,0.69101071
1691686183000,0.69101071,0.69101071,0.69101071
1691686184000,0.69101071,0.69101071,0.69101071
1691686185000,0.6911,0.6911,0.6911
1691686186000,0.6911,0.6911,0.6911
1691686187000,0.69101697,0.69101697,0.69101697
1691686188000,0.69101697,0.69101697,0.69101697
1691686189000,0.6911,0.6911,0.6911
1691686190000,0.6911,0.6911,0.6911
1691686191000,0.6911,0.6911,0.6911
1691686192000,0.6911,0.6911,0.6911
1691686193000,0.6911,0.6911,0.6911
1691686194000,0.6911,0.6911,0.6911
1691686195000,0.691,0.691,0.691
1691686196000,0.691,0.691,0.691
1691686197000,0.691,0.691,0.691
1691686198000,0.691,0.691,0.691
1691686199000,0.691,0.691,0.691
1691686200000,0.691,0.691,0.691
1691686201000,0.6911,0.6911,0.6911
1691686202000,0.6909794,0.6909794,0.6909794
1691686203000,0.691,0.691,0.691
1691686204000,0.691,0.691,0.691
1691686205000,0.691,0.691,0.691
1691686206000,0.691,0.691,0.691
1691686207000,0.691,0.691,0.691
1691686208000,0.6911,0.6911,0.6911
1691686209000,0.6911,0.6911,0.6911
1691686210000,0.6911,0.6911,0.6911
1691686211000,0.6911,0.6911,0.6911
1691686212000,0.6911,0.6911,0.6911
1691686213000,0.691,0.691,0.691
1691686214000,0.6911,0.6911,0.6911
1691686215000,0.6911,0.6911,0.6911
1691686216000,0.6911,0.6911,0.6911
1691686217000,0.691,0.691,0.691
1691686218000,0.691,0.691,0.691
1691686219000,0.691,0.691,0.691
1691686220000,0.691,0.691,0.691
1691686221000,0.69098534,0.69098534,0.69098534
1691686222000,0.691,0.691,0.691
1691686223000,0.691,0.691,0.691
1691686224000,0.691,0.691,0.691
1691686225000,0.691,0.691,0.691
1691686226000,0.691,0.691,0.691
1691686227000,0.691,0.691,0.691
1691686228000,0.691,0.691,0.691
1691686229000,0.69095163,0.69095163,0.69095163
1691686230000,0.69094278,0.69094278,0.69094278
1691686231000,0.69094278,0.69094278,0.69094278
1691686232000,0.6909394,0.6909394,0.6909394
1691686233000,0.69093937,0.69093937,0.69093937
1691686234000,0.69093285,0.69093285,0.69093285
1691686235000,0.6909,0.6909,0.6909
1691686236000,0.6909,0.6909,0.6909
1691686237000,0.6909,0.6909,0.6909
1691686238000,0.6909,0.6909,0.6909
1691686239000,0.6909,0.6909,0.6909
1691686240000,0.6909,0.6909,0.6909
1691686241000,0.6909,0.6909,0.6909
1691686242000,0.6909,0.6909,0.6909
1691686243000,0.6909,0.6909,0.6909
1691686244000,0.69088655,0.69088655,0.69088655
1691686245000,0.6909,0.6909,0.6909
1691686246000,0.6908856,0.6908856,0.6908856
1691686247000,0.69088312,0.69088312,0.69088312
1691686248000,0.69088315,0.69088315,0.69088315
1691686249000,0.69088315,0.69088315,0.69088315
1691686250000,0.69088312,0.69088312,0.69088312
1691686251000,0.69088237,0.69088237,0.69088237
1691686252000,0.6908762,0.6908762,0.6908762
1691686253000,0.6908762,0.6908762,0.6908762
1691686254000,0.69088273,0.69088273,0.69088273
1691686255000,0.6909262,0.6909262,0.6909262
1691686256000,0.69092695,0.69092695,0.69092695
1691686257000,0.69092315,0.69092315,0.69092315
1691686258000,0.69092315,0.69092315,0.69092315
1691686259000,0.69092243,0.69092243,0.69092243
1691686260000,0.6909224,0.6909224,0.6909224
1691686261000,0.69092243,0.69092243,0.69092243
1691686262000,0.6909224,0.6909224,0.6909224
1691686263000,0.69091961,0.69091961,0.69091961
1691686264000,0.69091961,0.69091961,0.69091961
1691686265000,0.69091961,0.69091961,0.69091961
1691686266000,0.69089349,0.69089349,0.69089349
1691686267000,0.69089352,0.69089352,0.69089352
1691686268000,0.69089233,0.69089233,0.69089233
1691686269000,0.69089243,0.69089243,0.69089243
1691686270000,0.6908924,0.6908924,0.6908924
1691686271000,0.6908924,0.6908924,0.6908924
1691686272000,0.69089243,0.69089243,0.69089243
1691686273000,0.69089357,0.69089357,0.69089357
1691686274000,0.691,0.691,0.691
1691686275000,0.691,0.691,0.691
1691686276000,0.691,0.691,0.691
1691686277000,0.691,0.691,0.691
1691686278000,0.6909,0.6909,0.6909
1691686279000,0.6909,0.6909,0.6909
1691686280000,0.6909,0.6909,0.6909
1691686281000,0.6909,0.6909,0.6909
1691686282000,0.69085037,0.69085037,0.69085037
1691686283000,0.6909,0.6909,0.6909
1691686284000,0.6909,0.6909,0.6909
1691686285000,0.6909,0.6909,0.6909
1691686286000,0.6909,0.6909,0.6909
1691686287000,0.6909,0.6909,0.6909
1691686288000,0.6909,0.6909,0.6909
1691686289000,0.6909,0.6909,0.6909
1691686290000,0.69084945,0.69084945,0.69084945
1691686291000,0.6909,0.6909,0.6909
1691686292000,0.6909,0.6909,0.6909
1691686293000,0.6909,0.6909,0.6909
1691686294000,0.6909,0.6909,0.6909
1691686295000,0.6909,0.6909,0.6909
1691686296000,0.69083855,0.69083855,0.69083855
1691686297000,0.69083777,0.69083777,0.69083777
1691686298000,0.6909,0.6909,0.6909
1691686299000,0.6909,0.6909,0.6909
1691686300000,0.69088134,0.69088134,0.69088134
1691686301000,0.69087693,0.69087693,0.69087693
1691686302000,0.6909,0.6909,0.6909
1691686303000,0.6909,0.6909,0.6909
1691686304000,0.6909,0.6909,0.6909
1691686305000,0.6909,0.6909,0.6909
1691686306000,0.6909,0.6909,0.6909
1691686307000,0.6909,0.6909,0.6909
1691686308000,0.6909,0.6909,0.6909
1691686309000,0.69086622,0.69086622,0.69086622
1691686310000,0.69086622,0.69086622,0.69086622
1691686311000,0.69086613,0.69086613,0.69086613
1691686312000,0.69086653,0.69086653,0.69086653
1691686313000,0.69073342,0.69073342,0.69073342
1691686314000,0.69072915,0.69072915,0.69072915
1691686315000,0.69072915,0.69072915,0.69072915
1691686316000,0.69072915,0.69072915,0.69072915
1691686317000,0.69064002,0.69064002,0.69064002
1691686318000,0.69063619,0.69063619,0.69063619
1691686319000,0.69054152,0.69054152,0.69054152
1691686320000,0.69054152,0.69054152,0.69054152
1691686321000,0.69054152,0.69054152,0.69054152
1691686322000,0.69054152,0.69054152,0.69054152
1691686323000,0.69053914,0.69053914,0.69053914
1691686324000,0.69053914,0.69053914,0.69053914
1691686325000,0.69058252,0.69058252,0.69058252
1691686326000,0.69058252,0.69058252,0.69058252
1691686327000,0.69058124,0.69058124,0.69058124
1691686328000,0.69058054,0.69058054,0.69058054
1691686329000,0.6905751,0.6905751,0.6905751
1691686330000,0.69057461,0.69057461,0.69057461
1691686331000,0.69057461,0.69057461,0.69057461
1691686332000,0.69057461,0.69057461,0.69057461
1691686333000,0.69057461,0.69057461,0.69057461
1691686334000,0.69056869,0.69056869,0.69056869
1691686335000,0.6906,0.6906,0.6906
1691686336000,0.6906,0.6906,0.6906
1691686337000,0.6906,0.6906,0.6906
1691686338000,0.6906,0.6906,0.6906
1691686339000,0.6906,0.6906,0.6906
1691686340000,0.6906,0.6906,0.6906
1691686341000,0.6906,0.6906,0.6906
1691686342000,0.6906,0.6906,0.6906
1691686343000,0.6906,0.6906,0.6906
1691686344000,0.6906,0.6906,0.6906
1691686345000,0.6906,0.6906,0.6906
1691686346000,0.6906,0.6906,0.6906
1691686347000,0.6906,0.6906,0.6906
1691686348000,0.6906,0.6906,0.6906
1691686349000,0.6906,0.6906,0.6906
1691686350000,0.6906,0.6906,0.6906
1691686351000,0.6906,0.6906,0.6906
1691686352000,0.6906,0.6906,0.6906
1691686353000,0.6906,0.6906,0.6906
1691686354000,0.6906,0.6906,0.6906
1691686355000,0.6906,0.6906,0.6906
1691686356000,0.6906,0.6906,0.6906
1691686357000,0.6906,0.6906,0.6906
1691686358000,0.6906,0.6906,0.6906
1691686359000,0.6907,0.6907,0.6907
1691686360000,0.69060197,0.69060197,0.69060197
1691686361000,0.6906,0.6906,0.6906
1691686362000,0.6907,0.6907,0.6907
1691686363000,0.6907,0.6907,0.6907
1691686364000,0.6909,0.6909,0.6909
1691686365000,0.6909,0.6909,0.6909
1691686366000,0.6909,0.6909,0.6909
1691686367000,0.6909,0.6909,0.6909
1691686368000,0.6909,0.6909,0.6909
1691686369000,0.6909,0.6909,0.6909
1691686370000,0.6909,0.6909,0.6909
1691686371000,0.6909,0.6909,0.6909
1691686372000,0.6909,0.6909,0.6909
1691686373000,0.6908,0.6908,0.6908
1691686374000,0.6908,0.6908,0.6908
1691686375000,0.6908,0.6908,0.6908
1691686376000,0.6908,0.6908,0.6908
1691686377000,0.6908,0.6908,0.6908
1691686378000,0.6908,0.6908,0.6908
1691686379000,0.6908,0.6908,0.6908
1691686380000,0.6908,0.6908,0.6908
1691686381000,0.6909,0.6909,0.6909
1691686382000,0.6909,0.6909,0.6909
1691686383000,0.6909,0.6909,0.6909
1691686384000,0.6909,0.6909,0.6909
1691686385000,0.6909,0.6909,0.6909
1691686386000,0.6909,0.6909,0.6909
1691686387000,0.6909,0.6909,0.6909
1691686388000,0.6909,0.6909,0.6909
1691686389000,0.6908,0.6908,0.6908
1691686390000,0.6908,0.6908,0.6908
1691686391000,0.6908,0.6908,0.6908
1691686392000,0.6908,0.6908,0.6908
1691686393000,0.6908,0.6908,0.6908
1691686394000,0.6908,0.6908,0.6908
1691686395000,0.6908,0.6908,0.6908
1691686396000,0.6908,0.6908,0.6908
1691686397000,0.6908,0.6908,0.6908
1691686398000,0.6908,0.6908,0.6908
1691686399000,0.6908,0.6908,0.6908
1691686400000,0.69067702,0.69067702,0.69067702
1691686401000,0.69067707,0.69067707,0.69067707
1691686402000,0.69069207,0.69069207,0.69069207
1691686403000,0.69068823,0.69068823,0.69068823
1691686404000,0.69068823,0.69068823,0.69068823
1691686405000,0.69068823,0.69068823,0.69068823
1691686406000,0.6906112,0.6906112,0.6906112
1691686407000,0.69058034,0.69058034,0.69058034
1691686408000,0.69058034,0.69058034,0.69058034
1691686409000,0.69058034,0.69058034,0.69058034
1691686410000,0.69058034,0.69058034,0.69058034
1691686411000,0.69042318,0.69042318,0.69042318
1691686412000,0.69038928,0.69038928,0.69038928
1691686413000,0.69038587,0.69038587,0.69038587
1691686414000,0.69033411,0.69033411,0.69033411
1691686415000,0.69033411,0.69033411,0.69033411
1691686416000,0.69033014,0.69033014,0.69033014
1691686417000,0.6903291,0.6903291,0.6903291
1691686418000,0.69027997,0.69027997,0.69027997
1691686419000,0.69027997,0.69027997,0.69027997
1691686420000,0.69027997,0.69027997,0.69027997
1691686421000,0.69027997,0.69027997,0.69027997
1691686422000,0.69025743,0.69025743,0.69025743
1691686423000,0.69025662,0.69025662,0.69025662
1691686424000,0.69025662,0.69025662,0.69025662
1691686425000,0.69025658,0.69025658,0.69025658
1691686426000,0.69025504,0.69025504,0.69025504
1691686427000,0.69025422,0.69025422,0.69025422
1691686428000,0.6902545,0.6902545,0.6902545
1691686429000,0.6902545,0.6902545,0.6902545
1691686430000,0.6902545,0.6902545,0.6902545
1691686431000,0.6902545,0.6902545,0.6902545
1691686432000,0.69025398,0.69025398,0.69025398
1691686433000,0.69025398,0.69025398,0.69025398
1691686434000,0.69025136,0.69025136,0.69025136
1691686435000,0.69025136,0.69025136,0.69025136
1691686436000,0.69025886,0.69025886,0.69025886
1691686437000,0.69030799,0.69030799,0.69030799
1691686438000,0.69030803,0.69030803,0.69030803
1691686439000,0.69030823,0.69030823,0.69030823
1691686440000,0.69030823,0.69030823,0.69030823
1691686441000,0.69025823,0.69025823,0.69025823
1691686442000,0.6903089,0.6903089,0.6903089
1691686443000,0.69025886,0.69025886,0.69025886
1691686444000,0.6903,0.6903,0.6903
1691686445000,0.69025826,0.69025826,0.69025826
1691686446000,0.6903,0.6903,0.6903
1691686447000,0.6903,0.6903,0.6903
1691686448000,0.6903,0.6903,0.6903
1691686449000,0.69024334,0.69024334,0.69024334
1691686450000,0.69024631,0.69024631,0.69024631
1691686451000,0.69024631,0.69024631,0.69024631
1691686452000,0.69021566,0.69021566,0.69021566
1691686453000,0.6902148,0.6902148,0.6902148
1691686454000,0.6902148,0.6902148,0.6902148
1691686455000,0.6902148,0.6902148,0.6902148
1691686456000,0.69020702,0.69020702,0.69020702
1691686457000,0.69020702,0.69020702,0.69020702
1691686458000,0.69020687,0.69020687,0.69020687
1691686459000,0.6902069,0.6902069,0.6902069
1691686460000,0.6902069,0.6902069,0.6902069
1691686461000,0.69019937,0.69019937,0.69019937
1691686462000,0.69020012,0.69020012,0.69020012
1691686463000,0.69020008,0.69020008,0.69020008
1691686464000,0.69020008,0.69020008,0.69020008
1691686465000,0.69020008,0.69020008,0.69020008
1691686466000,0.69019922,0.69019922,0.69019922
1691686467000,0.69019252,0.69019252,0.69019252
1691686468000,0.69019162,0.69019162,0.69019162
1691686469000,0.69019158,0.69019158,0.69019158
1691686470000,0.69019158,0.69019158,0.69019158
1691686471000,0.69019162,0.69019162,0.69019162
1691686472000,0.69018675,0.69018675,0.69018675
1691686473000,0.69018675,0.69018675,0.69018675
1691686474000,0.69013668,0.69013668,0.69013668
1691686475000,0.69013668,0.69013668,0.69013668
1691686476000,0.69013582,0.69013582,0.69013582
1691686477000,0.6902,0.6902,0.6902
1691686478000,0.69013184,0.69013184,0.69013184
1691686479000,0.69014024,0.69014024,0.69014024
1691686480000,0.69014027,0.69014027,0.69014027
1691686481000,0.69013941,0.69013941,0.69013941
1691686482000,0.69014024,0.69014024,0.69014024
1691686483000,0.69014095,0.69014095,0.69014095
1691686484000,0.69013921,0.69013921,0.69013921
1691686485000,0.69013917,0.69013917,0.69013917
1691686486000,0.6902,0.6902,0.6902
1691686487000,0.69013917,0.69013917,0.69013917
1691686488000,0.69013929,0.69013929,0.69013929
1691686489000,0.69013775,0.69013775,0.69013775
1691686490000,0.69013775,0.69013775,0.69013775
1691686491000,0.69013689,0.69013689,0.69013689
1691686492000,0.69013775,0.69013775,0.69013775
1691686493000,0.69013839,0.69013839,0.69013839
1691686494000,0.69013753,0.69013753,0.69013753
1691686495000,0.69013527,0.69013527,0.69013527
1691686496000,0.69013527,0.69013527,0.69013527
1691686497000,0.69013531,0.69013531,0.69013531
1691686498000,0.6901343,0.6901343,0.6901343
1691686499000,0.6901343,0.6901343,0.6901343
1691686500000,0.69013218,0.69013218,0.69013218
1691686501000,0.6902,0.6902,0.6902
1691686502000,0.69032244,0.69032244,0.69032244
1691686503000,0.6904,0.6904,0.6904
1691686504000,0.6904,0.6904,0.6904
1691686505000,0.6904,0.6904,0.6904
1691686506000,0.6904,0.6904,0.6904
1691686507000,0.6903769,0.6903769,0.6903769
1691686508000,0.6903769,0.6903769,0.6903769
1691686509000,0.69037138,0.69037138,0.69037138
1691686510000,0.69037138,0.69037138,0.69037138
1691686511000,0.69036837,0.69036837,0.69036837
1691686512000,0.69036837,0.69036837,0.69036837
1691686513000,0.69036837,0.69036837,0.69036837
1691686514000,0.6903732,0.6903732,0.6903732
1691686515000,0.6903732,0.6903732,0.6903732
1691686516000,0.6903732,0.6903732,0.6903732
1691686517000,0.69036666,0.69036666,0.69036666
1691686518000,0.69036666,0.69036666,0.69036666
1691686519000,0.69036666,0.69036666,0.69036666
1691686520000,0.69036696,0.69036696,0.69036696
1691686521000,0.69036696,0.69036696,0.69036696
1691686522000,0.69036407,0.69036407,0.69036407
1691686523000,0.6905,0.6905,0.6905
1691686524000,0.6905,0.6905,0.6905
1691686525000,0.6905,0.6905,0.6905
1691686526000,0.6905,0.6905,0.6905
1691686527000,0.6905,0.6905,0.6905
1691686528000,0.6904,0.6904,0.6904
1691686529000,0.6905,0.6905,0.6905
1691686530000,0.6905,0.6905,0.6905
1691686531000,0.6905,0.6905,0.6905
1691686532000,0.6906,0.6906,0.6906
1691686533000,0.6906,0.6906,0.6906
1691686534000,0.6906,0.6906,0.6906
1691686535000,0.6906,0.6906,0.6906
1691686536000,0.6906,0.6906,0.6906
1691686537000,0.6906,0.6906,0.6906
1691686538000,0.6907,0.6907,0.6907
1691686539000,0.6905,0.6905,0.6905
1691686540000,0.6905,0.6905,0.6905
1691686541000,0.6905,0.6905,0.6905
1691686542000,0.6905,0.6905,0.6905
1691686543000,0.6906,0.6906,0.6906
1691686544000,0.6906,0.6906,0.6906
1691686545000,0.6906,0.6906,0.6906
1691686546000,0.6906,0.6906,0.6906
1691686547000,0.6906,0.6906,0.6906
1691686548000,0.6906,0.6906,0.6906
1691686549000,0.6906,0.6906,0.6906
1691686550000,0.6906,0.6906,0.6906
1691686551000,0.6906,0.6906,0.6906
1691686552000,0.6905,0.6905,0.6905
1691686553000,0.6905,0.6905,0.6905
1691686554000,0.6905,0.6905,0.6905
1691686555000,0.6905,0.6905,0.6905
1691686556000,0.6905,0.6905,0.6905
1691686557000,0.6905,0.6905,0.6905
1691686558000,0.6905,0.6905,0.6905
1691686559000,0.6905,0.6905,0.6905
1691686560000,0.6905,0.6905,0.6905
1691686561000,0.69043208,0.69043208,0.69043208
1691686562000,0.69043205,0.69043205,0.69043205
1691686563000,0.69043205,0.69043205,0.69043205
1691686564000,0.69043205,0.69043205,0.69043205
1691686565000,0.6904301,0.6904301,0.6904301
1691686566000,0.69043039,0.69043039,0.69043039
1691686567000,0.6904,0.6904,0.6904
1691686568000,0.6904,0.6904,0.6904
1691686569000,0.6904,0.6904,0.6904
1691686570000,0.6904,0.6904,0.6904
1691686571000,0.6905,0.6905,0.6905
1691686572000,0.6906,0.6906,0.6906
1691686573000,0.6906,0.6906,0.6906
1691686574000,0.6906,0.6906,0.6906
1691686575000,0.6906,0.6906,0.6906
1691686576000,0.6907,0.6907,0.6907
1691686577000,0.6907,0.6907,0.6907
1691686578000,0.6907,0.6907,0.6907
1691686579000,0.6908,0.6908,0.6908
1691686580000,0.6908,0.6908,0.6908
1691686581000,0.6907,0.6907,0.6907
1691686582000,0.6906,0.6906,0.6906
1691686583000,0.69052364,0.69052364,0.69052364
1691686584000,0.6905,0.6905,0.6905
1691686585000,0.6905,0.6905,0.6905
1691686586000,0.6906,0.6906,0.6906
1691686587000,0.69052765,0.69052765,0.69052765
1691686588000,0.69047624,0.69047624,0.69047624
1691686589000,0.69047624,0.69047624,0.69047624
1691686590000,0.69052681,0.69052681,0.69052681
1691686591000,0.69052681,0.69052681,0.69052681
1691686592000,0.69052681,0.69052681,0.69052681
1691686593000,0.69052681,0.69052681,0.69052681
1691686594000,0.69052604,0.69052604,0.69052604
1691686595000,0.69047514,0.69047514,0.69047514
1691686596000,0.69047514,0.69047514,0.69047514
1691686597000,0.69047107,0.69047107,0.69047107
1691686598000,0.69047107,0.69047107,0.69047107
1691686599000,0.69046941,0.69046941,0.69046941
1691686600000,0.6904,0.6904,0.6904
1691686601000,0.6904,0.6904,0.6904
1691686602000,0.6904,0.6904,0.6904
1691686603000,0.6904,0.6904,0.6904
1691686604000,0.6904,0.6904,0.6904
1691686605000,0.6904,0.6904,0.6904
1691686606000,0.69035006,0.69035006,0.69035006
1691686607000,0.69028266,0.69028266,0.69028266
1691686608000,0.69028266,0.69028266,0.69028266
1691686609000,0.69018629,0.69018629,0.69018629
1691686610000,0.69016915,0.69016915,0.69016915
1691686611000,0.6901585,0.6901585,0.6901585
1691686612000,0.6901585,0.6901585,0.6901585
1691686613000,0.69015655,0.69015655,0.69015655
1691686614000,0.69015623,0.69015623,0.69015623
1691686615000,0.69010623,0.69010623,0.69010623
1691686616000,0.69010252,0.69010252,0.69010252
1691686617000,0.69010165,0.69010165,0.69010165
1691686618000,0.69010165,0.69010165,0.69010165
1691686619000,0.69010165,0.69010165,0.69010165
1691686620000,0.69010165,0.69010165,0.69010165
1691686621000,0.69010255,0.69010255,0.69010255
1691686622000,0.69010023,0.69010023,0.69010023
1691686623000,0.69009933,0.69009933,0.69009933
1691686624000,0.69011519,0.69011519,0.69011519
1691686625000,0.69011519,0.69011519,0.69011519
1691686626000,0.69011542,0.69011542,0.69011542
1691686627000,0.69011474,0.69011474,0.69011474
1691686628000,0.69011387,0.69011387,0.69011387
1691686629000,0.69011387,0.69011387,0.69011387
1691686630000,0.69011109,0.69011109,0.69011109
1691686631000,0.69016094,0.69016094,0.69016094
1691686632000,0.69016094,0.69016094,0.69016094
1691686633000,0.69010947,0.69010947,0.69010947
1691686634000,0.69010947,0.69010947,0.69010947
1691686635000,0.69010864,0.69010864,0.69010864
1691686636000,0.6901095,0.6901095,0.6901095
1691686637000,0.6901095,0.6901095,0.6901095
1691686638000,0.69010395,0.69010395,0.69010395
1691686639000,0.69010395,0.69010395,0.69010395
1691686640000,0.69010308,0.69010308,0.69010308
1691686641000,0.69010395,0.69010395,0.69010395
1691686642000,0.69010368,0.69010368,0.69010368
1691686643000,0.69010368,0.69010368,0.69010368
1691686644000,0.69010056,0.69010056,0.69010056
1691686645000,0.69010056,0.69010056,0.69010056
1691686646000,0.69009974,0.69009974,0.69009974
1691686647000,0.69009974,0.69009974,0.69009974
1691686648000,0.69009929,0.69009929,0.69009929
1691686649000,0.69009448,0.69009448,0.69009448
1691686650000,0.69007673,0.69007673,0.69007673
1691686651000,0.69007673,0.69007673,0.69007673
1691686652000,0.69012511,0.69012511,0.69012511
1691686653000,0.69012508,0.69012508,0.69012508
1691686654000,0.69012508,0.69012508,0.69012508
1691686655000,0.69012048,0.69012048,0.69012048
1691686656000,0.69012134,0.69012134,0.69012134
1691686657000,0.69012149,0.69012149,0.69012149
1691686658000,0.69012145,0.69012145,0.69012145
1691686659000,0.69012145,0.69012145,0.69012145
1691686660000,0.69005003,0.69005003,0.69005003
1691686661000,0.69005003,0.69005003,0.69005003
1691686662000,0.69005003,0.69005003,0.69005003
1691686663000,0.69004981,0.69004981,0.69004981
1691686664000,0.69004981,0.69004981,0.69004981
1691686665000,0.69004984,0.69004984,0.69004984
1691686666000,0.69003666,0.69003666,0.69003666
1691686667000,0.69003479,0.69003479,0.69003479
1691686668000,0.69003479,0.69003479,0.69003479
1691686669000,0.69003479,0.69003479,0.69003479
1691686670000,0.69003479,0.69003479,0.69003479
1691686671000,0.69002891,0.69002891,0.69002891
1691686672000,0.6899229,0.6899229,0.6899229
1691686673000,0.6899229,0.6899229,0.6899229
1691686674000,0.68987786,0.68987786,0.68987786
1691686675000,0.68987786,0.68987786,0.68987786
1691686676000,0.6898779,0.6898779,0.6898779
1691686677000,0.68987103,0.68987103,0.68987103
1691686678000,0.68987077,0.68987077,0.68987077
1691686679000,0.68987077,0.68987077,0.68987077
1691686680000,0.68986994,0.68986994,0.68986994
1691686681000,0.68986994,0.68986994,0.68986994
1691686682000,0.68986537,0.68986537,0.68986537
1691686683000,0.6898654,0.6898654,0.6898654
1691686684000,0.6898579,0.6898579,0.6898579
1691686685000,0.68985575,0.68985575,0.68985575
1691686686000,0.68985575,0.68985575,0.68985575
1691686687000,0.68985662,0.68985662,0.68985662
1691686688000,0.68985224,0.68985224,0.68985224
1691686689000,0.68985138,0.68985138,0.68985138
1691686690000,0.68985227,0.68985227,0.68985227
1691686691000,0.68985227,0.68985227,0.68985227
1691686692000,0.68990227,0.68990227,0.68990227
1691686693000,0.68989789,0.68989789,0.68989789
1691686694000,0.68984548,0.68984548,0.68984548
1691686695000,0.68984523,0.68984523,0.68984523
1691686696000,0.68984523,0.68984523,0.68984523
1691686697000,0.68984526,0.68984526,0.68984526
1691686698000,0.68984526,0.68984526,0.68984526
1691686699000,0.68984075,0.68984075,0.68984075
1691686700000,0.68984075,0.68984075,0.68984075
1691686701000,0.68984071,0.68984071,0.68984071
1691686702000,0.68984071,0.68984071,0.68984071
1691686703000,0.6898395,0.6898395,0.6898395
1691686704000,0.6898364,0.6898364,0.6898364
1691686705000,0.6898364,0.6898364,0.6898364
1691686706000,0.6898364,0.6898364,0.6898364
1691686707000,0.68983031,0.68983031,0.68983031
1691686708000,0.68982789,0.68982789,0.68982789
1691686709000,0.68982702,0.68982702,0.68982702
1691686710000,0.68982954,0.68982954,0.68982954
1691686711000,0.68982951,0.68982951,0.68982951
1691686712000,0.68983037,0.68983037,0.68983037
1691686713000,0.68983037,0.68983037,0.68983037
1691686714000,0.68983037,0.68983037,0.68983037
1691686715000,0.68983241,0.68983241,0.68983241
1691686716000,0.68983241,0.68983241,0.68983241
1691686717000,0.68983155,0.68983155,0.68983155
1691686718000,0.68978158,0.68978158,0.68978158
1691686719000,0.6898,0.6898,0.6898
1691686720000,0.68978245,0.68978245,0.68978245
1691686721000,0.68978153,0.68978153,0.68978153
1691686722000,0.68978243,0.68978243,0.68978243
1691686723000,0.68978243,0.68978243,0.68978243
1691686724000,0.68973711,0.68973711,0.68973711
1691686725000,0.68973707,0.68973707,0.68973707
1691686726000,0.68973707,0.68973707,0.68973707
1691686727000,0.68973494,0.68973494,0.68973494
1691686728000,0.68973498,0.68973498,0.68973498
1691686729000,0.68973494,0.68973494,0.68973494
1691686730000,0.68973494,0.68973494,0.68973494
1691686731000,0.68973494,0.68973494,0.68973494
1691686732000,0.68973417,0.68973417,0.68973417
1691686733000,0.68973331,0.68973331,0.68973331
1691686734000,0.68973331,0.68973331,0.68973331
1691686735000,0.68973417,0.68973417,0.68973417
1691686736000,0.68973417,0.68973417,0.68973417
1691686737000,0.68973421,0.68973421,0.68973421
1691686738000,0.68973262,0.68973262,0.68973262
1691686739000,0.68973262,0.68973262,0.68973262
1691686740000,0.68973262,0.68973262,0.68973262
1691686741000,0.68973262,0.68973262,0.68973262
1691686742000,0.68970176,0.68970176,0.68970176
1691686743000,0.68970189,0.68970189,0.68970189
1691686744000,0.68970189,0.68970189,0.68970189
1691686745000,0.68970103,0.68970103,0.68970103
1691686746000,0.68970103,0.68970103,0.68970103
1691686747000,0.68970189,0.68970189,0.68970189
1691686748000,0.68970189,0.68970189,0.68970189
1691686749000,0.6897,0.6897,0.6897
1691686750000,0.68969834,0.68969834,0.68969834
1691686751000,0.68969834,0.68969834,0.68969834
1691686752000,0.68969208,0.68969208,0.68969208
1691686753000,0.6897,0.6897,0.6897
1691686754000,0.6897,0.6897,0.6897
1691686755000,0.6897,0.6897,0.6897
1691686756000,0.6897,0.6897,0.6897
1691686757000,0.6897,0.6897,0.6897
1691686758000,0.6897,0.6897,0.6897
1691686759000,0.6897,0.6897,0.6897
1691686760000,0.6897,0.6897,0.6897
1691686761000,0.6898,0.6898,0.6898
1691686762000,0.6898,0.6898,0.6898
1691686763000,0.6898,0.6898,0.6898
1691686764000,0.6897,0.6897,0.6897
1691686765000,0.6897,0.6897,0.6897
1691686766000,0.6898,0.6898,0.6898
1691686767000,0.6897,0.6897,0.6897
1691686768000,0.6897,0.6897,0.6897
1691686769000,0.6897,0.6897,0.6897
1691686770000,0.6897,0.6897,0.6897
1691686771000,0.68970415,0.68970415,0.68970415
1691686772000,0.68970325,0.68970325,0.68970325
1691686773000,0.6898,0.6898,0.6898
1691686774000,0.6898,0.6898,0.6898
1691686775000,0.6898,0.6898,0.6898
1691686776000,0.6898,0.6898,0.6898
1691686777000,0.6898,0.6898,0.6898
1691686778000,0.68970555,0.68970555,0.68970555
1691686779000,0.68970555,0.68970555,0.68970555
1691686780000,0.68970555,0.68970555,0.68970555
1691686781000,0.68970555,0.68970555,0.68970555
1691686782000,0.6898,0.6898,0.6898
1691686783000,0.6898,0.6898,0.6898
1691686784000,0.6898,0.6898,0.6898
1691686785000,0.6898,0.6898,0.6898
1691686786000,0.6898,0.6898,0.6898
1691686787000,0.6898,0.6898,0.6898
1691686788000,0.68970473,0.68970473,0.68970473
1691686789000,0.68970473,0.68970473,0.68970473
1691686790000,0.68970473,0.68970473,0.68970473
1691686791000,0.6898,0.6898,0.6898
1691686792000,0.6898,0.6898,0.6898
1691686793000,0.6898,0.6898,0.6898
1691686794000,0.6899,0.6899,0.6899
1691686795000,0.69,0.69,0.69
1691686796000,0.69,0.69,0.69
1691686797000,0.6901,0.6901,0.6901
1691686798000,0.6901,0.6901,0.6901
1691686799000,0.6901,0.6901,0.6901
1691686800000,0.6901,0.6901,0.6901
1691686801000,0.6901,0.6901,0.6901
1691686802000,0.69,0.69,0.69
1691686803000,0.68993228,0.68993228,0.68993228
1691686804000,0.69,0.69,0.69
1691686805000,0.68986202,0.68986202,0.68986202
1691686806000,0.6898,0.6898,0.6898
1691686807000,0.6898,0.6898,0.6898
1691686808000,0.68974916,0.68974916,0.68974916
1691686809000,0.6897,0.6897,0.6897
1691686810000,0.6897,0.6897,0.6897
1691686811000,0.6897,0.6897,0.6897
1691686812000,0.68968952,0.68968952,0.68968952
1691686813000,0.68963952,0.68963952,0.68963952
1691686814000,0.68963952,0.68963952,0.68963952
1691686815000,0.6897,0.6897,0.6897
1691686816000,0.6897,0.6897,0.6897
1691686817000,0.6898,0.6898,0.6898
1691686818000,0.6897,0.6897,0.6897
1691686819000,0.6898,0.6898,0.6898
1691686820000,0.6899,0.6899,0.6899
1691686821000,0.6898,0.6898,0.6898
1691686822000,0.6898,0.6898,0.6898
1691686823000,0.6898,0.6898,0.6898
1691686824000,0.6898,0.6898,0.6898
1691686825000,0.6897,0.6897,0.6897
1691686826000,0.6897,0.6897,0.6897
1691686827000,0.68966968,0.68966968,0.68966968
1691686828000,0.68966968,0.68966968,0.68966968
1691686829000,0.68966968,0.68966968,0.68966968
1691686830000,0.6897,0.6897,0.6897
1691686831000,0.68964332,0.68964332,0.68964332
1691686832000,0.6897,0.6897,0.6897
1691686833000,0.6897,0.6897,0.6897
1691686834000,0.6897,0.6897,0.6897
1691686835000,0.6897,0.6897,0.6897
1691686836000,0.6898,0.6898,0.6898
1691686837000,0.6899,0.6899,0.6899
1691686838000,0.6899,0.6899,0.6899
1691686839000,0.6899,0.6899,0.6899
1691686840000,0.6899,0.6899,0.6899
1691686841000,0.6899,0.6899,0.6899
1691686842000,0.6898,0.6898,0.6898
1691686843000,0.6898,0.6898,0.6898
1691686844000,0.6898,0.6898,0.6898
1691686845000,0.6898,0.6898,0.6898
1691686846000,0.6897,0.6897,0.6897
1691686847000,0.6897,0.6897,0.6897
1691686848000,0.6897,0.6897,0.6897
1691686849000,0.6897,0.6897,0.6897
1691686850000,0.6898,0.6898,0.6898
1691686851000,0.6897,0.6897,0.6897
1691686852000,0.6898,0.6898,0.6898
1691686853000,0.6898,0.6898,0.6898
1691686854000,0.6898,0.6898,0.6898
1691686855000,0.6898,0.6898,0.6898
1691686856000,0.6898,0.6898,0.6898
1691686857000,0.6897,0.6897,0.6897
1691686858000,0.6897,0.6897,0.6897
1691686859000,0.6897,0.6897,0.6897
1691686860000,0.6897,0.6897,0.6897
1691686861000,0.6897,0.6897,0.6897
1691686862000,0.6897,0.6897,0.6897
1691686863000,0.68970557,0.68970557,0.68970557
1691686864000,0.68970561,0.68970561,0.68970561
1691686865000,0.6897,0.6897,0.6897
1691686866000,0.6897,0.6897,0.6897
1691686867000,0.6897,0.6897,0.6897
1691686868000,0.6897,0.6897,0.6897
1691686869000,0.6897,0.6897,0.6897
1691686870000,0.6897,0.6897,0.6897
1691686871000,0.6897,0.6897,0.6897
1691686872000,0.6898,0.6898,0.6898
1691686873000,0.6899,0.6899,0.6899
1691686874000,0.6899,0.6899,0.6899
1691686875000,0.6899,0.6899,0.6899
1691686876000,0.6899,0.6899,0.6899
1691686877000,0.6901,0.6901,0.6901
1691686878000,0.6901,0.6901,0.6901
1691686879000,0.6901,0.6901,0.6901
1691686880000,0.69,0.69,0.69
1691686881000,0.6899,0.6899,0.6899
1691686882000,0.6899,0.6899,0.6899
1691686883000,0.6899,0.6899,0.6899
1691686884000,0.6899,0.6899,0.6899
1691686885000,0.6899,0.6899,0.6899
1691686886000,0.6899,0.6899,0.6899
1691686887000,0.6899,0.6899,0.6899
1691686888000,0.6899,0.6899,0.6899
1691686889000,0.6899,0.6899,0.6899
1691686890000,0.6899,0.6899,0.6899
1691686891000,0.68981747,0.68981747,0.68981747
1691686892000,0.68980297,0.68980297,0.68980297
1691686893000,0.68980324,0.68980324,0.68980324
1691686894000,0.6899,0.6899,0.6899
1691686895000,0.6899,0.6899,0.6899
1691686896000,0.68980324,0.68980324,0.68980324
1691686897000,0.68980324,0.68980324,0.68980324
1691686898000,0.68980278,0.68980278,0.68980278
1691686899000,0.6899,0.6899,0.6899
1691686900000,0.6899,0.6899,0.6899
1691686901000,0.68980281,0.68980281,0.68980281
1691686902000,0.68980192,0.68980192,0.68980192
1691686903000,0.68980364,0.68980364,0.68980364
1691686904000,0.6898,0.6898,0.6898
1691686905000,0.6897324,0.6897324,0.6897324
1691686906000,0.6897324,0.6897324,0.6897324
1691686907000,0.689725,0.689725,0.689725
1691686908000,0.6897195,0.6897195,0.6897195
1691686909000,0.68969413,0.68969413,0.68969413
1691686910000,0.68969413,0.68969413,0.68969413
1691686911000,0.68968942,0.68968942,0.68968942
1691686912000,0.68968942,0.68968942,0.68968942
1691686913000,0.68968942,0.68968942,0.68968942
1691686914000,0.68964384,0.68964384,0.68964384
1691686915000,0.68964381,0.68964381,0.68964381
1691686916000,0.68954743,0.68954743,0.68954743
1691686917000,0.68954746,0.68954746,0.68954746
1691686918000,0.68954746,0.68954746,0.68954746
1691686919000,0.6895,0.6895,0.6895
1691686920000,0.68945575,0.68945575,0.68945575
1691686921000,0.68945382,0.68945382,0.68945382
1691686922000,0.68945385,0.68945385,0.68945385
1691686923000,0.68944587,0.68944587,0.68944587
1691686924000,0.68943596,0.68943596,0.68943596
1691686925000,0.68943218,0.68943218,0.68943218
1691686926000,0.68943289,0.68943289,0.68943289
1691686927000,0.68943292,0.68943292,0.68943292
1691686928000,0.68943292,0.68943292,0.68943292
1691686929000,0.68939653,0.68939653,0.68939653
1691686930000,0.6894,0.6894,0.6894
1691686931000,0.68939558,0.68939558,0.68939558
1691686932000,0.68939558,0.68939558,0.68939558
1691686933000,0.68939558,0.68939558,0.68939558
1691686934000,0.68939519,0.68939519,0.68939519
1691686935000,0.68939298,0.68939298,0.68939298
1691686936000,0.68934613,0.68934613,0.68934613
1691686937000,0.6893896,0.6893896,0.6893896
1691686938000,0.6895,0.6895,0.6895
1691686939000,0.68940791,0.68940791,0.68940791
1691686940000,0.68940791,0.68940791,0.68940791
1691686941000,0.68940794,0.68940794,0.68940794
1691686942000,0.68941,0.68941,0.68941
1691686943000,0.68941,0.68941,0.68941
1691686944000,0.68940988,0.68940988,0.68940988
1691686945000,0.6894,0.6894,0.6894
1691686946000,0.6893664,0.6893664,0.6893664
1691686947000,0.6894,0.6894,0.6894
1691686948000,0.6894,0.6894,0.6894
1691686949000,0.689348,0.689348,0.689348
1691686950000,0.68933228,0.68933228,0.68933228
1691686951000,0.68933228,0.68933228,0.68933228
1691686952000,0.68933228,0.68933228,0.68933228
1691686953000,0.68933202,0.68933202,0.68933202
1691686954000,0.68933202,0.68933202,0.68933202
1691686955000,0.68933202,0.68933202,0.68933202
1691686956000,0.68933202,0.68933202,0.68933202
1691686957000,0.68933202,0.68933202,0.68933202
1691686958000,0.6893,0.6893,0.6893
1691686959000,0.6893,0.6893,0.6893
1691686960000,0.6893,0.6893,0.6893
1691686961000,0.68929073,0.68929073,0.68929073
1691686962000,0.68923998,0.68923998,0.68923998
1691686963000,0.68898095,0.68898095,0.68898095
1691686964000,0.68893101,0.68893101,0.68893101
1691686965000,0.68893101,0.68893101,0.68893101
1691686966000,0.68893101,0.68893101,0.68893101
1691686967000,0.68897452,0.68897452,0.68897452
1691686968000,0.68897524,0.68897524,0.68897524
1691686969000,0.68897723,0.68897723,0.68897723
1691686970000,0.68893655,0.68893655,0.68893655
1691686971000,0.68893655,0.68893655,0.68893655
1691686972000,0.68898,0.68898,0.68898
1691686973000,0.68898,0.68898,0.68898
1691686974000,0.68896695,0.68896695,0.68896695
1691686975000,0.68896662,0.68896662,0.68896662
1691686976000,0.68896662,0.68896662,0.68896662
1691686977000,0.68896662,0.68896662,0.68896662
1691686978000,0.68896737,0.68896737,0.68896737
1691686979000,0.68896737,0.68896737,0.68896737
1691686980000,0.68889553,0.68889553,0.68889553
1691686981000,0.6888955,0.6888955,0.6888955
1691686982000,0.6888955,0.6888955,0.6888955
1691686983000,0.6889,0.6889,0.6889
1691686984000,0.68881147,0.68881147,0.68881147
1691686985000,0.68881147,0.68881147,0.68881147
1691686986000,0.68885381,0.68885381,0.68885381
1691686987000,0.68885381,0.68885381,0.68885381
1691686988000,0.68883425,0.68883425,0.68883425
1691686989000,0.6889,0.6889,0.6889
1691686990000,0.6889,0.6889,0.6889
1691686991000,0.68883596,0.68883596,0.68883596
1691686992000,0.68883596,0.68883596,0.68883596
1691686993000,0.68883596,0.68883596,0.68883596
1691686994000,0.68883671,0.68883671,0.68883671
1691686995000,0.68883671,0.68883671,0.68883671
1691686996000,0.68883671,0.68883671,0.68883671
1691686997000,0.68887517,0.68887517,0.68887517
1691686998000,0.68887439,0.68887439,0.68887439
1691686999000,0.68888091,0.68888091,0.68888091
1691687000000,0.68888166,0.68888166,0.68888166
1691687001000,0.68888091,0.68888091,0.68888091
1691687002000,0.68888091,0.68888091,0.68888091
1691687003000,0.688881,0.688881,0.688881
1691687004000,0.68888097,0.68888097,0.68888097
1691687005000,0.688881,0.688881,0.688881
1691687006000,0.68888025,0.68888025,0.68888025
1691687007000,0.68888022,0.68888022,0.68888022
1691687008000,0.68887783,0.68887783,0.68887783
1691687009000,0.68885986,0.68885986,0.68885986
1691687010000,0.68881529,0.68881529,0.68881529
1691687011000,0.68881529,0.68881529,0.68881529
1691687012000,0.68881454,0.68881454,0.68881454
1691687013000,0.68877106,0.68877106,0.68877106
1691687014000,0.68876791,0.68876791,0.68876791
1691687015000,0.68876791,0.68876791,0.68876791
1691687016000,0.6887549,0.6887549,0.6887549
1691687017000,0.68875565,0.68875565,0.68875565
1691687018000,0.68875632,0.68875632,0.68875632
1691687019000,0.68879687,0.68879687,0.68879687
1691687020000,0.68879687,0.68879687,0.68879687
1691687021000,0.68879687,0.68879687,0.68879687
1691687022000,0.68879758,0.68879758,0.68879758
1691687023000,0.68879758,0.68879758,0.68879758
1691687024000,0.68879761,0.68879761,0.68879761
1691687025000,0.68879553,0.68879553,0.68879553
1691687026000,0.68879478,0.68879478,0.68879478
1691687027000,0.68879475,0.68879475,0.68879475
1691687028000,0.68879475,0.68879475,0.68879475
1691687029000,0.68879475,0.68879475,0.68879475
1691687030000,0.68879358,0.68879358,0.68879358
1691687031000,0.68879361,0.68879361,0.68879361
1691687032000,0.68879361,0.68879361,0.68879361
1691687033000,0.68879361,0.68879361,0.68879361
1691687034000,0.68879361,0.68879361,0.68879361
1691687035000,0.68879432,0.68879432,0.68879432
1691687036000,0.68879438,0.68879438,0.68879438
1691687037000,0.68881504,0.68881504,0.68881504
1691687038000,0.68881504,0.68881504,0.68881504
1691687039000,0.68881504,0.68881504,0.68881504
1691687040000,0.68881504,0.68881504,0.68881504
1691687041000,0.68881384,0.68881384,0.68881384
1691687042000,0.6889,0.6889,0.6889
1691687043000,0.6889,0.6889,0.6889
1691687044000,0.68885321,0.68885321,0.68885321
1691687045000,0.68885321,0.68885321,0.68885321
1691687046000,0.6891,0.6891,0.6891
1691687047000,0.6891,0.6891,0.6891
1691687048000,0.6891,0.6891,0.6891
1691687049000,0.6891,0.6891,0.6891
1691687050000,0.6891,0.6891,0.6891
1691687051000,0.68905991,0.68905991,0.68905991
1691687052000,0.68905967,0.68905967,0.68905967
1691687053000,0.68905967,0.68905967,0.68905967
1691687054000,0.68905967,0.68905967,0.68905967
1691687055000,0.68905892,0.68905892,0.68905892
1691687056000,0.68905892,0.68905892,0.68905892
1691687057000,0.68906078,0.68906078,0.68906078
1691687058000,0.68906159,0.68906159,0.68906159
1691687059000,0.68906159,0.68906159,0.68906159
1691687060000,0.68901408,0.68901408,0.68901408
1691687061000,0.6890148,0.6890148,0.6890148
1691687062000,0.6890148,0.6890148,0.6890148
1691687063000,0.68898716,0.68898716,0.68898716
1691687064000,0.68898644,0.68898644,0.68898644
1691687065000,0.68898641,0.68898641,0.68898641
1691687066000,0.68898719,0.68898719,0.68898719
1691687067000,0.68898719,0.68898719,0.68898719
1691687068000,0.68898644,0.68898644,0.68898644
1691687069000,0.68898479,0.68898479,0.68898479
1691687070000,0.68898479,0.68898479,0.68898479
1691687071000,0.68898479,0.68898479,0.68898479
1691687072000,0.68898401,0.68898401,0.68898401
1691687073000,0.68898401,0.68898401,0.68898401
1691687074000,0.68897993,0.68897993,0.68897993
1691687075000,0.68897993,0.68897993,0.68897993
1691687076000,0.68897996,0.68897996,0.68897996
1691687077000,0.68897996,0.68897996,0.68897996
1691687078000,0.6889284,0.6889284,0.6889284
1691687079000,0.6889284,0.6889284,0.6889284
1691687080000,0.68892759,0.68892759,0.68892759
1691687081000,0.68892759,0.68892759,0.68892759
1691687082000,0.68892759,0.68892759,0.68892759
1691687083000,0.68892756,0.68892756,0.68892756
1691687084000,0.68892756,0.68892756,0.68892756
1691687085000,0.68892682,0.68892682,0.68892682
1691687086000,0.68892685,0.68892685,0.68892685
1691687087000,0.68892685,0.68892685,0.68892685
1691687088000,0.689,0.689,0.689
1691687089000,0.68892607,0.68892607,0.68892607
1691687090000,0.6891,0.6891,0.6891
1691687091000,0.689,0.689,0.689
1691687092000,0.689,0.689,0.689
1691687093000,0.689,0.689,0.689
1691687094000,0.689,0.689,0.689
1691687095000,0.689,0.689,0.689
1691687096000,0.689,0.689,0.689
1691687097000,0.689,0.689,0.689
1691687098000,0.689,0.689,0.689
1691687099000,0.689,0.689,0.689
1691687100000,0.689,0.689,0.689
1691687101000,0.689,0.689,0.689
1691687102000,0.6892,0.6892,0.6892
1691687103000,0.6892,0.6892,0.6892
1691687104000,0.6892,0.6892,0.6892
1691687105000,0.6892,0.6892,0.6892
1691687106000,0.6891,0.6891,0.6891
1691687107000,0.6891,0.6891,0.6891
1691687108000,0.68900402,0.68900402,0.68900402
1691687109000,0.68900402,0.68900402,0.68900402
1691687110000,0.6891,0.6891,0.6891
1691687111000,0.68900402,0.68900402,0.68900402
1691687112000,0.68900402,0.68900402,0.68900402
1691687113000,0.6891,0.6891,0.6891
1691687114000,0.6891,0.6891,0.6891
1691687115000,0.6891,0.6891,0.6891
1691687116000,0.6891,0.6891,0.6891
1691687117000,0.6891,0.6891,0.6891
1691687118000,0.6891,0.6891,0.6891
1691687119000,0.6892,0.6892,0.6892
1691687120000,0.6892,0.6892,0.6892
1691687121000,0.6891,0.6891,0.6891
1691687122000,0.6891,0.6891,0.6891
1691687123000,0.68896416,0.68896416,0.68896416
1691687124000,0.68896048,0.68896048,0.68896048
1691687125000,0.68895723,0.68895723,0.68895723
1691687126000,0.68895723,0.68895723,0.68895723
1691687127000,0.68895726,0.68895726,0.68895726
1691687128000,0.689,0.689,0.689
1691687129000,0.689,0.689,0.689
1691687130000,0.689,0.689,0.689
1691687131000,0.68894235,0.68894235,0.68894235
1691687132000,0.6889431,0.6889431,0.6889431
1691687133000,0.6889431,0.6889431,0.6889431
1691687134000,0.68889279,0.68889279,0.68889279
1691687135000,0.68889249,0.68889249,0.68889249
1691687136000,0.68889246,0.68889246,0.68889246
1691687137000,0.68889246,0.68889246,0.68889246
1691687138000,0.68889188,0.68889188,0.68889188
1691687139000,0.68889499,0.68889499,0.68889499
1691687140000,0.68889489,0.68889489,0.68889489
1691687141000,0.68888637,0.68888637,0.68888637
1691687142000,0.6888864,0.6888864,0.6888864
1691687143000,0.6888864,0.6888864,0.6888864
1691687144000,0.68887332,0.68887332,0.68887332
1691687145000,0.68887332,0.68887332,0.68887332
1691687146000,0.6888687,0.6888687,0.6888687
1691687147000,0.68886867,0.68886867,0.68886867
1691687148000,0.68886867,0.68886867,0.68886867
1691687149000,0.68886867,0.68886867,0.68886867
1691687150000,0.6888718,0.6888718,0.6888718
1691687151000,0.6888718,0.6888718,0.6888718
1691687152000,0.68886537,0.68886537,0.68886537
1691687153000,0.68886537,0.68886537,0.68886537
1691687154000,0.6891,0.6891,0.6891
1691687155000,0.6892,0.6892,0.6892
1691687156000,0.6891,0.6891,0.6891
1691687157000,0.6892,0.6892,0.6892
1691687158000,0.6892,0.6892,0.6892
1691687159000,0.6892,0.6892,0.6892
1691687160000,0.6892,0.6892,0.6892
1691687161000,0.6891,0.6891,0.6891
1691687162000,0.6891,0.6891,0.6891
1691687163000,0.6892,0.6892,0.6892
1691687164000,0.6892,0.6892,0.6892
1691687165000,0.6892,0.6892,0.6892
1691687166000,0.6892,0.6892,0.6892
1691687167000,0.6892,0.6892,0.6892
1691687168000,0.6892,0.6892,0.6892
1691687169000,0.6892,0.6892,0.6892
1691687170000,0.6893,0.6893,0.6893
1691687171000,0.6893,0.6893,0.6893
1691687172000,0.6892,0.6892,0.6892
1691687173000,0.6891,0.6891,0.6891
1691687174000,0.6891,0.6891,0.6891
1691687175000,0.6891,0.6891,0.6891
1691687176000,0.6891,0.6891,0.6891
1691687177000,0.6891,0.6891,0.6891
1691687178000,0.68903084,0.68903084,0.68903084
1691687179000,0.6891,0.6891,0.6891
1691687180000,0.6891,0.6891,0.6891
1691687181000,0.68902774,0.68902774,0.68902774
1691687182000,0.68902774,0.68902774,0.68902774
1691687183000,0.68903142,0.68903142,0.68903142
1691687184000,0.689,0.689,0.689
1691687185000,0.689,0.689,0.689
1691687186000,0.689,0.689,0.689
1691687187000,0.689,0.689,0.689
1691687188000,0.689,0.689,0.689
1691687189000,0.689,0.689,0.689
1691687190000,0.689,0.689,0.689
1691687191000,0.689,0.689,0.689
1691687192000,0.689,0.689,0.689
1691687193000,0.68901849,0.68901849,0.68901849
1691687194000,0.68901924,0.68901924,0.68901924
1691687195000,0.68901924,0.68901924,0.68901924
1691687196000,0.6891,0.6891,0.6891
1691687197000,0.68902141,0.68902141,0.68902141
1691687198000,0.6891,0.6891,0.6891
1691687199000,0.6891,0.6891,0.6891
1691687200000,0.6891,0.6891,0.6891
1691687201000,0.6891,0.6891,0.6891
1691687202000,0.68902002,0.68902002,0.68902002
1691687203000,0.68902002,0.68902002,0.68902002
1691687204000,0.689,0.689,0.689
1691687205000,0.68894053,0.68894053,0.68894053
1691687206000,0.6889,0.6889,0.6889
1691687207000,0.6889,0.6889,0.6889
1691687208000,0.68880774,0.68880774,0.68880774
1691687209000,0.6888077,0.6888077,0.6888077
1691687210000,0.6888077,0.6888077,0.6888077
1691687211000,0.6888,0.6888,0.6888
1691687212000,0.6888,0.6888,0.6888
1691687213000,0.6887311,0.6887311,0.6887311
1691687214000,0.68870107,0.68870107,0.68870107
1691687215000,0.68870107,0.68870107,0.68870107
1691687216000,0.68870107,0.68870107,0.68870107
1691687217000,0.68870232,0.68870232,0.68870232
1691687218000,0.68870563,0.68870563,0.68870563
1691687219000,0.68870567,0.68870567,0.68870567
1691687220000,0.68870008,0.68870008,0.68870008
1691687221000,0.68870008,0.68870008,0.68870008
1691687222000,0.68869869,0.68869869,0.68869869
1691687223000,0.68869869,0.68869869,0.68869869
1691687224000,0.68870064,0.68870064,0.68870064
1691687225000,0.68870064,0.68870064,0.68870064
1691687226000,0.68870067,0.68870067,0.68870067
1691687227000,0.68870067,0.68870067,0.68870067
1691687228000,0.68865064,0.68865064,0.68865064
1691687229000,0.68865232,0.68865232,0.68865232
1691687230000,0.68865232,0.68865232,0.68865232
1691687231000,0.68864564,0.68864564,0.68864564
1691687232000,0.68869568,0.68869568,0.68869568
1691687233000,0.68869564,0.68869564,0.68869564
1691687234000,0.68869568,0.68869568,0.68869568
1691687235000,0.68869765,0.68869765,0.68869765
1691687236000,0.68869765,0.68869765,0.68869765
1691687237000,0.68869765,0.68869765,0.68869765
1691687238000,0.68869768,0.68869768,0.68869768
1691687239000,0.68869768,0.68869768,0.68869768
1691687240000,0.6886988,0.6886988,0.6886988
1691687241000,0.6886979,0.6886979,0.6886979
1691687242000,0.6888,0.6888,0.6888
1691687243000,0.6888,0.6888,0.6888
1691687244000,0.6888,0.6888,0.6888
1691687245000,0.6888,0.6888,0.6888
1691687246000,0.6888,0.6888,0.6888
1691687247000,0.6888,0.6888,0.6888
1691687248000,0.6888,0.6888,0.6888
1691687249000,0.6888,0.6888,0.6888
1691687250000,0.6888,0.6888,0.6888
1691687251000,0.6888,0.6888,0.6888
1691687252000,0.6888,0.6888,0.6888
1691687253000,0.6888,0.6888,0.6888
1691687254000,0.6889,0.6889,0.6889
1691687255000,0.6889,0.6889,0.6889
1691687256000,0.6889,0.6889,0.6889
1691687257000,0.6889,0.6889,0.6889
1691687258000,0.6889,0.6889,0.6889
1691687259000,0.6888,0.6888,0.6888
1691687260000,0.6888,0.6888,0.6888
1691687261000,0.6888,0.6888,0.6888
1691687262000,0.68875222,0.68875222,0.68875222
1691687263000,0.6887,0.6887,0.6887
1691687264000,0.6887,0.6887,0.6887
1691687265000,0.6887,0.6887,0.6887
1691687266000,0.6886515,0.6886515,0.6886515
1691687267000,0.6886,0.6886,0.6886
1691687268000,0.6886,0.6886,0.6886
1691687269000,0.68859163,0.68859163,0.68859163
1691687270000,0.68859163,0.68859163,0.68859163
1691687271000,0.6888,0.6888,0.6888
1691687272000,0.68871288,0.68871288,0.68871288
1691687273000,0.68871318,0.68871318,0.68871318
1691687274000,0.68871287,0.68871287,0.68871287
1691687275000,0.68871287,0.68871287,0.68871287
1691687276000,0.68871287,0.68871287,0.68871287
1691687277000,0.68871209,0.68871209,0.68871209
1691687278000,0.6888,0.6888,0.6888
1691687279000,0.68871507,0.68871507,0.68871507
1691687280000,0.68871507,0.68871507,0.68871507
1691687281000,0.68871507,0.68871507,0.68871507
1691687282000,0.68871417,0.68871417,0.68871417
1691687283000,0.68871417,0.68871417,0.68871417
1691687284000,0.68871436,0.68871436,0.68871436
1691687285000,0.68871522,0.68871522,0.68871522
1691687286000,0.68871522,0.68871522,0.68871522
1691687287000,0.68871525,0.68871525,0.68871525
1691687288000,0.68871364,0.68871364,0.68871364
1691687289000,0.68871364,0.68871364,0.68871364
1691687290000,0.68871382,0.68871382,0.68871382
1691687291000,0.68871382,0.68871382,0.68871382
1691687292000,0.68871382,0.68871382,0.68871382
1691687293000,0.68871382,0.68871382,0.68871382
1691687294000,0.68871356,0.68871356,0.68871356
1691687295000,0.68871429,0.68871429,0.68871429
1691687296000,0.68871347,0.68871347,0.68871347
1691687297000,0.6888,0.6888,0.6888
1691687298000,0.6888,0.6888,0.6888
1691687299000,0.6888,0.6888,0.6888
1691687300000,0.68871014,0.68871014,0.68871014
1691687301000,0.6887149,0.6887149,0.6887149
1691687302000,0.68859029,0.68859029,0.68859029
1691687303000,0.68859029,0.68859029,0.68859029
1691687304000,0.68858988,0.68858988,0.68858988
1691687305000,0.68858988,0.68858988,0.68858988
1691687306000,0.68859094,0.68859094,0.68859094
1691687307000,0.68859094,0.68859094,0.68859094
1691687308000,0.68858265,0.68858265,0.68858265
1691687309000,0.68858355,0.68858355,0.68858355
1691687310000,0.68855269,0.68855269,0.68855269
1691687311000,0.68855265,0.68855265,0.68855265
1691687312000,0.68855667,0.68855667,0.68855667
1691687313000,0.6886,0.6886,0.6886
1691687314000,0.6886,0.6886,0.6886
1691687315000,0.68856072,0.68856072,0.68856072
1691687316000,0.6886,0.6886,0.6886
1691687317000,0.6886,0.6886,0.6886
1691687318000,0.6886,0.6886,0.6886
1691687319000,0.6886,0.6886,0.6886
1691687320000,0.6889,0.6889,0.6889
1691687321000,0.6889,0.6889,0.6889
1691687322000,0.6889,0.6889,0.6889
1691687323000,0.6889,0.6889,0.6889
1691687324000,0.6889,0.6889,0.6889
1691687325000,0.6889,0.6889,0.6889
1691687326000,0.6889,0.6889,0.6889
1691687327000,0.6889,0.6889,0.6889
1691687328000,0.689,0.689,0.689
1691687329000,0.689,0.689,0.689
1691687330000,0.689,0.689,0.689
1691687331000,0.689,0.689,0.689
1691687332000,0.6889,0.6889,0.6889
1691687333000,0.6889,0.6889,0.6889
1691687334000,0.6889,0.6889,0.6889
1691687335000,0.6888,0.6888,0.6888
1691687336000,0.6888,0.6888,0.6888
1691687337000,0.689,0.689,0.689
1691687338000,0.6889,0.6889,0.6889
1691687339000,0.6889,0.6889,0.6889
1691687340000,0.6889,0.6889,0.6889
1691687341000,0.6888,0.6888,0.6888
1691687342000,0.6888,0.6888,0.6888
1691687343000,0.6889,0.6889,0.6889
1691687344000,0.6888,0.6888,0.6888
1691687345000,0.68871273,0.68871273,0.68871273
1691687346000,0.68871201,0.68871201,0.68871201
1691687347000,0.68871201,0.68871201,0.68871201
1691687348000,0.6888,0.6888,0.6888
1691687349000,0.6888,0.6888,0.6888
1691687350000,0.6888,0.6888,0.6888
1691687351000,0.6888,0.6888,0.6888
1691687352000,0.6888,0.6888,0.6888
1691687353000,0.6888,0.6888,0.6888
1691687354000,0.6888,0.6888,0.6888
1691687355000,0.6888,0.6888,0.6888
1691687356000,0.68877561,0.68877561,0.68877561
1691687357000,0.68877561,0.68877561,0.68877561
1691687358000,0.68877486,0.68877486,0.68877486
1691687359000,0.68877486,0.68877486,0.68877486
1691687360000,0.68877127,0.68877127,0.68877127
1691687361000,0.68872779,0.68872779,0.68872779
1691687362000,0.6887312,0.6887312,0.6887312
1691687363000,0.68872468,0.68872468,0.68872468
1691687364000,0.68872468,0.68872468,0.68872468
1691687365000,0.68872814,0.68872814,0.68872814
1691687366000,0.68872814,0.68872814,0.68872814
1691687367000,0.68872784,0.68872784,0.68872784
1691687368000,0.68872784,0.68872784,0.68872784
1691687369000,0.68872784,0.68872784,0.68872784
1691687370000,0.68872784,0.68872784,0.68872784
1691687371000,0.68872784,0.68872784,0.68872784
1691687372000,0.68872787,0.68872787,0.68872787
1691687373000,0.68872922,0.68872922,0.68872922
1691687374000,0.68872922,0.68872922,0.68872922
1691687375000,0.68872922,0.68872922,0.68872922
1691687376000,0.68872922,0.68872922,0.68872922
1691687377000,0.68872922,0.68872922,0.68872922
1691687378000,0.68872892,0.68872892,0.68872892
1691687379000,0.68872892,0.68872892,0.68872892
1691687380000,0.6887267,0.6887267,0.6887267
1691687381000,0.6887267,0.6887267,0.6887267
1691687382000,0.68872745,0.68872745,0.68872745
1691687383000,0.68872745,0.68872745,0.68872745
1691687384000,0.68872557,0.68872557,0.68872557
1691687385000,0.6887256,0.6887256,0.6887256
1691687386000,0.68873861,0.68873861,0.68873861
1691687387000,0.68873864,0.68873864,0.68873864
1691687388000,0.68873936,0.68873936,0.68873936
1691687389000,0.68873658,0.68873658,0.68873658
1691687390000,0.68873658,0.68873658,0.68873658
1691687391000,0.68873661,0.68873661,0.68873661
1691687392000,0.68869239,0.68869239,0.68869239
1691687393000,0.6887,0.6887,0.6887
1691687394000,0.68869517,0.68869517,0.68869517
1691687395000,0.6887,0.6887,0.6887
1691687396000,0.6886966,0.6886966,0.6886966
1691687397000,0.6886966,0.6886966,0.6886966
1691687398000,0.6886966,0.6886966,0.6886966
1691687399000,0.68870476,0.68870476,0.68870476
1691687400000,0.68870298,0.68870298,0.68870298
1691687401000,0.68870495,0.68870495,0.68870495
1691687402000,0.68870498,0.68870498,0.68870498
1691687403000,0.6888,0.6888,0.6888
1691687404000,0.6888,0.6888,0.6888
1691687405000,0.6887,0.6887,0.6887
1691687406000,0.6887,0.6887,0.6887
1691687407000,0.6887,0.6887,0.6887
1691687408000,0.6888,0.6888,0.6888
1691687409000,0.6887,0.6887,0.6887
1691687410000,0.6887,0.6887,0.6887
1691687411000,0.6888,0.6888,0.6888
1691687412000,0.6888,0.6888,0.6888
1691687413000,0.6887,0.6887,0.6887
1691687414000,0.6888,0.6888,0.6888
1691687415000,0.6888,0.6888,0.6888
1691687416000,0.6888,0.6888,0.6888
1691687417000,0.6888,0.6888,0.6888
1691687418000,0.6888,0.6888,0.6888
1691687419000,0.68874793,0.68874793,0.68874793
1691687420000,0.68874793,0.68874793,0.68874793
1691687421000,0.68874797,0.68874797,0.68874797
1691687422000,0.68874665,0.68874665,0.68874665
1691687423000,0.6887459,0.6887459,0.6887459
1691687424000,0.68874665,0.68874665,0.68874665
1691687425000,0.68867293,0.68867293,0.68867293
1691687426000,0.68867156,0.68867156,0.68867156
1691687427000,0.68867156,0.68867156,0.68867156
1691687428000,0.68867072,0.68867072,0.68867072
1691687429000,0.68867069,0.68867069,0.68867069
1691687430000,0.68867069,0.68867069,0.68867069
1691687431000,0.68867069,0.68867069,0.68867069
1691687432000,0.68866997,0.68866997,0.68866997
1691687433000,0.68866813,0.68866813,0.68866813
1691687434000,0.68848104,0.68848104,0.68848104
1691687435000,0.68848104,0.68848104,0.68848104
1691687436000,0.68847964,0.68847964,0.68847964
1691687437000,0.68852315,0.68852315,0.68852315
1691687438000,0.68852315,0.68852315,0.68852315
1691687439000,0.68852438,0.68852438,0.68852438
1691687440000,0.68852363,0.68852363,0.68852363
1691687441000,0.68842837,0.68842837,0.68842837
1691687442000,0.6884088,0.6884088,0.6884088
1691687443000,0.6884088,0.6884088,0.6884088
1691687444000,0.68836967,0.68836967,0.68836967
1691687445000,0.68836861,0.68836861,0.68836861
1691687446000,0.68836861,0.68836861,0.68836861
1691687447000,0.68836893,0.68836893,0.68836893
1691687448000,0.68836893,0.68836893,0.68836893
1691687449000,0.68836897,0.68836897,0.68836897
1691687450000,0.68836946,0.68836946,0.68836946
1691687451000,0.68836926,0.68836926,0.68836926
1691687452000,0.68836926,0.68836926,0.68836926
1691687453000,0.68832578,0.68832578,0.68832578
1691687454000,0.68832582,0.68832582,0.68832582
1691687455000,0.68836491,0.68836491,0.68836491
1691687456000,0.68836298,0.68836298,0.68836298
1691687457000,0.68836298,0.68836298,0.68836298
1691687458000,0.68835535,0.68835535,0.68835535
1691687459000,0.68835532,0.68835532,0.68835532
1691687460000,0.68835426,0.68835426,0.68835426
1691687461000,0.68830639,0.68830639,0.68830639
1691687462000,0.68830639,0.68830639,0.68830639
1691687463000,0.68826752,0.68826752,0.68826752
1691687464000,0.68809438,0.68809438,0.68809438
1691687465000,0.6880936,0.6880936,0.6880936
1691687466000,0.68809363,0.68809363,0.68809363
1691687467000,0.68808384,0.68808384,0.68808384
1691687468000,0.68804402,0.68804402,0.68804402
1691687469000,0.68808927,0.68808927,0.68808927
1691687470000,0.6882,0.6882,0.6882
1691687471000,0.6883,0.6883,0.6883
1691687472000,0.68820784,0.68820784,0.68820784
1691687473000,0.68820787,0.68820787,0.68820787
1691687474000,0.68825206,0.68825206,0.68825206
1691687475000,0.68825131,0.68825131,0.68825131
1691687476000,0.68825134,0.68825134,0.68825134
1691687477000,0.68825134,0.68825134,0.68825134
1691687478000,0.68825123,0.68825123,0.68825123
1691687479000,0.6883,0.6883,0.6883
1691687480000,0.68825126,0.68825126,0.68825126
1691687481000,0.68825123,0.68825123,0.68825123
1691687482000,0.6883,0.6883,0.6883
1691687483000,0.6883,0.6883,0.6883
1691687484000,0.68820768,0.68820768,0.68820768
1691687485000,0.6883,0.6883,0.6883
1691687486000,0.6883,0.6883,0.6883
1691687487000,0.6882,0.6882,0.6882
1691687488000,0.6882,0.6882,0.6882
1691687489000,0.6884,0.6884,0.6884
1691687490000,0.6884,0.6884,0.6884
1691687491000,0.6885,0.6885,0.6885
1691687492000,0.6885,0.6885,0.6885
1691687493000,0.6885,0.6885,0.6885
1691687494000,0.6885,0.6885,0.6885
1691687495000,0.6885,0.6885,0.6885
1691687496000,0.6885,0.6885,0.6885
1691687497000,0.6885,0.6885,0.6885
1691687498000,0.6885,0.6885,0.6885
1691687499000,0.6885,0.6885,0.6885
1691687500000,0.6886,0.6886,0.6886
1691687501000,0.6885,0.6885,0.6885
1691687502000,0.6886,0.6886,0.6886
1691687503000,0.6886,0.6886,0.6886
1691687504000,0.6886,0.6886,0.6886
1691687505000,0.6886,0.6886,0.6886
1691687506000,0.6886,0.6886,0.6886
1691687507000,0.6886,0.6886,0.6886
1691687508000,0.6886,0.6886,0.6886
1691687509000,0.6886,0.6886,0.6886
1691687510000,0.6886,0.6886,0.6886
1691687511000,0.6887,0.6887,0.6887
1691687512000,0.6887,0.6887,0.6887
1691687513000,0.6887,0.6887,0.6887
1691687514000,0.6886,0.6886,0.6886
1691687515000,0.6886,0.6886,0.6886
1691687516000,0.6886,0.6886,0.6886
1691687517000,0.6887,0.6887,0.6887
1691687518000,0.6887,0.6887,0.6887
1691687519000,0.6887,0.6887,0.6887
1691687520000,0.6886,0.6886,0.6886
1691687521000,0.6886,0.6886,0.6886
1691687522000,0.6886,0.6886,0.6886
1691687523000,0.6887,0.6887,0.6887
1691687524000,0.6886,0.6886,0.6886
1691687525000,0.6886,0.6886,0.6886
1691687526000,0.6886,0.6886,0.6886
1691687527000,0.6887,0.6887,0.6887
1691687528000,0.6887,0.6887,0.6887
1691687529000,0.6887,0.6887,0.6887
1691687530000,0.6889,0.6889,0.6889
1691687531000,0.6889,0.6889,0.6889
1691687532000,0.6889,0.6889,0.6889
1691687533000,0.6888,0.6888,0.6888
1691687534000,0.6888,0.6888,0.6888
1691687535000,0.6888,0.6888,0.6888
1691687536000,0.6888,0.6888,0.6888
1691687537000,0.6887,0.6887,0.6887
1691687538000,0.6888,0.6888,0.6888
1691687539000,0.6887,0.6887,0.6887
1691687540000,0.68868432,0.68868432,0.68868432
1691687541000,0.68868432,0.68868432,0.68868432
1691687542000,0.68868435,0.68868435,0.68868435
1691687543000,0.68868258,0.68868258,0.68868258
1691687544000,0.68867889,0.68867889,0.68867889
1691687545000,0.68867886,0.68867886,0.68867886
1691687546000,0.68867964,0.68867964,0.68867964
1691687547000,0.68867886,0.68867886,0.68867886
1691687548000,0.68867889,0.68867889,0.68867889
1691687549000,0.68868039,0.68868039,0.68868039
1691687550000,0.68868039,0.68868039,0.68868039
1691687551000,0.68862312,0.68862312,0.68862312
1691687552000,0.68852364,0.68852364,0.68852364
1691687553000,0.68852364,0.68852364,0.68852364
1691687554000,0.68856311,0.68856311,0.68856311
1691687555000,0.68856141,0.68856141,0.68856141
1691687556000,0.68856144,0.68856144,0.68856144
1691687557000,0.68856216,0.68856216,0.68856216
1691687558000,0.68846411,0.68846411,0.68846411
1691687559000,0.68846081,0.68846081,0.68846081
1691687560000,0.68845641,0.68845641,0.68845641
1691687561000,0.68845638,0.68845638,0.68845638
1691687562000,0.68845638,0.68845638,0.68845638
1691687563000,0.68845638,0.68845638,0.68845638
1691687564000,0.68845713,0.68845713,0.68845713
1691687565000,0.68845315,0.68845315,0.68845315
1691687566000,0.68845274,0.68845274,0.68845274
1691687567000,0.68845274,0.68845274,0.68845274
1691687568000,0.68845274,0.68845274,0.68845274
1691687569000,0.68844635,0.68844635,0.68844635
1691687570000,0.68844635,0.68844635,0.68844635
1691687571000,0.68844109,0.68844109,0.68844109
1691687572000,0.68844109,0.68844109,0.68844109
1691687573000,0.68844109,0.68844109,0.68844109
1691687574000,0.68843933,0.68843933,0.68843933
1691687575000,0.68843933,0.68843933,0.68843933
1691687576000,0.68843933,0.68843933,0.68843933
1691687577000,0.68844179,0.68844179,0.68844179
1691687578000,0.68844269,0.68844269,0.68844269
1691687579000,0.68844269,0.68844269,0.68844269
1691687580000,0.68843711,0.68843711,0.68843711
1691687581000,0.68843708,0.68843708,0.68843708
1691687582000,0.6884,0.6884,0.6884
1691687583000,0.6884,0.6884,0.6884
1691687584000,0.6884,0.6884,0.6884
1691687585000,0.68834993,0.68834993,0.68834993
1691687586000,0.68834993,0.68834993,0.68834993
1691687587000,0.68834996,0.68834996,0.68834996
1691687588000,0.68834986,0.68834986,0.68834986
1691687589000,0.68834986,0.68834986,0.68834986
1691687590000,0.68839126,0.68839126,0.68839126
1691687591000,0.68839129,0.68839129,0.68839129
1691687592000,0.68839051,0.68839051,0.68839051
1691687593000,0.68838803,0.68838803,0.68838803
1691687594000,0.68838803,0.68838803,0.68838803
1691687595000,0.68837407,0.68837407,0.68837407
1691687596000,0.68837404,0.68837404,0.68837404
1691687597000,0.68837404,0.68837404,0.68837404
1691687598000,0.68837404,0.68837404,0.68837404
1691687599000,0.68837015,0.68837015,0.68837015
1691687600000,0.68832618,0.68832618,0.68832618
1691687601000,0.68832615,0.68832615,0.68832615
1691687602000,0.68832615,0.68832615,0.68832615
1691687603000,0.68832548,0.68832548,0.68832548
1691687604000,0.68832222,0.68832222,0.68832222
1691687605000,0.6884,0.6884,0.6884
1691687606000,0.68836573,0.68836573,0.68836573
1691687607000,0.6884,0.6884,0.6884
1691687608000,0.6884,0.6884,0.6884
1691687609000,0.6884,0.6884,0.6884
1691687610000,0.6885,0.6885,0.6885
1691687611000,0.6884,0.6884,0.6884
1691687612000,0.6885,0.6885,0.6885
1691687613000,0.6884,0.6884,0.6884
1691687614000,0.6884,0.6884,0.6884
1691687615000,0.6884,0.6884,0.6884
1691687616000,0.6884,0.6884,0.6884
1691687617000,0.6885,0.6885,0.6885
1691687618000,0.6885,0.6885,0.6885
1691687619000,0.68843818,0.68843818,0.68843818
1691687620000,0.68843818,0.68843818,0.68843818
1691687621000,0.68843515,0.68843515,0.68843515
1691687622000,0.68843515,0.68843515,0.68843515
1691687623000,0.68843518,0.68843518,0.68843518
1691687624000,0.68843518,0.68843518,0.68843518
1691687625000,0.68843515,0.68843515,0.68843515
1691687626000,0.68843329,0.68843329,0.68843329
1691687627000,0.6885,0.6885,0.6885
1691687628000,0.6884,0.6884,0.6884
1691687629000,0.6884,0.6884,0.6884
1691687630000,0.6884,0.6884,0.6884
1691687631000,0.6884,0.6884,0.6884
1691687632000,0.6884306,0.6884306,0.6884306
1691687633000,0.6884306,0.6884306,0.6884306
1691687634000,0.68843063,0.68843063,0.68843063
1691687635000,0.68843063,0.68843063,0.68843063
1691687636000,0.6884306,0.6884306,0.6884306
1691687637000,0.68843037,0.68843037,0.68843037
1691687638000,0.68843037,0.68843037,0.68843037
1691687639000,0.68843034,0.68843034,0.68843034
1691687640000,0.6885,0.6885,0.6885
1691687641000,0.68843037,0.68843037,0.68843037
1691687642000,0.68842959,0.68842959,0.68842959
1691687643000,0.6885,0.6885,0.6885
1691687644000,0.6885,0.6885,0.6885
1691687645000,0.6885,0.6885,0.6885
1691687646000,0.68843173,0.68843173,0.68843173
1691687647000,0.68843173,0.68843173,0.68843173
1691687648000,0.68843173,0.68843173,0.68843173
1691687649000,0.6885,0.6885,0.6885
1691687650000,0.6885,0.6885,0.6885
1691687651000,0.6884,0.6884,0.6884
1691687652000,0.6884,0.6884,0.6884
1691687653000,0.6885,0.6885,0.6885
1691687654000,0.6885,0.6885,0.6885
1691687655000,0.6884,0.6884,0.6884
1691687656000,0.6884,0.6884,0.6884
1691687657000,0.6884,0.6884,0.6884
1691687658000,0.6884,0.6884,0.6884
1691687659000,0.6884,0.6884,0.6884
1691687660000,0.68835101,0.68835101,0.68835101
1691687661000,0.68835101,0.68835101,0.68835101
1691687662000,0.6883503,0.6883503,0.6883503
1691687663000,0.6884,0.6884,0.6884
1691687664000,0.68830325,0.68830325,0.68830325
1691687665000,0.68830235,0.68830235,0.68830235
1691687666000,0.68830235,0.68830235,0.68830235
1691687667000,0.68830337,0.68830337,0.68830337
1691687668000,0.6884,0.6884,0.6884
1691687669000,0.68830337,0.68830337,0.68830337
1691687670000,0.68834682,0.68834682,0.68834682
1691687671000,0.68834909,0.68834909,0.68834909
1691687672000,0.68834931,0.68834931,0.68834931
1691687673000,0.68834931,0.68834931,0.68834931
1691687674000,0.68834931,0.68834931,0.68834931
1691687675000,0.68834928,0.68834928,0.68834928
1691687676000,0.68834748,0.68834748,0.68834748
1691687677000,0.68834751,0.68834751,0.68834751
1691687678000,0.68834748,0.68834748,0.68834748
1691687679000,0.68834748,0.68834748,0.68834748
1691687680000,0.68834748,0.68834748,0.68834748
1691687681000,0.6883,0.6883,0.6883
1691687682000,0.6883,0.6883,0.6883
1691687683000,0.68829023,0.68829023,0.68829023
1691687684000,0.68829095,0.68829095,0.68829095
1691687685000,0.68829095,0.68829095,0.68829095
1691687686000,0.68824747,0.68824747,0.68824747
1691687687000,0.68824822,0.68824822,0.68824822
1691687688000,0.68824822,0.68824822,0.68824822
1691687689000,0.68824167,0.68824167,0.68824167
1691687690000,0.68824095,0.68824095,0.68824095
1691687691000,0.68824167,0.68824167,0.68824167
1691687692000,0.68823329,0.68823329,0.68823329
1691687693000,0.68823439,0.68823439,0.68823439
1691687694000,0.68823265,0.68823265,0.68823265
1691687695000,0.68818905,0.68818905,0.68818905
1691687696000,0.68818905,0.68818905,0.68818905
1691687697000,0.68823902,0.68823902,0.68823902
1691687698000,0.6882387,0.6882387,0.6882387
1691687699000,0.68823873,0.68823873,0.68823873
1691687700000,0.68823944,0.68823944,0.68823944
1691687701000,0.68823944,0.68823944,0.68823944
1691687702000,0.68823944,0.68823944,0.68823944
1691687703000,0.68823944,0.68823944,0.68823944
1691687704000,0.68823903,0.68823903,0.68823903
1691687705000,0.6883,0.6883,0.6883
1691687706000,0.6884,0.6884,0.6884
1691687707000,0.6883,0.6883,0.6883
1691687708000,0.6884,0.6884,0.6884
1691687709000,0.6883,0.6883,0.6883
1691687710000,0.6884,0.6884,0.6884
1691687711000,0.6884,0.6884,0.6884
1691687712000,0.6884,0.6884,0.6884
1691687713000,0.6884,0.6884,0.6884
1691687714000,0.6883,0.6883,0.6883
1691687715000,0.6883,0.6883,0.6883
1691687716000,0.6883,0.6883,0.6883
1691687717000,0.6884,0.6884,0.6884
1691687718000,0.68823232,0.68823232,0.68823232
1691687719000,0.6882316,0.6882316,0.6882316
1691687720000,0.68823069,0.68823069,0.68823069
1691687721000,0.6882,0.6882,0.6882
1691687722000,0.6882,0.6882,0.6882
1691687723000,0.6882,0.6882,0.6882
1691687724000,0.68822632,0.68822632,0.68822632
1691687725000,0.68822632,0.68822632,0.68822632
1691687726000,0.68822557,0.68822557,0.68822557
1691687727000,0.68822557,0.68822557,0.68822557
1691687728000,0.68822557,0.68822557,0.68822557
1691687729000,0.6882,0.6882,0.6882
1691687730000,0.6882164,0.6882164,0.6882164
1691687731000,0.68821571,0.68821571,0.68821571
1691687732000,0.68821571,0.68821571,0.68821571
1691687733000,0.68821568,0.68821568,0.68821568
1691687734000,0.68821568,0.68821568,0.68821568
1691687735000,0.68821571,0.68821571,0.68821571
1691687736000,0.68821571,0.68821571,0.68821571
1691687737000,0.68821647,0.68821647,0.68821647
1691687738000,0.68821647,0.68821647,0.68821647
1691687739000,0.6882165,0.6882165,0.6882165
1691687740000,0.6882158,0.6882158,0.6882158
1691687741000,0.68821516,0.68821516,0.68821516
1691687742000,0.68821836,0.68821836,0.68821836
1691687743000,0.68821836,0.68821836,0.68821836
1691687744000,0.68821836,0.68821836,0.68821836
1691687745000,0.68821908,0.68821908,0.68821908
1691687746000,0.68821908,0.68821908,0.68821908
1691687747000,0.68821908,0.68821908,0.68821908
1691687748000,0.68821969,0.68821969,0.68821969
1691687749000,0.68821969,0.68821969,0.68821969
1691687750000,0.68821969,0.68821969,0.68821969
1691687751000,0.68816329,0.68816329,0.68816329
1691687752000,0.68811985,0.68811985,0.68811985
1691687753000,0.68811974,0.68811974,0.68811974
1691687754000,0.68811971,0.68811971,0.68811971
1691687755000,0.68811974,0.68811974,0.68811974
1691687756000,0.68811971,0.68811971,0.68811971
1691687757000,0.68811322,0.68811322,0.68811322
1691687758000,0.68811319,0.68811319,0.68811319
1691687759000,0.68811376,0.68811376,0.68811376
1691687760000,0.68811376,0.68811376,0.68811376
1691687761000,0.68815796,0.68815796,0.68815796
1691687762000,0.68811451,0.68811451,0.68811451
1691687763000,0.68811451,0.68811451,0.68811451
1691687764000,0.6881135,0.6881135,0.6881135
1691687765000,0.6881135,0.6881135,0.6881135
1691687766000,0.68811353,0.68811353,0.68811353
1691687767000,0.68811353,0.68811353,0.68811353
1691687768000,0.6881135,0.6881135,0.6881135
1691687769000,0.68811353,0.68811353,0.68811353
1691687770000,0.6881164,0.6881164,0.6881164
1691687771000,0.68815988,0.68815988,0.68815988
1691687772000,0.6881164,0.6881164,0.6881164
1691687773000,0.6881164,0.6881164,0.6881164
1691687774000,0.6881164,0.6881164,0.6881164
1691687775000,0.68811398,0.68811398,0.68811398
1691687776000,0.68815749,0.68815749,0.68815749
1691687777000,0.68815746,0.68815746,0.68815746
1691687778000,0.68815746,0.68815746,0.68815746
1691687779000,0.68815749,0.68815749,0.68815749
1691687780000,0.6880879,0.6880879,0.6880879
1691687781000,0.68808538,0.68808538,0.68808538
1691687782000,0.6881,0.6881,0.6881
1691687783000,0.68805274,0.68805274,0.68805274
1691687784000,0.68805274,0.68805274,0.68805274
1691687785000,0.68809625,0.68809625,0.68809625
1691687786000,0.68809427,0.68809427,0.68809427
1691687787000,0.68808771,0.68808771,0.68808771
1691687788000,0.6881,0.6881,0.6881
1691687789000,0.6881,0.6881,0.6881
1691687790000,0.68808771,0.68808771,0.68808771
1691687791000,0.68808774,0.68808774,0.68808774
1691687792000,0.6881,0.6881,0.6881
1691687793000,0.6881,0.6881,0.6881
1691687794000,0.68808274,0.68808274,0.68808274
1691687795000,0.68808274,0.68808274,0.68808274
1691687796000,0.68805231,0.68805231,0.68805231
1691687797000,0.6881,0.6881,0.6881
1691687798000,0.6881,0.6881,0.6881
1691687799000,0.6881,0.6881,0.6881
1691687800000,0.68809126,0.68809126,0.68809126
1691687801000,0.6881,0.6881,0.6881
1691687802000,0.6881,0.6881,0.6881
1691687803000,0.6881,0.6881,0.6881
1691687804000,0.6881,0.6881,0.6881
1691687805000,0.68807394,0.68807394,0.68807394
1691687806000,0.68807472,0.68807472,0.68807472
1691687807000,0.68807394,0.68807394,0.68807394
1691687808000,0.68807125,0.68807125,0.68807125
1691687809000,0.68807128,0.68807128,0.68807128
1691687810000,0.68802852,0.68802852,0.68802852
1691687811000,0.68785429,0.68785429,0.68785429
1691687812000,0.688,0.688,0.688
1691687813000,0.688,0.688,0.688
1691687814000,0.6881,0.6881,0.6881
1691687815000,0.688,0.688,0.688
1691687816000,0.688,0.688,0.688
1691687817000,0.6882,0.6882,0.6882
1691687818000,0.6879,0.6879,0.6879
1691687819000,0.6879,0.6879,0.6879
1691687820000,0.6879,0.6879,0.6879
1691687821000,0.68784448,0.68784448,0.68784448
1691687822000,0.68784448,0.68784448,0.68784448
1691687823000,0.68784448,0.68784448,0.68784448
1691687824000,0.68783144,0.68783144,0.68783144
1691687825000,0.68782658,0.68782658,0.68782658
1691687826000,0.68782658,0.68782658,0.68782658
1691687827000,0.68771687,0.68771687,0.68771687
1691687828000,0.68771683,0.68771683,0.68771683
1691687829000,0.68746167,0.68746167,0.68746167
1691687830000,0.68745776,0.68745776,0.68745776
1691687831000,0.68745776,0.68745776,0.68745776
1691687832000,0.68739734,0.68739734,0.68739734
1691687833000,0.6875,0.6875,0.6875
1691687834000,0.6875,0.6875,0.6875
1691687835000,0.6875,0.6875,0.6875
1691687836000,0.6875,0.6875,0.6875
1691687837000,0.68754122,0.68754122,0.68754122
1691687838000,0.68752608,0.68752608,0.68752608
1691687839000,0.68752608,0.68752608,0.68752608
1691687840000,0.6876,0.6876,0.6876
1691687841000,0.6876,0.6876,0.6876
1691687842000,0.68751711,0.68751711,0.68751711
1691687843000,0.68751715,0.68751715,0.68751715
1691687844000,0.68751715,0.68751715,0.68751715
1691687845000,0.68751715,0.68751715,0.68751715
1691687846000,0.6876,0.6876,0.6876
1691687847000,0.6876,0.6876,0.6876
1691687848000,0.6876,0.6876,0.6876
1691687849000,0.6876,0.6876,0.6876
1691687850000,0.68752808,0.68752808,0.68752808
1691687851000,0.68753014,0.68753014,0.68753014
1691687852000,0.68753014,0.68753014,0.68753014
1691687853000,0.6876,0.6876,0.6876
1691687854000,0.6876,0.6876,0.6876
1691687855000,0.6877,0.6877,0.6877
1691687856000,0.6877,0.6877,0.6877
1691687857000,0.6876,0.6876,0.6876
1691687858000,0.6877,0.6877,0.6877
1691687859000,0.6877,0.6877,0.6877
1691687860000,0.6876,0.6876,0.6876
1691687861000,0.6876,0.6876,0.6876
1691687862000,0.6876,0.6876,0.6876
1691687863000,0.6876,0.6876,0.6876
1691687864000,0.6876,0.6876,0.6876
1691687865000,0.6875,0.6875,0.6875
1691687866000,0.6875,0.6875,0.6875
1691687867000,0.68747579,0.68747579,0.68747579
1691687868000,0.68744883,0.68744883,0.68744883
1691687869000,0.68744314,0.68744314,0.68744314
1691687870000,0.6875,0.6875,0.6875
1691687871000,0.6875,0.6875,0.6875
1691687872000,0.6875,0.6875,0.6875
1691687873000,0.6875,0.6875,0.6875
1691687874000,0.6875,0.6875,0.6875
1691687875000,0.6875,0.6875,0.6875
1691687876000,0.6875,0.6875,0.6875
1691687877000,0.6875,0.6875,0.6875
1691687878000,0.6875,0.6875,0.6875
1691687879000,0.6875,0.6875,0.6875
1691687880000,0.6875,0.6875,0.6875
1691687881000,0.6875,0.6875,0.6875
1691687882000,0.6875,0.6875,0.6875
1691687883000,0.6875,0.6875,0.6875
1691687884000,0.6876,0.6876,0.6876
1691687885000,0.6876,0.6876,0.6876
1691687886000,0.6876,0.6876,0.6876
1691687887000,0.6876,0.6876,0.6876
1691687888000,0.6876,0.6876,0.6876
1691687889000,0.6876,0.6876,0.6876
1691687890000,0.6876,0.6876,0.6876
1691687891000,0.6876,0.6876,0.6876
1691687892000,0.6876,0.6876,0.6876
1691687893000,0.6877,0.6877,0.6877
1691687894000,0.6877,0.6877,0.6877
1691687895000,0.6876,0.6876,0.6876
1691687896000,0.6877,0.6877,0.6877
1691687897000,0.6876,0.6876,0.6876
1691687898000,0.6876,0.6876,0.6876
1691687899000,0.6876,0.6876,0.6876
1691687900000,0.6877,0.6877,0.6877
1691687901000,0.6876,0.6876,0.6876
1691687902000,0.6877,0.6877,0.6877
1691687903000,0.6877,0.6877,0.6877
1691687904000,0.68752219,0.68752219,0.68752219
1691687905000,0.68752219,0.68752219,0.68752219
1691687906000,0.68752305,0.68752305,0.68752305
1691687907000,0.6875,0.6875,0.6875
1691687908000,0.68747284,0.68747284,0.68747284
1691687909000,0.68747284,0.68747284,0.68747284
1691687910000,0.68747202,0.68747202,0.68747202
1691687911000,0.68747202,0.68747202,0.68747202
1691687912000,0.68747198,0.68747198,0.68747198
1691687913000,0.68747003,0.68747003,0.68747003
1691687914000,0.68742,0.68742,0.68742
1691687915000,0.68742,0.68742,0.68742
1691687916000,0.68741388,0.68741388,0.68741388
1691687917000,0.68741391,0.68741391,0.68741391
1691687918000,0.68741305,0.68741305,0.68741305
1691687919000,0.68741229,0.68741229,0.68741229
1691687920000,0.68741225,0.68741225,0.68741225
1691687921000,0.68741225,0.68741225,0.68741225
1691687922000,0.6875,0.6875,0.6875
1691687923000,0.6874,0.6874,0.6874
1691687924000,0.6874,0.6874,0.6874
1691687925000,0.6874,0.6874,0.6874
1691687926000,0.68740485,0.68740485,0.68740485
1691687927000,0.6875,0.6875,0.6875
1691687928000,0.68740574,0.68740574,0.68740574
1691687929000,0.68740574,0.68740574,0.68740574
1691687930000,0.6875,0.6875,0.6875
1691687931000,0.68745686,0.68745686,0.68745686
1691687932000,0.6875,0.6875,0.6875
1691687933000,0.6875,0.6875,0.6875
1691687934000,0.6875,0.6875,0.6875
1691687935000,0.6875,0.6875,0.6875
1691687936000,0.6875,0.6875,0.6875
1691687937000,0.6875,0.6875,0.6875
1691687938000,0.6875,0.6875,0.6875
1691687939000,0.6875,0.6875,0.6875
1691687940000,0.6875,0.6875,0.6875
1691687941000,0.6875,0.6875,0.6875
1691687942000,0.6876,0.6876,0.6876
1691687943000,0.6875,0.6875,0.6875
1691687944000,0.6875,0.6875,0.6875
1691687945000,0.6875,0.6875,0.6875
1691687946000,0.6875,0.6875,0.6875
1691687947000,0.6875,0.6875,0.6875
1691687948000,0.6875,0.6875,0.6875
1691687949000,0.6875,0.6875,0.6875
1691687950000,0.6875,0.6875,0.6875
1691687951000,0.6876,0.6876,0.6876
1691687952000,0.6875,0.6875,0.6875
1691687953000,0.6875,0.6875,0.6875
1691687954000,0.6875,0.6875,0.6875
1691687955000,0.6877,0.6877,0.6877
1691687956000,0.6876,0.6876,0.6876
1691687957000,0.6876,0.6876,0.6876
1691687958000,0.6876,0.6876,0.6876
1691687959000,0.6876,0.6876,0.6876
1691687960000,0.6875,0.6875,0.6875
1691687961000,0.6875,0.6875,0.6875
1691687962000,0.68747388,0.68747388,0.68747388
1691687963000,0.6875,0.6875,0.6875
1691687964000,0.6875,0.6875,0.6875
1691687965000,0.6875,0.6875,0.6875
1691687966000,0.6875,0.6875,0.6875
1691687967000,0.68747056,0.68747056,0.68747056
1691687968000,0.6875,0.6875,0.6875
1691687969000,0.6876,0.6876,0.6876
1691687970000,0.6875,0.6875,0.6875
1691687971000,0.6875,0.6875,0.6875
1691687972000,0.6876,0.6876,0.6876
1691687973000,0.6876,0.6876,0.6876
1691687974000,0.6876,0.6876,0.6876
1691687975000,0.6876,0.6876,0.6876
1691687976000,0.6876,0.6876,0.6876
1691687977000,0.6876,0.6876,0.6876
1691687978000,0.6876,0.6876,0.6876
1691687979000,0.6876,0.6876,0.6876
1691687980000,0.6876,0.6876,0.6876
1691687981000,0.6876,0.6876,0.6876
1691687982000,0.6876,0.6876,0.6876
1691687983000,0.6876,0.6876,0.6876
1691687984000,0.6876,0.6876,0.6876
1691687985000,0.6876,0.6876,0.6876
1691687986000,0.6878,0.6878,0.6878
1691687987000,0.6878,0.6878,0.6878
1691687988000,0.6878,0.6878,0.6878
1691687989000,0.6877,0.6877,0.6877
1691687990000,0.6877,0.6877,0.6877
1691687991000,0.6877,0.6877,0.6877
1691687992000,0.6877,0.6877,0.6877
1691687993000,0.6877,0.6877,0.6877
1691687994000,0.6877,0.6877,0.6877
1691687995000,0.6877,0.6877,0.6877
1691687996000,0.6877,0.6877,0.6877
1691687997000,0.6876,0.6876,0.6876
1691687998000,0.6876,0.6876,0.6876
1691687999000,0.6876,0.6876,0.6876
1691688000000,0.68759061,0.68759061,0.68759061
1691688001000,0.68760278,0.68760278,0.68760278
1691688002000,0.6877,0.6877,0.6877
1691688003000,0.6879,0.6879,0.6879
1691688004000,0.6878,0.6878,0.6878
1691688005000,0.6879,0.6879,0.6879
1691688006000,0.6879,0.6879,0.6879
1691688007000,0.6879,0.6879,0.6879
1691688008000,0.6878,0.6878,0.6878
1691688009000,0.6879,0.6879,0.6879
1691688010000,0.6879,0.6879,0.6879
1691688011000,0.6879,0.6879,0.6879
1691688012000,0.6879,0.6879,0.6879
1691688013000,0.6878,0.6878,0.6878
1691688014000,0.688,0.688,0.688
1691688015000,0.688,0.688,0.688
1691688016000,0.68770362,0.68770362,0.68770362
1691688017000,0.6878,0.6878,0.6878
1691688018000,0.6877,0.6877,0.6877
1691688019000,0.6876,0.6876,0.6876
1691688020000,0.6876,0.6876,0.6876
1691688021000,0.6876,0.6876,0.6876
1691688022000,0.6876,0.6876,0.6876
1691688023000,0.68758252,0.68758252,0.68758252
1691688024000,0.6876,0.6876,0.6876
1691688025000,0.6877,0.6877,0.6877
1691688026000,0.6877,0.6877,0.6877
1691688027000,0.6877,0.6877,0.6877
1691688028000,0.6877,0.6877,0.6877
1691688029000,0.6877,0.6877,0.6877
1691688030000,0.6878,0.6878,0.6878
1691688031000,0.6878,0.6878,0.6878
1691688032000,0.68787515,0.68787515,0.68787515
1691688033000,0.6878,0.6878,0.6878
1691688034000,0.6878,0.6878,0.6878
1691688035000,0.6877,0.6877,0.6877
1691688036000,0.6877,0.6877,0.6877
1691688037000,0.6877,0.6877,0.6877
1691688038000,0.6877,0.6877,0.6877
1691688039000,0.6877,0.6877,0.6877
1691688040000,0.6877,0.6877,0.6877
1691688041000,0.6877,0.6877,0.6877
1691688042000,0.6877,0.6877,0.6877
1691688043000,0.6877,0.6877,0.6877
1691688044000,0.6877,0.6877,0.6877
1691688045000,0.6878,0.6878,0.6878
1691688046000,0.6877,0.6877,0.6877
1691688047000,0.6877,0.6877,0.6877
1691688048000,0.6877,0.6877,0.6877
1691688049000,0.6879,0.6879,0.6879
1691688050000,0.6879,0.6879,0.6879
1691688051000,0.6879,0.6879,0.6879
1691688052000,0.6879,0.6879,0.6879
1691688053000,0.6879,0.6879,0.6879
1691688054000,0.6879,0.6879,0.6879
1691688055000,0.6879,0.6879,0.6879
1691688056000,0.688,0.688,0.688
1691688057000,0.6879,0.6879,0.6879
1691688058000,0.6879,0.6879,0.6879
1691688059000,0.688,0.688,0.688
1691688060000,0.688,0.688,0.688
1691688061000,0.688,0.688,0.688
1691688062000,0.688,0.688,0.688
1691688063000,0.688,0.688,0.688
1691688064000,0.688,0.688,0.688
1691688065000,0.6878,0.6878,0.6878
1691688066000,0.6878,0.6878,0.6878
1691688067000,0.6878,0.6878,0.6878
1691688068000,0.6878,0.6878,0.6878
1691688069000,0.6878,0.6878,0.6878
1691688070000,0.6878,0.6878,0.6878
1691688071000,0.6878,0.6878,0.6878
1691688072000,0.6878,0.6878,0.6878
1691688073000,0.6878,0.6878,0.6878
1691688074000,0.6878,0.6878,0.6878
1691688075000,0.6878,0.6878,0.6878
1691688076000,0.6878,0.6878,0.6878
1691688077000,0.6877,0.6877,0.6877
1691688078000,0.6877,0.6877,0.6877
1691688079000,0.6877,0.6877,0.6877
1691688080000,0.6877,0.6877,0.6877
1691688081000,0.6877,0.6877,0.6877
1691688082000,0.6877,0.6877,0.6877
1691688083000,0.6877,0.6877,0.6877
1691688084000,0.6877,0.6877,0.6877
1691688085000,0.6878,0.6878,0.6878
1691688086000,0.6877,0.6877,0.6877
1691688087000,0.6877,0.6877,0.6877
1691688088000,0.68760576,0.68760576,0.68760576
1691688089000,0.6877,0.6877,0.6877
1691688090000,0.6877,0.6877,0.6877
1691688091000,0.6877,0.6877,0.6877
1691688092000,0.6877,0.6877,0.6877
1691688093000,0.68760974,0.68760974,0.68760974
1691688094000,0.68760974,0.68760974,0.68760974
1691688095000,0.68761383,0.68761383,0.68761383
1691688096000,0.68761383,0.68761383,0.68761383
1691688097000,0.68761279,0.68761279,0.68761279
1691688098000,0.6877,0.6877,0.6877
1691688099000,0.6878,0.6878,0.6878
1691688100000,0.6879,0.6879,0.6879
1691688101000,0.6879,0.6879,0.6879
1691688102000,0.6879,0.6879,0.6879
1691688103000,0.6879,0.6879,0.6879
1691688104000,0.6879,0.6879,0.6879
1691688105000,0.6879,0.6879,0.6879
1691688106000,0.6879,0.6879,0.6879
1691688107000,0.6879,0.6879,0.6879
1691688108000,0.6877,0.6877,0.6877
1691688109000,0.6877,0.6877,0.6877
1691688110000,0.6877,0.6877,0.6877
1691688111000,0.6877,0.6877,0.6877
1691688112000,0.6877,0.6877,0.6877
1691688113000,0.6877,0.6877,0.6877
1691688114000,0.6878,0.6878,0.6878
1691688115000,0.6877,0.6877,0.6877
1691688116000,0.6877,0.6877,0.6877
1691688117000,0.6878,0.6878,0.6878
1691688118000,0.6877,0.6877,0.6877
1691688119000,0.6877,0.6877,0.6877
1691688120000,0.6879,0.6879,0.6879
1691688121000,0.6879,0.6879,0.6879
1691688122000,0.6879,0.6879,0.6879
1691688123000,0.6879,0.6879,0.6879
1691688124000,0.6879,0.6879,0.6879
1691688125000,0.6879,0.6879,0.6879
1691688126000,0.6878,0.6878,0.6878
1691688127000,0.6878,0.6878,0.6878
1691688128000,0.6878,0.6878,0.6878
1691688129000,0.6878,0.6878,0.6878
1691688130000,0.6878,0.6878,0.6878
1691688131000,0.6878,0.6878,0.6878
1691688132000,0.6878,0.6878,0.6878
1691688133000,0.68772662,0.68772662,0.68772662
1691688134000,0.6877,0.6877,0.6877
1691688135000,0.6877,0.6877,0.6877
1691688136000,0.6877,0.6877,0.6877
1691688137000,0.6877,0.6877,0.6877
1691688138000,0.6877,0.6877,0.6877
1691688139000,0.6877,0.6877,0.6877
1691688140000,0.6877,0.6877,0.6877
1691688141000,0.6877,0.6877,0.6877
1691688142000,0.6877,0.6877,0.6877
1691688143000,0.6877,0.6877,0.6877
1691688144000,0.6877,0.6877,0.6877
1691688145000,0.6877,0.6877,0.6877
1691688146000,0.6877,0.6877,0.6877
1691688147000,0.6877,0.6877,0.6877
1691688148000,0.6877,0.6877,0.6877
1691688149000,0.6877,0.6877,0.6877
1691688150000,0.6877,0.6877,0.6877
1691688151000,0.6877,0.6877,0.6877
1691688152000,0.6877,0.6877,0.6877
1691688153000,0.6877,0.6877,0.6877
1691688154000,0.6877,0.6877,0.6877
1691688155000,0.6877,0.6877,0.6877
1691688156000,0.68766012,0.68766012,0.68766012
1691688157000,0.6877,0.6877,0.6877
1691688158000,0.68766015,0.68766015,0.68766015
1691688159000,0.68765898,0.68765898,0.68765898
1691688160000,0.6876532,0.6876532,0.6876532
1691688161000,0.68765403,0.68765403,0.68765403
1691688162000,0.68765481,0.68765481,0.68765481
1691688163000,0.68765403,0.68765403,0.68765403
1691688164000,0.6876541,0.6876541,0.6876541
1691688165000,0.68765413,0.68765413,0.68765413
1691688166000,0.68765413,0.68765413,0.68765413
1691688167000,0.6877,0.6877,0.6877
1691688168000,0.68765808,0.68765808,0.68765808
1691688169000,0.68765801,0.68765801,0.68765801
1691688170000,0.68765801,0.68765801,0.68765801
1691688171000,0.68765801,0.68765801,0.68765801
1691688172000,0.68765976,0.68765976,0.68765976
1691688173000,0.68754582,0.68754582,0.68754582
1691688174000,0.68745821,0.68745821,0.68745821
1691688175000,0.68745821,0.68745821,0.68745821
1691688176000,0.68744439,0.68744439,0.68744439
1691688177000,0.68744439,0.68744439,0.68744439
1691688178000,0.68744452,0.68744452,0.68744452
1691688179000,0.68744452,0.68744452,0.68744452
1691688180000,0.68744452,0.68744452,0.68744452
1691688181000,0.68744449,0.68744449,0.68744449
1691688182000,0.68744449,0.68744449,0.68744449
1691688183000,0.68748832,0.68748832,0.68748832
1691688184000,0.68748832,0.68748832,0.68748832
1691688185000,0.68744484,0.68744484,0.68744484
1691688186000,0.68743832,0.68743832,0.68743832
1691688187000,0.6876,0.6876,0.6876
1691688188000,0.6876,0.6876,0.6876
1691688189000,0.6876,0.6876,0.6876
1691688190000,0.68761367,0.68761367,0.68761367
1691688191000,0.6876,0.6876,0.6876
1691688192000,0.6876,0.6876,0.6876
1691688193000,0.6876,0.6876,0.6876
1691688194000,0.6876,0.6876,0.6876
1691688195000,0.6877,0.6877,0.6877
1691688196000,0.6877,0.6877,0.6877
1691688197000,0.6877,0.6877,0.6877
1691688198000,0.6877,0.6877,0.6877
1691688199000,0.6877,0.6877,0.6877
1691688200000,0.6877,0.6877,0.6877
1691688201000,0.68766574,0.68766574,0.68766574
1691688202000,0.68766577,0.68766577,0.68766577
1691688203000,0.68766577,0.68766577,0.68766577
1691688204000,0.6876669,0.6876669,0.6876669
1691688205000,0.68766945,0.68766945,0.68766945
1691688206000,0.6877,0.6877,0.6877
1691688207000,0.6877,0.6877,0.6877
1691688208000,0.68767283,0.68767283,0.68767283
1691688209000,0.68767287,0.68767287,0.68767287
1691688210000,0.68767287,0.68767287,0.68767287
1691688211000,0.68767664,0.68767664,0.68767664
1691688212000,0.68767664,0.68767664,0.68767664
1691688213000,0.68767664,0.68767664,0.68767664
1691688214000,0.68767664,0.68767664,0.68767664
1691688215000,0.68767722,0.68767722,0.68767722
1691688216000,0.6876792,0.6876792,0.6876792
1691688217000,0.6876792,0.6876792,0.6876792
1691688218000,0.6876792,0.6876792,0.6876792
1691688219000,0.6876792,0.6876792,0.6876792
1691688220000,0.68767849,0.68767849,0.68767849
1691688221000,0.68767846,0.68767846,0.68767846
1691688222000,0.6877,0.6877,0.6877
1691688223000,0.6877,0.6877,0.6877
1691688224000,0.6877,0.6877,0.6877
1691688225000,0.68770767,0.68770767,0.68770767
1691688226000,0.6879,0.6879,0.6879
1691688227000,0.6879,0.6879,0.6879
1691688228000,0.688,0.688,0.688
1691688229000,0.688,0.688,0.688
1691688230000,0.68809076,0.68809076,0.68809076
1691688231000,0.68809076,0.68809076,0.68809076
1691688232000,0.68809076,0.68809076,0.68809076
1691688233000,0.688,0.688,0.688
1691688234000,0.688,0.688,0.688
1691688235000,0.688,0.688,0.688
1691688236000,0.688,0.688,0.688
1691688237000,0.688,0.688,0.688
1691688238000,0.68784086,0.68784086,0.68784086
1691688239000,0.68784086,0.68784086,0.68784086
1691688240000,0.6879,0.6879,0.6879
1691688241000,0.6879,0.6879,0.6879
1691688242000,0.6879,0.6879,0.6879
1691688243000,0.68784196,0.68784196,0.68784196
1691688244000,0.68784355,0.68784355,0.68784355
1691688245000,0.68784355,0.68784355,0.68784355
1691688246000,0.6878,0.6878,0.6878
1691688247000,0.6878,0.6878,0.6878
1691688248000,0.68784268,0.68784268,0.68784268
1691688249000,0.68784503,0.68784503,0.68784503
1691688250000,0.68780158,0.68780158,0.68780158
1691688251000,0.68780162,0.68780162,0.68780162
1691688252000,0.68780162,0.68780162,0.68780162
1691688253000,0.68775814,0.68775814,0.68775814
1691688254000,0.68771466,0.68771466,0.68771466
1691688255000,0.6878,0.6878,0.6878
1691688256000,0.6877603,0.6877603,0.6877603
1691688257000,0.6878,0.6878,0.6878
1691688258000,0.6878,0.6878,0.6878
1691688259000,0.68776682,0.68776682,0.68776682
1691688260000,0.68777187,0.68777187,0.68777187
1691688261000,0.6878,0.6878,0.6878
1691688262000,0.6878,0.6878,0.6878
1691688263000,0.6878,0.6878,0.6878
1691688264000,0.68778414,0.68778414,0.68778414
1691688265000,0.68778414,0.68778414,0.68778414
1691688266000,0.68778888,0.68778888,0.68778888
1691688267000,0.68778891,0.68778891,0.68778891
1691688268000,0.68778817,0.68778817,0.68778817
1691688269000,0.68778814,0.68778814,0.68778814
1691688270000,0.68778814,0.68778814,0.68778814
1691688271000,0.68778814,0.68778814,0.68778814
1691688272000,0.6877895,0.6877895,0.6877895
1691688273000,0.6877895,0.6877895,0.6877895
1691688274000,0.6877895,0.6877895,0.6877895
1691688275000,0.6878,0.6878,0.6878
1691688276000,0.6878,0.6878,0.6878
1691688277000,0.6878,0.6878,0.6878
1691688278000,0.6878,0.6878,0.6878
1691688279000,0.68778923,0.68778923,0.68778923
1691688280000,0.6877892,0.6877892,0.6877892
1691688281000,0.68778923,0.68778923,0.68778923
1691688282000,0.6878,0.6878,0.6878
1691688283000,0.6878,0.6878,0.6878
1691688284000,0.68778966,0.68778966,0.68778966
1691688285000,0.68778857,0.68778857,0.68778857
1691688286000,0.68778857,0.68778857,0.68778857
1691688287000,0.68778857,0.68778857,0.68778857
1691688288000,0.68778553,0.68778553,0.68778553
1691688289000,0.68778553,0.68778553,0.68778553
1691688290000,0.6878,0.6878,0.6878
1691688291000,0.6878,0.6878,0.6878
1691688292000,0.6878,0.6878,0.6878
1691688293000,0.6878,0.6878,0.6878
1691688294000,0.68778647,0.68778647,0.68778647
1691688295000,0.68774811,0.68774811,0.68774811
1691688296000,0.68774736,0.68774736,0.68774736
1691688297000,0.68774736,0.68774736,0.68774736
1691688298000,0.68774736,0.68774736,0.68774736
1691688299000,0.68774739,0.68774739,0.68774739
1691688300000,0.68770466,0.68770466,0.68770466
1691688301000,0.68770466,0.68770466,0.68770466
1691688302000,0.68770395,0.68770395,0.68770395
1691688303000,0.68770391,0.68770391,0.68770391
1691688304000,0.68770391,0.68770391,0.68770391
1691688305000,0.68770559,0.68770559,0.68770559
1691688306000,0.68782189,0.68782189,0.68782189
1691688307000,0.68781611,0.68781611,0.68781611
1691688308000,0.68781509,0.68781509,0.68781509
1691688309000,0.6878139,0.6878139,0.6878139
1691688310000,0.68780949,0.68780949,0.68780949
1691688311000,0.68779644,0.68779644,0.68779644
1691688312000,0.68779644,0.68779644,0.68779644
1691688313000,0.68779644,0.68779644,0.68779644
1691688314000,0.68779644,0.68779644,0.68779644
1691688315000,0.68779644,0.68779644,0.68779644
1691688316000,0.68779173,0.68779173,0.68779173
1691688317000,0.6877473,0.6877473,0.6877473
1691688318000,0.68774714,0.68774714,0.68774714
1691688319000,0.68774789,0.68774789,0.68774789
1691688320000,0.68774717,0.68774717,0.68774717
1691688321000,0.68774694,0.68774694,0.68774694
1691688322000,0.68774691,0.68774691,0.68774691
1691688323000,0.68773449,0.68773449,0.68773449
1691688324000,0.68773446,0.68773446,0.68773446
1691688325000,0.68773446,0.68773446,0.68773446
1691688326000,0.68773446,0.68773446,0.68773446
1691688327000,0.68771927,0.68771927,0.68771927
1691688328000,0.68772044,0.68772044,0.68772044
1691688329000,0.68772044,0.68772044,0.68772044
1691688330000,0.68772044,0.68772044,0.68772044
1691688331000,0.68772047,0.68772047,0.68772047
1691688332000,0.6877091,0.6877091,0.6877091
1691688333000,0.6877091,0.6877091,0.6877091
1691688334000,0.68770531,0.68770531,0.68770531
1691688335000,0.68770606,0.68770606,0.68770606
1691688336000,0.68770606,0.68770606,0.68770606
1691688337000,0.68770295,0.68770295,0.68770295
1691688338000,0.68769807,0.68769807,0.68769807
1691688339000,0.68769429,0.68769429,0.68769429
1691688340000,0.68765082,0.68765082,0.68765082
1691688341000,0.6876501,0.6876501,0.6876501
1691688342000,0.68765007,0.68765007,0.68765007
1691688343000,0.68764772,0.68764772,0.68764772
1691688344000,0.68764899,0.68764899,0.68764899
1691688345000,0.68764899,0.68764899,0.68764899
1691688346000,0.68764896,0.68764896,0.68764896
1691688347000,0.68764005,0.68764005,0.68764005
1691688348000,0.68764005,0.68764005,0.68764005
1691688349000,0.68763548,0.68763548,0.68763548
1691688350000,0.68763545,0.68763545,0.68763545
1691688351000,0.68763545,0.68763545,0.68763545
1691688352000,0.68762967,0.68762967,0.68762967
1691688353000,0.68767243,0.68767243,0.68767243
1691688354000,0.6876676,0.6876676,0.6876676
1691688355000,0.68766757,0.68766757,0.68766757
1691688356000,0.68766757,0.68766757,0.68766757
1691688357000,0.6876676,0.6876676,0.6876676
1691688358000,0.6876676,0.6876676,0.6876676
1691688359000,0.6876676,0.6876676,0.6876676
1691688360000,0.6876189,0.6876189,0.6876189
1691688361000,0.68761893,0.68761893,0.68761893
1691688362000,0.68761893,0.68761893,0.68761893
1691688363000,0.68761893,0.68761893,0.68761893
1691688364000,0.6876189,0.6876189,0.6876189
1691688365000,0.68761391,0.68761391,0.68761391
1691688366000,0.68765086,0.68765086,0.68765086
1691688367000,0.68765086,0.68765086,0.68765086
1691688368000,0.68765089,0.68765089,0.68765089
1691688369000,0.68765089,0.68765089,0.68765089
1691688370000,0.68765135,0.68765135,0.68765135
1691688371000,0.68764846,0.68764846,0.68764846
1691688372000,0.6877,0.6877,0.6877
1691688373000,0.6877,0.6877,0.6877
1691688374000,0.6877,0.6877,0.6877
1691688375000,0.6877,0.6877,0.6877
1691688376000,0.68764742,0.68764742,0.68764742
1691688377000,0.68764745,0.68764745,0.68764745
1691688378000,0.68764745,0.68764745,0.68764745
1691688379000,0.68764628,0.68764628,0.68764628
1691688380000,0.68764628,0.68764628,0.68764628
1691688381000,0.68764702,0.68764702,0.68764702
1691688382000,0.68764382,0.68764382,0.68764382
1691688383000,0.68764382,0.68764382,0.68764382
1691688384000,0.68764382,0.68764382,0.68764382
1691688385000,0.68759988,0.68759988,0.68759988
1691688386000,0.68759988,0.68759988,0.68759988
1691688387000,0.68763479,0.68763479,0.68763479
1691688388000,0.68763479,0.68763479,0.68763479
1691688389000,0.68763456,0.68763456,0.68763456
1691688390000,0.68763456,0.68763456,0.68763456
1691688391000,0.68767801,0.68767801,0.68767801
1691688392000,0.68767801,0.68767801,0.68767801
1691688393000,0.68767532,0.68767532,0.68767532
1691688394000,0.68767529,0.68767529,0.68767529
1691688395000,0.68767529,0.68767529,0.68767529
1691688396000,0.68767613,0.68767613,0.68767613
1691688397000,0.68767616,0.68767616,0.68767616
1691688398000,0.68767438,0.68767438,0.68767438
1691688399000,0.68767438,0.68767438,0.68767438
1691688400000,0.68767438,0.68767438,0.68767438
1691688401000,0.68767441,0.68767441,0.68767441
1691688402000,0.68767441,0.68767441,0.68767441
1691688403000,0.68767513,0.68767513,0.68767513
1691688404000,0.68766869,0.68766869,0.68766869
1691688405000,0.68766869,0.68766869,0.68766869
1691688406000,0.68766706,0.68766706,0.68766706
1691688407000,0.68766709,0.68766709,0.68766709
1691688408000,0.68771129,0.68771129,0.68771129
1691688409000,0.6877049,0.6877049,0.6877049
1691688410000,0.68766168,0.68766168,0.68766168
1691688411000,0.68766171,0.68766171,0.68766171
1691688412000,0.68766171,0.68766171,0.68766171
1691688413000,0.68766171,0.68766171,0.68766171
1691688414000,0.68766171,0.68766171,0.68766171
1691688415000,0.68765846,0.68765846,0.68765846
1691688416000,0.68765846,0.68765846,0.68765846
1691688417000,0.68765846,0.68765846,0.68765846
1691688418000,0.68765843,0.68765843,0.68765843
1691688419000,0.68765843,0.68765843,0.68765843
1691688420000,0.68765507,0.68765507,0.68765507
1691688421000,0.68765579,0.68765579,0.68765579
1691688422000,0.68765582,0.68765582,0.68765582
1691688423000,0.68765582,0.68765582,0.68765582
1691688424000,0.68769929,0.68769929,0.68769929
1691688425000,0.68774274,0.68774274,0.68774274
1691688426000,0.68773576,0.68773576,0.68773576
1691688427000,0.68773576,0.68773576,0.68773576
1691688428000,0.68773579,0.68773579,0.68773579
1691688429000,0.6878,0.6878,0.6878
1691688430000,0.68773579,0.68773579,0.68773579
1691688431000,0.68773404,0.68773404,0.68773404
1691688432000,0.68773401,0.68773401,0.68773401
1691688433000,0.68773401,0.68773401,0.68773401
1691688434000,0.68773401,0.68773401,0.68773401
1691688435000,0.68773401,0.68773401,0.68773401
1691688436000,0.6877,0.6877,0.6877
1691688437000,0.6877,0.6877,0.6877
1691688438000,0.6879,0.6879,0.6879
1691688439000,0.6879,0.6879,0.6879
1691688440000,0.688,0.688,0.688
1691688441000,0.688,0.688,0.688
1691688442000,0.688,0.688,0.688
1691688443000,0.688,0.688,0.688
1691688444000,0.688,0.688,0.688
1691688445000,0.688,0.688,0.688
1691688446000,0.688,0.688,0.688
1691688447000,0.688,0.688,0.688
1691688448000,0.6879,0.6879,0.6879
1691688449000,0.6879,0.6879,0.6879
1691688450000,0.688,0.688,0.688
1691688451000,0.688,0.688,0.688
1691688452000,0.688,0.688,0.688
1691688453000,0.6879,0.6879,0.6879
1691688454000,0.6878004,0.6878004,0.6878004
1691688455000,0.68779385,0.68779385,0.68779385
1691688456000,0.68779179,0.68779179,0.68779179
1691688457000,0.68779179,0.68779179,0.68779179
1691688458000,0.68779179,0.68779179,0.68779179
1691688459000,0.68779063,0.68779063,0.68779063
1691688460000,0.68779063,0.68779063,0.68779063
1691688461000,0.68778991,0.68778991,0.68778991
1691688462000,0.68779197,0.68779197,0.68779197
1691688463000,0.68779197,0.68779197,0.68779197
1691688464000,0.687792,0.687792,0.687792
1691688465000,0.68778999,0.68778999,0.68778999
1691688466000,0.6878,0.6878,0.6878
1691688467000,0.6878,0.6878,0.6878
1691688468000,0.6878,0.6878,0.6878
1691688469000,0.6878,0.6878,0.6878
1691688470000,0.6878,0.6878,0.6878
1691688471000,0.6878,0.6878,0.6878
1691688472000,0.6878,0.6878,0.6878
1691688473000,0.6878,0.6878,0.6878
1691688474000,0.68783145,0.68783145,0.68783145
1691688475000,0.687788,0.687788,0.687788
1691688476000,0.68779049,0.68779049,0.68779049
1691688477000,0.68779049,0.68779049,0.68779049
1691688478000,0.6878,0.6878,0.6878
1691688479000,0.6878,0.6878,0.6878
1691688480000,0.6878,0.6878,0.6878
1691688481000,0.68778924,0.68778924,0.68778924
1691688482000,0.6878,0.6878,0.6878
1691688483000,0.6878,0.6878,0.6878
1691688484000,0.6878,0.6878,0.6878
1691688485000,0.6877457,0.6877457,0.6877457
1691688486000,0.68774644,0.68774644,0.68774644
1691688487000,0.68774447,0.68774447,0.68774447
1691688488000,0.68774447,0.68774447,0.68774447
1691688489000,0.68770103,0.68770103,0.68770103
1691688490000,0.68770099,0.68770099,0.68770099
1691688491000,0.68770103,0.68770103,0.68770103
1691688492000,0.6877,0.6877,0.6877
1691688493000,0.68774238,0.68774238,0.68774238
1691688494000,0.68774238,0.68774238,0.68774238
1691688495000,0.68774238,0.68774238,0.68774238
1691688496000,0.68774238,0.68774238,0.68774238
1691688497000,0.68774241,0.68774241,0.68774241
1691688498000,0.68773745,0.68773745,0.68773745
1691688499000,0.68773745,0.68773745,0.68773745
1691688500000,0.68773745,0.68773745,0.68773745
1691688501000,0.68773745,0.68773745,0.68773745
1691688502000,0.68773937,0.68773937,0.68773937
1691688503000,0.68773558,0.68773558,0.68773558
1691688504000,0.68773558,0.68773558,0.68773558
1691688505000,0.68767905,0.68767905,0.68767905
1691688506000,0.68767905,0.68767905,0.68767905
1691688507000,0.68767788,0.68767788,0.68767788
1691688508000,0.68767788,0.68767788,0.68767788
1691688509000,0.68767499,0.68767499,0.68767499
1691688510000,0.68767499,0.68767499,0.68767499
1691688511000,0.68767499,0.68767499,0.68767499
1691688512000,0.68767499,0.68767499,0.68767499
1691688513000,0.68767425,0.68767425,0.68767425
1691688514000,0.68767144,0.68767144,0.68767144
1691688515000,0.68767141,0.68767141,0.68767141
1691688516000,0.68767141,0.68767141,0.68767141
1691688517000,0.6877143,0.6877143,0.6877143
1691688518000,0.6877143,0.6877143,0.6877143
1691688519000,0.68771427,0.68771427,0.68771427
1691688520000,0.68771146,0.68771146,0.68771146
1691688521000,0.68771149,0.68771149,0.68771149
1691688522000,0.68771149,0.68771149,0.68771149
1691688523000,0.6878,0.6878,0.6878
1691688524000,0.6878,0.6878,0.6878
1691688525000,0.6878,0.6878,0.6878
1691688526000,0.6878,0.6878,0.6878
1691688527000,0.6878,0.6878,0.6878
1691688528000,0.6878,0.6878,0.6878
1691688529000,0.6878,0.6878,0.6878
1691688530000,0.6878,0.6878,0.6878
1691688531000,0.6878,0.6878,0.6878
1691688532000,0.6878,0.6878,0.6878
1691688533000,0.6878,0.6878,0.6878
1691688534000,0.6878,0.6878,0.6878
1691688535000,0.6878,0.6878,0.6878
1691688536000,0.6878,0.6878,0.6878
1691688537000,0.6878,0.6878,0.6878
1691688538000,0.6878,0.6878,0.6878
1691688539000,0.6878,0.6878,0.6878
1691688540000,0.6878,0.6878,0.6878
1691688541000,0.6878,0.6878,0.6878
1691688542000,0.6879,0.6879,0.6879
1691688543000,0.68781075,0.68781075,0.68781075
1691688544000,0.6879,0.6879,0.6879
1691688545000,0.6879,0.6879,0.6879
1691688546000,0.688,0.688,0.688
1691688547000,0.688,0.688,0.688
1691688548000,0.688,0.688,0.688
1691688549000,0.6881,0.6881,0.6881
1691688550000,0.6881,0.6881,0.6881
1691688551000,0.688,0.688,0.688
1691688552000,0.688,0.688,0.688
1691688553000,0.6879,0.6879,0.6879
1691688554000,0.688,0.688,0.688
1691688555000,0.68787196,0.68787196,0.68787196
1691688556000,0.68787196,0.68787196,0.68787196
1691688557000,0.68787193,0.68787193,0.68787193
1691688558000,0.68786984,0.68786984,0.68786984
1691688559000,0.68786981,0.68786981,0.68786981
1691688560000,0.6879,0.6879,0.6879
1691688561000,0.6879,0.6879,0.6879
1691688562000,0.6879,0.6879,0.6879
1691688563000,0.68787059,0.68787059,0.68787059
1691688564000,0.68786855,0.68786855,0.68786855
1691688565000,0.6878678,0.6878678,0.6878678
1691688566000,0.6878678,0.6878678,0.6878678
1691688567000,0.68786783,0.68786783,0.68786783
1691688568000,0.68782433,0.68782433,0.68782433
1691688569000,0.68782254,0.68782254,0.68782254
1691688570000,0.68782254,0.68782254,0.68782254
1691688571000,0.68782328,0.68782328,0.68782328
1691688572000,0.68782328,0.68782328,0.68782328
1691688573000,0.68777169,0.68777169,0.68777169
1691688574000,0.68776905,0.68776905,0.68776905
1691688575000,0.68776633,0.68776633,0.68776633
1691688576000,0.68776559,0.68776559,0.68776559
1691688577000,0.68776559,0.68776559,0.68776559
1691688578000,0.68776556,0.68776556,0.68776556
1691688579000,0.6876786,0.6876786,0.6876786
1691688580000,0.68762501,0.68762501,0.68762501
1691688581000,0.68754967,0.68754967,0.68754967
1691688582000,0.6876,0.6876,0.6876
1691688583000,0.68755042,0.68755042,0.68755042
1691688584000,0.68755042,0.68755042,0.68755042
1691688585000,0.68755042,0.68755042,0.68755042
1691688586000,0.68754587,0.68754587,0.68754587
1691688587000,0.68754587,0.68754587,0.68754587
1691688588000,0.6876,0.6876,0.6876
1691688589000,0.68754587,0.68754587,0.68754587
1691688590000,0.68754587,0.68754587,0.68754587
1691688591000,0.6875442,0.6875442,0.6875442
1691688592000,0.68754128,0.68754128,0.68754128
1691688593000,0.68754128,0.68754128,0.68754128
1691688594000,0.68754131,0.68754131,0.68754131
1691688595000,0.6876,0.6876,0.6876
1691688596000,0.6876,0.6876,0.6876
1691688597000,0.68754072,0.68754072,0.68754072
1691688598000,0.68754072,0.68754072,0.68754072
1691688599000,0.68754072,0.68754072,0.68754072
1691688600000,0.68754072,0.68754072,0.68754072
1691688601000,0.68754068,0.68754068,0.68754068
1691688602000,0.68753511,0.68753511,0.68753511
1691688603000,0.68753379,0.68753379,0.68753379
1691688604000,0.68753379,0.68753379,0.68753379
1691688605000,0.68747843,0.68747843,0.68747843
1691688606000,0.68737947,0.68737947,0.68737947
1691688607000,0.68737947,0.68737947,0.68737947
1691688608000,0.68737683,0.68737683,0.68737683
1691688609000,0.68737683,0.68737683,0.68737683
1691688610000,0.68732201,0.68732201,0.68732201
1691688611000,0.68732123,0.68732123,0.68732123
1691688612000,0.68732123,0.68732123,0.68732123
1691688613000,0.68732123,0.68732123,0.68732123
1691688614000,0.68732005,0.68732005,0.68732005
1691688615000,0.68730704,0.68730704,0.68730704
1691688616000,0.68730701,0.68730701,0.68730701
1691688617000,0.6872407,0.6872407,0.6872407
1691688618000,0.6872407,0.6872407,0.6872407
1691688619000,0.68728323,0.68728323,0.68728323
1691688620000,0.68728323,0.68728323,0.68728323
1691688621000,0.68728314,0.68728314,0.68728314
1691688622000,0.68728314,0.68728314,0.68728314
1691688623000,0.68728311,0.68728311,0.68728311
1691688624000,0.68723966,0.68723966,0.68723966
1691688625000,0.68723835,0.68723835,0.68723835
1691688626000,0.68723023,0.68723023,0.68723023
1691688627000,0.6873,0.6873,0.6873
1691688628000,0.6873,0.6873,0.6873
1691688629000,0.6873,0.6873,0.6873
1691688630000,0.6872645,0.6872645,0.6872645
1691688631000,0.6873,0.6873,0.6873
1691688632000,0.6873,0.6873,0.6873
1691688633000,0.6873,0.6873,0.6873
1691688634000,0.6873,0.6873,0.6873
1691688635000,0.6873,0.6873,0.6873
1691688636000,0.68728814,0.68728814,0.68728814
1691688637000,0.6873,0.6873,0.6873
1691688638000,0.68733237,0.68733237,0.68733237
1691688639000,0.68733234,0.68733234,0.68733234
1691688640000,0.68733234,0.68733234,0.68733234
1691688641000,0.6873302,0.6873302,0.6873302
1691688642000,0.68732948,0.68732948,0.68732948
1691688643000,0.6873302,0.6873302,0.6873302
1691688644000,0.6873302,0.6873302,0.6873302
1691688645000,0.6873302,0.6873302,0.6873302
1691688646000,0.687286,0.687286,0.687286
1691688647000,0.68728336,0.68728336,0.68728336
1691688648000,0.68728336,0.68728336,0.68728336
1691688649000,0.6873,0.6873,0.6873
1691688650000,0.68728336,0.68728336,0.68728336
1691688651000,0.68728336,0.68728336,0.68728336
1691688652000,0.68728129,0.68728129,0.68728129
1691688653000,0.68728126,0.68728126,0.68728126
1691688654000,0.68728126,0.68728126,0.68728126
1691688655000,0.68728126,0.68728126,0.68728126
1691688656000,0.68727945,0.68727945,0.68727945
1691688657000,0.68728017,0.68728017,0.68728017
1691688658000,0.68718934,0.68718934,0.68718934
1691688659000,0.68723207,0.68723207,0.68723207
1691688660000,0.68723285,0.68723285,0.68723285
1691688661000,0.68723285,0.68723285,0.68723285
1691688662000,0.6872321,0.6872321,0.6872321
1691688663000,0.68722879,0.68722879,0.68722879
1691688664000,0.68715923,0.68715923,0.68715923
1691688665000,0.68715926,0.68715926,0.68715926
1691688666000,0.68714621,0.68714621,0.68714621
1691688667000,0.68713317,0.68713317,0.68713317
1691688668000,0.68709483,0.68709483,0.68709483
1691688669000,0.6870912,0.6870912,0.6870912
1691688670000,0.6870912,0.6870912,0.6870912
1691688671000,0.68709123,0.68709123,0.68709123
1691688672000,0.68709123,0.68709123,0.68709123
1691688673000,0.6870912,0.6870912,0.6870912
1691688674000,0.6870878,0.6870878,0.6870878
1691688675000,0.68708855,0.68708855,0.68708855
1691688676000,0.68708858,0.68708858,0.68708858
1691688677000,0.68708858,0.68708858,0.68708858
1691688678000,0.68713131,0.68713131,0.68713131
1691688679000,0.68713128,0.68713128,0.68713128
1691688680000,0.6870835,0.6870835,0.6870835
1691688681000,0.68712698,0.68712698,0.68712698
1691688682000,0.68712701,0.68712701,0.68712701
1691688683000,0.68712701,0.68712701,0.68712701
1691688684000,0.68712698,0.68712698,0.68712698
1691688685000,0.68712434,0.68712434,0.68712434
1691688686000,0.68712438,0.68712438,0.68712438
1691688687000,0.68712509,0.68712509,0.68712509
1691688688000,0.68712509,0.68712509,0.68712509
1691688689000,0.68712509,0.68712509,0.68712509
1691688690000,0.68712512,0.68712512,0.68712512
1691688691000,0.68712376,0.68712376,0.68712376
1691688692000,0.68712373,0.68712373,0.68712373
1691688693000,0.68712373,0.68712373,0.68712373
1691688694000,0.68712373,0.68712373,0.68712373
1691688695000,0.68712373,0.68712373,0.68712373
1691688696000,0.68711809,0.68711809,0.68711809
1691688697000,0.68711809,0.68711809,0.68711809
1691688698000,0.68711737,0.68711737,0.68711737
1691688699000,0.68711734,0.68711734,0.68711734
1691688700000,0.68711809,0.68711809,0.68711809
1691688701000,0.68711809,0.68711809,0.68711809
1691688702000,0.68711534,0.68711534,0.68711534
1691688703000,0.68711534,0.68711534,0.68711534
1691688704000,0.68711537,0.68711537,0.68711537
1691688705000,0.68711534,0.68711534,0.68711534
1691688706000,0.68711537,0.68711537,0.68711537
1691688707000,0.68711261,0.68711261,0.68711261
1691688708000,0.68711184,0.68711184,0.68711184
1691688709000,0.68711184,0.68711184,0.68711184
1691688710000,0.68711184,0.68711184,0.68711184
1691688711000,0.68711184,0.68711184,0.68711184
1691688712000,0.68711184,0.68711184,0.68711184
1691688713000,0.6871091,0.6871091,0.6871091
1691688714000,0.6871091,0.6871091,0.6871091
1691688715000,0.6871091,0.6871091,0.6871091
1691688716000,0.6871091,0.6871091,0.6871091
1691688717000,0.6871091,0.6871091,0.6871091
1691688718000,0.6871064,0.6871064,0.6871064
1691688719000,0.6871064,0.6871064,0.6871064
1691688720000,0.68706289,0.68706289,0.68706289
1691688721000,0.68706289,0.68706289,0.68706289
1691688722000,0.68699768,0.68699768,0.68699768
1691688723000,0.68680311,0.68680311,0.68680311
1691688724000,0.68679943,0.68679943,0.68679943
1691688725000,0.6868,0.6868,0.6868
1691688726000,0.6868,0.6868,0.6868
1691688727000,0.68679943,0.68679943,0.68679943
1691688728000,0.6868,0.6868,0.6868
1691688729000,0.68672752,0.68672752,0.68672752
1691688730000,0.68672752,0.68672752,0.68672752
1691688731000,0.68672824,0.68672824,0.68672824
1691688732000,0.68672824,0.68672824,0.68672824
1691688733000,0.68672752,0.68672752,0.68672752
1691688734000,0.6868,0.6868,0.6868
1691688735000,0.68685533,0.68685533,0.68685533
1691688736000,0.68685533,0.68685533,0.68685533
1691688737000,0.68685533,0.68685533,0.68685533
1691688738000,0.68685533,0.68685533,0.68685533
1691688739000,0.68685459,0.68685459,0.68685459
1691688740000,0.68685073,0.68685073,0.68685073
1691688741000,0.68680507,0.68680507,0.68680507
1691688742000,0.68680507,0.68680507,0.68680507
1691688743000,0.68667246,0.68667246,0.68667246
1691688744000,0.68662003,0.68662003,0.68662003
1691688745000,0.68662003,0.68662003,0.68662003
1691688746000,0.68656773,0.68656773,0.68656773
1691688747000,0.68658512,0.68658512,0.68658512
1691688748000,0.68658512,0.68658512,0.68658512
1691688749000,0.68637176,0.68637176,0.68637176
1691688750000,0.68637176,0.68637176,0.68637176
1691688751000,0.68580615,0.68580615,0.68580615
1691688752000,0.68575437,0.68575437,0.68575437
1691688753000,0.6859,0.6859,0.6859
1691688754000,0.6862,0.6862,0.6862
1691688755000,0.68642946,0.68642946,0.68642946
1691688756000,0.6868,0.6868,0.6868
1691688757000,0.6868,0.6868,0.6868
1691688758000,0.6865,0.6865,0.6865
1691688759000,0.6865,0.6865,0.6865
1691688760000,0.6867,0.6867,0.6867
1691688761000,0.6867,0.6867,0.6867
1691688762000,0.6867,0.6867,0.6867
1691688763000,0.6867,0.6867,0.6867
1691688764000,0.6869,0.6869,0.6869
1691688765000,0.687,0.687,0.687
1691688766000,0.68720139,0.68720139,0.68720139
1691688767000,0.68720139,0.68720139,0.68720139
1691688768000,0.6872,0.6872,0.6872
1691688769000,0.6872,0.6872,0.6872
1691688770000,0.687,0.687,0.687
1691688771000,0.6871,0.6871,0.6871
1691688772000,0.6871,0.6871,0.6871
1691688773000,0.6871,0.6871,0.6871
1691688774000,0.6872,0.6872,0.6872
1691688775000,0.6872,0.6872,0.6872
1691688776000,0.6872,0.6872,0.6872
1691688777000,0.6873,0.6873,0.6873
1691688778000,0.6874,0.6874,0.6874
1691688779000,0.6874,0.6874,0.6874
1691688780000,0.68748255,0.68748255,0.68748255
1691688781000,0.68748435,0.68748435,0.68748435
1691688782000,0.68748438,0.68748438,0.68748438
1691688783000,0.68748438,0.68748438,0.68748438
1691688784000,0.68748512,0.68748512,0.68748512
1691688785000,0.68762141,0.68762141,0.68762141
1691688786000,0.6876207,0.6876207,0.6876207
1691688787000,0.68762069,0.68762069,0.68762069
1691688788000,0.68762209,0.68762209,0.68762209
1691688789000,0.68764933,0.68764933,0.68764933
1691688790000,0.68769931,0.68769931,0.68769931
1691688791000,0.6876993,0.6876993,0.6876993
1691688792000,0.68774275,0.68774275,0.68774275
1691688793000,0.68774275,0.68774275,0.68774275
1691688794000,0.68774275,0.68774275,0.68774275
1691688795000,0.6879,0.6879,0.6879
1691688796000,0.6878,0.6878,0.6878
1691688797000,0.6881,0.6881,0.6881
1691688798000,0.6881,0.6881,0.6881
1691688799000,0.688,0.688,0.688
1691688800000,0.6881,0.6881,0.6881
1691688801000,0.6881,0.6881,0.6881
1691688802000,0.6881,0.6881,0.6881
1691688803000,0.6881,0.6881,0.6881
1691688804000,0.6881,0.6881,0.6881
1691688805000,0.6881,0.6881,0.6881
1691688806000,0.688,0.688,0.688
1691688807000,0.688,0.688,0.688
1691688808000,0.6881,0.6881,0.6881
1691688809000,0.6881,0.6881,0.6881
1691688810000,0.6881,0.6881,0.6881
1691688811000,0.688,0.688,0.688
1691688812000,0.6879,0.6879,0.6879
1691688813000,0.6878,0.6878,0.6878
1691688814000,0.6878,0.6878,0.6878
1691688815000,0.6879,0.6879,0.6879
1691688816000,0.6878,0.6878,0.6878
1691688817000,0.6879,0.6879,0.6879
1691688818000,0.6879,0.6879,0.6879
1691688819000,0.6879,0.6879,0.6879
1691688820000,0.6878,0.6878,0.6878
1691688821000,0.6878,0.6878,0.6878
1691688822000,0.6878,0.6878,0.6878
1691688823000,0.6878,0.6878,0.6878
1691688824000,0.6878,0.6878,0.6878
1691688825000,0.6879,0.6879,0.6879
1691688826000,0.6879,0.6879,0.6879
1691688827000,0.6879,0.6879,0.6879
1691688828000,0.6879,0.6879,0.6879
1691688829000,0.688,0.688,0.688
1691688830000,0.688,0.688,0.688
1691688831000,0.6881,0.6881,0.6881
1691688832000,0.6881,0.6881,0.6881
1691688833000,0.6881,0.6881,0.6881
1691688834000,0.6881208,0.6881208,0.6881208
1691688835000,0.68817556,0.68817556,0.68817556
1691688836000,0.68818421,0.68818421,0.68818421
1691688837000,0.68818664,0.68818664,0.68818664
1691688838000,0.6882,0.6882,0.6882
1691688839000,0.6883,0.6883,0.6883
1691688840000,0.6883,0.6883,0.6883
1691688841000,0.6883,0.6883,0.6883
1691688842000,0.6883,0.6883,0.6883
1691688843000,0.6883,0.6883,0.6883
1691688844000,0.6882,0.6882,0.6882
1691688845000,0.6882,0.6882,0.6882
1691688846000,0.6882,0.6882,0.6882
1691688847000,0.688,0.688,0.688
1691688848000,0.6881,0.6881,0.6881
1691688849000,0.6881,0.6881,0.6881
1691688850000,0.6881,0.6881,0.6881
1691688851000,0.6881,0.6881,0.6881
1691688852000,0.68819765,0.68819765,0.68819765
1691688853000,0.68825,0.68825,0.68825
1691688854000,0.68829345,0.68829345,0.68829345
1691688855000,0.6882,0.6882,0.6882
1691688856000,0.6884,0.6884,0.6884
1691688857000,0.6885,0.6885,0.6885
1691688858000,0.6885,0.6885,0.6885
1691688859000,0.6884,0.6884,0.6884
1691688860000,0.6884,0.6884,0.6884
1691688861000,0.6884,0.6884,0.6884
1691688862000,0.6885,0.6885,0.6885
1691688863000,0.6885,0.6885,0.6885
1691688864000,0.68854217,0.68854217,0.68854217
1691688865000,0.6885,0.6885,0.6885
1691688866000,0.6885422,0.6885422,0.6885422
1691688867000,0.68854217,0.68854217,0.68854217
1691688868000,0.68854216,0.68854216,0.68854216
1691688869000,0.68854219,0.68854219,0.68854219
1691688870000,0.68854216,0.68854216,0.68854216
1691688871000,0.68854219,0.68854219,0.68854219
1691688872000,0.6885,0.6885,0.6885
1691688873000,0.68849185,0.68849185,0.68849185
1691688874000,0.68849188,0.68849188,0.68849188
1691688875000,0.68849259,0.68849259,0.68849259
1691688876000,0.6885,0.6885,0.6885
1691688877000,0.6885,0.6885,0.6885
1691688878000,0.6885,0.6885,0.6885
1691688879000,0.6885,0.6885,0.6885
1691688880000,0.68853211,0.68853211,0.68853211
1691688881000,0.68853211,0.68853211,0.68853211
1691688882000,0.6887,0.6887,0.6887
1691688883000,0.6887,0.6887,0.6887
1691688884000,0.6887,0.6887,0.6887
1691688885000,0.6887,0.6887,0.6887
1691688886000,0.6886,0.6886,0.6886
1691688887000,0.6886,0.6886,0.6886
1691688888000,0.6886,0.6886,0.6886
1691688889000,0.6886,0.6886,0.6886
1691688890000,0.6887,0.6887,0.6887
1691688891000,0.6888,0.6888,0.6888
1691688892000,0.6887,0.6887,0.6887
1691688893000,0.6888,0.6888,0.6888
1691688894000,0.6888,0.6888,0.6888
1691688895000,0.6889,0.6889,0.6889
1691688896000,0.6888,0.6888,0.6888
1691688897000,0.6888,0.6888,0.6888
1691688898000,0.6889,0.6889,0.6889
1691688899000,0.6888,0.6888,0.6888
1691688900000,0.6888,0.6888,0.6888
1691688901000,0.6888,0.6888,0.6888
1691688902000,0.6887,0.6887,0.6887
1691688903000,0.68864052,0.68864052,0.68864052
1691688904000,0.68864052,0.68864052,0.68864052
1691688905000,0.6886413,0.6886413,0.6886413
1691688906000,0.6886504,0.6886504,0.6886504
1691688907000,0.6886504,0.6886504,0.6886504
1691688908000,0.68865037,0.68865037,0.68865037
1691688909000,0.68865037,0.68865037,0.68865037
1691688910000,0.6886504,0.6886504,0.6886504
1691688911000,0.6885,0.6885,0.6885
1691688912000,0.68848899,0.68848899,0.68848899
1691688913000,0.6885,0.6885,0.6885
1691688914000,0.6884894,0.6884894,0.6884894
1691688915000,0.68848869,0.68848869,0.68848869
1691688916000,0.68848869,0.68848869,0.68848869
1691688917000,0.68848943,0.68848943,0.68848943
1691688918000,0.68848943,0.68848943,0.68848943
1691688919000,0.68848943,0.68848943,0.68848943
1691688920000,0.68848378,0.68848378,0.68848378
1691688921000,0.68848378,0.68848378,0.68848378
1691688922000,0.68833684,0.68833684,0.68833684
1691688923000,0.68833797,0.68833797,0.68833797
1691688924000,0.68833797,0.68833797,0.68833797
1691688925000,0.68832552,0.68832552,0.68832552
1691688926000,0.68832552,0.68832552,0.68832552
1691688927000,0.68832552,0.68832552,0.68832552
1691688928000,0.6883236,0.6883236,0.6883236
1691688929000,0.68832357,0.68832357,0.68832357
1691688930000,0.68832285,0.68832285,0.68832285
1691688931000,0.68832285,0.68832285,0.68832285
1691688932000,0.68831033,0.68831033,0.68831033
1691688933000,0.68830972,0.68830972,0.68830972
1691688934000,0.68825019,0.68825019,0.68825019
1691688935000,0.6881151,0.6881151,0.6881151
1691688936000,0.6881151,0.6881151,0.6881151
1691688937000,0.68812739,0.68812739,0.68812739
1691688938000,0.68790783,0.68790783,0.68790783
1691688939000,0.68790424,0.68790424,0.68790424
1691688940000,0.68790427,0.68790427,0.68790427
1691688941000,0.68790427,0.68790427,0.68790427
1691688942000,0.688,0.688,0.688
1691688943000,0.688,0.688,0.688
1691688944000,0.688,0.688,0.688
1691688945000,0.688,0.688,0.688
1691688946000,0.6881,0.6881,0.6881
1691688947000,0.6882,0.6882,0.6882
1691688948000,0.6882,0.6882,0.6882
1691688949000,0.6882,0.6882,0.6882
1691688950000,0.6882,0.6882,0.6882
1691688951000,0.6882,0.6882,0.6882
1691688952000,0.6882,0.6882,0.6882
1691688953000,0.6882,0.6882,0.6882
1691688954000,0.6882,0.6882,0.6882
1691688955000,0.6882,0.6882,0.6882
1691688956000,0.6882,0.6882,0.6882
1691688957000,0.6882,0.6882,0.6882
1691688958000,0.6883,0.6883,0.6883
1691688959000,0.6884,0.6884,0.6884
1691688960000,0.6883,0.6883,0.6883
1691688961000,0.6884,0.6884,0.6884
1691688962000,0.6884,0.6884,0.6884
1691688963000,0.6884,0.6884,0.6884
1691688964000,0.6885,0.6885,0.6885
1691688965000,0.6886,0.6886,0.6886
1691688966000,0.6886,0.6886,0.6886
1691688967000,0.6886,0.6886,0.6886
1691688968000,0.6886,0.6886,0.6886
1691688969000,0.6888,0.6888,0.6888
1691688970000,0.6888,0.6888,0.6888
1691688971000,0.6887,0.6887,0.6887
1691688972000,0.68860464,0.68860464,0.68860464
1691688973000,0.68860464,0.68860464,0.68860464
1691688974000,0.68860464,0.68860464,0.68860464
1691688975000,0.6887,0.6887,0.6887
1691688976000,0.6886,0.6886,0.6886
1691688977000,0.68863807,0.68863807,0.68863807
1691688978000,0.6886,0.6886,0.6886
1691688979000,0.68854698,0.68854698,0.68854698
1691688980000,0.68854623,0.68854623,0.68854623
1691688981000,0.6885462,0.6885462,0.6885462
1691688982000,0.6885522,0.6885522,0.6885522
1691688983000,0.68855593,0.68855593,0.68855593
1691688984000,0.68855593,0.68855593,0.68855593
1691688985000,0.68855589,0.68855589,0.68855589
1691688986000,0.68855593,0.68855593,0.68855593
1691688987000,0.68855593,0.68855593,0.68855593
1691688988000,0.68855593,0.68855593,0.68855593
1691688989000,0.68854598,0.68854598,0.68854598
1691688990000,0.68854598,0.68854598,0.68854598
1691688991000,0.6885393,0.6885393,0.6885393
1691688992000,0.6885393,0.6885393,0.6885393
1691688993000,0.68853927,0.68853927,0.68853927
1691688994000,0.68853217,0.68853217,0.68853217
1691688995000,0.68853217,0.68853217,0.68853217
1691688996000,0.68853217,0.68853217,0.68853217
1691688997000,0.68853217,0.68853217,0.68853217
1691688998000,0.68853217,0.68853217,0.68853217
1691688999000,0.68853181,0.68853181,0.68853181
1691689000000,0.688535,0.688535,0.688535
1691689001000,0.68852131,0.68852131,0.68852131
1691689002000,0.68852131,0.68852131,0.68852131
1691689003000,0.6884778,0.6884778,0.6884778
1691689004000,0.6884778,0.6884778,0.6884778
1691689005000,0.68847943,0.68847943,0.68847943
1691689006000,0.68847943,0.68847943,0.68847943
1691689007000,0.68847943,0.68847943,0.68847943
1691689008000,0.68847946,0.68847946,0.68847946
1691689009000,0.68847946,0.68847946,0.68847946
1691689010000,0.68847842,0.68847842,0.68847842
1691689011000,0.68848571,0.68848571,0.68848571
1691689012000,0.6885,0.6885,0.6885
1691689013000,0.6887,0.6887,0.6887
1691689014000,0.6886,0.6886,0.6886
1691689015000,0.68859407,0.68859407,0.68859407
1691689016000,0.68859752,0.68859752,0.68859752
1691689017000,0.6886,0.6886,0.6886
1691689018000,0.6886,0.6886,0.6886
1691689019000,0.6886,0.6886,0.6886
1691689020000,0.6886,0.6886,0.6886
1691689021000,0.68855516,0.68855516,0.68855516
1691689022000,0.68856011,0.68856011,0.68856011
1691689023000,0.68856011,0.68856011,0.68856011
1691689024000,0.68856011,0.68856011,0.68856011
1691689025000,0.68838639,0.68838639,0.68838639
1691689026000,0.68838639,0.68838639,0.68838639
1691689027000,0.68838564,0.68838564,0.68838564
1691689028000,0.68834143,0.68834143,0.68834143
1691689029000,0.68834143,0.68834143,0.68834143
1691689030000,0.68833817,0.68833817,0.68833817
1691689031000,0.68837654,0.68837654,0.68837654
1691689032000,0.68837732,0.68837732,0.68837732
1691689033000,0.6883762,0.6883762,0.6883762
1691689034000,0.68837617,0.68837617,0.68837617
1691689035000,0.68837617,0.68837617,0.68837617
1691689036000,0.68837558,0.68837558,0.68837558
1691689037000,0.68837558,0.68837558,0.68837558
1691689038000,0.68838175,0.68838175,0.68838175
1691689039000,0.68838135,0.68838135,0.68838135
1691689040000,0.68838135,0.68838135,0.68838135
1691689041000,0.68838135,0.68838135,0.68838135
1691689042000,0.68838135,0.68838135,0.68838135
1691689043000,0.68838135,0.68838135,0.68838135
1691689044000,0.68837841,0.68837841,0.68837841
1691689045000,0.68837773,0.68837773,0.68837773
1691689046000,0.68837664,0.68837664,0.68837664
1691689047000,0.68837664,0.68837664,0.68837664
1691689048000,0.68837664,0.68837664,0.68837664
1691689049000,0.68837664,0.68837664,0.68837664
1691689050000,0.68837814,0.68837814,0.68837814
1691689051000,0.68837804,0.68837804,0.68837804
1691689052000,0.68837807,0.68837807,0.68837807
1691689053000,0.6883259,0.6883259,0.6883259
1691689054000,0.68832587,0.68832587,0.68832587
1691689055000,0.68832912,0.68832912,0.68832912
1691689056000,0.68832889,0.68832889,0.68832889
1691689057000,0.68832886,0.68832886,0.68832886
1691689058000,0.68832889,0.68832889,0.68832889
1691689059000,0.68832889,0.68832889,0.68832889
1691689060000,0.68832889,0.68832889,0.68832889
1691689061000,0.68824036,0.68824036,0.68824036
1691689062000,0.68824036,0.68824036,0.68824036
1691689063000,0.68824039,0.68824039,0.68824039
1691689064000,0.68818821,0.68818821,0.68818821
1691689065000,0.68818821,0.68818821,0.68818821
1691689066000,0.68818927,0.68818927,0.68818927
1691689067000,0.6881458,0.6881458,0.6881458
1691689068000,0.68818927,0.68818927,0.68818927
1691689069000,0.68818927,0.68818927,0.68818927
1691689070000,0.68818927,0.68818927,0.68818927
1691689071000,0.68818924,0.68818924,0.68818924
1691689072000,0.68810162,0.68810162,0.68810162
1691689073000,0.68809709,0.68809709,0.68809709
1691689074000,0.68809709,0.68809709,0.68809709
1691689075000,0.68796123,0.68796123,0.68796123
1691689076000,0.68795477,0.68795477,0.68795477
1691689077000,0.68794718,0.68794718,0.68794718
1691689078000,0.68785918,0.68785918,0.68785918
1691689079000,0.68785918,0.68785918,0.68785918
1691689080000,0.68785918,0.68785918,0.68785918
1691689081000,0.68785918,0.68785918,0.68785918
1691689082000,0.68785918,0.68785918,0.68785918
1691689083000,0.6878529,0.6878529,0.6878529
1691689084000,0.68785364,0.68785364,0.68785364
1691689085000,0.68785368,0.68785368,0.68785368
1691689086000,0.68785368,0.68785368,0.68785368
1691689087000,0.68785368,0.68785368,0.68785368
1691689088000,0.68784991,0.68784991,0.68784991
1691689089000,0.68789264,0.68789264,0.68789264
1691689090000,0.6879,0.6879,0.6879
1691689091000,0.6879,0.6879,0.6879
1691689092000,0.6879,0.6879,0.6879
1691689093000,0.6879,0.6879,0.6879
1691689094000,0.6879,0.6879,0.6879
1691689095000,0.68792971,0.68792971,0.68792971
1691689096000,0.68792971,0.68792971,0.68792971
1691689097000,0.68793734,0.68793734,0.68793734
1691689098000,0.688,0.688,0.688
1691689099000,0.688,0.688,0.688
1691689100000,0.688,0.688,0.688
1691689101000,0.688,0.688,0.688
1691689102000,0.68793356,0.68793356,0.68793356
1691689103000,0.68794155,0.68794155,0.68794155
1691689104000,0.6879424,0.6879424,0.6879424
1691689105000,0.68793725,0.68793725,0.68793725
1691689106000,0.6879,0.6879,0.6879
1691689107000,0.6879,0.6879,0.6879
1691689108000,0.688,0.688,0.688
1691689109000,0.68789597,0.68789597,0.68789597
1691689110000,0.68781259,0.68781259,0.68781259
1691689111000,0.68781259,0.68781259,0.68781259
1691689112000,0.68781256,0.68781256,0.68781256
1691689113000,0.68781259,0.68781259,0.68781259
1691689114000,0.68781256,0.68781256,0.68781256
1691689115000,0.68781256,0.68781256,0.68781256
1691689116000,0.68780648,0.68780648,0.68780648
1691689117000,0.68780648,0.68780648,0.68780648
1691689118000,0.68784995,0.68784995,0.68784995
1691689119000,0.68784998,0.68784998,0.68784998
1691689120000,0.68784998,0.68784998,0.68784998
1691689121000,0.68784859,0.68784859,0.68784859
1691689122000,0.68784859,0.68784859,0.68784859
1691689123000,0.68784859,0.68784859,0.68784859
1691689124000,0.68784862,0.68784862,0.68784862
1691689125000,0.68784862,0.68784862,0.68784862
1691689126000,0.68784862,0.68784862,0.68784862
1691689127000,0.68784172,0.68784172,0.68784172
1691689128000,0.68784172,0.68784172,0.68784172
1691689129000,0.68784175,0.68784175,0.68784175
1691689130000,0.68784247,0.68784247,0.68784247
1691689131000,0.6878425,0.6878425,0.6878425
1691689132000,0.68783815,0.68783815,0.68783815
1691689133000,0.68783812,0.68783812,0.68783812
1691689134000,0.68783812,0.68783812,0.68783812
1691689135000,0.68783812,0.68783812,0.68783812
1691689136000,0.6878374,0.6878374,0.6878374
1691689137000,0.68783815,0.68783815,0.68783815
1691689138000,0.68783162,0.68783162,0.68783162
1691689139000,0.68783162,0.68783162,0.68783162
1691689140000,0.68783695,0.68783695,0.68783695
1691689141000,0.68783695,0.68783695,0.68783695
1691689142000,0.68783695,0.68783695,0.68783695
1691689143000,0.68783298,0.68783298,0.68783298
1691689144000,0.68783298,0.68783298,0.68783298
1691689145000,0.68783298,0.68783298,0.68783298
1691689146000,0.68783298,0.68783298,0.68783298
1691689147000,0.68783298,0.68783298,0.68783298
1691689148000,0.68783298,0.68783298,0.68783298
1691689149000,0.68782816,0.68782816,0.68782816
1691689150000,0.68782816,0.68782816,0.68782816
1691689151000,0.68782819,0.68782819,0.68782819
1691689152000,0.68782819,0.68782819,0.68782819
1691689153000,0.68783902,0.68783902,0.68783902
1691689154000,0.688,0.688,0.688
1691689155000,0.688,0.688,0.688
1691689156000,0.688,0.688,0.688
1691689157000,0.688,0.688,0.688
1691689158000,0.688,0.688,0.688
1691689159000,0.6881,0.6881,0.6881
1691689160000,0.6881,0.6881,0.6881
1691689161000,0.6882,0.6882,0.6882
1691689162000,0.6882,0.6882,0.6882
1691689163000,0.6882,0.6882,0.6882
1691689164000,0.6882,0.6882,0.6882
1691689165000,0.6882,0.6882,0.6882
1691689166000,0.6882,0.6882,0.6882
1691689167000,0.6882,0.6882,0.6882
1691689168000,0.6882,0.6882,0.6882
1691689169000,0.6883,0.6883,0.6883
1691689170000,0.6882,0.6882,0.6882
1691689171000,0.6882,0.6882,0.6882
1691689172000,0.6882,0.6882,0.6882
1691689173000,0.6882,0.6882,0.6882
1691689174000,0.6882,0.6882,0.6882
1691689175000,0.6882,0.6882,0.6882
1691689176000,0.6883,0.6883,0.6883
1691689177000,0.6883,0.6883,0.6883
1691689178000,0.6883,0.6883,0.6883
1691689179000,0.6883,0.6883,0.6883
1691689180000,0.6883,0.6883,0.6883
1691689181000,0.6883,0.6883,0.6883
1691689182000,0.6882,0.6882,0.6882
1691689183000,0.6882,0.6882,0.6882
1691689184000,0.6882,0.6882,0.6882
1691689185000,0.6882,0.6882,0.6882
1691689186000,0.6882,0.6882,0.6882
1691689187000,0.6882,0.6882,0.6882
1691689188000,0.6882,0.6882,0.6882
1691689189000,0.6882,0.6882,0.6882
1691689190000,0.6882,0.6882,0.6882
1691689191000,0.6882,0.6882,0.6882
1691689192000,0.6882,0.6882,0.6882
1691689193000,0.6882,0.6882,0.6882
1691689194000,0.6882,0.6882,0.6882
1691689195000,0.6882,0.6882,0.6882
1691689196000,0.6882,0.6882,0.6882
1691689197000,0.6882,0.6882,0.6882
1691689198000,0.6882,0.6882,0.6882
1691689199000,0.6882,0.6882,0.6882
1691689200000,0.6882,0.6882,0.6882
1691689201000,0.6884,0.6884,0.6884
1691689202000,0.6885,0.6885,0.6885
1691689203000,0.6885,0.6885,0.6885
1691689204000,0.6887,0.6887,0.6887
1691689205000,0.68876638,0.68876638,0.68876638
1691689206000,0.6888,0.6888,0.6888
1691689207000,0.6887,0.6887,0.6887
1691689208000,0.6887,0.6887,0.6887
1691689209000,0.6887,0.6887,0.6887
1691689210000,0.6887,0.6887,0.6887
1691689211000,0.6888,0.6888,0.6888
1691689212000,0.6888,0.6888,0.6888
1691689213000,0.6888,0.6888,0.6888
1691689214000,0.6888,0.6888,0.6888
1691689215000,0.6887,0.6887,0.6887
1691689216000,0.6888,0.6888,0.6888
1691689217000,0.6887,0.6887,0.6887
1691689218000,0.6887,0.6887,0.6887
1691689219000,0.6887,0.6887,0.6887
1691689220000,0.6887,0.6887,0.6887
1691689221000,0.6887,0.6887,0.6887
1691689222000,0.6887,0.6887,0.6887
1691689223000,0.6887,0.6887,0.6887
1691689224000,0.6886,0.6886,0.6886
1691689225000,0.6885,0.6885,0.6885
1691689226000,0.6885,0.6885,0.6885
1691689227000,0.6885,0.6885,0.6885
1691689228000,0.6885,0.6885,0.6885
1691689229000,0.6886,0.6886,0.6886
1691689230000,0.6886,0.6886,0.6886
1691689231000,0.6885,0.6885,0.6885
1691689232000,0.6885,0.6885,0.6885
1691689233000,0.6885,0.6885,0.6885
1691689234000,0.6883,0.6883,0.6883
1691689235000,0.6883,0.6883,0.6883
1691689236000,0.6885,0.6885,0.6885
1691689237000,0.6885,0.6885,0.6885
1691689238000,0.6886,0.6886,0.6886
1691689239000,0.6886,0.6886,0.6886
1691689240000,0.6886,0.6886,0.6886
1691689241000,0.6886,0.6886,0.6886
1691689242000,0.6886,0.6886,0.6886
1691689243000,0.6885,0.6885,0.6885
1691689244000,0.6886,0.6886,0.6886
1691689245000,0.6885,0.6885,0.6885
1691689246000,0.6886,0.6886,0.6886
1691689247000,0.6886,0.6886,0.6886
1691689248000,0.6886,0.6886,0.6886
1691689249000,0.6886,0.6886,0.6886
1691689250000,0.6886,0.6886,0.6886
1691689251000,0.6886,0.6886,0.6886
1691689252000,0.6886,0.6886,0.6886
1691689253000,0.6886,0.6886,0.6886
1691689254000,0.6886,0.6886,0.6886
1691689255000,0.68848722,0.68848722,0.68848722
1691689256000,0.68843504,0.68843504,0.68843504
1691689257000,0.6882,0.6882,0.6882
1691689258000,0.6882,0.6882,0.6882
1691689259000,0.6882,0.6882,0.6882
1691689260000,0.6882,0.6882,0.6882
1691689261000,0.6882,0.6882,0.6882
1691689262000,0.6882,0.6882,0.6882
1691689263000,0.6882,0.6882,0.6882
1691689264000,0.6882,0.6882,0.6882
1691689265000,0.6882,0.6882,0.6882
1691689266000,0.6882,0.6882,0.6882
1691689267000,0.6882,0.6882,0.6882
1691689268000,0.6882,0.6882,0.6882
1691689269000,0.6881575,0.6881575,0.6881575
1691689270000,0.6882,0.6882,0.6882
1691689271000,0.6882,0.6882,0.6882
1691689272000,0.6882,0.6882,0.6882
1691689273000,0.6882,0.6882,0.6882
1691689274000,0.6882,0.6882,0.6882
1691689275000,0.6882,0.6882,0.6882
1691689276000,0.6882,0.6882,0.6882
1691689277000,0.6882,0.6882,0.6882
1691689278000,0.6882,0.6882,0.6882
1691689279000,0.6882,0.6882,0.6882
1691689280000,0.6881,0.6881,0.6881
1691689281000,0.6881,0.6881,0.6881
1691689282000,0.6881,0.6881,0.6881
1691689283000,0.6882,0.6882,0.6882
1691689284000,0.6882,0.6882,0.6882
1691689285000,0.6881,0.6881,0.6881
1691689286000,0.6881,0.6881,0.6881
1691689287000,0.6881,0.6881,0.6881
1691689288000,0.6881,0.6881,0.6881
1691689289000,0.6881,0.6881,0.6881
1691689290000,0.6881,0.6881,0.6881
1691689291000,0.6881,0.6881,0.6881
1691689292000,0.6881,0.6881,0.6881
1691689293000,0.6881,0.6881,0.6881
1691689294000,0.6882,0.6882,0.6882
1691689295000,0.6882,0.6882,0.6882
1691689296000,0.6882,0.6882,0.6882
1691689297000,0.6882,0.6882,0.6882
1691689298000,0.6882,0.6882,0.6882
1691689299000,0.6882,0.6882,0.6882
1691689300000,0.6882,0.6882,0.6882
1691689301000,0.6882,0.6882,0.6882
1691689302000,0.6882,0.6882,0.6882
1691689303000,0.6882,0.6882,0.6882
1691689304000,0.6882,0.6882,0.6882
1691689305000,0.6882,0.6882,0.6882
1691689306000,0.6882,0.6882,0.6882
1691689307000,0.6882,0.6882,0.6882
1691689308000,0.6882,0.6882,0.6882
1691689309000,0.6882,0.6882,0.6882
1691689310000,0.6882,0.6882,0.6882
1691689311000,0.6882,0.6882,0.6882
1691689312000,0.6882,0.6882,0.6882
1691689313000,0.6882,0.6882,0.6882
1691689314000,0.6882,0.6882,0.6882
1691689315000,0.6882,0.6882,0.6882
1691689316000,0.68805716,0.68805716,0.68805716
1691689317000,0.688,0.688,0.688
1691689318000,0.6881,0.6881,0.6881
1691689319000,0.6881,0.6881,0.6881
1691689320000,0.6881,0.6881,0.6881
1691689321000,0.6881,0.6881,0.6881
1691689322000,0.6881,0.6881,0.6881
1691689323000,0.68801915,0.68801915,0.68801915
1691689324000,0.6881,0.6881,0.6881
1691689325000,0.6881,0.6881,0.6881
1691689326000,0.6881,0.6881,0.6881
1691689327000,0.6881,0.6881,0.6881
1691689328000,0.6881,0.6881,0.6881
1691689329000,0.6881,0.6881,0.6881
1691689330000,0.68803234,0.68803234,0.68803234
1691689331000,0.68803699,0.68803699,0.68803699
1691689332000,0.68803699,0.68803699,0.68803699
1691689333000,0.68803496,0.68803496,0.68803496
1691689334000,0.68803496,0.68803496,0.68803496
1691689335000,0.68803496,0.68803496,0.68803496
1691689336000,0.68803496,0.68803496,0.68803496
1691689337000,0.68803879,0.68803879,0.68803879
1691689338000,0.68803879,0.68803879,0.68803879
1691689339000,0.68802529,0.68802529,0.68802529
1691689340000,0.68798072,0.68798072,0.68798072
1691689341000,0.68798072,0.68798072,0.68798072
1691689342000,0.68798285,0.68798285,0.68798285
1691689343000,0.68798082,0.68798082,0.68798082
1691689344000,0.68798082,0.68798082,0.68798082
1691689345000,0.68798086,0.68798086,0.68798086
1691689346000,0.68798082,0.68798082,0.68798082
1691689347000,0.68798008,0.68798008,0.68798008
1691689348000,0.68797737,0.68797737,0.68797737
1691689349000,0.68797657,0.68797657,0.68797657
1691689350000,0.68797657,0.68797657,0.68797657
1691689351000,0.68797657,0.68797657,0.68797657
1691689352000,0.6879766,0.6879766,0.6879766
1691689353000,0.68797354,0.68797354,0.68797354
1691689354000,0.68797357,0.68797357,0.68797357
1691689355000,0.68787165,0.68787165,0.68787165
1691689356000,0.68787165,0.68787165,0.68787165
1691689357000,0.68782892,0.68782892,0.68782892
1691689358000,0.68786539,0.68786539,0.68786539
1691689359000,0.68786606,0.68786606,0.68786606
1691689360000,0.68786606,0.68786606,0.68786606
1691689361000,0.6878628,0.6878628,0.6878628
1691689362000,0.68779901,0.68779901,0.68779901
1691689363000,0.68779978,0.68779978,0.68779978
1691689364000,0.68779819,0.68779819,0.68779819
1691689365000,0.68779819,0.68779819,0.68779819
1691689366000,0.68779744,0.68779744,0.68779744
1691689367000,0.68779744,0.68779744,0.68779744
1691689368000,0.68779744,0.68779744,0.68779744
1691689369000,0.68779744,0.68779744,0.68779744
1691689370000,0.68779688,0.68779688,0.68779688
1691689371000,0.68779035,0.68779035,0.68779035
1691689372000,0.68779035,0.68779035,0.68779035
1691689373000,0.68779035,0.68779035,0.68779035
1691689374000,0.68779032,0.68779032,0.68779032
1691689375000,0.6877915,0.6877915,0.6877915
1691689376000,0.6877915,0.6877915,0.6877915
1691689377000,0.68778425,0.68778425,0.68778425
1691689378000,0.68778425,0.68778425,0.68778425
1691689379000,0.68771906,0.68771906,0.68771906
1691689380000,0.68771903,0.68771903,0.68771903
1691689381000,0.68772136,0.68772136,0.68772136
1691689382000,0.68772136,0.68772136,0.68772136
1691689383000,0.68767791,0.68767791,0.68767791
1691689384000,0.68767788,0.68767788,0.68767788
1691689385000,0.68772136,0.68772136,0.68772136
1691689386000,0.68771384,0.68771384,0.68771384
1691689387000,0.68760073,0.68760073,0.68760073
1691689388000,0.68760073,0.68760073,0.68760073
1691689389000,0.6876007,0.6876007,0.6876007
1691689390000,0.68761377,0.68761377,0.68761377
1691689391000,0.68761969,0.68761969,0.68761969
1691689392000,0.68761581,0.68761581,0.68761581
1691689393000,0.68761764,0.68761764,0.68761764
1691689394000,0.68761764,0.68761764,0.68761764
1691689395000,0.68752742,0.68752742,0.68752742
1691689396000,0.68752742,0.68752742,0.68752742
1691689397000,0.68752552,0.68752552,0.68752552
1691689398000,0.68752552,0.68752552,0.68752552
1691689399000,0.68752552,0.68752552,0.68752552
1691689400000,0.68752552,0.68752552,0.68752552
1691689401000,0.68752552,0.68752552,0.68752552
1691689402000,0.68752552,0.68752552,0.68752552
1691689403000,0.68752207,0.68752207,0.68752207
1691689404000,0.68752207,0.68752207,0.68752207
1691689405000,0.68752207,0.68752207,0.68752207
1691689406000,0.6875221,0.6875221,0.6875221
1691689407000,0.6875221,0.6875221,0.6875221
1691689408000,0.68751814,0.68751814,0.68751814
1691689409000,0.68751814,0.68751814,0.68751814
1691689410000,0.68751161,0.68751161,0.68751161
1691689411000,0.68751158,0.68751158,0.68751158
1691689412000,0.68751158,0.68751158,0.68751158
1691689413000,0.68751158,0.68751158,0.68751158
1691689414000,0.68750968,0.68750968,0.68750968
1691689415000,0.68750971,0.68750971,0.68750971
1691689416000,0.68750971,0.68750971,0.68750971
1691689417000,0.68750971,0.68750971,0.68750971
1691689418000,0.68750971,0.68750971,0.68750971
1691689419000,0.68750778,0.68750778,0.68750778
1691689420000,0.68750778,0.68750778,0.68750778
1691689421000,0.68750778,0.68750778,0.68750778
1691689422000,0.68750174,0.68750174,0.68750174
1691689423000,0.68750174,0.68750174,0.68750174
1691689424000,0.68745826,0.68745826,0.68745826
1691689425000,0.68745708,0.68745708,0.68745708
1691689426000,0.68745312,0.68745312,0.68745312
1691689427000,0.68745312,0.68745312,0.68745312
1691689428000,0.6874966,0.6874966,0.6874966
1691689429000,0.6874966,0.6874966,0.6874966
1691689430000,0.6875,0.6875,0.6875
1691689431000,0.68752998,0.68752998,0.68752998
1691689432000,0.68753001,0.68753001,0.68753001
1691689433000,0.68748436,0.68748436,0.68748436
1691689434000,0.68748436,0.68748436,0.68748436
1691689435000,0.68748436,0.68748436,0.68748436
1691689436000,0.68748221,0.68748221,0.68748221
1691689437000,0.68748224,0.68748224,0.68748224
1691689438000,0.68743876,0.68743876,0.68743876
1691689439000,0.68743876,0.68743876,0.68743876
1691689440000,0.68743876,0.68743876,0.68743876
1691689441000,0.68743764,0.68743764,0.68743764
1691689442000,0.68740828,0.68740828,0.68740828
1691689443000,0.68740828,0.68740828,0.68740828
1691689444000,0.6873648,0.6873648,0.6873648
1691689445000,0.6873648,0.6873648,0.6873648
1691689446000,0.6873648,0.6873648,0.6873648
1691689447000,0.68736435,0.68736435,0.68736435
1691689448000,0.6873651,0.6873651,0.6873651
1691689449000,0.6875,0.6875,0.6875
1691689450000,0.6875,0.6875,0.6875
1691689451000,0.6875,0.6875,0.6875
1691689452000,0.6875,0.6875,0.6875
1691689453000,0.6875,0.6875,0.6875
1691689454000,0.6875,0.6875,0.6875
1691689455000,0.6876,0.6876,0.6876
1691689456000,0.6876,0.6876,0.6876
1691689457000,0.6876,0.6876,0.6876
1691689458000,0.6875,0.6875,0.6875
1691689459000,0.68744888,0.68744888,0.68744888
1691689460000,0.68744888,0.68744888,0.68744888
1691689461000,0.68744888,0.68744888,0.68744888
1691689462000,0.68744891,0.68744891,0.68744891
1691689463000,0.68744817,0.68744817,0.68744817
1691689464000,0.68744083,0.68744083,0.68744083
1691689465000,0.68739735,0.68739735,0.68739735
1691689466000,0.68739732,0.68739732,0.68739732
1691689467000,0.68739732,0.68739732,0.68739732
1691689468000,0.68739735,0.68739735,0.68739735
1691689469000,0.68738954,0.68738954,0.68738954
1691689470000,0.68738649,0.68738649,0.68738649
1691689471000,0.68738649,0.68738649,0.68738649
1691689472000,0.68738649,0.68738649,0.68738649
1691689473000,0.68738724,0.68738724,0.68738724
1691689474000,0.68738724,0.68738724,0.68738724
1691689475000,0.68732814,0.68732814,0.68732814
1691689476000,0.68732004,0.68732004,0.68732004
1691689477000,0.68732004,0.68732004,0.68732004
1691689478000,0.68727581,0.68727581,0.68727581
1691689479000,0.68727581,0.68727581,0.68727581
1691689480000,0.68726911,0.68726911,0.68726911
1691689481000,0.68721997,0.68721997,0.68721997
1691689482000,0.68721997,0.68721997,0.68721997
1691689483000,0.68721997,0.68721997,0.68721997
1691689484000,0.68721922,0.68721922,0.68721922
1691689485000,0.68721922,0.68721922,0.68721922
1691689486000,0.68721389,0.68721389,0.68721389
1691689487000,0.68721389,0.68721389,0.68721389
1691689488000,0.68721389,0.68721389,0.68721389
1691689489000,0.68721389,0.68721389,0.68721389
1691689490000,0.68720737,0.68720737,0.68720737
1691689491000,0.68720486,0.68720486,0.68720486
1691689492000,0.68720486,0.68720486,0.68720486
1691689493000,0.68724834,0.68724834,0.68724834
1691689494000,0.68724834,0.68724834,0.68724834
1691689495000,0.6873,0.6873,0.6873
1691689496000,0.6873,0.6873,0.6873
1691689497000,0.6873,0.6873,0.6873
1691689498000,0.68728971,0.68728971,0.68728971
1691689499000,0.68728968,0.68728968,0.68728968
1691689500000,0.68724623,0.68724623,0.68724623
1691689501000,0.6872462,0.6872462,0.6872462
1691689502000,0.68724,0.68724,0.68724
1691689503000,0.68724,0.68724,0.68724
1691689504000,0.6872009,0.6872009,0.6872009
1691689505000,0.6869,0.6869,0.6869
1691689506000,0.6869,0.6869,0.6869
1691689507000,0.68687645,0.68687645,0.68687645
1691689508000,0.6869,0.6869,0.6869
1691689509000,0.6869,0.6869,0.6869
1691689510000,0.68691306,0.68691306,0.68691306
1691689511000,0.68691306,0.68691306,0.68691306
1691689512000,0.68691306,0.68691306,0.68691306
1691689513000,0.68690499,0.68690499,0.68690499
1691689514000,0.68690574,0.68690574,0.68690574
1691689515000,0.68690574,0.68690574,0.68690574
1691689516000,0.68690499,0.68690499,0.68690499
1691689517000,0.68690499,0.68690499,0.68690499
1691689518000,0.68690499,0.68690499,0.68690499
1691689519000,0.687,0.687,0.687
1691689520000,0.687,0.687,0.687
1691689521000,0.687,0.687,0.687
1691689522000,0.687,0.687,0.687
1691689523000,0.687,0.687,0.687
1691689524000,0.687,0.687,0.687
1691689525000,0.687,0.687,0.687
1691689526000,0.687,0.687,0.687
1691689527000,0.687,0.687,0.687
1691689528000,0.687,0.687,0.687
1691689529000,0.687,0.687,0.687
1691689530000,0.687,0.687,0.687
1691689531000,0.687,0.687,0.687
1691689532000,0.687,0.687,0.687
1691689533000,0.687,0.687,0.687
1691689534000,0.687,0.687,0.687
1691689535000,0.68692825,0.68692825,0.68692825
1691689536000,0.68692822,0.68692822,0.68692822
1691689537000,0.68692822,0.68692822,0.68692822
1691689538000,0.687,0.687,0.687
1691689539000,0.687,0.687,0.687
1691689540000,0.687,0.687,0.687
1691689541000,0.687,0.687,0.687
1691689542000,0.687,0.687,0.687
1691689543000,0.687,0.687,0.687
1691689544000,0.68691733,0.68691733,0.68691733
1691689545000,0.687,0.687,0.687
1691689546000,0.6871,0.6871,0.6871
1691689547000,0.6871,0.6871,0.6871
1691689548000,0.6872,0.6872,0.6872
1691689549000,0.6872,0.6872,0.6872
1691689550000,0.6872,0.6872,0.6872
1691689551000,0.6872,0.6872,0.6872
1691689552000,0.6872,0.6872,0.6872
1691689553000,0.6872,0.6872,0.6872
1691689554000,0.6872,0.6872,0.6872
1691689555000,0.6872,0.6872,0.6872
1691689556000,0.6875,0.6875,0.6875
1691689557000,0.6875,0.6875,0.6875
1691689558000,0.6875,0.6875,0.6875
1691689559000,0.6875,0.6875,0.6875
1691689560000,0.6876,0.6876,0.6876
1691689561000,0.6875,0.6875,0.6875
1691689562000,0.6875,0.6875,0.6875
1691689563000,0.6876,0.6876,0.6876
1691689564000,0.6876,0.6876,0.6876
1691689565000,0.68765578,0.68765578,0.68765578
1691689566000,0.68767912,0.68767912,0.68767912
1691689567000,0.68768054,0.68768054,0.68768054
1691689568000,0.6877,0.6877,0.6877
1691689569000,0.68779233,0.68779233,0.68779233
1691689570000,0.68779285,0.68779285,0.68779285
1691689571000,0.6877,0.6877,0.6877
1691689572000,0.6875,0.6875,0.6875
1691689573000,0.6876,0.6876,0.6876
1691689574000,0.6876,0.6876,0.6876
1691689575000,0.6877,0.6877,0.6877
1691689576000,0.68774955,0.68774955,0.68774955
1691689577000,0.68774955,0.68774955,0.68774955
1691689578000,0.68775026,0.68775026,0.68775026
1691689579000,0.68775029,0.68775029,0.68775029
1691689580000,0.68774951,0.68774951,0.68774951
1691689581000,0.68774951,0.68774951,0.68774951
1691689582000,0.6876,0.6876,0.6876
1691689583000,0.6877,0.6877,0.6877
1691689584000,0.6877,0.6877,0.6877
1691689585000,0.6876,0.6876,0.6876
1691689586000,0.6877,0.6877,0.6877
1691689587000,0.6877,0.6877,0.6877
1691689588000,0.6877,0.6877,0.6877
1691689589000,0.6877,0.6877,0.6877
1691689590000,0.6877,0.6877,0.6877
1691689591000,0.6877,0.6877,0.6877
1691689592000,0.6877,0.6877,0.6877
1691689593000,0.6876,0.6876,0.6876
1691689594000,0.6877,0.6877,0.6877
1691689595000,0.6877,0.6877,0.6877
1691689596000,0.6877,0.6877,0.6877
1691689597000,0.6877,0.6877,0.6877
1691689598000,0.6877,0.6877,0.6877
1691689599000,0.6877,0.6877,0.6877
1691689600000,0.6877,0.6877,0.6877
1691689601000,0.6877,0.6877,0.6877
1691689602000,0.6877,0.6877,0.6877
1691689603000,0.6878,0.6878,0.6878
1691689604000,0.6877,0.6877,0.6877
1691689605000,0.6877,0.6877,0.6877
1691689606000,0.6878,0.6878,0.6878
1691689607000,0.6878,0.6878,0.6878
1691689608000,0.6877,0.6877,0.6877
1691689609000,0.6877,0.6877,0.6877
1691689610000,0.6877,0.6877,0.6877
1691689611000,0.6878,0.6878,0.6878
1691689612000,0.6877,0.6877,0.6877
1691689613000,0.6877,0.6877,0.6877
1691689614000,0.6879,0.6879,0.6879
1691689615000,0.6879,0.6879,0.6879
1691689616000,0.6879,0.6879,0.6879
1691689617000,0.6879,0.6879,0.6879
1691689618000,0.6879,0.6879,0.6879
1691689619000,0.6879,0.6879,0.6879
1691689620000,0.6879,0.6879,0.6879
1691689621000,0.6878,0.6878,0.6878
1691689622000,0.6879,0.6879,0.6879
1691689623000,0.688,0.688,0.688
1691689624000,0.6881,0.6881,0.6881
1691689625000,0.6881,0.6881,0.6881
1691689626000,0.6881,0.6881,0.6881
1691689627000,0.6881,0.6881,0.6881
1691689628000,0.6881,0.6881,0.6881
1691689629000,0.6881,0.6881,0.6881
1691689630000,0.6881,0.6881,0.6881
1691689631000,0.6881,0.6881,0.6881
1691689632000,0.688,0.688,0.688
1691689633000,0.688,0.688,0.688
1691689634000,0.688,0.688,0.688
1691689635000,0.688,0.688,0.688
1691689636000,0.6881,0.6881,0.6881
1691689637000,0.6881,0.6881,0.6881
1691689638000,0.68793146,0.68793146,0.68793146
1691689639000,0.6879,0.6879,0.6879
1691689640000,0.688,0.688,0.688
1691689641000,0.688,0.688,0.688
1691689642000,0.688,0.688,0.688
1691689643000,0.688,0.688,0.688
1691689644000,0.688,0.688,0.688
1691689645000,0.688,0.688,0.688
1691689646000,0.688,0.688,0.688
1691689647000,0.688,0.688,0.688
1691689648000,0.688,0.688,0.688
1691689649000,0.6879,0.6879,0.6879
1691689650000,0.68791225,0.68791225,0.68791225
1691689651000,0.68791771,0.68791771,0.68791771
1691689652000,0.68791771,0.68791771,0.68791771
1691689653000,0.68791697,0.68791697,0.68791697
1691689654000,0.68791697,0.68791697,0.68791697
1691689655000,0.68791771,0.68791771,0.68791771
1691689656000,0.687917,0.687917,0.687917
1691689657000,0.68792104,0.68792104,0.68792104
1691689658000,0.688,0.688,0.688
1691689659000,0.68792104,0.68792104,0.68792104
1691689660000,0.68792104,0.68792104,0.68792104
1691689661000,0.68792104,0.68792104,0.68792104
1691689662000,0.688,0.688,0.688
1691689663000,0.688,0.688,0.688
1691689664000,0.688,0.688,0.688
1691689665000,0.688,0.688,0.688
1691689666000,0.688,0.688,0.688
1691689667000,0.6881,0.6881,0.6881
1691689668000,0.688,0.688,0.688
1691689669000,0.688,0.688,0.688
1691689670000,0.688,0.688,0.688
1691689671000,0.688,0.688,0.688
1691689672000,0.688,0.688,0.688
1691689673000,0.688,0.688,0.688
1691689674000,0.688,0.688,0.688
1691689675000,0.688,0.688,0.688
1691689676000,0.688,0.688,0.688
1691689677000,0.688,0.688,0.688
1691689678000,0.688,0.688,0.688
1691689679000,0.688,0.688,0.688
1691689680000,0.688,0.688,0.688
1691689681000,0.688,0.688,0.688
1691689682000,0.688,0.688,0.688
1691689683000,0.688,0.688,0.688
1691689684000,0.688,0.688,0.688
1691689685000,0.688,0.688,0.688
1691689686000,0.688,0.688,0.688
1691689687000,0.688,0.688,0.688
1691689688000,0.688,0.688,0.688
1691689689000,0.688,0.688,0.688
1691689690000,0.688,0.688,0.688
1691689691000,0.68793064,0.68793064,0.68793064
1691689692000,0.6879306,0.6879306,0.6879306
1691689693000,0.68793064,0.68793064,0.68793064
1691689694000,0.68793064,0.68793064,0.68793064
1691689695000,0.68793083,0.68793083,0.68793083
1691689696000,0.68793158,0.68793158,0.68793158
1691689697000,0.688,0.688,0.688
1691689698000,0.688,0.688,0.688
1691689699000,0.68792505,0.68792505,0.68792505
1691689700000,0.688,0.688,0.688
1691689701000,0.688,0.688,0.688
1691689702000,0.688,0.688,0.688
1691689703000,0.6881,0.6881,0.6881
1691689704000,0.6881,0.6881,0.6881
1691689705000,0.6883,0.6883,0.6883
1691689706000,0.6883,0.6883,0.6883
1691689707000,0.6883,0.6883,0.6883
1691689708000,0.6883,0.6883,0.6883
1691689709000,0.6883,0.6883,0.6883
1691689710000,0.6883,0.6883,0.6883
1691689711000,0.6883,0.6883,0.6883
1691689712000,0.6882,0.6882,0.6882
1691689713000,0.6882,0.6882,0.6882
1691689714000,0.6882,0.6882,0.6882
1691689715000,0.6883,0.6883,0.6883
1691689716000,0.6883,0.6883,0.6883
1691689717000,0.6882,0.6882,0.6882
1691689718000,0.6882,0.6882,0.6882
1691689719000,0.6882,0.6882,0.6882
1691689720000,0.68816483,0.68816483,0.68816483
1691689721000,0.68816236,0.68816236,0.68816236
1691689722000,0.68816166,0.68816166,0.68816166
1691689723000,0.68816314,0.68816314,0.68816314
1691689724000,0.68816239,0.68816239,0.68816239
1691689725000,0.6882,0.6882,0.6882
1691689726000,0.68820662,0.68820662,0.68820662
1691689727000,0.68821314,0.68821314,0.68821314
1691689728000,0.68821314,0.68821314,0.68821314
1691689729000,0.6881175,0.6881175,0.6881175
1691689730000,0.6881175,0.6881175,0.6881175
1691689731000,0.68811747,0.68811747,0.68811747
1691689732000,0.68809138,0.68809138,0.68809138
1691689733000,0.68809138,0.68809138,0.68809138
1691689734000,0.68809225,0.68809225,0.68809225
1691689735000,0.6881,0.6881,0.6881
1691689736000,0.68812269,0.68812269,0.68812269
1691689737000,0.6882,0.6882,0.6882
1691689738000,0.6882,0.6882,0.6882
1691689739000,0.6882,0.6882,0.6882
1691689740000,0.68817541,0.68817541,0.68817541
1691689741000,0.68817541,0.68817541,0.68817541
1691689742000,0.6882,0.6882,0.6882
1691689743000,0.6883,0.6883,0.6883
1691689744000,0.6883,0.6883,0.6883
1691689745000,0.6883,0.6883,0.6883
1691689746000,0.6883,0.6883,0.6883
1691689747000,0.6883,0.6883,0.6883
1691689748000,0.68821911,0.68821911,0.68821911
1691689749000,0.68821911,0.68821911,0.68821911
1691689750000,0.68821908,0.68821908,0.68821908
1691689751000,0.68822466,0.68822466,0.68822466
1691689752000,0.68822466,0.68822466,0.68822466
1691689753000,0.68821158,0.68821158,0.68821158
1691689754000,0.68821158,0.68821158,0.68821158
1691689755000,0.6882,0.6882,0.6882
1691689756000,0.6882,0.6882,0.6882
1691689757000,0.6882,0.6882,0.6882
1691689758000,0.68820814,0.68820814,0.68820814
1691689759000,0.68820814,0.68820814,0.68820814
1691689760000,0.6883,0.6883,0.6883
1691689761000,0.6882147,0.6882147,0.6882147
1691689762000,0.68822262,0.68822262,0.68822262
1691689763000,0.68822266,0.68822266,0.68822266
1691689764000,0.68822266,0.68822266,0.68822266
1691689765000,0.6883,0.6883,0.6883
1691689766000,0.68822262,0.68822262,0.68822262
1691689767000,0.68822024,0.68822024,0.68822024
1691689768000,0.68821949,0.68821949,0.68821949
1691689769000,0.6883,0.6883,0.6883
1691689770000,0.6883,0.6883,0.6883
1691689771000,0.6883,0.6883,0.6883
1691689772000,0.6883,0.6883,0.6883
1691689773000,0.6883,0.6883,0.6883
1691689774000,0.6883,0.6883,0.6883
1691689775000,0.6883,0.6883,0.6883
1691689776000,0.6883,0.6883,0.6883
1691689777000,0.68818097,0.68818097,0.68818097
1691689778000,0.68818836,0.68818836,0.68818836
1691689779000,0.68818836,0.68818836,0.68818836
1691689780000,0.68818836,0.68818836,0.68818836
1691689781000,0.68818414,0.68818414,0.68818414
1691689782000,0.68815805,0.68815805,0.68815805
1691689783000,0.68815805,0.68815805,0.68815805
1691689784000,0.68815959,0.68815959,0.68815959
1691689785000,0.68817263,0.68817263,0.68817263
1691689786000,0.68812717,0.68812717,0.68812717
1691689787000,0.68812717,0.68812717,0.68812717
1691689788000,0.68811413,0.68811413,0.68811413
1691689789000,0.6881,0.6881,0.6881
1691689790000,0.6881,0.6881,0.6881
1691689791000,0.6881,0.6881,0.6881
1691689792000,0.6881,0.6881,0.6881
1691689793000,0.6881,0.6881,0.6881
1691689794000,0.68806434,0.68806434,0.68806434
1691689795000,0.68801203,0.68801203,0.68801203
1691689796000,0.68799899,0.68799899,0.68799899
1691689797000,0.68799899,0.68799899,0.68799899
1691689798000,0.68799974,0.68799974,0.68799974
1691689799000,0.68799974,0.68799974,0.68799974
1691689800000,0.68799959,0.68799959,0.68799959
1691689801000,0.68799529,0.68799529,0.68799529
1691689802000,0.68799529,0.68799529,0.68799529
1691689803000,0.68799349,0.68799349,0.68799349
1691689804000,0.68799277,0.68799277,0.68799277
1691689805000,0.68799277,0.68799277,0.68799277
1691689806000,0.68799871,0.68799871,0.68799871
1691689807000,0.68799871,0.68799871,0.68799871
1691689808000,0.68799871,0.68799871,0.68799871
1691689809000,0.68799871,0.68799871,0.68799871
1691689810000,0.688,0.688,0.688
1691689811000,0.68800054,0.68800054,0.68800054
1691689812000,0.68808825,0.68808825,0.68808825
1691689813000,0.6881,0.6881,0.6881
1691689814000,0.6881,0.6881,0.6881
1691689815000,0.6882,0.6882,0.6882
1691689816000,0.6882,0.6882,0.6882
1691689817000,0.6882,0.6882,0.6882
1691689818000,0.6882,0.6882,0.6882
1691689819000,0.68810803,0.68810803,0.68810803
1691689820000,0.68810803,0.68810803,0.68810803
1691689821000,0.68810803,0.68810803,0.68810803
1691689822000,0.68810803,0.68810803,0.68810803
1691689823000,0.6881098,0.6881098,0.6881098
1691689824000,0.6881098,0.6881098,0.6881098
1691689825000,0.6881,0.6881,0.6881
1691689826000,0.68800773,0.68800773,0.68800773
1691689827000,0.68799354,0.68799354,0.68799354
1691689828000,0.68799343,0.68799343,0.68799343
1691689829000,0.68790485,0.68790485,0.68790485
1691689830000,0.68790485,0.68790485,0.68790485
1691689831000,0.68790283,0.68790283,0.68790283
1691689832000,0.68782604,0.68782604,0.68782604
1691689833000,0.68782604,0.68782604,0.68782604
1691689834000,0.68778012,0.68778012,0.68778012
1691689835000,0.68778012,0.68778012,0.68778012
1691689836000,0.68776951,0.68776951,0.68776951
1691689837000,0.68776516,0.68776516,0.68776516
1691689838000,0.68772171,0.68772171,0.68772171
1691689839000,0.68771883,0.68771883,0.68771883
1691689840000,0.68771883,0.68771883,0.68771883
1691689841000,0.68771957,0.68771957,0.68771957
1691689842000,0.68771957,0.68771957,0.68771957
1691689843000,0.6877196,0.6877196,0.6877196
1691689844000,0.6877196,0.6877196,0.6877196
1691689845000,0.68771587,0.68771587,0.68771587
1691689846000,0.68771587,0.68771587,0.68771587
1691689847000,0.68771509,0.68771509,0.68771509
1691689848000,0.68771509,0.68771509,0.68771509
1691689849000,0.68771512,0.68771512,0.68771512
1691689850000,0.6877099,0.6877099,0.6877099
1691689851000,0.6877099,0.6877099,0.6877099
1691689852000,0.68770994,0.68770994,0.68770994
1691689853000,0.6877545,0.6877545,0.6877545
1691689854000,0.68775447,0.68775447,0.68775447
1691689855000,0.68775447,0.68775447,0.68775447
1691689856000,0.68774744,0.68774744,0.68774744
1691689857000,0.687704,0.687704,0.687704
1691689858000,0.6877075,0.6877075,0.6877075
1691689859000,0.68770747,0.68770747,0.68770747
1691689860000,0.68770747,0.68770747,0.68770747
1691689861000,0.68769996,0.68769996,0.68769996
1691689862000,0.68769996,0.68769996,0.68769996
1691689863000,0.68769996,0.68769996,0.68769996
1691689864000,0.68769993,0.68769993,0.68769993
1691689865000,0.68769993,0.68769993,0.68769993
1691689866000,0.68769993,0.68769993,0.68769993
1691689867000,0.68773416,0.68773416,0.68773416
1691689868000,0.68773419,0.68773419,0.68773419
1691689869000,0.68773419,0.68773419,0.68773419
1691689870000,0.68770155,0.68770155,0.68770155
1691689871000,0.68769805,0.68769805,0.68769805
1691689872000,0.68769007,0.68769007,0.68769007
1691689873000,0.68769007,0.68769007,0.68769007
1691689874000,0.68769007,0.68769007,0.68769007
1691689875000,0.6876901,0.6876901,0.6876901
1691689876000,0.6876901,0.6876901,0.6876901
1691689877000,0.68769007,0.68769007,0.68769007
1691689878000,0.68768146,0.68768146,0.68768146
1691689879000,0.68768146,0.68768146,0.68768146
1691689880000,0.68760317,0.68760317,0.68760317
1691689881000,0.6877,0.6877,0.6877
1691689882000,0.6877,0.6877,0.6877
1691689883000,0.6877,0.6877,0.6877
1691689884000,0.6877,0.6877,0.6877
1691689885000,0.68772018,0.68772018,0.68772018
1691689886000,0.68771943,0.68771943,0.68771943
1691689887000,0.68772018,0.68772018,0.68772018
1691689888000,0.68772018,0.68772018,0.68772018
1691689889000,0.68771684,0.68771684,0.68771684
1691689890000,0.68771789,0.68771789,0.68771789
1691689891000,0.68771789,0.68771789,0.68771789
1691689892000,0.68771789,0.68771789,0.68771789
1691689893000,0.68771789,0.68771789,0.68771789
1691689894000,0.68771601,0.68771601,0.68771601
1691689895000,0.68771527,0.68771527,0.68771527
1691689896000,0.68771524,0.68771524,0.68771524
1691689897000,0.68773483,0.68773483,0.68773483
1691689898000,0.68773483,0.68773483,0.68773483
1691689899000,0.68773538,0.68773538,0.68773538
1691689900000,0.68773343,0.68773343,0.68773343
1691689901000,0.6879,0.6879,0.6879
1691689902000,0.6879,0.6879,0.6879
1691689903000,0.6879,0.6879,0.6879
1691689904000,0.6879,0.6879,0.6879
1691689905000,0.6879,0.6879,0.6879
1691689906000,0.6879,0.6879,0.6879
1691689907000,0.6879,0.6879,0.6879
1691689908000,0.6879,0.6879,0.6879
1691689909000,0.6879,0.6879,0.6879
1691689910000,0.6879,0.6879,0.6879
1691689911000,0.6879,0.6879,0.6879
1691689912000,0.6879,0.6879,0.6879
1691689913000,0.6879,0.6879,0.6879
1691689914000,0.6879,0.6879,0.6879
1691689915000,0.6879,0.6879,0.6879
1691689916000,0.688,0.688,0.688
1691689917000,0.688,0.688,0.688
1691689918000,0.688,0.688,0.688
1691689919000,0.688,0.688,0.688
1691689920000,0.688,0.688,0.688
1691689921000,0.688,0.688,0.688
1691689922000,0.688,0.688,0.688
1691689923000,0.688,0.688,0.688
1691689924000,0.688,0.688,0.688
1691689925000,0.6881,0.6881,0.6881
1691689926000,0.6881,0.6881,0.6881
1691689927000,0.6881,0.6881,0.6881
1691689928000,0.6881,0.6881,0.6881
1691689929000,0.6881,0.6881,0.6881
1691689930000,0.6881,0.6881,0.6881
1691689931000,0.6881,0.6881,0.6881
1691689932000,0.6881,0.6881,0.6881
1691689933000,0.6881,0.6881,0.6881
1691689934000,0.6881,0.6881,0.6881
1691689935000,0.6881,0.6881,0.6881
1691689936000,0.6881,0.6881,0.6881
1691689937000,0.6882,0.6882,0.6882
1691689938000,0.6882,0.6882,0.6882
1691689939000,0.6882,0.6882,0.6882
1691689940000,0.6882,0.6882,0.6882
1691689941000,0.6882,0.6882,0.6882
1691689942000,0.6882,0.6882,0.6882
1691689943000,0.6882,0.6882,0.6882
1691689944000,0.6882,0.6882,0.6882
1691689945000,0.6882,0.6882,0.6882
1691689946000,0.6882,0.6882,0.6882
1691689947000,0.6882,0.6882,0.6882
1691689948000,0.6882,0.6882,0.6882
1691689949000,0.6881,0.6881,0.6881
1691689950000,0.6881,0.6881,0.6881
1691689951000,0.6881,0.6881,0.6881
1691689952000,0.6881,0.6881,0.6881
1691689953000,0.6881,0.6881,0.6881
1691689954000,0.6881,0.6881,0.6881
1691689955000,0.6881,0.6881,0.6881
1691689956000,0.6881,0.6881,0.6881
1691689957000,0.6881,0.6881,0.6881
1691689958000,0.6883,0.6883,0.6883
1691689959000,0.6885,0.6885,0.6885
1691689960000,0.6885,0.6885,0.6885
1691689961000,0.6885,0.6885,0.6885
1691689962000,0.68850133,0.68850133,0.68850133
1691689963000,0.6886,0.6886,0.6886
1691689964000,0.6886659,0.6886659,0.6886659
1691689965000,0.68866587,0.68866587,0.68866587
1691689966000,0.68870938,0.68870938,0.68870938
1691689967000,0.68870937,0.68870937,0.68870937
1691689968000,0.6889,0.6889,0.6889
1691689969000,0.6889,0.6889,0.6889
1691689970000,0.6889,0.6889,0.6889
1691689971000,0.6888,0.6888,0.6888
1691689972000,0.6888,0.6888,0.6888
1691689973000,0.6888,0.6888,0.6888
1691689974000,0.6889,0.6889,0.6889
1691689975000,0.6889,0.6889,0.6889
1691689976000,0.6889,0.6889,0.6889
1691689977000,0.6888,0.6888,0.6888
1691689978000,0.6888,0.6888,0.6888
1691689979000,0.6888,0.6888,0.6888
1691689980000,0.6888,0.6888,0.6888
1691689981000,0.6888,0.6888,0.6888
1691689982000,0.6888,0.6888,0.6888
1691689983000,0.6889,0.6889,0.6889
1691689984000,0.6889,0.6889,0.6889
1691689985000,0.6889,0.6889,0.6889
1691689986000,0.6889,0.6889,0.6889
1691689987000,0.68898667,0.68898667,0.68898667
1691689988000,0.68899214,0.68899214,0.68899214
1691689989000,0.6889,0.6889,0.6889
1691689990000,0.68871905,0.68871905,0.68871905
1691689991000,0.68871905,0.68871905,0.68871905
1691689992000,0.6888,0.6888,0.6888
1691689993000,0.6888,0.6888,0.6888
1691689994000,0.6889,0.6889,0.6889
1691689995000,0.6889,0.6889,0.6889
1691689996000,0.6889,0.6889,0.6889
1691689997000,0.68881114,0.68881114,0.68881114
1691689998000,0.68881114,0.68881114,0.68881114
1691689999000,0.68881245,0.68881245,0.68881245
1691690000000,0.6889,0.6889,0.6889
1691690001000,0.6889,0.6889,0.6889
1691690002000,0.6889,0.6889,0.6889
1691690003000,0.6889,0.6889,0.6889
1691690004000,0.6888132,0.6888132,0.6888132
1691690005000,0.68881438,0.68881438,0.68881438
1691690006000,0.6887,0.6887,0.6887
1691690007000,0.6887,0.6887,0.6887
1691690008000,0.6887,0.6887,0.6887
1691690009000,0.68871797,0.68871797,0.68871797
1691690010000,0.6887137,0.6887137,0.6887137
1691690011000,0.6887137,0.6887137,0.6887137
1691690012000,0.68870763,0.68870763,0.68870763
1691690013000,0.68870763,0.68870763,0.68870763
1691690014000,0.68870763,0.68870763,0.68870763
1691690015000,0.6887,0.6887,0.6887
1691690016000,0.6887,0.6887,0.6887
1691690017000,0.6887,0.6887,0.6887
1691690018000,0.6887,0.6887,0.6887
1691690019000,0.6887,0.6887,0.6887
1691690020000,0.6887,0.6887,0.6887
1691690021000,0.68869419,0.68869419,0.68869419
1691690022000,0.68869422,0.68869422,0.68869422
1691690023000,0.6887,0.6887,0.6887
1691690024000,0.6887,0.6887,0.6887
1691690025000,0.6887,0.6887,0.6887
1691690026000,0.6887,0.6887,0.6887
1691690027000,0.6887,0.6887,0.6887
1691690028000,0.68868797,0.68868797,0.68868797
1691690029000,0.68858666,0.68858666,0.68858666
1691690030000,0.68858669,0.68858669,0.68858669
1691690031000,0.68858669,0.68858669,0.68858669
1691690032000,0.68858423,0.68858423,0.68858423
1691690033000,0.68857951,0.68857951,0.68857951
1691690034000,0.68857951,0.68857951,0.68857951
1691690035000,0.68857951,0.68857951,0.68857951
1691690036000,0.68856812,0.68856812,0.68856812
1691690037000,0.68856812,0.68856812,0.68856812
1691690038000,0.68856527,0.68856527,0.68856527
1691690039000,0.68856605,0.68856605,0.68856605
1691690040000,0.68856605,0.68856605,0.68856605
1691690041000,0.68856266,0.68856266,0.68856266
1691690042000,0.68855677,0.68855677,0.68855677
1691690043000,0.68855219,0.68855219,0.68855219
1691690044000,0.68855038,0.68855038,0.68855038
1691690045000,0.68854983,0.68854983,0.68854983
1691690046000,0.68840937,0.68840937,0.68840937
1691690047000,0.68840937,0.68840937,0.68840937
1691690048000,0.68840937,0.68840937,0.68840937
1691690049000,0.68831334,0.68831334,0.68831334
1691690050000,0.68830658,0.68830658,0.68830658
1691690051000,0.68830655,0.68830655,0.68830655
1691690052000,0.68830655,0.68830655,0.68830655
1691690053000,0.68830655,0.68830655,0.68830655
1691690054000,0.68830173,0.68830173,0.68830173
1691690055000,0.68830173,0.68830173,0.68830173
1691690056000,0.68830039,0.68830039,0.68830039
1691690057000,0.68834312,0.68834312,0.68834312
1691690058000,0.68834312,0.68834312,0.68834312
1691690059000,0.68834312,0.68834312,0.68834312
1691690060000,0.688339,0.688339,0.688339
1691690061000,0.68834543,0.68834543,0.68834543
1691690062000,0.68834543,0.68834543,0.68834543
1691690063000,0.68834543,0.68834543,0.68834543
1691690064000,0.68834546,0.68834546,0.68834546
1691690065000,0.68837487,0.68837487,0.68837487
1691690066000,0.68837113,0.68837113,0.68837113
1691690067000,0.68837036,0.68837036,0.68837036
1691690068000,0.6883711,0.6883711,0.6883711
1691690069000,0.6883711,0.6883711,0.6883711
1691690070000,0.6883711,0.6883711,0.6883711
1691690071000,0.68835859,0.68835859,0.68835859
1691690072000,0.68835859,0.68835859,0.68835859
1691690073000,0.68835859,0.68835859,0.68835859
1691690074000,0.68835859,0.68835859,0.68835859
1691690075000,0.68835859,0.68835859,0.68835859
1691690076000,0.68835266,0.68835266,0.68835266
1691690077000,0.68835266,0.68835266,0.68835266
1691690078000,0.68835266,0.68835266,0.68835266
1691690079000,0.68835266,0.68835266,0.68835266
1691690080000,0.68835266,0.68835266,0.68835266
1691690081000,0.68835009,0.68835009,0.68835009
1691690082000,0.68834792,0.68834792,0.68834792
1691690083000,0.68834521,0.68834521,0.68834521
1691690084000,0.68834521,0.68834521,0.68834521
1691690085000,0.68834599,0.68834599,0.68834599
1691690086000,0.68834605,0.68834605,0.68834605
1691690087000,0.68830257,0.68830257,0.68830257
1691690088000,0.68833963,0.68833963,0.68833963
1691690089000,0.68834038,0.68834038,0.68834038
1691690090000,0.68831354,0.68831354,0.68831354
1691690091000,0.68831638,0.68831638,0.68831638
1691690092000,0.68831635,0.68831635,0.68831635
1691690093000,0.68831276,0.68831276,0.68831276
1691690094000,0.68831276,0.68831276,0.68831276
1691690095000,0.68829319,0.68829319,0.68829319
1691690096000,0.68829319,0.68829319,0.68829319
1691690097000,0.68829111,0.68829111,0.68829111
1691690098000,0.68829111,0.68829111,0.68829111
1691690099000,0.68828842,0.68828842,0.68828842
1691690100000,0.68828842,0.68828842,0.68828842
1691690101000,0.68828845,0.68828845,0.68828845
1691690102000,0.68828845,0.68828845,0.68828845
1691690103000,0.68828014,0.68828014,0.68828014
1691690104000,0.68823457,0.68823457,0.68823457
1691690105000,0.68823454,0.68823454,0.68823454
1691690106000,0.68823203,0.68823203,0.68823203
1691690107000,0.68823203,0.68823203,0.68823203
1691690108000,0.68823203,0.68823203,0.68823203
1691690109000,0.68803637,0.68803637,0.68803637
1691690110000,0.68796846,0.68796846,0.68796846
1691690111000,0.68796403,0.68796403,0.68796403
1691690112000,0.68796403,0.68796403,0.68796403
1691690113000,0.68796403,0.68796403,0.68796403
1691690114000,0.68796406,0.68796406,0.68796406
1691690115000,0.6879613,0.6879613,0.6879613
1691690116000,0.68796052,0.68796052,0.68796052
1691690117000,0.68795938,0.68795938,0.68795938
1691690118000,0.68795938,0.68795938,0.68795938
1691690119000,0.68795795,0.68795795,0.68795795
1691690120000,0.6879572,0.6879572,0.6879572
1691690121000,0.68795029,0.68795029,0.68795029
1691690122000,0.68794983,0.68794983,0.68794983
1691690123000,0.68795058,0.68795058,0.68795058
1691690124000,0.68795058,0.68795058,0.68795058
1691690125000,0.68794983,0.68794983,0.68794983
1691690126000,0.68794719,0.68794719,0.68794719
1691690127000,0.68794676,0.68794676,0.68794676
1691690128000,0.68794676,0.68794676,0.68794676
1691690129000,0.6879468,0.6879468,0.6879468
1691690130000,0.68794605,0.68794605,0.68794605
1691690131000,0.68793921,0.68793921,0.68793921
1691690132000,0.68793528,0.68793528,0.68793528
1691690133000,0.68793528,0.68793528,0.68793528
1691690134000,0.68793603,0.68793603,0.68793603
1691690135000,0.68793603,0.68793603,0.68793603
1691690136000,0.68793603,0.68793603,0.68793603
1691690137000,0.68793793,0.68793793,0.68793793
1691690138000,0.68789409,0.68789409,0.68789409
1691690139000,0.68789412,0.68789412,0.68789412
1691690140000,0.68789409,0.68789409,0.68789409
1691690141000,0.68789409,0.68789409,0.68789409
1691690142000,0.68789409,0.68789409,0.68789409
1691690143000,0.68789541,0.68789541,0.68789541
1691690144000,0.68789541,0.68789541,0.68789541
1691690145000,0.68789541,0.68789541,0.68789541
1691690146000,0.68780411,0.68780411,0.68780411
1691690147000,0.6879,0.6879,0.6879
1691690148000,0.6878,0.6878,0.6878
1691690149000,0.6878,0.6878,0.6878
1691690150000,0.6878,0.6878,0.6878
1691690151000,0.6878,0.6878,0.6878
1691690152000,0.6878,0.6878,0.6878
1691690153000,0.6878,0.6878,0.6878
1691690154000,0.68785569,0.68785569,0.68785569
1691690155000,0.68785569,0.68785569,0.68785569
1691690156000,0.68784264,0.68784264,0.68784264
1691690157000,0.68784342,0.68784342,0.68784342
1691690158000,0.68783993,0.68783993,0.68783993
1691690159000,0.68784327,0.68784327,0.68784327
1691690160000,0.6878433,0.6878433,0.6878433
1691690161000,0.68784327,0.68784327,0.68784327
1691690162000,0.68784327,0.68784327,0.68784327
1691690163000,0.68784333,0.68784333,0.68784333
1691690164000,0.68784333,0.68784333,0.68784333
1691690165000,0.6878446,0.6878446,0.6878446
1691690166000,0.6878446,0.6878446,0.6878446
1691690167000,0.6878446,0.6878446,0.6878446
1691690168000,0.68780069,0.68780069,0.68780069
1691690169000,0.68780069,0.68780069,0.68780069
1691690170000,0.68780069,0.68780069,0.68780069
1691690171000,0.68780238,0.68780238,0.68780238
1691690172000,0.68780149,0.68780149,0.68780149
1691690173000,0.68776888,0.68776888,0.68776888
1691690174000,0.68776891,0.68776891,0.68776891
1691690175000,0.68776888,0.68776888,0.68776888
1691690176000,0.68776418,0.68776418,0.68776418
1691690177000,0.68776418,0.68776418,0.68776418
1691690178000,0.68776343,0.68776343,0.68776343
1691690179000,0.68776343,0.68776343,0.68776343
1691690180000,0.68771995,0.68771995,0.68771995
1691690181000,0.68771995,0.68771995,0.68771995
1691690182000,0.6877188,0.6877188,0.6877188
1691690183000,0.68771225,0.68771225,0.68771225
1691690184000,0.68771225,0.68771225,0.68771225
1691690185000,0.68771228,0.68771228,0.68771228
1691690186000,0.6878,0.6878,0.6878
1691690187000,0.68771158,0.68771158,0.68771158
1691690188000,0.68770072,0.68770072,0.68770072
1691690189000,0.6877424,0.6877424,0.6877424
1691690190000,0.6877424,0.6877424,0.6877424
1691690191000,0.68774243,0.68774243,0.68774243
1691690192000,0.68774243,0.68774243,0.68774243
1691690193000,0.68778469,0.68778469,0.68778469
1691690194000,0.68778469,0.68778469,0.68778469
1691690195000,0.68778469,0.68778469,0.68778469
1691690196000,0.68778546,0.68778546,0.68778546
1691690197000,0.68778472,0.68778472,0.68778472
1691690198000,0.68778276,0.68778276,0.68778276
1691690199000,0.68778276,0.68778276,0.68778276
1691690200000,0.6878,0.6878,0.6878
1691690201000,0.6878,0.6878,0.6878
1691690202000,0.6878,0.6878,0.6878
1691690203000,0.6878,0.6878,0.6878
1691690204000,0.6878,0.6878,0.6878
1691690205000,0.6878,0.6878,0.6878
1691690206000,0.6878,0.6878,0.6878
1691690207000,0.6878,0.6878,0.6878
1691690208000,0.6878,0.6878,0.6878
1691690209000,0.6878,0.6878,0.6878
1691690210000,0.6878,0.6878,0.6878
1691690211000,0.6878,0.6878,0.6878
1691690212000,0.68772887,0.68772887,0.68772887
1691690213000,0.6877289,0.6877289,0.6877289
1691690214000,0.6877289,0.6877289,0.6877289
1691690215000,0.6879,0.6879,0.6879
1691690216000,0.688,0.688,0.688
1691690217000,0.688,0.688,0.688
1691690218000,0.688,0.688,0.688
1691690219000,0.688,0.688,0.688
1691690220000,0.688,0.688,0.688
1691690221000,0.688,0.688,0.688
1691690222000,0.688,0.688,0.688
1691690223000,0.688,0.688,0.688
1691690224000,0.6879,0.6879,0.6879
1691690225000,0.68781683,0.68781683,0.68781683
1691690226000,0.6878,0.6878,0.6878
1691690227000,0.6878,0.6878,0.6878
1691690228000,0.6878,0.6878,0.6878
1691690229000,0.6878,0.6878,0.6878
1691690230000,0.6878,0.6878,0.6878
1691690231000,0.6878,0.6878,0.6878
1691690232000,0.6878,0.6878,0.6878
1691690233000,0.6878,0.6878,0.6878
1691690234000,0.6878,0.6878,0.6878
1691690235000,0.6878,0.6878,0.6878
1691690236000,0.68762003,0.68762003,0.68762003
1691690237000,0.68761647,0.68761647,0.68761647
1691690238000,0.6876165,0.6876165,0.6876165
1691690239000,0.6876165,0.6876165,0.6876165
1691690240000,0.6876165,0.6876165,0.6876165
1691690241000,0.68761184,0.68761184,0.68761184
1691690242000,0.68760647,0.68760647,0.68760647
1691690243000,0.68760647,0.68760647,0.68760647
1691690244000,0.68760647,0.68760647,0.68760647
1691690245000,0.68760647,0.68760647,0.68760647
1691690246000,0.68760725,0.68760725,0.68760725
1691690247000,0.68760725,0.68760725,0.68760725
1691690248000,0.68758874,0.68758874,0.68758874
1691690249000,0.68758874,0.68758874,0.68758874
1691690250000,0.68758874,0.68758874,0.68758874
1691690251000,0.68758877,0.68758877,0.68758877
1691690252000,0.68758877,0.68758877,0.68758877
1691690253000,0.68758607,0.68758607,0.68758607
1691690254000,0.6876,0.6876,0.6876
1691690255000,0.6876,0.6876,0.6876
1691690256000,0.6876,0.6876,0.6876
1691690257000,0.6876,0.6876,0.6876
1691690258000,0.68758604,0.68758604,0.68758604
1691690259000,0.68758336,0.68758336,0.68758336
1691690260000,0.68758336,0.68758336,0.68758336
1691690261000,0.68758339,0.68758339,0.68758339
1691690262000,0.68758336,0.68758336,0.68758336
1691690263000,0.68758336,0.68758336,0.68758336
1691690264000,0.68757557,0.68757557,0.68757557
1691690265000,0.6876,0.6876,0.6876
1691690266000,0.6876,0.6876,0.6876
1691690267000,0.6877,0.6877,0.6877
1691690268000,0.6878,0.6878,0.6878
1691690269000,0.6878,0.6878,0.6878
1691690270000,0.6878,0.6878,0.6878
1691690271000,0.6878,0.6878,0.6878
1691690272000,0.6878,0.6878,0.6878
1691690273000,0.6877,0.6877,0.6877
1691690274000,0.6877,0.6877,0.6877
1691690275000,0.6877,0.6877,0.6877
1691690276000,0.6877,0.6877,0.6877
1691690277000,0.6877,0.6877,0.6877
1691690278000,0.6877,0.6877,0.6877
1691690279000,0.6877,0.6877,0.6877
1691690280000,0.6877,0.6877,0.6877
1691690281000,0.6877,0.6877,0.6877
1691690282000,0.6877,0.6877,0.6877
1691690283000,0.6877,0.6877,0.6877
1691690284000,0.6878,0.6878,0.6878
1691690285000,0.6878,0.6878,0.6878
1691690286000,0.6878,0.6878,0.6878
1691690287000,0.6878,0.6878,0.6878
1691690288000,0.6878,0.6878,0.6878
1691690289000,0.6878,0.6878,0.6878
1691690290000,0.6878,0.6878,0.6878
1691690291000,0.6878,0.6878,0.6878
1691690292000,0.6878,0.6878,0.6878
1691690293000,0.6878,0.6878,0.6878
1691690294000,0.6878,0.6878,0.6878
1691690295000,0.6878,0.6878,0.6878
1691690296000,0.6879,0.6879,0.6879
1691690297000,0.6879,0.6879,0.6879
1691690298000,0.6879,0.6879,0.6879
1691690299000,0.6879,0.6879,0.6879
1691690300000,0.6879,0.6879,0.6879
1691690301000,0.6879,0.6879,0.6879
1691690302000,0.6879,0.6879,0.6879
1691690303000,0.6879,0.6879,0.6879
1691690304000,0.6879,0.6879,0.6879
1691690305000,0.6879,0.6879,0.6879
1691690306000,0.6879,0.6879,0.6879
1691690307000,0.6879,0.6879,0.6879
1691690308000,0.6879,0.6879,0.6879
1691690309000,0.6879,0.6879,0.6879
1691690310000,0.6879,0.6879,0.6879
1691690311000,0.6879,0.6879,0.6879
1691690312000,0.6879,0.6879,0.6879
1691690313000,0.688,0.688,0.688
1691690314000,0.688,0.688,0.688
1691690315000,0.688,0.688,0.688
1691690316000,0.688,0.688,0.688
1691690317000,0.688,0.688,0.688
1691690318000,0.688,0.688,0.688
1691690319000,0.688,0.688,0.688
1691690320000,0.688,0.688,0.688
1691690321000,0.688,0.688,0.688
1691690322000,0.688,0.688,0.688
1691690323000,0.688,0.688,0.688
1691690324000,0.688,0.688,0.688
1691690325000,0.688,0.688,0.688
1691690326000,0.6879,0.6879,0.6879
1691690327000,0.6879,0.6879,0.6879
1691690328000,0.6879,0.6879,0.6879
1691690329000,0.6879,0.6879,0.6879
1691690330000,0.6879,0.6879,0.6879
1691690331000,0.6879,0.6879,0.6879
1691690332000,0.6879,0.6879,0.6879
1691690333000,0.6879,0.6879,0.6879
1691690334000,0.6879,0.6879,0.6879
1691690335000,0.6878,0.6878,0.6878
1691690336000,0.6878,0.6878,0.6878
1691690337000,0.6878,0.6878,0.6878
1691690338000,0.68772651,0.68772651,0.68772651
1691690339000,0.6877,0.6877,0.6877
1691690340000,0.6877,0.6877,0.6877
1691690341000,0.6877,0.6877,0.6877
1691690342000,0.6877,0.6877,0.6877
1691690343000,0.6877,0.6877,0.6877
1691690344000,0.68766327,0.68766327,0.68766327
1691690345000,0.68766324,0.68766324,0.68766324
1691690346000,0.68766324,0.68766324,0.68766324
1691690347000,0.68765365,0.68765365,0.68765365
1691690348000,0.6876544,0.6876544,0.6876544
1691690349000,0.6876544,0.6876544,0.6876544
1691690350000,0.6877,0.6877,0.6877
1691690351000,0.6877,0.6877,0.6877
1691690352000,0.6877,0.6877,0.6877
1691690353000,0.6879,0.6879,0.6879
1691690354000,0.6881,0.6881,0.6881
1691690355000,0.6881,0.6881,0.6881
1691690356000,0.6881,0.6881,0.6881
1691690357000,0.6881,0.6881,0.6881
1691690358000,0.6881,0.6881,0.6881
1691690359000,0.6881,0.6881,0.6881
1691690360000,0.6881,0.6881,0.6881
1691690361000,0.6881,0.6881,0.6881
1691690362000,0.6881,0.6881,0.6881
1691690363000,0.6881,0.6881,0.6881
1691690364000,0.6881,0.6881,0.6881
1691690365000,0.6881,0.6881,0.6881
1691690366000,0.688,0.688,0.688
1691690367000,0.688,0.688,0.688
1691690368000,0.688,0.688,0.688
1691690369000,0.688,0.688,0.688
1691690370000,0.688,0.688,0.688
1691690371000,0.688,0.688,0.688
1691690372000,0.6879,0.6879,0.6879
1691690373000,0.6879,0.6879,0.6879
1691690374000,0.6879,0.6879,0.6879
1691690375000,0.6879,0.6879,0.6879
1691690376000,0.6879,0.6879,0.6879
1691690377000,0.68784829,0.68784829,0.68784829
1691690378000,0.68784636,0.68784636,0.68784636
1691690379000,0.68784558,0.68784558,0.68784558
1691690380000,0.68784402,0.68784402,0.68784402
1691690381000,0.68784399,0.68784399,0.68784399
1691690382000,0.68784402,0.68784402,0.68784402
1691690383000,0.68784275,0.68784275,0.68784275
1691690384000,0.68784275,0.68784275,0.68784275
1691690385000,0.68784275,0.68784275,0.68784275
1691690386000,0.68784954,0.68784954,0.68784954
1691690387000,0.6878,0.6878,0.6878
1691690388000,0.6879,0.6879,0.6879
1691690389000,0.6879,0.6879,0.6879
1691690390000,0.6879,0.6879,0.6879
1691690391000,0.6878077,0.6878077,0.6878077
1691690392000,0.68781831,0.68781831,0.68781831
1691690393000,0.68782353,0.68782353,0.68782353
1691690394000,0.68782353,0.68782353,0.68782353
1691690395000,0.6878235,0.6878235,0.6878235
1691690396000,0.68782582,0.68782582,0.68782582
1691690397000,0.68782809,0.68782809,0.68782809
1691690398000,0.68782741,0.68782741,0.68782741
1691690399000,0.68782741,0.68782741,0.68782741
1691690400000,0.68782741,0.68782741,0.68782741
1691690401000,0.68782744,0.68782744,0.68782744
1691690402000,0.68782744,0.68782744,0.68782744
1691690403000,0.68761461,0.68761461,0.68761461
1691690404000,0.68761086,0.68761086,0.68761086
1691690405000,0.68765359,0.68765359,0.68765359
1691690406000,0.68765359,0.68765359,0.68765359
1691690407000,0.68761449,0.68761449,0.68761449
1691690408000,0.68760257,0.68760257,0.68760257
1691690409000,0.68760257,0.68760257,0.68760257
1691690410000,0.6876058,0.6876058,0.6876058
1691690411000,0.6876058,0.6876058,0.6876058
1691690412000,0.68760505,0.68760505,0.68760505
1691690413000,0.68760505,0.68760505,0.68760505
1691690414000,0.6874975,0.6874975,0.6874975
1691690415000,0.68739455,0.68739455,0.68739455
1691690416000,0.68739458,0.68739458,0.68739458
1691690417000,0.68739532,0.68739532,0.68739532
1691690418000,0.68733838,0.68733838,0.68733838
1691690419000,0.68733749,0.68733749,0.68733749
1691690420000,0.68728689,0.68728689,0.68728689
1691690421000,0.68728689,0.68728689,0.68728689
1691690422000,0.68728689,0.68728689,0.68728689
1691690423000,0.68732965,0.68732965,0.68732965
1691690424000,0.68732825,0.68732825,0.68732825
1691690425000,0.68732907,0.68732907,0.68732907
1691690426000,0.68728029,0.68728029,0.68728029
1691690427000,0.68728032,0.68728032,0.68728032
1691690428000,0.6872738,0.6872738,0.6872738
1691690429000,0.6874,0.6874,0.6874
1691690430000,0.6874,0.6874,0.6874
1691690431000,0.6874,0.6874,0.6874
1691690432000,0.6874,0.6874,0.6874
1691690433000,0.6874,0.6874,0.6874
1691690434000,0.6875,0.6875,0.6875
1691690435000,0.6875,0.6875,0.6875
1691690436000,0.6876,0.6876,0.6876
1691690437000,0.6876,0.6876,0.6876
1691690438000,0.6876,0.6876,0.6876
1691690439000,0.6876,0.6876,0.6876
1691690440000,0.6876,0.6876,0.6876
1691690441000,0.68751963,0.68751963,0.68751963
1691690442000,0.68751963,0.68751963,0.68751963
1691690443000,0.68753193,0.68753193,0.68753193
1691690444000,0.6876,0.6876,0.6876
1691690445000,0.6875327,0.6875327,0.6875327
1691690446000,0.68753268,0.68753268,0.68753268
1691690447000,0.68753444,0.68753444,0.68753444
1691690448000,0.68749096,0.68749096,0.68749096
1691690449000,0.68749096,0.68749096,0.68749096
1691690450000,0.68749076,0.68749076,0.68749076
1691690451000,0.68749076,0.68749076,0.68749076
1691690452000,0.68748909,0.68748909,0.68748909
1691690453000,0.6875,0.6875,0.6875
1691690454000,0.68748906,0.68748906,0.68748906
1691690455000,0.6874901,0.6874901,0.6874901
1691690456000,0.6875,0.6875,0.6875
1691690457000,0.68749156,0.68749156,0.68749156
1691690458000,0.68744735,0.68744735,0.68744735
1691690459000,0.68739062,0.68739062,0.68739062
1691690460000,0.68734496,0.68734496,0.68734496
1691690461000,0.6875,0.6875,0.6875
1691690462000,0.6874,0.6874,0.6874
1691690463000,0.68734712,0.68734712,0.68734712
1691690464000,0.6874,0.6874,0.6874
1691690465000,0.6874,0.6874,0.6874
1691690466000,0.6874,0.6874,0.6874
1691690467000,0.6874,0.6874,0.6874
1691690468000,0.6874,0.6874,0.6874
1691690469000,0.6874,0.6874,0.6874
1691690470000,0.6874,0.6874,0.6874
1691690471000,0.68738641,0.68738641,0.68738641
1691690472000,0.68738715,0.68738715,0.68738715
1691690473000,0.68734368,0.68734368,0.68734368
1691690474000,0.68734236,0.68734236,0.68734236
1691690475000,0.68734236,0.68734236,0.68734236
1691690476000,0.68734236,0.68734236,0.68734236
1691690477000,0.68734236,0.68734236,0.68734236
1691690478000,0.68734239,0.68734239,0.68734239
1691690479000,0.68734239,0.68734239,0.68734239
1691690480000,0.68734187,0.68734187,0.68734187
1691690481000,0.6873419,0.6873419,0.6873419
1691690482000,0.6873419,0.6873419,0.6873419
1691690483000,0.68728538,0.68728538,0.68728538
1691690484000,0.68728535,0.68728535,0.68728535
1691690485000,0.68732883,0.68732883,0.68732883
1691690486000,0.68732583,0.68732583,0.68732583
1691690487000,0.6873266,0.6873266,0.6873266
1691690488000,0.6873266,0.6873266,0.6873266
1691690489000,0.68737235,0.68737235,0.68737235
1691690490000,0.6874,0.6874,0.6874
1691690491000,0.6874,0.6874,0.6874
1691690492000,0.68736553,0.68736553,0.68736553
1691690493000,0.68736553,0.68736553,0.68736553
1691690494000,0.68736628,0.68736628,0.68736628
1691690495000,0.6874,0.6874,0.6874
1691690496000,0.6874,0.6874,0.6874
1691690497000,0.6874,0.6874,0.6874
1691690498000,0.68736571,0.68736571,0.68736571
1691690499000,0.68735993,0.68735993,0.68735993
1691690500000,0.68735993,0.68735993,0.68735993
1691690501000,0.68735993,0.68735993,0.68735993
1691690502000,0.68736017,0.68736017,0.68736017
1691690503000,0.68736014,0.68736014,0.68736014
1691690504000,0.68736367,0.68736367,0.68736367
1691690505000,0.68736367,0.68736367,0.68736367
1691690506000,0.68736293,0.68736293,0.68736293
1691690507000,0.68736293,0.68736293,0.68736293
1691690508000,0.68735905,0.68735905,0.68735905
1691690509000,0.68735905,0.68735905,0.68735905
1691690510000,0.68735902,0.68735902,0.68735902
1691690511000,0.68735902,0.68735902,0.68735902
1691690512000,0.68730325,0.68730325,0.68730325
1691690513000,0.68726423,0.68726423,0.68726423
1691690514000,0.68726451,0.68726451,0.68726451
1691690515000,0.68726451,0.68726451,0.68726451
1691690516000,0.68726451,0.68726451,0.68726451
1691690517000,0.68726454,0.68726454,0.68726454
1691690518000,0.68726454,0.68726454,0.68726454
1691690519000,0.6872586,0.6872586,0.6872586
1691690520000,0.6872586,0.6872586,0.6872586
1691690521000,0.6872586,0.6872586,0.6872586
1691690522000,0.68726171,0.68726171,0.68726171
1691690523000,0.68721823,0.68721823,0.68721823
1691690524000,0.68721462,0.68721462,0.68721462
1691690525000,0.68722606,0.68722606,0.68722606
1691690526000,0.68722603,0.68722603,0.68722603
1691690527000,0.68721836,0.68721836,0.68721836
1691690528000,0.68721833,0.68721833,0.68721833
1691690529000,0.68721908,0.68721908,0.68721908
1691690530000,0.68721869,0.68721869,0.68721869
1691690531000,0.68726217,0.68726217,0.68726217
1691690532000,0.68726536,0.68726536,0.68726536
1691690533000,0.68726536,0.68726536,0.68726536
1691690534000,0.68726533,0.68726533,0.68726533
1691690535000,0.68729266,0.68729266,0.68729266
1691690536000,0.68729266,0.68729266,0.68729266
1691690537000,0.68729227,0.68729227,0.68729227
1691690538000,0.68729227,0.68729227,0.68729227
1691690539000,0.68729118,0.68729118,0.68729118
1691690540000,0.68729118,0.68729118,0.68729118
1691690541000,0.68729188,0.68729188,0.68729188
1691690542000,0.68729185,0.68729185,0.68729185
1691690543000,0.68720712,0.68720712,0.68720712
1691690544000,0.68720712,0.68720712,0.68720712
1691690545000,0.68720709,0.68720709,0.68720709
1691690546000,0.68715631,0.68715631,0.68715631
1691690547000,0.68715631,0.68715631,0.68715631
1691690548000,0.68719698,0.68719698,0.68719698
1691690549000,0.68719626,0.68719626,0.68719626
1691690550000,0.68719626,0.68719626,0.68719626
1691690551000,0.68719701,0.68719701,0.68719701
1691690552000,0.68718627,0.68718627,0.68718627
1691690553000,0.68706046,0.68706046,0.68706046
1691690554000,0.68706046,0.68706046,0.68706046
1691690555000,0.68706046,0.68706046,0.68706046
1691690556000,0.68705213,0.68705213,0.68705213
1691690557000,0.68704693,0.68704693,0.68704693
1691690558000,0.6870469,0.6870469,0.6870469
1691690559000,0.68704693,0.68704693,0.68704693
1691690560000,0.68702082,0.68702082,0.68702082
1691690561000,0.68702085,0.68702085,0.68702085
1691690562000,0.68701857,0.68701857,0.68701857
1691690563000,0.68701629,0.68701629,0.68701629
1691690564000,0.68701451,0.68701451,0.68701451
1691690565000,0.68701448,0.68701448,0.68701448
1691690566000,0.68701448,0.68701448,0.68701448
1691690567000,0.68701448,0.68701448,0.68701448
1691690568000,0.68701278,0.68701278,0.68701278
1691690569000,0.68701278,0.68701278,0.68701278
1691690570000,0.68701275,0.68701275,0.68701275
1691690571000,0.68701201,0.68701201,0.68701201
1691690572000,0.68701201,0.68701201,0.68701201
1691690573000,0.68701337,0.68701337,0.68701337
1691690574000,0.68701108,0.68701108,0.68701108
1691690575000,0.68701108,0.68701108,0.68701108
1691690576000,0.68701108,0.68701108,0.68701108
1691690577000,0.68701108,0.68701108,0.68701108
1691690578000,0.68700977,0.68700977,0.68700977
1691690579000,0.68700906,0.68700906,0.68700906
1691690580000,0.68700605,0.68700605,0.68700605
1691690581000,0.68700602,0.68700602,0.68700602
1691690582000,0.68700605,0.68700605,0.68700605
1691690583000,0.68700572,0.68700572,0.68700572
1691690584000,0.68700572,0.68700572,0.68700572
1691690585000,0.68695758,0.68695758,0.68695758
1691690586000,0.68695758,0.68695758,0.68695758
1691690587000,0.68695758,0.68695758,0.68695758
1691690588000,0.68694049,0.68694049,0.68694049
1691690589000,0.68694049,0.68694049,0.68694049
1691690590000,0.68687288,0.68687288,0.68687288
1691690591000,0.68686677,0.68686677,0.68686677
1691690592000,0.68686677,0.68686677,0.68686677
1691690593000,0.68682109,0.68682109,0.68682109
1691690594000,0.68675867,0.68675867,0.68675867
1691690595000,0.68674634,0.68674634,0.68674634
1691690596000,0.68673504,0.68673504,0.68673504
1691690597000,0.68669156,0.68669156,0.68669156
1691690598000,0.68673348,0.68673348,0.68673348
1691690599000,0.68673273,0.68673273,0.68673273
1691690600000,0.6867327,0.6867327,0.6867327
1691690601000,0.68672816,0.68672816,0.68672816
1691690602000,0.68672385,0.68672385,0.68672385
1691690603000,0.68672639,0.68672639,0.68672639
1691690604000,0.68672639,0.68672639,0.68672639
1691690605000,0.68672639,0.68672639,0.68672639
1691690606000,0.68676987,0.68676987,0.68676987
1691690607000,0.68676415,0.68676415,0.68676415
1691690608000,0.68676415,0.68676415,0.68676415
1691690609000,0.68676428,0.68676428,0.68676428
1691690610000,0.68676505,0.68676505,0.68676505
1691690611000,0.68676502,0.68676502,0.68676502
1691690612000,0.68676502,0.68676502,0.68676502
1691690613000,0.68671657,0.68671657,0.68671657
1691690614000,0.68676469,0.68676469,0.68676469
1691690615000,0.68676466,0.68676466,0.68676466
1691690616000,0.68676469,0.68676469,0.68676469
1691690617000,0.68676466,0.68676466,0.68676466
1691690618000,0.68676132,0.68676132,0.68676132
1691690619000,0.6868,0.6868,0.6868
1691690620000,0.68679363,0.68679363,0.68679363
1691690621000,0.6867936,0.6867936,0.6867936
1691690622000,0.68683708,0.68683708,0.68683708
1691690623000,0.68683708,0.68683708,0.68683708
1691690624000,0.68683079,0.68683079,0.68683079
1691690625000,0.68683079,0.68683079,0.68683079
1691690626000,0.68683082,0.68683082,0.68683082
1691690627000,0.68683079,0.68683079,0.68683079
1691690628000,0.68683079,0.68683079,0.68683079
1691690629000,0.68640367,0.68640367,0.68640367
1691690630000,0.6864037,0.6864037,0.6864037
1691690631000,0.6865,0.6865,0.6865
1691690632000,0.68653983,0.68653983,0.68653983
1691690633000,0.68654629,0.68654629,0.68654629
1691690634000,0.68660105,0.68660105,0.68660105
1691690635000,0.68659892,0.68659892,0.68659892
1691690636000,0.68659892,0.68659892,0.68659892
1691690637000,0.68659892,0.68659892,0.68659892
1691690638000,0.68659892,0.68659892,0.68659892
1691690639000,0.68664817,0.68664817,0.68664817
1691690640000,0.6867,0.6867,0.6867
1691690641000,0.6867,0.6867,0.6867
1691690642000,0.6867,0.6867,0.6867
1691690643000,0.6868,0.6868,0.6868
1691690644000,0.6868,0.6868,0.6868
1691690645000,0.6868,0.6868,0.6868
1691690646000,0.6868,0.6868,0.6868
1691690647000,0.6868,0.6868,0.6868
1691690648000,0.6868,0.6868,0.6868
1691690649000,0.6868,0.6868,0.6868
1691690650000,0.6868,0.6868,0.6868
1691690651000,0.6869,0.6869,0.6869
1691690652000,0.6869,0.6869,0.6869
1691690653000,0.6868,0.6868,0.6868
1691690654000,0.6867,0.6867,0.6867
1691690655000,0.68665986,0.68665986,0.68665986
1691690656000,0.68671778,0.68671778,0.68671778
1691690657000,0.6867137,0.6867137,0.6867137
1691690658000,0.6867137,0.6867137,0.6867137
1691690659000,0.68670339,0.68670339,0.68670339
1691690660000,0.68670339,0.68670339,0.68670339
1691690661000,0.6867041,0.6867041,0.6867041
1691690662000,0.68672945,0.68672945,0.68672945
1691690663000,0.6867214,0.6867214,0.6867214
1691690664000,0.68672143,0.68672143,0.68672143
1691690665000,0.68667792,0.68667792,0.68667792
1691690666000,0.68667792,0.68667792,0.68667792
1691690667000,0.68667789,0.68667789,0.68667789
1691690668000,0.68667479,0.68667479,0.68667479
1691690669000,0.68663134,0.68663134,0.68663134
1691690670000,0.68663134,0.68663134,0.68663134
1691690671000,0.68667244,0.68667244,0.68667244
1691690672000,0.68667244,0.68667244,0.68667244
1691690673000,0.68666982,0.68666982,0.68666982
1691690674000,0.68662144,0.68662144,0.68662144
1691690675000,0.68662144,0.68662144,0.68662144
1691690676000,0.68662032,0.68662032,0.68662032
1691690677000,0.68662032,0.68662032,0.68662032
1691690678000,0.68659502,0.68659502,0.68659502
1691690679000,0.68658936,0.68658936,0.68658936
1691690680000,0.6865,0.6865,0.6865
1691690681000,0.68644588,0.68644588,0.68644588
1691690682000,0.68644588,0.68644588,0.68644588
1691690683000,0.68644588,0.68644588,0.68644588
1691690684000,0.68644259,0.68644259,0.68644259
1691690685000,0.68643849,0.68643849,0.68643849
1691690686000,0.68643816,0.68643816,0.68643816
1691690687000,0.68643779,0.68643779,0.68643779
1691690688000,0.68643405,0.68643405,0.68643405
1691690689000,0.68643405,0.68643405,0.68643405
1691690690000,0.68642735,0.68642735,0.68642735
1691690691000,0.68641427,0.68641427,0.68641427
1691690692000,0.6864143,0.6864143,0.6864143
1691690693000,0.6864143,0.6864143,0.6864143
1691690694000,0.6864143,0.6864143,0.6864143
1691690695000,0.68654548,0.68654548,0.68654548
1691690696000,0.68653553,0.68653553,0.68653553
1691690697000,0.6865355,0.6865355,0.6865355
1691690698000,0.68653553,0.68653553,0.68653553
1691690699000,0.68653553,0.68653553,0.68653553
1691690700000,0.68653476,0.68653476,0.68653476
1691690701000,0.6865,0.6865,0.6865
1691690702000,0.6865,0.6865,0.6865
1691690703000,0.68647044,0.68647044,0.68647044
1691690704000,0.68647044,0.68647044,0.68647044
1691690705000,0.6865,0.6865,0.6865
1691690706000,0.6865,0.6865,0.6865
1691690707000,0.6865,0.6865,0.6865
1691690708000,0.6865,0.6865,0.6865
1691690709000,0.6866,0.6866,0.6866
1691690710000,0.6867,0.6867,0.6867
1691690711000,0.6868,0.6868,0.6868
1691690712000,0.6868,0.6868,0.6868
1691690713000,0.6869,0.6869,0.6869
1691690714000,0.6869,0.6869,0.6869
1691690715000,0.6869,0.6869,0.6869
1691690716000,0.6869,0.6869,0.6869
1691690717000,0.6868,0.6868,0.6868
1691690718000,0.6867,0.6867,0.6867
1691690719000,0.6867,0.6867,0.6867
1691690720000,0.6867,0.6867,0.6867
1691690721000,0.6868,0.6868,0.6868
1691690722000,0.6869,0.6869,0.6869
1691690723000,0.68703919,0.68703919,0.68703919
1691690724000,0.687,0.687,0.687
1691690725000,0.687,0.687,0.687
1691690726000,0.6871,0.6871,0.6871
1691690727000,0.687,0.687,0.687
1691690728000,0.687,0.687,0.687
1691690729000,0.687,0.687,0.687
1691690730000,0.6869,0.6869,0.6869
1691690731000,0.6869,0.6869,0.6869
1691690732000,0.6869,0.6869,0.6869
1691690733000,0.687,0.687,0.687
1691690734000,0.687,0.687,0.687
1691690735000,0.6871,0.6871,0.6871
1691690736000,0.6871,0.6871,0.6871
1691690737000,0.6872,0.6872,0.6872
1691690738000,0.6872,0.6872,0.6872
1691690739000,0.6871,0.6871,0.6871
1691690740000,0.6871,0.6871,0.6871
1691690741000,0.6871,0.6871,0.6871
1691690742000,0.6872,0.6872,0.6872
1691690743000,0.6872,0.6872,0.6872
1691690744000,0.6872,0.6872,0.6872
1691690745000,0.6872,0.6872,0.6872
1691690746000,0.6872,0.6872,0.6872
1691690747000,0.6872,0.6872,0.6872
1691690748000,0.6872,0.6872,0.6872
1691690749000,0.6872,0.6872,0.6872
1691690750000,0.687,0.687,0.687
1691690751000,0.687,0.687,0.687
1691690752000,0.687,0.687,0.687
1691690753000,0.687,0.687,0.687
1691690754000,0.687,0.687,0.687
1691690755000,0.687,0.687,0.687
1691690756000,0.687,0.687,0.687
1691690757000,0.687,0.687,0.687
1691690758000,0.6871,0.6871,0.6871
1691690759000,0.6871,0.6871,0.6871
1691690760000,0.687,0.687,0.687
1691690761000,0.687,0.687,0.687
1691690762000,0.687,0.687,0.687
1691690763000,0.687,0.687,0.687
1691690764000,0.687,0.687,0.687
1691690765000,0.6871,0.6871,0.6871
1691690766000,0.687,0.687,0.687
1691690767000,0.6871,0.6871,0.6871
1691690768000,0.6871,0.6871,0.6871
1691690769000,0.6871,0.6871,0.6871
1691690770000,0.6872,0.6872,0.6872
1691690771000,0.6872,0.6872,0.6872
1691690772000,0.6872,0.6872,0.6872
1691690773000,0.6873,0.6873,0.6873
1691690774000,0.68749256,0.68749256,0.68749256
1691690775000,0.68749256,0.68749256,0.68749256
1691690776000,0.68749334,0.68749334,0.68749334
1691690777000,0.68749256,0.68749256,0.68749256
1691690778000,0.68749255,0.68749255,0.68749255
1691690779000,0.6874933,0.6874933,0.6874933
1691690780000,0.6874933,0.6874933,0.6874933
1691690781000,0.68749332,0.68749332,0.68749332
1691690782000,0.68749329,0.68749329,0.68749329
1691690783000,0.68749332,0.68749332,0.68749332
1691690784000,0.68749332,0.68749332,0.68749332
1691690785000,0.68749254,0.68749254,0.68749254
1691690786000,0.68749253,0.68749253,0.68749253
1691690787000,0.68749116,0.68749116,0.68749116
1691690788000,0.6874,0.6874,0.6874
1691690789000,0.6875,0.6875,0.6875
1691690790000,0.6875,0.6875,0.6875
1691690791000,0.6875,0.6875,0.6875
1691690792000,0.6875,0.6875,0.6875
1691690793000,0.6875,0.6875,0.6875
1691690794000,0.6875,0.6875,0.6875
1691690795000,0.6875,0.6875,0.6875
1691690796000,0.6874,0.6874,0.6874
1691690797000,0.6874,0.6874,0.6874
1691690798000,0.6874,0.6874,0.6874
1691690799000,0.6873,0.6873,0.6873
1691690800000,0.6873,0.6873,0.6873
1691690801000,0.6872,0.6872,0.6872
1691690802000,0.6872,0.6872,0.6872
1691690803000,0.6872,0.6872,0.6872
1691690804000,0.6872,0.6872,0.6872
1691690805000,0.6872,0.6872,0.6872
1691690806000,0.6872,0.6872,0.6872
1691690807000,0.6873,0.6873,0.6873
1691690808000,0.6874,0.6874,0.6874
1691690809000,0.6874,0.6874,0.6874
1691690810000,0.6874,0.6874,0.6874
1691690811000,0.6874,0.6874,0.6874
1691690812000,0.6873,0.6873,0.6873
1691690813000,0.6873,0.6873,0.6873
1691690814000,0.6873,0.6873,0.6873
1691690815000,0.6873,0.6873,0.6873
1691690816000,0.6873,0.6873,0.6873
1691690817000,0.6873,0.6873,0.6873
1691690818000,0.6873,0.6873,0.6873
1691690819000,0.6873,0.6873,0.6873
1691690820000,0.6873,0.6873,0.6873
1691690821000,0.6873,0.6873,0.6873
1691690822000,0.6874,0.6874,0.6874
1691690823000,0.6874,0.6874,0.6874
1691690824000,0.6874,0.6874,0.6874
1691690825000,0.6875,0.6875,0.6875
1691690826000,0.68760323,0.68760323,0.68760323
1691690827000,0.6876,0.6876,0.6876
1691690828000,0.6876,0.6876,0.6876
1691690829000,0.6876,0.6876,0.6876
1691690830000,0.6876102,0.6876102,0.6876102
1691690831000,0.6876,0.6876,0.6876
1691690832000,0.6876,0.6876,0.6876
1691690833000,0.6876,0.6876,0.6876
1691690834000,0.6876,0.6876,0.6876
1691690835000,0.6876,0.6876,0.6876
1691690836000,0.6876,0.6876,0.6876
1691690837000,0.6876,0.6876,0.6876
1691690838000,0.6876,0.6876,0.6876
1691690839000,0.6876,0.6876,0.6876
1691690840000,0.6876,0.6876,0.6876
1691690841000,0.68762848,0.68762848,0.68762848
1691690842000,0.68762851,0.68762851,0.68762851
1691690843000,0.68762847,0.68762847,0.68762847
1691690844000,0.68762847,0.68762847,0.68762847
1691690845000,0.6875,0.6875,0.6875
1691690846000,0.6875,0.6875,0.6875
1691690847000,0.6875,0.6875,0.6875
1691690848000,0.68758537,0.68758537,0.68758537
1691690849000,0.68758478,0.68758478,0.68758478
1691690850000,0.68758553,0.68758553,0.68758553
1691690851000,0.68758552,0.68758552,0.68758552
1691690852000,0.6875,0.6875,0.6875
1691690853000,0.6875,0.6875,0.6875
1691690854000,0.6875,0.6875,0.6875
1691690855000,0.68758538,0.68758538,0.68758538
1691690856000,0.68758541,0.68758541,0.68758541
1691690857000,0.6876,0.6876,0.6876
1691690858000,0.6876,0.6876,0.6876
1691690859000,0.6876,0.6876,0.6876
1691690860000,0.6876,0.6876,0.6876
1691690861000,0.68763524,0.68763524,0.68763524
1691690862000,0.6875,0.6875,0.6875
1691690863000,0.6875,0.6875,0.6875
1691690864000,0.6876,0.6876,0.6876
1691690865000,0.6875,0.6875,0.6875
1691690866000,0.6876,0.6876,0.6876
1691690867000,0.6875,0.6875,0.6875
1691690868000,0.6875,0.6875,0.6875
1691690869000,0.6875,0.6875,0.6875
1691690870000,0.6875,0.6875,0.6875
1691690871000,0.6874,0.6874,0.6874
1691690872000,0.6874,0.6874,0.6874
1691690873000,0.68733034,0.68733034,0.68733034
1691690874000,0.68732382,0.68732382,0.68732382
1691690875000,0.68732382,0.68732382,0.68732382
1691690876000,0.68735698,0.68735698,0.68735698
1691690877000,0.68730477,0.68730477,0.68730477
1691690878000,0.68730767,0.68730767,0.68730767
1691690879000,0.68730767,0.68730767,0.68730767
1691690880000,0.68730131,0.68730131,0.68730131
1691690881000,0.68727519,0.68727519,0.68727519
1691690882000,0.68727522,0.68727522,0.68727522
1691690883000,0.6873,0.6873,0.6873
1691690884000,0.6873,0.6873,0.6873
1691690885000,0.6873,0.6873,0.6873
1691690886000,0.6873,0.6873,0.6873
1691690887000,0.6874,0.6874,0.6874
1691690888000,0.6873,0.6873,0.6873
1691690889000,0.6873,0.6873,0.6873
1691690890000,0.6873,0.6873,0.6873
1691690891000,0.6874,0.6874,0.6874
1691690892000,0.6874,0.6874,0.6874
1691690893000,0.6873,0.6873,0.6873
1691690894000,0.6874,0.6874,0.6874
1691690895000,0.6874,0.6874,0.6874
1691690896000,0.6874,0.6874,0.6874
1691690897000,0.6873,0.6873,0.6873
1691690898000,0.687142,0.687142,0.687142
1691690899000,0.68718622,0.68718622,0.68718622
1691690900000,0.68719242,0.68719242,0.68719242
1691690901000,0.687189,0.687189,0.687189
1691690902000,0.6872,0.6872,0.6872
1691690903000,0.68718825,0.68718825,0.68718825
1691690904000,0.68718825,0.68718825,0.68718825
1691690905000,0.68718825,0.68718825,0.68718825
1691690906000,0.68719371,0.68719371,0.68719371
1691690907000,0.68719371,0.68719371,0.68719371
1691690908000,0.68719446,0.68719446,0.68719446
1691690909000,0.6871,0.6871,0.6871
1691690910000,0.68702749,0.68702749,0.68702749
1691690911000,0.68702409,0.68702409,0.68702409
1691690912000,0.68702409,0.68702409,0.68702409
1691690913000,0.68705667,0.68705667,0.68705667
1691690914000,0.68700396,0.68700396,0.68700396
1691690915000,0.68700396,0.68700396,0.68700396
1691690916000,0.68700354,0.68700354,0.68700354
1691690917000,0.68700552,0.68700552,0.68700552
1691690918000,0.68700552,0.68700552,0.68700552
1691690919000,0.68700552,0.68700552,0.68700552
1691690920000,0.68700552,0.68700552,0.68700552
1691690921000,0.68700216,0.68700216,0.68700216
1691690922000,0.68700301,0.68700301,0.68700301
1691690923000,0.68700301,0.68700301,0.68700301
1691690924000,0.68700301,0.68700301,0.68700301
1691690925000,0.68700301,0.68700301,0.68700301
1691690926000,0.68704581,0.68704581,0.68704581
1691690927000,0.68704578,0.68704578,0.68704578
1691690928000,0.68705166,0.68705166,0.68705166
1691690929000,0.6871,0.6871,0.6871
1691690930000,0.6871,0.6871,0.6871
1691690931000,0.6872,0.6872,0.6872
1691690932000,0.6872,0.6872,0.6872
1691690933000,0.6872,0.6872,0.6872
1691690934000,0.68710583,0.68710583,0.68710583
1691690935000,0.68711354,0.68711354,0.68711354
1691690936000,0.68711354,0.68711354,0.68711354
1691690937000,0.6872,0.6872,0.6872
1691690938000,0.68711351,0.68711351,0.68711351
1691690939000,0.68716151,0.68716151,0.68716151
1691690940000,0.68716151,0.68716151,0.68716151
1691690941000,0.68716154,0.68716154,0.68716154
1691690942000,0.68716089,0.68716089,0.68716089
1691690943000,0.68716089,0.68716089,0.68716089
1691690944000,0.68716439,0.68716439,0.68716439
1691690945000,0.6871,0.6871,0.6871
1691690946000,0.68707981,0.68707981,0.68707981
1691690947000,0.68710372,0.68710372,0.68710372
1691690948000,0.68706021,0.68706021,0.68706021
1691690949000,0.6871,0.6871,0.6871
1691690950000,0.6871,0.6871,0.6871
1691690951000,0.6871,0.6871,0.6871
1691690952000,0.6871,0.6871,0.6871
1691690953000,0.6871,0.6871,0.6871
1691690954000,0.6871,0.6871,0.6871
1691690955000,0.6871,0.6871,0.6871
1691690956000,0.68709628,0.68709628,0.68709628
1691690957000,0.68709344,0.68709344,0.68709344
1691690958000,0.68709344,0.68709344,0.68709344
1691690959000,0.6871,0.6871,0.6871
1691690960000,0.68709344,0.68709344,0.68709344
1691690961000,0.68709695,0.68709695,0.68709695
1691690962000,0.68709698,0.68709698,0.68709698
1691690963000,0.6870962,0.6870962,0.6870962
1691690964000,0.6870962,0.6870962,0.6870962
1691690965000,0.68709623,0.68709623,0.68709623
1691690966000,0.68709623,0.68709623,0.68709623
1691690967000,0.68710036,0.68710036,0.68710036
1691690968000,0.68710036,0.68710036,0.68710036
1691690969000,0.68710036,0.68710036,0.68710036
1691690970000,0.6871011,0.6871011,0.6871011
1691690971000,0.6871011,0.6871011,0.6871011
1691690972000,0.68710529,0.68710529,0.68710529
1691690973000,0.68710526,0.68710526,0.68710526
1691690974000,0.68706178,0.68706178,0.68706178
1691690975000,0.68706178,0.68706178,0.68706178
1691690976000,0.68706178,0.68706178,0.68706178
1691690977000,0.6870629,0.6870629,0.6870629
1691690978000,0.68706937,0.68706937,0.68706937
1691690979000,0.68706934,0.68706934,0.68706934
1691690980000,0.68711173,0.68711173,0.68711173
1691690981000,0.68711173,0.68711173,0.68711173
1691690982000,0.6871096,0.6871096,0.6871096
1691690983000,0.68707143,0.68707143,0.68707143
1691690984000,0.68707143,0.68707143,0.68707143
1691690985000,0.68707143,0.68707143,0.68707143
1691690986000,0.6872,0.6872,0.6872
1691690987000,0.6871,0.6871,0.6871
1691690988000,0.6871149,0.6871149,0.6871149
1691690989000,0.68712664,0.68712664,0.68712664
1691690990000,0.68712664,0.68712664,0.68712664
1691690991000,0.68712736,0.68712736,0.68712736
1691690992000,0.68712736,0.68712736,0.68712736
1691690993000,0.68712736,0.68712736,0.68712736
1691690994000,0.68713352,0.68713352,0.68713352
1691690995000,0.68713352,0.68713352,0.68713352
1691690996000,0.68713352,0.68713352,0.68713352
1691690997000,0.68709004,0.68709004,0.68709004
1691690998000,0.68706973,0.68706973,0.68706973
1691690999000,0.68706973,0.68706973,0.68706973
1691691000000,0.68694605,0.68694605,0.68694605
1691691001000,0.68684962,0.68684962,0.68684962
1691691002000,0.68680617,0.68680617,0.68680617
1691691003000,0.68680617,0.68680617,0.68680617
1691691004000,0.68679828,0.68679828,0.68679828
1691691005000,0.68679788,0.68679788,0.68679788
1691691006000,0.6867957,0.6867957,0.6867957
1691691007000,0.68677036,0.68677036,0.68677036
1691691008000,0.68677036,0.68677036,0.68677036
1691691009000,0.68658632,0.68658632,0.68658632
1691691010000,0.68658632,0.68658632,0.68658632
1691691011000,0.68658687,0.68658687,0.68658687
1691691012000,0.68667383,0.68667383,0.68667383
1691691013000,0.68666578,0.68666578,0.68666578
1691691014000,0.68666578,0.68666578,0.68666578
1691691015000,0.68670277,0.68670277,0.68670277
1691691016000,0.68670474,0.68670474,0.68670474
1691691017000,0.68673006,0.68673006,0.68673006
1691691018000,0.6867308,0.6867308,0.6867308
1691691019000,0.6867309,0.6867309,0.6867309
1691691020000,0.6867309,0.6867309,0.6867309
1691691021000,0.6867309,0.6867309,0.6867309
1691691022000,0.68672259,0.68672259,0.68672259
1691691023000,0.68672259,0.68672259,0.68672259
1691691024000,0.68672246,0.68672246,0.68672246
1691691025000,0.68672243,0.68672243,0.68672243
1691691026000,0.68672243,0.68672243,0.68672243
1691691027000,0.68671803,0.68671803,0.68671803
1691691028000,0.68671803,0.68671803,0.68671803
1691691029000,0.68671803,0.68671803,0.68671803
1691691030000,0.6867174,0.6867174,0.6867174
1691691031000,0.6867174,0.6867174,0.6867174
1691691032000,0.68671737,0.68671737,0.68671737
1691691033000,0.68665551,0.68665551,0.68665551
1691691034000,0.68652808,0.68652808,0.68652808
1691691035000,0.6864846,0.6864846,0.6864846
1691691036000,0.6864846,0.6864846,0.6864846
1691691037000,0.68644362,0.68644362,0.68644362
1691691038000,0.68640449,0.68640449,0.68640449
1691691039000,0.6864,0.6864,0.6864
1691691040000,0.6864,0.6864,0.6864
1691691041000,0.68648138,0.68648138,0.68648138
1691691042000,0.68648138,0.68648138,0.68648138
1691691043000,0.68648141,0.68648141,0.68648141
1691691044000,0.6864794,0.6864794,0.6864794
1691691045000,0.68647862,0.68647862,0.68647862
1691691046000,0.6865221,0.6865221,0.6865221
1691691047000,0.6865221,0.6865221,0.6865221
1691691048000,0.6865221,0.6865221,0.6865221
1691691049000,0.68674624,0.68674624,0.68674624
1691691050000,0.68674197,0.68674197,0.68674197
1691691051000,0.68674473,0.68674473,0.68674473
1691691052000,0.68674708,0.68674708,0.68674708
1691691053000,0.68677981,0.68677981,0.68677981
1691691054000,0.6868,0.6868,0.6868
1691691055000,0.68679134,0.68679134,0.68679134
1691691056000,0.68681817,0.68681817,0.68681817
1691691057000,0.68681817,0.68681817,0.68681817
1691691058000,0.68680007,0.68680007,0.68680007
1691691059000,0.68680004,0.68680004,0.68680004
1691691060000,0.68680023,0.68680023,0.68680023
1691691061000,0.68679633,0.68679633,0.68679633
1691691062000,0.68679636,0.68679636,0.68679636
1691691063000,0.68679636,0.68679636,0.68679636
1691691064000,0.68679636,0.68679636,0.68679636
1691691065000,0.68677679,0.68677679,0.68677679
1691691066000,0.68671736,0.68671736,0.68671736
1691691067000,0.68662391,0.68662391,0.68662391
1691691068000,0.68647147,0.68647147,0.68647147
1691691069000,0.68645842,0.68645842,0.68645842
1691691070000,0.68645318,0.68645318,0.68645318
1691691071000,0.68645318,0.68645318,0.68645318
1691691072000,0.68640115,0.68640115,0.68640115
1691691073000,0.68640118,0.68640118,0.68640118
1691691074000,0.68640115,0.68640115,0.68640115
1691691075000,0.68643815,0.68643815,0.68643815
1691691076000,0.6864389,0.6864389,0.6864389
1691691077000,0.68642882,0.68642882,0.68642882
1691691078000,0.68642727,0.68642727,0.68642727
1691691079000,0.68632713,0.68632713,0.68632713
1691691080000,0.68632067,0.68632067,0.68632067
1691691081000,0.68632067,0.68632067,0.68632067
1691691082000,0.68632067,0.68632067,0.68632067
1691691083000,0.68618654,0.68618654,0.68618654
1691691084000,0.68617352,0.68617352,0.68617352
1691691085000,0.68621697,0.68621697,0.68621697
1691691086000,0.68621697,0.68621697,0.68621697
1691691087000,0.68617352,0.68617352,0.68617352
1691691088000,0.68616176,0.68616176,0.68616176
1691691089000,0.68620524,0.68620524,0.68620524
1691691090000,0.68617082,0.68617082,0.68617082
1691691091000,0.68616793,0.68616793,0.68616793
1691691092000,0.68612303,0.68612303,0.68612303
1691691093000,0.68603495,0.68603495,0.68603495
1691691094000,0.68602501,0.68602501,0.68602501
1691691095000,0.68601432,0.68601432,0.68601432
1691691096000,0.68601432,0.68601432,0.68601432
1691691097000,0.68601435,0.68601435,0.68601435
1691691098000,0.68601435,0.68601435,0.68601435
1691691099000,0.68600816,0.68600816,0.68600816
1691691100000,0.68600816,0.68600816,0.68600816
1691691101000,0.68599286,0.68599286,0.68599286
1691691102000,0.68599286,0.68599286,0.68599286
1691691103000,0.68598982,0.68598982,0.68598982
1691691104000,0.68599011,0.68599011,0.68599011
1691691105000,0.68598407,0.68598407,0.68598407
1691691106000,0.68596525,0.68596525,0.68596525
1691691107000,0.68596528,0.68596528,0.68596528
1691691108000,0.68596528,0.68596528,0.68596528
1691691109000,0.68583625,0.68583625,0.68583625
1691691110000,0.68582961,0.68582961,0.68582961
1691691111000,0.68582964,0.68582964,0.68582964
1691691112000,0.68582501,0.68582501,0.68582501
1691691113000,0.68582498,0.68582498,0.68582498
1691691114000,0.6858224,0.6858224,0.6858224
1691691115000,0.68586584,0.68586584,0.68586584
1691691116000,0.68585532,0.68585532,0.68585532
1691691117000,0.68585532,0.68585532,0.68585532
1691691118000,0.68585532,0.68585532,0.68585532
1691691119000,0.68585532,0.68585532,0.68585532
1691691120000,0.68585532,0.68585532,0.68585532
1691691121000,0.68589146,0.68589146,0.68589146
1691691122000,0.68589146,0.68589146,0.68589146
1691691123000,0.68589727,0.68589727,0.68589727
1691691124000,0.68589075,0.68589075,0.68589075
1691691125000,0.68589146,0.68589146,0.68589146
1691691126000,0.68584834,0.68584834,0.68584834
1691691127000,0.6858412,0.6858412,0.6858412
1691691128000,0.68584046,0.68584046,0.68584046
1691691129000,0.68588468,0.68588468,0.68588468
1691691130000,0.68588394,0.68588394,0.68588394
1691691131000,0.68588394,0.68588394,0.68588394
1691691132000,0.68588394,0.68588394,0.68588394
1691691133000,0.68587527,0.68587527,0.68587527
1691691134000,0.68587527,0.68587527,0.68587527
1691691135000,0.68587527,0.68587527,0.68587527
1691691136000,0.6859,0.6859,0.6859
1691691137000,0.6859,0.6859,0.6859
1691691138000,0.6859,0.6859,0.6859
1691691139000,0.6859,0.6859,0.6859
1691691140000,0.6859,0.6859,0.6859
1691691141000,0.6859,0.6859,0.6859
1691691142000,0.6859,0.6859,0.6859
1691691143000,0.686,0.686,0.686
1691691144000,0.6859,0.6859,0.6859
1691691145000,0.6859,0.6859,0.6859
1691691146000,0.68590167,0.68590167,0.68590167
1691691147000,0.68590167,0.68590167,0.68590167
1691691148000,0.68590167,0.68590167,0.68590167
1691691149000,0.6859,0.6859,0.6859
1691691150000,0.6859,0.6859,0.6859
1691691151000,0.68593511,0.68593511,0.68593511
1691691152000,0.68589074,0.68589074,0.68589074
1691691153000,0.68589074,0.68589074,0.68589074
1691691154000,0.68585239,0.68585239,0.68585239
1691691155000,0.68584524,0.68584524,0.68584524
1691691156000,0.6858322,0.6858322,0.6858322
1691691157000,0.68578947,0.68578947,0.68578947
1691691158000,0.68578295,0.68578295,0.68578295
1691691159000,0.6858,0.6858,0.6858
1691691160000,0.6858,0.6858,0.6858
1691691161000,0.6858,0.6858,0.6858
1691691162000,0.6858,0.6858,0.6858
1691691163000,0.6858,0.6858,0.6858
1691691164000,0.68582148,0.68582148,0.68582148
1691691165000,0.68582071,0.68582071,0.68582071
1691691166000,0.68581015,0.68581015,0.68581015
1691691167000,0.6858109,0.6858109,0.6858109
1691691168000,0.6858109,0.6858109,0.6858109
1691691169000,0.6858109,0.6858109,0.6858109
1691691170000,0.6858,0.6858,0.6858
1691691171000,0.6859,0.6859,0.6859
1691691172000,0.6859,0.6859,0.6859
1691691173000,0.6859,0.6859,0.6859
1691691174000,0.68584709,0.68584709,0.68584709
1691691175000,0.6859,0.6859,0.6859
1691691176000,0.6859,0.6859,0.6859
1691691177000,0.686,0.686,0.686
1691691178000,0.686,0.686,0.686
1691691179000,0.6861,0.6861,0.6861
1691691180000,0.6862,0.6862,0.6862
1691691181000,0.6861,0.6861,0.6861
1691691182000,0.6862,0.6862,0.6862
1691691183000,0.6861,0.6861,0.6861
1691691184000,0.6861,0.6861,0.6861
1691691185000,0.6862,0.6862,0.6862
1691691186000,0.6863,0.6863,0.6863
1691691187000,0.6862,0.6862,0.6862
1691691188000,0.6862,0.6862,0.6862
1691691189000,0.68611379,0.68611379,0.68611379
1691691190000,0.68611379,0.68611379,0.68611379
1691691191000,0.68611382,0.68611382,0.68611382
1691691192000,0.68611382,0.68611382,0.68611382
1691691193000,0.68611758,0.68611758,0.68611758
1691691194000,0.68611829,0.68611829,0.68611829
1691691195000,0.68611829,0.68611829,0.68611829
1691691196000,0.68611833,0.68611833,0.68611833
1691691197000,0.68603134,0.68603134,0.68603134
1691691198000,0.68603786,0.68603786,0.68603786
1691691199000,0.68603214,0.68603214,0.68603214
1691691200000,0.68607562,0.68607562,0.68607562
1691691201000,0.68607562,0.68607562,0.68607562
1691691202000,0.68607562,0.68607562,0.68607562
1691691203000,0.68607487,0.68607487,0.68607487
1691691204000,0.68607133,0.68607133,0.68607133
1691691205000,0.68607133,0.68607133,0.68607133
1691691206000,0.68607136,0.68607136,0.68607136
1691691207000,0.68607136,0.68607136,0.68607136
1691691208000,0.68602788,0.68602788,0.68602788
1691691209000,0.68602788,0.68602788,0.68602788
1691691210000,0.68606776,0.68606776,0.68606776
1691691211000,0.68606776,0.68606776,0.68606776
1691691212000,0.68606959,0.68606959,0.68606959
1691691213000,0.68606956,0.68606956,0.68606956
1691691214000,0.68606882,0.68606882,0.68606882
1691691215000,0.6861,0.6861,0.6861
1691691216000,0.6861,0.6861,0.6861
1691691217000,0.6861,0.6861,0.6861
1691691218000,0.68606816,0.68606816,0.68606816
1691691219000,0.68606742,0.68606742,0.68606742
1691691220000,0.68606742,0.68606742,0.68606742
1691691221000,0.68606642,0.68606642,0.68606642
1691691222000,0.6861,0.6861,0.6861
1691691223000,0.6861,0.6861,0.6861
1691691224000,0.6861,0.6861,0.6861
1691691225000,0.68606642,0.68606642,0.68606642
1691691226000,0.68606567,0.68606567,0.68606567
1691691227000,0.68606185,0.68606185,0.68606185
1691691228000,0.68606185,0.68606185,0.68606185
1691691229000,0.6861,0.6861,0.6861
1691691230000,0.6861,0.6861,0.6861
1691691231000,0.6861,0.6861,0.6861
1691691232000,0.6862,0.6862,0.6862
1691691233000,0.6862,0.6862,0.6862
1691691234000,0.6862,0.6862,0.6862
1691691235000,0.6862,0.6862,0.6862
1691691236000,0.6863,0.6863,0.6863
1691691237000,0.6863,0.6863,0.6863
1691691238000,0.6863,0.6863,0.6863
1691691239000,0.6862,0.6862,0.6862
1691691240000,0.6863,0.6863,0.6863
1691691241000,0.6865,0.6865,0.6865
1691691242000,0.6864,0.6864,0.6864
1691691243000,0.6864,0.6864,0.6864
1691691244000,0.6864,0.6864,0.6864
1691691245000,0.6864,0.6864,0.6864
1691691246000,0.6864,0.6864,0.6864
1691691247000,0.6864,0.6864,0.6864
1691691248000,0.6864,0.6864,0.6864
1691691249000,0.6864,0.6864,0.6864
1691691250000,0.6865,0.6865,0.6865
1691691251000,0.6869,0.6869,0.6869
1691691252000,0.687,0.687,0.687
1691691253000,0.687,0.687,0.687
1691691254000,0.6871,0.6871,0.6871
1691691255000,0.687,0.687,0.687
1691691256000,0.687,0.687,0.687
1691691257000,0.687,0.687,0.687
1691691258000,0.687,0.687,0.687
1691691259000,0.687,0.687,0.687
1691691260000,0.687,0.687,0.687
1691691261000,0.687,0.687,0.687
1691691262000,0.687,0.687,0.687
1691691263000,0.6868,0.6868,0.6868
1691691264000,0.6867,0.6867,0.6867
1691691265000,0.6867,0.6867,0.6867
1691691266000,0.68667605,0.68667605,0.68667605
1691691267000,0.6866,0.6866,0.6866
1691691268000,0.6866,0.6866,0.6866
1691691269000,0.6866,0.6866,0.6866
1691691270000,0.6866,0.6866,0.6866
1691691271000,0.68656172,0.68656172,0.68656172
1691691272000,0.6866,0.6866,0.6866
1691691273000,0.68663417,0.68663417,0.68663417
1691691274000,0.68663417,0.68663417,0.68663417
1691691275000,0.68663417,0.68663417,0.68663417
1691691276000,0.6866303,0.6866303,0.6866303
1691691277000,0.6866303,0.6866303,0.6866303
1691691278000,0.6866303,0.6866303,0.6866303
1691691279000,0.6866303,0.6866303,0.6866303
1691691280000,0.6866303,0.6866303,0.6866303
1691691281000,0.68662717,0.68662717,0.68662717
1691691282000,0.68653701,0.68653701,0.68653701
1691691283000,0.68653701,0.68653701,0.68653701
1691691284000,0.68658049,0.68658049,0.68658049
1691691285000,0.68658052,0.68658052,0.68658052
1691691286000,0.68658052,0.68658052,0.68658052
1691691287000,0.68657696,0.68657696,0.68657696
1691691288000,0.6866,0.6866,0.6866
1691691289000,0.6866,0.6866,0.6866
1691691290000,0.6866,0.6866,0.6866
1691691291000,0.6866,0.6866,0.6866
1691691292000,0.68658666,0.68658666,0.68658666
1691691293000,0.68658535,0.68658535,0.68658535
1691691294000,0.6866,0.6866,0.6866
1691691295000,0.68658538,0.68658538,0.68658538
1691691296000,0.6866,0.6866,0.6866
1691691297000,0.6866,0.6866,0.6866
1691691298000,0.68657905,0.68657905,0.68657905
1691691299000,0.6866,0.6866,0.6866
1691691300000,0.6866,0.6866,0.6866
1691691301000,0.68657909,0.68657909,0.68657909
1691691302000,0.68657909,0.68657909,0.68657909
1691691303000,0.68657909,0.68657909,0.68657909
1691691304000,0.68653136,0.68653136,0.68653136
1691691305000,0.68653132,0.68653132,0.68653132
1691691306000,0.68652353,0.68652353,0.68652353
1691691307000,0.68651978,0.68651978,0.68651978
1691691308000,0.6865206,0.6865206,0.6865206
1691691309000,0.68651962,0.68651962,0.68651962
1691691310000,0.68651962,0.68651962,0.68651962
1691691311000,0.6865,0.6865,0.6865
1691691312000,0.68647545,0.68647545,0.68647545
1691691313000,0.6865,0.6865,0.6865
1691691314000,0.6865,0.6865,0.6865
1691691315000,0.6865,0.6865,0.6865
1691691316000,0.6865,0.6865,0.6865
1691691317000,0.6865,0.6865,0.6865
1691691318000,0.6865,0.6865,0.6865
1691691319000,0.68647177,0.68647177,0.68647177
1691691320000,0.6865,0.6865,0.6865
1691691321000,0.6865,0.6865,0.6865
1691691322000,0.68652187,0.68652187,0.68652187
1691691323000,0.68649933,0.68649933,0.68649933
1691691324000,0.68650019,0.68650019,0.68650019
1691691325000,0.68650022,0.68650022,0.68650022
1691691326000,0.6865016,0.6865016,0.6865016
1691691327000,0.68650157,0.68650157,0.68650157
1691691328000,0.6865016,0.6865016,0.6865016
1691691329000,0.6865016,0.6865016,0.6865016
1691691330000,0.6866,0.6866,0.6866
1691691331000,0.6866,0.6866,0.6866
1691691332000,0.6865,0.6865,0.6865
1691691333000,0.6867,0.6867,0.6867
1691691334000,0.6867,0.6867,0.6867
1691691335000,0.6867,0.6867,0.6867
1691691336000,0.6866,0.6866,0.6866
1691691337000,0.6866,0.6866,0.6866
1691691338000,0.68652436,0.68652436,0.68652436
1691691339000,0.68652436,0.68652436,0.68652436
1691691340000,0.68652436,0.68652436,0.68652436
1691691341000,0.68652432,0.68652432,0.68652432
1691691342000,0.68652432,0.68652432,0.68652432
1691691343000,0.6865,0.6865,0.6865
1691691344000,0.6865,0.6865,0.6865
1691691345000,0.68647724,0.68647724,0.68647724
1691691346000,0.68645388,0.68645388,0.68645388
1691691347000,0.68645477,0.68645477,0.68645477
1691691348000,0.68645193,0.68645193,0.68645193
1691691349000,0.68645104,0.68645104,0.68645104
1691691350000,0.68645193,0.68645193,0.68645193
1691691351000,0.68645104,0.68645104,0.68645104
1691691352000,0.68645104,0.68645104,0.68645104
1691691353000,0.68644922,0.68644922,0.68644922
1691691354000,0.68644587,0.68644587,0.68644587
1691691355000,0.68644587,0.68644587,0.68644587
1691691356000,0.6865,0.6865,0.6865
1691691357000,0.6865,0.6865,0.6865
1691691358000,0.6865,0.6865,0.6865
1691691359000,0.6865,0.6865,0.6865
1691691360000,0.6865,0.6865,0.6865
1691691361000,0.6865,0.6865,0.6865
1691691362000,0.6865,0.6865,0.6865
1691691363000,0.6865,0.6865,0.6865
1691691364000,0.6864249,0.6864249,0.6864249
1691691365000,0.68644276,0.68644276,0.68644276
1691691366000,0.68644276,0.68644276,0.68644276
1691691367000,0.68644116,0.68644116,0.68644116
1691691368000,0.68644116,0.68644116,0.68644116
1691691369000,0.68643905,0.68643905,0.68643905
1691691370000,0.68644062,0.68644062,0.68644062
1691691371000,0.6865,0.6865,0.6865
1691691372000,0.6864,0.6864,0.6864
1691691373000,0.6864,0.6864,0.6864
1691691374000,0.6864,0.6864,0.6864
1691691375000,0.6864,0.6864,0.6864
1691691376000,0.6864,0.6864,0.6864
1691691377000,0.6864,0.6864,0.6864
1691691378000,0.6864,0.6864,0.6864
1691691379000,0.6865,0.6865,0.6865
1691691380000,0.6865,0.6865,0.6865
1691691381000,0.6865,0.6865,0.6865
1691691382000,0.6864,0.6864,0.6864
1691691383000,0.6865,0.6865,0.6865
1691691384000,0.6864,0.6864,0.6864
1691691385000,0.6864,0.6864,0.6864
1691691386000,0.6864,0.6864,0.6864
1691691387000,0.68640497,0.68640497,0.68640497
1691691388000,0.686405,0.686405,0.686405
1691691389000,0.6865,0.6865,0.6865
1691691390000,0.6865,0.6865,0.6865
1691691391000,0.6865,0.6865,0.6865
1691691392000,0.6865,0.6865,0.6865
1691691393000,0.6865,0.6865,0.6865
1691691394000,0.6864074,0.6864074,0.6864074
1691691395000,0.6864074,0.6864074,0.6864074
1691691396000,0.6864074,0.6864074,0.6864074
1691691397000,0.6864074,0.6864074,0.6864074
1691691398000,0.68645878,0.68645878,0.68645878
1691691399000,0.68645878,0.68645878,0.68645878
1691691400000,0.68635142,0.68635142,0.68635142
1691691401000,0.68630142,0.68630142,0.68630142
1691691402000,0.68630142,0.68630142,0.68630142
1691691403000,0.6863,0.6863,0.6863
1691691404000,0.68621963,0.68621963,0.68621963
1691691405000,0.68621963,0.68621963,0.68621963
1691691406000,0.68621963,0.68621963,0.68621963
1691691407000,0.68621963,0.68621963,0.68621963
1691691408000,0.68616813,0.68616813,0.68616813
1691691409000,0.6861709,0.6861709,0.6861709
1691691410000,0.6861709,0.6861709,0.6861709
1691691411000,0.6861709,0.6861709,0.6861709
1691691412000,0.6861709,0.6861709,0.6861709
1691691413000,0.68615852,0.68615852,0.68615852
1691691414000,0.68614037,0.68614037,0.68614037
1691691415000,0.68614037,0.68614037,0.68614037
1691691416000,0.68614037,0.68614037,0.68614037
1691691417000,0.68614041,0.68614041,0.68614041
1691691418000,0.68614041,0.68614041,0.68614041
1691691419000,0.68614037,0.68614037,0.68614037
1691691420000,0.68613937,0.68613937,0.68613937
1691691421000,0.68608937,0.68608937,0.68608937
1691691422000,0.6860894,0.6860894,0.6860894
1691691423000,0.6861,0.6861,0.6861
1691691424000,0.6861,0.6861,0.6861
1691691425000,0.6861,0.6861,0.6861
1691691426000,0.6863,0.6863,0.6863
1691691427000,0.6863,0.6863,0.6863
1691691428000,0.6863,0.6863,0.6863
1691691429000,0.6863,0.6863,0.6863
1691691430000,0.6862,0.6862,0.6862
1691691431000,0.6862,0.6862,0.6862
1691691432000,0.6862,0.6862,0.6862
1691691433000,0.68622817,0.68622817,0.68622817
1691691434000,0.68622903,0.68622903,0.68622903
1691691435000,0.68622903,0.68622903,0.68622903
1691691436000,0.68635082,0.68635082,0.68635082
1691691437000,0.6864,0.6864,0.6864
1691691438000,0.6864,0.6864,0.6864
1691691439000,0.6864,0.6864,0.6864
1691691440000,0.6864,0.6864,0.6864
1691691441000,0.68636593,0.68636593,0.68636593
1691691442000,0.6864,0.6864,0.6864
1691691443000,0.6864,0.6864,0.6864
1691691444000,0.6864,0.6864,0.6864
1691691445000,0.6864,0.6864,0.6864
1691691446000,0.6864,0.6864,0.6864
1691691447000,0.68636614,0.68636614,0.68636614
1691691448000,0.68636381,0.68636381,0.68636381
1691691449000,0.68636506,0.68636506,0.68636506
1691691450000,0.6864,0.6864,0.6864
1691691451000,0.6864,0.6864,0.6864
1691691452000,0.68642962,0.68642962,0.68642962
1691691453000,0.6864319,0.6864319,0.6864319
1691691454000,0.6864319,0.6864319,0.6864319
1691691455000,0.6864319,0.6864319,0.6864319
1691691456000,0.6865,0.6865,0.6865
1691691457000,0.6865,0.6865,0.6865
1691691458000,0.6865,0.6865,0.6865
1691691459000,0.68643311,0.68643311,0.68643311
1691691460000,0.6865,0.6865,0.6865
1691691461000,0.6865,0.6865,0.6865
1691691462000,0.68643311,0.68643311,0.68643311
1691691463000,0.6865,0.6865,0.6865
1691691464000,0.6865,0.6865,0.6865
1691691465000,0.6865,0.6865,0.6865
1691691466000,0.6865,0.6865,0.6865
1691691467000,0.6864,0.6864,0.6864
1691691468000,0.6864,0.6864,0.6864
1691691469000,0.6864,0.6864,0.6864
1691691470000,0.6864,0.6864,0.6864
1691691471000,0.6864,0.6864,0.6864
1691691472000,0.6866,0.6866,0.6866
1691691473000,0.6866,0.6866,0.6866
1691691474000,0.6866,0.6866,0.6866
1691691475000,0.6867,0.6867,0.6867
1691691476000,0.6866,0.6866,0.6866
1691691477000,0.6866,0.6866,0.6866
1691691478000,0.6866,0.6866,0.6866
1691691479000,0.6866,0.6866,0.6866
1691691480000,0.6866,0.6866,0.6866
1691691481000,0.6866,0.6866,0.6866
1691691482000,0.6865,0.6865,0.6865
1691691483000,0.6865,0.6865,0.6865
1691691484000,0.6865,0.6865,0.6865
1691691485000,0.6865,0.6865,0.6865
1691691486000,0.6865,0.6865,0.6865
1691691487000,0.6865,0.6865,0.6865
1691691488000,0.6865,0.6865,0.6865
1691691489000,0.6865,0.6865,0.6865
1691691490000,0.6865,0.6865,0.6865
1691691491000,0.6865,0.6865,0.6865
1691691492000,0.6865,0.6865,0.6865
1691691493000,0.6866,0.6866,0.6866
1691691494000,0.6865,0.6865,0.6865
1691691495000,0.6865,0.6865,0.6865
1691691496000,0.6866,0.6866,0.6866
1691691497000,0.68644387,0.68644387,0.68644387
1691691498000,0.68644387,0.68644387,0.68644387
1691691499000,0.68644297,0.68644297,0.68644297
1691691500000,0.68648602,0.68648602,0.68648602
1691691501000,0.68648602,0.68648602,0.68648602
1691691502000,0.68632668,0.68632668,0.68632668
1691691503000,0.68628174,0.68628174,0.68628174
1691691504000,0.68628174,0.68628174,0.68628174
1691691505000,0.68627896,0.68627896,0.68627896
1691691506000,0.68627896,0.68627896,0.68627896
1691691507000,0.6863,0.6863,0.6863
1691691508000,0.68628077,0.68628077,0.68628077
1691691509000,0.6863,0.6863,0.6863
1691691510000,0.6862808,0.6862808,0.6862808
1691691511000,0.68628077,0.68628077,0.68628077
1691691512000,0.68628103,0.68628103,0.68628103
1691691513000,0.68628103,0.68628103,0.68628103
1691691514000,0.6862812,0.6862812,0.6862812
1691691515000,0.6863,0.6863,0.6863
1691691516000,0.6863,0.6863,0.6863
1691691517000,0.6864,0.6864,0.6864
1691691518000,0.6864,0.6864,0.6864
1691691519000,0.6864,0.6864,0.6864
1691691520000,0.6864,0.6864,0.6864
1691691521000,0.6864,0.6864,0.6864
1691691522000,0.6864,0.6864,0.6864
1691691523000,0.6865,0.6865,0.6865
1691691524000,0.6865,0.6865,0.6865
1691691525000,0.6865,0.6865,0.6865
1691691526000,0.6865,0.6865,0.6865
1691691527000,0.6865,0.6865,0.6865
1691691528000,0.6865,0.6865,0.6865
1691691529000,0.6866,0.6866,0.6866
1691691530000,0.6866,0.6866,0.6866
1691691531000,0.6865,0.6865,0.6865
1691691532000,0.6866,0.6866,0.6866
1691691533000,0.6865,0.6865,0.6865
1691691534000,0.6865,0.6865,0.6865
1691691535000,0.6865,0.6865,0.6865
1691691536000,0.6865,0.6865,0.6865
1691691537000,0.6866,0.6866,0.6866
1691691538000,0.6865,0.6865,0.6865
1691691539000,0.6865,0.6865,0.6865
1691691540000,0.6865,0.6865,0.6865
1691691541000,0.6865,0.6865,0.6865
1691691542000,0.6866,0.6866,0.6866
1691691543000,0.6866,0.6866,0.6866
1691691544000,0.6865,0.6865,0.6865
1691691545000,0.6865,0.6865,0.6865
1691691546000,0.6865,0.6865,0.6865
1691691547000,0.6865,0.6865,0.6865
1691691548000,0.6865,0.6865,0.6865
1691691549000,0.6865,0.6865,0.6865
1691691550000,0.6865,0.6865,0.6865
1691691551000,0.6865,0.6865,0.6865
1691691552000,0.6865,0.6865,0.6865
1691691553000,0.6865,0.6865,0.6865
1691691554000,0.6865,0.6865,0.6865
1691691555000,0.6866,0.6866,0.6866
1691691556000,0.6866,0.6866,0.6866
1691691557000,0.6865,0.6865,0.6865
1691691558000,0.6865,0.6865,0.6865
1691691559000,0.6865,0.6865,0.6865
1691691560000,0.6865,0.6865,0.6865
1691691561000,0.6866,0.6866,0.6866
1691691562000,0.6868,0.6868,0.6868
1691691563000,0.6867,0.6867,0.6867
1691691564000,0.6866,0.6866,0.6866
1691691565000,0.6866,0.6866,0.6866
1691691566000,0.6867,0.6867,0.6867
1691691567000,0.6867,0.6867,0.6867
1691691568000,0.6867,0.6867,0.6867
1691691569000,0.6866,0.6866,0.6866
1691691570000,0.6866,0.6866,0.6866
1691691571000,0.6866,0.6866,0.6866
1691691572000,0.6866,0.6866,0.6866
1691691573000,0.6866,0.6866,0.6866
1691691574000,0.6866,0.6866,0.6866
1691691575000,0.6866,0.6866,0.6866
1691691576000,0.6866,0.6866,0.6866
1691691577000,0.6866,0.6866,0.6866
1691691578000,0.6866,0.6866,0.6866
1691691579000,0.6866,0.6866,0.6866
1691691580000,0.6866,0.6866,0.6866
1691691581000,0.6866,0.6866,0.6866
1691691582000,0.6866,0.6866,0.6866
1691691583000,0.6866,0.6866,0.6866
1691691584000,0.6869,0.6869,0.6869
1691691585000,0.6869,0.6869,0.6869
1691691586000,0.6869,0.6869,0.6869
1691691587000,0.687,0.687,0.687
1691691588000,0.687,0.687,0.687
1691691589000,0.687,0.687,0.687
1691691590000,0.6869,0.6869,0.6869
1691691591000,0.6869,0.6869,0.6869
1691691592000,0.6869,0.6869,0.6869
1691691593000,0.6869,0.6869,0.6869
1691691594000,0.687,0.687,0.687
1691691595000,0.6869,0.6869,0.6869
1691691596000,0.6869,0.6869,0.6869
1691691597000,0.6869,0.6869,0.6869
1691691598000,0.6869,0.6869,0.6869
1691691599000,0.6869,0.6869,0.6869
1691691600000,0.687,0.687,0.687
1691691601000,0.6869,0.6869,0.6869
1691691602000,0.687,0.687,0.687
1691691603000,0.6869,0.6869,0.6869
1691691604000,0.6869,0.6869,0.6869
1691691605000,0.6869,0.6869,0.6869
1691691606000,0.6869,0.6869,0.6869
1691691607000,0.6869,0.6869,0.6869
1691691608000,0.6868,0.6868,0.6868
1691691609000,0.6868,0.6868,0.6868
1691691610000,0.6868,0.6868,0.6868
1691691611000,0.6869,0.6869,0.6869
1691691612000,0.6869,0.6869,0.6869
1691691613000,0.6869,0.6869,0.6869
1691691614000,0.6869,0.6869,0.6869
1691691615000,0.6869,0.6869,0.6869
1691691616000,0.6869,0.6869,0.6869
1691691617000,0.6868,0.6868,0.6868
1691691618000,0.68674459,0.68674459,0.68674459
1691691619000,0.68674712,0.68674712,0.68674712
1691691620000,0.68674712,0.68674712,0.68674712
1691691621000,0.6868,0.6868,0.6868
1691691622000,0.6868,0.6868,0.6868
1691691623000,0.68674712,0.68674712,0.68674712
1691691624000,0.6867315,0.6867315,0.6867315
1691691625000,0.6867315,0.6867315,0.6867315
1691691626000,0.6867315,0.6867315,0.6867315
1691691627000,0.6867315,0.6867315,0.6867315
1691691628000,0.68673221,0.68673221,0.68673221
1691691629000,0.68673221,0.68673221,0.68673221
1691691630000,0.6868,0.6868,0.6868
1691691631000,0.6868,0.6868,0.6868
1691691632000,0.6869,0.6869,0.6869
1691691633000,0.6869,0.6869,0.6869
1691691634000,0.6869,0.6869,0.6869
1691691635000,0.6869,0.6869,0.6869
1691691636000,0.6868,0.6868,0.6868
1691691637000,0.6868,0.6868,0.6868
1691691638000,0.68678361,0.68678361,0.68678361
1691691639000,0.68672444,0.68672444,0.68672444
1691691640000,0.68672444,0.68672444,0.68672444
1691691641000,0.6867,0.6867,0.6867
1691691642000,0.6867,0.6867,0.6867
1691691643000,0.6868,0.6868,0.6868
1691691644000,0.6868,0.6868,0.6868
1691691645000,0.6868,0.6868,0.6868
1691691646000,0.6867,0.6867,0.6867
1691691647000,0.6867,0.6867,0.6867
1691691648000,0.6867,0.6867,0.6867
1691691649000,0.6868,0.6868,0.6868
1691691650000,0.6868,0.6868,0.6868
1691691651000,0.6867,0.6867,0.6867
1691691652000,0.68670172,0.68670172,0.68670172
1691691653000,0.6868,0.6868,0.6868
1691691654000,0.6868,0.6868,0.6868
1691691655000,0.6868,0.6868,0.6868
1691691656000,0.68670097,0.68670097,0.68670097
1691691657000,0.6867,0.6867,0.6867
1691691658000,0.6867,0.6867,0.6867
1691691659000,0.6867,0.6867,0.6867
1691691660000,0.6868,0.6868,0.6868
1691691661000,0.6867,0.6867,0.6867
1691691662000,0.6868,0.6868,0.6868
1691691663000,0.6867,0.6867,0.6867
1691691664000,0.6867,0.6867,0.6867
1691691665000,0.68667964,0.68667964,0.68667964
1691691666000,0.68667964,0.68667964,0.68667964
1691691667000,0.6867,0.6867,0.6867
1691691668000,0.68672308,0.68672308,0.68672308
1691691669000,0.68672446,0.68672446,0.68672446
1691691670000,0.6867252,0.6867252,0.6867252
1691691671000,0.6867252,0.6867252,0.6867252
1691691672000,0.68672517,0.68672517,0.68672517
1691691673000,0.6868,0.6868,0.6868
1691691674000,0.68672574,0.68672574,0.68672574
1691691675000,0.68672574,0.68672574,0.68672574
1691691676000,0.68672571,0.68672571,0.68672571
1691691677000,0.68672571,0.68672571,0.68672571
1691691678000,0.68672497,0.68672497,0.68672497
1691691679000,0.68672571,0.68672571,0.68672571
1691691680000,0.68672705,0.68672705,0.68672705
1691691681000,0.68672705,0.68672705,0.68672705
1691691682000,0.68672705,0.68672705,0.68672705
1691691683000,0.68672705,0.68672705,0.68672705
1691691684000,0.68673361,0.68673361,0.68673361
1691691685000,0.6868,0.6868,0.6868
1691691686000,0.6868,0.6868,0.6868
1691691687000,0.68673496,0.68673496,0.68673496
1691691688000,0.68673571,0.68673571,0.68673571
1691691689000,0.68673571,0.68673571,0.68673571
1691691690000,0.68673571,0.68673571,0.68673571
1691691691000,0.6868,0.6868,0.6868
1691691692000,0.6868,0.6868,0.6868
1691691693000,0.6868,0.6868,0.6868
1691691694000,0.6868,0.6868,0.6868
1691691695000,0.6868,0.6868,0.6868
1691691696000,0.6868,0.6868,0.6868
1691691697000,0.6867,0.6867,0.6867
1691691698000,0.6867,0.6867,0.6867
1691691699000,0.6867,0.6867,0.6867
1691691700000,0.6867,0.6867,0.6867
1691691701000,0.6867,0.6867,0.6867
1691691702000,0.68670141,0.68670141,0.68670141
1691691703000,0.68674486,0.68674486,0.68674486
1691691704000,0.6868,0.6868,0.6868
1691691705000,0.6868,0.6868,0.6868
1691691706000,0.6868,0.6868,0.6868
1691691707000,0.6868,0.6868,0.6868
1691691708000,0.6869,0.6869,0.6869
1691691709000,0.6869,0.6869,0.6869
1691691710000,0.6869,0.6869,0.6869
1691691711000,0.6869,0.6869,0.6869
1691691712000,0.6868,0.6868,0.6868
1691691713000,0.6868,0.6868,0.6868
1691691714000,0.6869,0.6869,0.6869
1691691715000,0.687,0.687,0.687
1691691716000,0.687,0.687,0.687
1691691717000,0.6869,0.6869,0.6869
1691691718000,0.6869,0.6869,0.6869
1691691719000,0.6869,0.6869,0.6869
1691691720000,0.687,0.687,0.687
1691691721000,0.6869,0.6869,0.6869
1691691722000,0.6869,0.6869,0.6869
1691691723000,0.687,0.687,0.687
1691691724000,0.687,0.687,0.687
1691691725000,0.6869,0.6869,0.6869
1691691726000,0.6869,0.6869,0.6869
1691691727000,0.6869,0.6869,0.6869
1691691728000,0.6868,0.6868,0.6868
1691691729000,0.6868,0.6868,0.6868
1691691730000,0.68680875,0.68680875,0.68680875
1691691731000,0.68681834,0.68681834,0.68681834
1691691732000,0.68686604,0.68686604,0.68686604
1691691733000,0.687,0.687,0.687
1691691734000,0.687,0.687,0.687
1691691735000,0.687,0.687,0.687
1691691736000,0.6869,0.6869,0.6869
1691691737000,0.6869,0.6869,0.6869
1691691738000,0.6869,0.6869,0.6869
1691691739000,0.6869,0.6869,0.6869
1691691740000,0.6869,0.6869,0.6869
1691691741000,0.68690373,0.68690373,0.68690373
1691691742000,0.68690373,0.68690373,0.68690373
1691691743000,0.68690298,0.68690298,0.68690298
1691691744000,0.687,0.687,0.687
1691691745000,0.687,0.687,0.687
1691691746000,0.687,0.687,0.687
1691691747000,0.6871,0.6871,0.6871
1691691748000,0.6871,0.6871,0.6871
1691691749000,0.687,0.687,0.687
1691691750000,0.68702452,0.68702452,0.68702452
1691691751000,0.6871,0.6871,0.6871
1691691752000,0.6871,0.6871,0.6871
1691691753000,0.68702798,0.68702798,0.68702798
1691691754000,0.68702798,0.68702798,0.68702798
1691691755000,0.68702798,0.68702798,0.68702798
1691691756000,0.68702798,0.68702798,0.68702798
1691691757000,0.68703049,0.68703049,0.68703049
1691691758000,0.68703049,0.68703049,0.68703049
1691691759000,0.68703046,0.68703046,0.68703046
1691691760000,0.68703049,0.68703049,0.68703049
1691691761000,0.68702394,0.68702394,0.68702394
1691691762000,0.68702394,0.68702394,0.68702394
1691691763000,0.68706992,0.68706992,0.68706992
1691691764000,0.68706992,0.68706992,0.68706992
1691691765000,0.6871,0.6871,0.6871
1691691766000,0.6871,0.6871,0.6871
1691691767000,0.6870738,0.6870738,0.6870738
1691691768000,0.68707494,0.68707494,0.68707494
1691691769000,0.68707494,0.68707494,0.68707494
1691691770000,0.6871,0.6871,0.6871
1691691771000,0.6871,0.6871,0.6871
1691691772000,0.6871,0.6871,0.6871
1691691773000,0.6871,0.6871,0.6871
1691691774000,0.6872,0.6872,0.6872
1691691775000,0.6872,0.6872,0.6872
1691691776000,0.6872,0.6872,0.6872
1691691777000,0.6871,0.6871,0.6871
1691691778000,0.6871,0.6871,0.6871
1691691779000,0.6871,0.6871,0.6871
1691691780000,0.6871,0.6871,0.6871
1691691781000,0.6871,0.6871,0.6871
1691691782000,0.6871,0.6871,0.6871
1691691783000,0.6872,0.6872,0.6872
1691691784000,0.6872,0.6872,0.6872
1691691785000,0.6872,0.6872,0.6872
1691691786000,0.6871,0.6871,0.6871
1691691787000,0.6871,0.6871,0.6871
1691691788000,0.6871,0.6871,0.6871
1691691789000,0.6871,0.6871,0.6871
1691691790000,0.6871,0.6871,0.6871
1691691791000,0.6871,0.6871,0.6871
1691691792000,0.68710374,0.68710374,0.68710374
1691691793000,0.68710448,0.68710448,0.68710448
1691691794000,0.68710868,0.68710868,0.68710868
1691691795000,0.6872,0.6872,0.6872
1691691796000,0.6873,0.6873,0.6873
1691691797000,0.68739134,0.68739134,0.68739134
1691691798000,0.68748843,0.68748843,0.68748843
1691691799000,0.68748973,0.68748973,0.68748973
1691691800000,0.68749646,0.68749646,0.68749646
1691691801000,0.68749645,0.68749645,0.68749645
1691691802000,0.6875,0.6875,0.6875
1691691803000,0.6875819,0.6875819,0.6875819
1691691804000,0.6875,0.6875,0.6875
1691691805000,0.6875,0.6875,0.6875
1691691806000,0.6874,0.6874,0.6874
1691691807000,0.6874,0.6874,0.6874
1691691808000,0.6874,0.6874,0.6874
1691691809000,0.6873429,0.6873429,0.6873429
1691691810000,0.68733286,0.68733286,0.68733286
1691691811000,0.68733286,0.68733286,0.68733286
1691691812000,0.68733455,0.68733455,0.68733455
1691691813000,0.68733458,0.68733458,0.68733458
1691691814000,0.68733053,0.68733053,0.68733053
1691691815000,0.6873305,0.6873305,0.6873305
1691691816000,0.68730516,0.68730516,0.68730516
1691691817000,0.68730516,0.68730516,0.68730516
1691691818000,0.68731077,0.68731077,0.68731077
1691691819000,0.68731006,0.68731006,0.68731006
1691691820000,0.68731006,0.68731006,0.68731006
1691691821000,0.68732962,0.68732962,0.68732962
1691691822000,0.68732962,0.68732962,0.68732962
1691691823000,0.68732873,0.68732873,0.68732873
1691691824000,0.68732873,0.68732873,0.68732873
1691691825000,0.68732873,0.68732873,0.68732873
1691691826000,0.68732873,0.68732873,0.68732873
1691691827000,0.68732873,0.68732873,0.68732873
1691691828000,0.6873258,0.6873258,0.6873258
1691691829000,0.68732122,0.68732122,0.68732122
1691691830000,0.68732122,0.68732122,0.68732122
1691691831000,0.68732122,0.68732122,0.68732122
1691691832000,0.68732122,0.68732122,0.68732122
1691691833000,0.68732122,0.68732122,0.68732122
1691691834000,0.68732515,0.68732515,0.68732515
1691691835000,0.68732515,0.68732515,0.68732515
1691691836000,0.68732441,0.68732441,0.68732441
1691691837000,0.68732441,0.68732441,0.68732441
1691691838000,0.6873,0.6873,0.6873
1691691839000,0.68728024,0.68728024,0.68728024
1691691840000,0.68727783,0.68727783,0.68727783
1691691841000,0.68727783,0.68727783,0.68727783
1691691842000,0.68723432,0.68723432,0.68723432
1691691843000,0.68723432,0.68723432,0.68723432
1691691844000,0.68723338,0.68723338,0.68723338
1691691845000,0.68723007,0.68723007,0.68723007
1691691846000,0.6872301,0.6872301,0.6872301
1691691847000,0.6872301,0.6872301,0.6872301
1691691848000,0.68723007,0.68723007,0.68723007
1691691849000,0.68723027,0.68723027,0.68723027
1691691850000,0.68723101,0.68723101,0.68723101
1691691851000,0.68723045,0.68723045,0.68723045
1691691852000,0.68723045,0.68723045,0.68723045
1691691853000,0.68723045,0.68723045,0.68723045
1691691854000,0.68723045,0.68723045,0.68723045
1691691855000,0.68723045,0.68723045,0.68723045
1691691856000,0.68722773,0.68722773,0.68722773
1691691857000,0.68722773,0.68722773,0.68722773
1691691858000,0.68718353,0.68718353,0.68718353
1691691859000,0.6872,0.6872,0.6872
1691691860000,0.68718428,0.68718428,0.68718428
1691691861000,0.68718425,0.68718425,0.68718425
1691691862000,0.68718267,0.68718267,0.68718267
1691691863000,0.6871963,0.6871963,0.6871963
1691691864000,0.68719626,0.68719626,0.68719626
1691691865000,0.6871893,0.6871893,0.6871893
1691691866000,0.68723926,0.68723926,0.68723926
1691691867000,0.68723551,0.68723551,0.68723551
1691691868000,0.68723471,0.68723471,0.68723471
1691691869000,0.68723596,0.68723596,0.68723596
1691691870000,0.68723596,0.68723596,0.68723596
1691691871000,0.68723596,0.68723596,0.68723596
1691691872000,0.68723596,0.68723596,0.68723596
1691691873000,0.68722093,0.68722093,0.68722093
1691691874000,0.68722093,0.68722093,0.68722093
1691691875000,0.68719093,0.68719093,0.68719093
1691691876000,0.68719093,0.68719093,0.68719093
1691691877000,0.68719089,0.68719089,0.68719089
1691691878000,0.68719757,0.68719757,0.68719757
1691691879000,0.68719653,0.68719653,0.68719653
1691691880000,0.6872,0.6872,0.6872
1691691881000,0.68714653,0.68714653,0.68714653
1691691882000,0.68714657,0.68714657,0.68714657
1691691883000,0.68714657,0.68714657,0.68714657
1691691884000,0.68714626,0.68714626,0.68714626
1691691885000,0.68714712,0.68714712,0.68714712
1691691886000,0.68709015,0.68709015,0.68709015
1691691887000,0.68709015,0.68709015,0.68709015
1691691888000,0.68709015,0.68709015,0.68709015
1691691889000,0.68709015,0.68709015,0.68709015
1691691890000,0.68708532,0.68708532,0.68708532
1691691891000,0.6870845,0.6870845,0.6870845
1691691892000,0.6870845,0.6870845,0.6870845
1691691893000,0.68707047,0.68707047,0.68707047
1691691894000,0.68707047,0.68707047,0.68707047
1691691895000,0.68701319,0.68701319,0.68701319
1691691896000,0.68701319,0.68701319,0.68701319
1691691897000,0.68701319,0.68701319,0.68701319
1691691898000,0.68701319,0.68701319,0.68701319
1691691899000,0.68699822,0.68699822,0.68699822
1691691900000,0.687,0.687,0.687
1691691901000,0.68697743,0.68697743,0.68697743
1691691902000,0.68697743,0.68697743,0.68697743
1691691903000,0.6870124,0.6870124,0.6870124
1691691904000,0.68701329,0.68701329,0.68701329
1691691905000,0.68701202,0.68701202,0.68701202
1691691906000,0.68701076,0.68701076,0.68701076
1691691907000,0.68701076,0.68701076,0.68701076
1691691908000,0.68701076,0.68701076,0.68701076
1691691909000,0.68701076,0.68701076,0.68701076
1691691910000,0.68701039,0.68701039,0.68701039
1691691911000,0.68701043,0.68701043,0.68701043
1691691912000,0.68700776,0.68700776,0.68700776
1691691913000,0.68700772,0.68700772,0.68700772
1691691914000,0.68700776,0.68700776,0.68700776
1691691915000,0.68705247,0.68705247,0.68705247
1691691916000,0.68705251,0.68705251,0.68705251
1691691917000,0.68704916,0.68704916,0.68704916
1691691918000,0.68704916,0.68704916,0.68704916
1691691919000,0.6870492,0.6870492,0.6870492
1691691920000,0.68704942,0.68704942,0.68704942
1691691921000,0.68704939,0.68704939,0.68704939
1691691922000,0.68704939,0.68704939,0.68704939
1691691923000,0.68703454,0.68703454,0.68703454
1691691924000,0.68703454,0.68703454,0.68703454
1691691925000,0.68702993,0.68702993,0.68702993
1691691926000,0.68702046,0.68702046,0.68702046
1691691927000,0.68702131,0.68702131,0.68702131
1691691928000,0.68701974,0.68701974,0.68701974
1691691929000,0.68701974,0.68701974,0.68701974
1691691930000,0.68701224,0.68701224,0.68701224
1691691931000,0.68696134,0.68696134,0.68696134
1691691932000,0.68696134,0.68696134,0.68696134
1691691933000,0.68683947,0.68683947,0.68683947
1691691934000,0.68683407,0.68683407,0.68683407
1691691935000,0.68683407,0.68683407,0.68683407
1691691936000,0.68683098,0.68683098,0.68683098
1691691937000,0.68683095,0.68683095,0.68683095
1691691938000,0.68683095,0.68683095,0.68683095
1691691939000,0.68682911,0.68682911,0.68682911
1691691940000,0.68682911,0.68682911,0.68682911
1691691941000,0.68682989,0.68682989,0.68682989
1691691942000,0.68682979,0.68682979,0.68682979
1691691943000,0.68682979,0.68682979,0.68682979
1691691944000,0.68682979,0.68682979,0.68682979
1691691945000,0.68682728,0.68682728,0.68682728
1691691946000,0.68682416,0.68682416,0.68682416
1691691947000,0.68682416,0.68682416,0.68682416
1691691948000,0.6868,0.6868,0.6868
1691691949000,0.6868,0.6868,0.6868
1691691950000,0.68677999,0.68677999,0.68677999
1691691951000,0.68677889,0.68677889,0.68677889
1691691952000,0.68677889,0.68677889,0.68677889
1691691953000,0.68677889,0.68677889,0.68677889
1691691954000,0.6868,0.6868,0.6868
1691691955000,0.6868,0.6868,0.6868
1691691956000,0.68677882,0.68677882,0.68677882
1691691957000,0.68675271,0.68675271,0.68675271
1691691958000,0.68675271,0.68675271,0.68675271
1691691959000,0.68675271,0.68675271,0.68675271
1691691960000,0.68675271,0.68675271,0.68675271
1691691961000,0.68675231,0.68675231,0.68675231
1691691962000,0.68674531,0.68674531,0.68674531
1691691963000,0.68674531,0.68674531,0.68674531
1691691964000,0.6868,0.6868,0.6868
1691691965000,0.6868,0.6868,0.6868
1691691966000,0.6868,0.6868,0.6868
1691691967000,0.6868,0.6868,0.6868
1691691968000,0.68674535,0.68674535,0.68674535
1691691969000,0.6868,0.6868,0.6868
1691691970000,0.6868,0.6868,0.6868
1691691971000,0.6868,0.6868,0.6868
1691691972000,0.6868,0.6868,0.6868
1691691973000,0.6868,0.6868,0.6868
1691691974000,0.6868,0.6868,0.6868
1691691975000,0.6868,0.6868,0.6868
1691691976000,0.6868,0.6868,0.6868
1691691977000,0.6868,0.6868,0.6868
1691691978000,0.6868,0.6868,0.6868
1691691979000,0.6868,0.6868,0.6868
1691691980000,0.6869,0.6869,0.6869
1691691981000,0.6869,0.6869,0.6869
1691691982000,0.6868,0.6868,0.6868
1691691983000,0.6868,0.6868,0.6868
1691691984000,0.6869,0.6869,0.6869
1691691985000,0.6869,0.6869,0.6869
1691691986000,0.6869,0.6869,0.6869
1691691987000,0.6869,0.6869,0.6869
1691691988000,0.6868,0.6868,0.6868
1691691989000,0.6868,0.6868,0.6868
1691691990000,0.6868,0.6868,0.6868
1691691991000,0.6869,0.6869,0.6869
1691691992000,0.6869,0.6869,0.6869
1691691993000,0.6868,0.6868,0.6868
1691691994000,0.6868,0.6868,0.6868
1691691995000,0.6868,0.6868,0.6868
1691691996000,0.6868,0.6868,0.6868
1691691997000,0.6869,0.6869,0.6869
1691691998000,0.6868,0.6868,0.6868
1691691999000,0.6868,0.6868,0.6868
1691692000000,0.6868,0.6868,0.6868
1691692001000,0.6868,0.6868,0.6868
1691692002000,0.6868,0.6868,0.6868
1691692003000,0.6868,0.6868,0.6868
1691692004000,0.6868,0.6868,0.6868
1691692005000,0.6868,0.6868,0.6868
1691692006000,0.6868,0.6868,0.6868
1691692007000,0.6868,0.6868,0.6868
1691692008000,0.6868,0.6868,0.6868
1691692009000,0.6868,0.6868,0.6868
1691692010000,0.6868,0.6868,0.6868
1691692011000,0.6868,0.6868,0.6868
1691692012000,0.6868,0.6868,0.6868
1691692013000,0.6868,0.6868,0.6868
1691692014000,0.6868,0.6868,0.6868
1691692015000,0.6868,0.6868,0.6868
1691692016000,0.6869,0.6869,0.6869
1691692017000,0.6869,0.6869,0.6869
1691692018000,0.6869,0.6869,0.6869
1691692019000,0.6868,0.6868,0.6868
1691692020000,0.6868,0.6868,0.6868
1691692021000,0.6868,0.6868,0.6868
1691692022000,0.6868,0.6868,0.6868
1691692023000,0.6869,0.6869,0.6869
1691692024000,0.6868,0.6868,0.6868
1691692025000,0.6868,0.6868,0.6868
1691692026000,0.6868,0.6868,0.6868
1691692027000,0.6868,0.6868,0.6868
1691692028000,0.6868,0.6868,0.6868
1691692029000,0.6868,0.6868,0.6868
1691692030000,0.6868,0.6868,0.6868
1691692031000,0.6868,0.6868,0.6868
1691692032000,0.6868,0.6868,0.6868
1691692033000,0.6868,0.6868,0.6868
1691692034000,0.6868,0.6868,0.6868
1691692035000,0.6868,0.6868,0.6868
1691692036000,0.6868,0.6868,0.6868
1691692037000,0.6868,0.6868,0.6868
1691692038000,0.6868,0.6868,0.6868
1691692039000,0.6868,0.6868,0.6868
1691692040000,0.6868,0.6868,0.6868
1691692041000,0.6868,0.6868,0.6868
1691692042000,0.6869,0.6869,0.6869
1691692043000,0.6869,0.6869,0.6869
1691692044000,0.6868,0.6868,0.6868
1691692045000,0.6869,0.6869,0.6869
1691692046000,0.6869,0.6869,0.6869
1691692047000,0.6869,0.6869,0.6869
1691692048000,0.6869,0.6869,0.6869
1691692049000,0.6869,0.6869,0.6869
1691692050000,0.6869,0.6869,0.6869
1691692051000,0.6869,0.6869,0.6869
1691692052000,0.6869,0.6869,0.6869
1691692053000,0.6869,0.6869,0.6869
1691692054000,0.6869,0.6869,0.6869
1691692055000,0.68683548,0.68683548,0.68683548
1691692056000,0.68683548,0.68683548,0.68683548
1691692057000,0.68683548,0.68683548,0.68683548
1691692058000,0.68683548,0.68683548,0.68683548
1691692059000,0.68683525,0.68683525,0.68683525
1691692060000,0.68683525,0.68683525,0.68683525
1691692061000,0.68683459,0.68683459,0.68683459
1691692062000,0.68686071,0.68686071,0.68686071
1691692063000,0.68686071,0.68686071,0.68686071
1691692064000,0.68686126,0.68686126,0.68686126
1691692065000,0.6869,0.6869,0.6869
1691692066000,0.6869,0.6869,0.6869
1691692067000,0.6869,0.6869,0.6869
1691692068000,0.6869,0.6869,0.6869
1691692069000,0.6869,0.6869,0.6869
1691692070000,0.6869,0.6869,0.6869
1691692071000,0.687,0.687,0.687
1691692072000,0.687,0.687,0.687
1691692073000,0.687,0.687,0.687
1691692074000,0.687,0.687,0.687
1691692075000,0.6869,0.6869,0.6869
1691692076000,0.6869,0.6869,0.6869
1691692077000,0.6869,0.6869,0.6869
1691692078000,0.687,0.687,0.687
1691692079000,0.687,0.687,0.687
1691692080000,0.68691154,0.68691154,0.68691154
1691692081000,0.6869108,0.6869108,0.6869108
1691692082000,0.6869108,0.6869108,0.6869108
1691692083000,0.687,0.687,0.687
1691692084000,0.687,0.687,0.687
1691692085000,0.68691017,0.68691017,0.68691017
1691692086000,0.687,0.687,0.687
1691692087000,0.687,0.687,0.687
1691692088000,0.687,0.687,0.687
1691692089000,0.687,0.687,0.687
1691692090000,0.687,0.687,0.687
1691692091000,0.687,0.687,0.687
1691692092000,0.687,0.687,0.687
1691692093000,0.6871,0.6871,0.6871
1691692094000,0.6871,0.6871,0.6871
1691692095000,0.687,0.687,0.687
1691692096000,0.687,0.687,0.687
1691692097000,0.687,0.687,0.687
1691692098000,0.687,0.687,0.687
1691692099000,0.6871,0.6871,0.6871
1691692100000,0.6871,0.6871,0.6871
1691692101000,0.687,0.687,0.687
1691692102000,0.6871,0.6871,0.6871
1691692103000,0.6871,0.6871,0.6871
1691692104000,0.6871,0.6871,0.6871
1691692105000,0.6871,0.6871,0.6871
1691692106000,0.687,0.687,0.687
1691692107000,0.687,0.687,0.687
1691692108000,0.687,0.687,0.687
1691692109000,0.687,0.687,0.687
1691692110000,0.687,0.687,0.687
1691692111000,0.687,0.687,0.687
1691692112000,0.687,0.687,0.687
1691692113000,0.687,0.687,0.687
1691692114000,0.687,0.687,0.687
1691692115000,0.6871,0.6871,0.6871
1691692116000,0.687,0.687,0.687
1691692117000,0.687,0.687,0.687
1691692118000,0.687,0.687,0.687
1691692119000,0.687,0.687,0.687
1691692120000,0.6871,0.6871,0.6871
1691692121000,0.687,0.687,0.687
1691692122000,0.6871,0.6871,0.6871
1691692123000,0.6871,0.6871,0.6871
1691692124000,0.6871,0.6871,0.6871
1691692125000,0.6871,0.6871,0.6871
1691692126000,0.687,0.687,0.687
1691692127000,0.68700438,0.68700438,0.68700438
1691692128000,0.68700441,0.68700441,0.68700441
1691692129000,0.68700438,0.68700438,0.68700438
1691692130000,0.68700441,0.68700441,0.68700441
1691692131000,0.68700441,0.68700441,0.68700441
1691692132000,0.6871,0.6871,0.6871
1691692133000,0.6871,0.6871,0.6871
1691692134000,0.6871,0.6871,0.6871
1691692135000,0.6871,0.6871,0.6871
1691692136000,0.68700778,0.68700778,0.68700778
1691692137000,0.68700794,0.68700794,0.68700794
1691692138000,0.6871,0.6871,0.6871
1691692139000,0.6871,0.6871,0.6871
1691692140000,0.6871,0.6871,0.6871
1691692141000,0.68700951,0.68700951,0.68700951
1691692142000,0.68700951,0.68700951,0.68700951
1691692143000,0.6871,0.6871,0.6871
1691692144000,0.6871,0.6871,0.6871
1691692145000,0.6871,0.6871,0.6871
1691692146000,0.6871,0.6871,0.6871
1691692147000,0.68702621,0.68702621,0.68702621
1691692148000,0.68702696,0.68702696,0.68702696
1691692149000,0.6871,0.6871,0.6871
1691692150000,0.6871,0.6871,0.6871
1691692151000,0.6871,0.6871,0.6871
1691692152000,0.68702174,0.68702174,0.68702174
1691692153000,0.68702171,0.68702171,0.68702171
1691692154000,0.68702096,0.68702096,0.68702096
1691692155000,0.68702262,0.68702262,0.68702262
1691692156000,0.6871,0.6871,0.6871
1691692157000,0.68702239,0.68702239,0.68702239
1691692158000,0.68702239,0.68702239,0.68702239
1691692159000,0.68702239,0.68702239,0.68702239
1691692160000,0.687,0.687,0.687
1691692161000,0.687,0.687,0.687
1691692162000,0.6869805,0.6869805,0.6869805
1691692163000,0.6869805,0.6869805,0.6869805
1691692164000,0.687,0.687,0.687
1691692165000,0.687,0.687,0.687
1691692166000,0.68694477,0.68694477,0.68694477
1691692167000,0.68694477,0.68694477,0.68694477
1691692168000,0.68694551,0.68694551,0.68694551
1691692169000,0.68694551,0.68694551,0.68694551
1691692170000,0.68694554,0.68694554,0.68694554
1691692171000,0.68694511,0.68694511,0.68694511
1691692172000,0.68694377,0.68694377,0.68694377
1691692173000,0.68694302,0.68694302,0.68694302
1691692174000,0.68694302,0.68694302,0.68694302
1691692175000,0.68694374,0.68694374,0.68694374
1691692176000,0.68694374,0.68694374,0.68694374
1691692177000,0.68694297,0.68694297,0.68694297
1691692178000,0.68694297,0.68694297,0.68694297
1691692179000,0.68694297,0.68694297,0.68694297
1691692180000,0.68694297,0.68694297,0.68694297
1691692181000,0.68695601,0.68695601,0.68695601
1691692182000,0.68695451,0.68695451,0.68695451
1691692183000,0.68695298,0.68695298,0.68695298
1691692184000,0.68695301,0.68695301,0.68695301
1691692185000,0.68695224,0.68695224,0.68695224
1691692186000,0.68695227,0.68695227,0.68695227
1691692187000,0.6869524,0.6869524,0.6869524
1691692188000,0.6869524,0.6869524,0.6869524
1691692189000,0.6869524,0.6869524,0.6869524
1691692190000,0.6869524,0.6869524,0.6869524
1691692191000,0.68695312,0.68695312,0.68695312
1691692192000,0.68695282,0.68695282,0.68695282
1691692193000,0.68695189,0.68695189,0.68695189
1691692194000,0.68695189,0.68695189,0.68695189
1691692195000,0.68695186,0.68695186,0.68695186
1691692196000,0.68695115,0.68695115,0.68695115
1691692197000,0.68695102,0.68695102,0.68695102
1691692198000,0.68695102,0.68695102,0.68695102
1691692199000,0.68695056,0.68695056,0.68695056
1691692200000,0.68695053,0.68695053,0.68695053
1691692201000,0.68695053,0.68695053,0.68695053
1691692202000,0.68695053,0.68695053,0.68695053
1691692203000,0.68690624,0.68690624,0.68690624
1691692204000,0.6869053,0.6869053,0.6869053
1691692205000,0.68686182,0.68686182,0.68686182
1691692206000,0.68686182,0.68686182,0.68686182
1691692207000,0.68685667,0.68685667,0.68685667
1691692208000,0.68685549,0.68685549,0.68685549
1691692209000,0.68685549,0.68685549,0.68685549
1691692210000,0.68684966,0.68684966,0.68684966
1691692211000,0.68684966,0.68684966,0.68684966
1691692212000,0.68684966,0.68684966,0.68684966
1691692213000,0.687,0.687,0.687
1691692214000,0.687,0.687,0.687
1691692215000,0.6871,0.6871,0.6871
1691692216000,0.6871,0.6871,0.6871
1691692217000,0.6872,0.6872,0.6872
1691692218000,0.6872,0.6872,0.6872
1691692219000,0.6872,0.6872,0.6872
1691692220000,0.6871,0.6871,0.6871
1691692221000,0.6871,0.6871,0.6871
1691692222000,0.6871,0.6871,0.6871
1691692223000,0.6871,0.6871,0.6871
1691692224000,0.6872,0.6872,0.6872
1691692225000,0.6872,0.6872,0.6872
1691692226000,0.6872,0.6872,0.6872
1691692227000,0.6872,0.6872,0.6872
1691692228000,0.6871,0.6871,0.6871
1691692229000,0.6871,0.6871,0.6871
1691692230000,0.6871,0.6871,0.6871
1691692231000,0.6871,0.6871,0.6871
1691692232000,0.6871,0.6871,0.6871
1691692233000,0.68706404,0.68706404,0.68706404
1691692234000,0.68706401,0.68706401,0.68706401
1691692235000,0.68706401,0.68706401,0.68706401
1691692236000,0.6871,0.6871,0.6871
1691692237000,0.68706401,0.68706401,0.68706401
1691692238000,0.68706598,0.68706598,0.68706598
1691692239000,0.68706793,0.68706793,0.68706793
1691692240000,0.68706793,0.68706793,0.68706793
1691692241000,0.68706793,0.68706793,0.68706793
1691692242000,0.68706793,0.68706793,0.68706793
1691692243000,0.6871,0.6871,0.6871
1691692244000,0.68706949,0.68706949,0.68706949
1691692245000,0.68706949,0.68706949,0.68706949
1691692246000,0.68706949,0.68706949,0.68706949
1691692247000,0.68707035,0.68707035,0.68707035
1691692248000,0.68707065,0.68707065,0.68707065
1691692249000,0.6871,0.6871,0.6871
1691692250000,0.6871,0.6871,0.6871
1691692251000,0.6870725,0.6870725,0.6870725
1691692252000,0.68708,0.68708,0.68708
1691692253000,0.68707996,0.68707996,0.68707996
1691692254000,0.68707949,0.68707949,0.68707949
1691692255000,0.68707864,0.68707864,0.68707864
1691692256000,0.68707864,0.68707864,0.68707864
1691692257000,0.68707949,0.68707949,0.68707949
1691692258000,0.68707949,0.68707949,0.68707949
1691692259000,0.68707979,0.68707979,0.68707979
1691692260000,0.68707909,0.68707909,0.68707909
1691692261000,0.68707827,0.68707827,0.68707827
1691692262000,0.68707827,0.68707827,0.68707827
1691692263000,0.68707827,0.68707827,0.68707827
1691692264000,0.68707729,0.68707729,0.68707729
1691692265000,0.68707702,0.68707702,0.68707702
1691692266000,0.68707702,0.68707702,0.68707702
1691692267000,0.68707702,0.68707702,0.68707702
1691692268000,0.68707699,0.68707699,0.68707699
1691692269000,0.68701142,0.68701142,0.68701142
1691692270000,0.68701146,0.68701146,0.68701146
1691692271000,0.68700935,0.68700935,0.68700935
1691692272000,0.68700935,0.68700935,0.68700935
1691692273000,0.68700931,0.68700931,0.68700931
1691692274000,0.68700834,0.68700834,0.68700834
1691692275000,0.68699334,0.68699334,0.68699334
1691692276000,0.68698747,0.68698747,0.68698747
1691692277000,0.68698747,0.68698747,0.68698747
1691692278000,0.68698747,0.68698747,0.68698747
1691692279000,0.68698747,0.68698747,0.68698747
1691692280000,0.68693653,0.68693653,0.68693653
1691692281000,0.68693649,0.68693649,0.68693649
1691692282000,0.6869342,0.6869342,0.6869342
1691692283000,0.68698423,0.68698423,0.68698423
1691692284000,0.68698296,0.68698296,0.68698296
1691692285000,0.68698296,0.68698296,0.68698296
1691692286000,0.68698379,0.68698379,0.68698379
1691692287000,0.68698066,0.68698066,0.68698066
1691692288000,0.68698066,0.68698066,0.68698066
1691692289000,0.68698028,0.68698028,0.68698028
1691692290000,0.68698025,0.68698025,0.68698025
1691692291000,0.68698025,0.68698025,0.68698025
1691692292000,0.68697939,0.68697939,0.68697939
1691692293000,0.68697718,0.68697718,0.68697718
1691692294000,0.68697718,0.68697718,0.68697718
1691692295000,0.68697546,0.68697546,0.68697546
1691692296000,0.68697632,0.68697632,0.68697632
1691692297000,0.68697632,0.68697632,0.68697632
1691692298000,0.68697323,0.68697323,0.68697323
1691692299000,0.68697323,0.68697323,0.68697323
1691692300000,0.68697323,0.68697323,0.68697323
1691692301000,0.68697323,0.68697323,0.68697323
1691692302000,0.68697319,0.68697319,0.68697319
1691692303000,0.68697319,0.68697319,0.68697319
1691692304000,0.68696793,0.68696793,0.68696793
1691692305000,0.68696778,0.68696778,0.68696778
1691692306000,0.68696778,0.68696778,0.68696778
1691692307000,0.68696692,0.68696692,0.68696692
1691692308000,0.68696778,0.68696778,0.68696778
1691692309000,0.68696383,0.68696383,0.68696383
1691692310000,0.68696383,0.68696383,0.68696383
1691692311000,0.68696327,0.68696327,0.68696327
1691692312000,0.68696327,0.68696327,0.68696327
1691692313000,0.68696331,0.68696331,0.68696331
1691692314000,0.68696327,0.68696327,0.68696327
1691692315000,0.68696026,0.68696026,0.68696026
1691692316000,0.68696026,0.68696026,0.68696026
1691692317000,0.68696026,0.68696026,0.68696026
1691692318000,0.68696026,0.68696026,0.68696026
1691692319000,0.68696026,0.68696026,0.68696026
1691692320000,0.68691067,0.68691067,0.68691067
1691692321000,0.6869015,0.6869015,0.6869015
1691692322000,0.6869015,0.6869015,0.6869015
1691692323000,0.68690146,0.68690146,0.68690146
1691692324000,0.68690146,0.68690146,0.68690146
1691692325000,0.68695061,0.68695061,0.68695061
1691692326000,0.68694664,0.68694664,0.68694664
1691692327000,0.68694646,0.68694646,0.68694646
1691692328000,0.68694646,0.68694646,0.68694646
1691692329000,0.68694649,0.68694649,0.68694649
1691692330000,0.68694649,0.68694649,0.68694649
1691692331000,0.68694646,0.68694646,0.68694646
1691692332000,0.68694343,0.68694343,0.68694343
1691692333000,0.68689343,0.68689343,0.68689343
1691692334000,0.68689346,0.68689346,0.68689346
1691692335000,0.68689346,0.68689346,0.68689346
1691692336000,0.68689346,0.68689346,0.68689346
1691692337000,0.68689134,0.68689134,0.68689134
1691692338000,0.6869,0.6869,0.6869
1691692339000,0.6869,0.6869,0.6869
1691692340000,0.6869,0.6869,0.6869
1691692341000,0.68690727,0.68690727,0.68690727
1691692342000,0.68690731,0.68690731,0.68690731
1691692343000,0.68690564,0.68690564,0.68690564
1691692344000,0.68690568,0.68690568,0.68690568
1691692345000,0.68690568,0.68690568,0.68690568
1691692346000,0.68690478,0.68690478,0.68690478
1691692347000,0.68690456,0.68690456,0.68690456
1691692348000,0.68690266,0.68690266,0.68690266
1691692349000,0.68690266,0.68690266,0.68690266
1691692350000,0.68690352,0.68690352,0.68690352
1691692351000,0.68690341,0.68690341,0.68690341
1691692352000,0.68690341,0.68690341,0.68690341
1691692353000,0.68690255,0.68690255,0.68690255
1691692354000,0.68690068,0.68690068,0.68690068
1691692355000,0.68690065,0.68690065,0.68690065
1691692356000,0.68690065,0.68690065,0.68690065
1691692357000,0.68695068,0.68695068,0.68695068
1691692358000,0.68695065,0.68695065,0.68695065
1691692359000,0.68694948,0.68694948,0.68694948
1691692360000,0.68695034,0.68695034,0.68695034
1691692361000,0.68695034,0.68695034,0.68695034
1691692362000,0.68695112,0.68695112,0.68695112
1691692363000,0.68695241,0.68695241,0.68695241
1691692364000,0.68695155,0.68695155,0.68695155
1691692365000,0.68694953,0.68694953,0.68694953
1691692366000,0.68695043,0.68695043,0.68695043
1691692367000,0.68695043,0.68695043,0.68695043
1691692368000,0.68694957,0.68694957,0.68694957
1691692369000,0.68694207,0.68694207,0.68694207
1691692370000,0.6869388,0.6869388,0.6869388
1691692371000,0.68693962,0.68693962,0.68693962
1691692372000,0.68693984,0.68693984,0.68693984
1691692373000,0.68693988,0.68693988,0.68693988
1691692374000,0.68693899,0.68693899,0.68693899
1691692375000,0.68693899,0.68693899,0.68693899
1691692376000,0.68693343,0.68693343,0.68693343
1691692377000,0.6869,0.6869,0.6869
1691692378000,0.6869,0.6869,0.6869
1691692379000,0.6869,0.6869,0.6869
1691692380000,0.6869,0.6869,0.6869
1691692381000,0.6869,0.6869,0.6869
1691692382000,0.6869,0.6869,0.6869
1691692383000,0.687,0.687,0.687
1691692384000,0.687,0.687,0.687
1691692385000,0.687,0.687,0.687
1691692386000,0.6869,0.6869,0.6869
1691692387000,0.6869,0.6869,0.6869
1691692388000,0.6869,0.6869,0.6869
1691692389000,0.6869,0.6869,0.6869
1691692390000,0.6869,0.6869,0.6869
1691692391000,0.6869,0.6869,0.6869
1691692392000,0.6869,0.6869,0.6869
1691692393000,0.6869,0.6869,0.6869
1691692394000,0.6869,0.6869,0.6869
1691692395000,0.6869,0.6869,0.6869
1691692396000,0.6869,0.6869,0.6869
1691692397000,0.68684216,0.68684216,0.68684216
1691692398000,0.68683998,0.68683998,0.68683998
1691692399000,0.68683998,0.68683998,0.68683998
1691692400000,0.6869,0.6869,0.6869
1691692401000,0.6869,0.6869,0.6869
1691692402000,0.6869,0.6869,0.6869
1691692403000,0.6869,0.6869,0.6869
1691692404000,0.68688964,0.68688964,0.68688964
1691692405000,0.6869,0.6869,0.6869
1691692406000,0.6869,0.6869,0.6869
1691692407000,0.6869,0.6869,0.6869
1691692408000,0.6869,0.6869,0.6869
1691692409000,0.6869,0.6869,0.6869
1691692410000,0.6869,0.6869,0.6869
1691692411000,0.68687899,0.68687899,0.68687899
1691692412000,0.6869,0.6869,0.6869
1691692413000,0.6869,0.6869,0.6869
1691692414000,0.6869,0.6869,0.6869
1691692415000,0.6869,0.6869,0.6869
1691692416000,0.6869,0.6869,0.6869
1691692417000,0.68687803,0.68687803,0.68687803
1691692418000,0.68687814,0.68687814,0.68687814
1691692419000,0.68687818,0.68687818,0.68687818
1691692420000,0.6868763,0.6868763,0.6868763
1691692421000,0.68687627,0.68687627,0.68687627
1691692422000,0.6868763,0.6868763,0.6868763
1691692423000,0.6868763,0.6868763,0.6868763
1691692424000,0.6872,0.6872,0.6872
1691692425000,0.6872,0.6872,0.6872
1691692426000,0.6872,0.6872,0.6872
1691692427000,0.6872,0.6872,0.6872
1691692428000,0.6872,0.6872,0.6872
1691692429000,0.6872,0.6872,0.6872
1691692430000,0.6872,0.6872,0.6872
1691692431000,0.6872,0.6872,0.6872
1691692432000,0.6872,0.6872,0.6872
1691692433000,0.6872,0.6872,0.6872
1691692434000,0.6872,0.6872,0.6872
1691692435000,0.6872,0.6872,0.6872
1691692436000,0.6871,0.6871,0.6871
1691692437000,0.6871,0.6871,0.6871
1691692438000,0.6871,0.6871,0.6871
1691692439000,0.68706165,0.68706165,0.68706165
1691692440000,0.68706165,0.68706165,0.68706165
1691692441000,0.687,0.687,0.687
1691692442000,0.68694007,0.68694007,0.68694007
1691692443000,0.68693921,0.68693921,0.68693921
1691692444000,0.68682365,0.68682365,0.68682365
1691692445000,0.68682365,0.68682365,0.68682365
1691692446000,0.68680201,0.68680201,0.68680201
1691692447000,0.68680201,0.68680201,0.68680201
1691692448000,0.68680725,0.68680725,0.68680725
1691692449000,0.68680725,0.68680725,0.68680725
1691692450000,0.68668418,0.68668418,0.68668418
1691692451000,0.68668332,0.68668332,0.68668332
1691692452000,0.68668329,0.68668329,0.68668329
1691692453000,0.68669471,0.68669471,0.68669471
1691692454000,0.68669971,0.68669971,0.68669971
1691692455000,0.68664971,0.68664971,0.68664971
1691692456000,0.68666471,0.68666471,0.68666471
1691692457000,0.68666475,0.68666475,0.68666475
1691692458000,0.68666475,0.68666475,0.68666475
1691692459000,0.68666145,0.68666145,0.68666145
1691692460000,0.68666145,0.68666145,0.68666145
1691692461000,0.6866486,0.6866486,0.6866486
1691692462000,0.6866486,0.6866486,0.6866486
1691692463000,0.6866486,0.6866486,0.6866486
1691692464000,0.68664698,0.68664698,0.68664698
1691692465000,0.68664698,0.68664698,0.68664698
1691692466000,0.68664698,0.68664698,0.68664698
1691692467000,0.68664702,0.68664702,0.68664702
1691692468000,0.68664702,0.68664702,0.68664702
1691692469000,0.68664702,0.68664702,0.68664702
1691692470000,0.68664407,0.68664407,0.68664407
1691692471000,0.68664493,0.68664493,0.68664493
1691692472000,0.68664407,0.68664407,0.68664407
1691692473000,0.68664407,0.68664407,0.68664407
1691692474000,0.68664245,0.68664245,0.68664245
1691692475000,0.6866412,0.6866412,0.6866412
1691692476000,0.6866412,0.6866412,0.6866412
1691692477000,0.6866912,0.6866912,0.6866912
1691692478000,0.6866912,0.6866912,0.6866912
1691692479000,0.68669123,0.68669123,0.68669123
1691692480000,0.68669026,0.68669026,0.68669026
1691692481000,0.68663929,0.68663929,0.68663929
1691692482000,0.68663929,0.68663929,0.68663929
1691692483000,0.68663932,0.68663932,0.68663932
1691692484000,0.68663805,0.68663805,0.68663805
1691692485000,0.68663809,0.68663809,0.68663809
1691692486000,0.68658223,0.68658223,0.68658223
1691692487000,0.68658308,0.68658308,0.68658308
1691692488000,0.68663058,0.68663058,0.68663058
1691692489000,0.68663095,0.68663095,0.68663095
1691692490000,0.6866301,0.6866301,0.6866301
1691692491000,0.68663006,0.68663006,0.68663006
1691692492000,0.68662743,0.68662743,0.68662743
1691692493000,0.68662743,0.68662743,0.68662743
1691692494000,0.68662657,0.68662657,0.68662657
1691692495000,0.68662657,0.68662657,0.68662657
1691692496000,0.68662743,0.68662743,0.68662743
1691692497000,0.68662648,0.68662648,0.68662648
1691692498000,0.68662563,0.68662563,0.68662563
1691692499000,0.68660316,0.68660316,0.68660316
1691692500000,0.68665301,0.68665301,0.68665301
1691692501000,0.68665301,0.68665301,0.68665301
1691692502000,0.68665298,0.68665298,0.68665298
1691692503000,0.68665156,0.68665156,0.68665156
1691692504000,0.68665156,0.68665156,0.68665156
1691692505000,0.68665175,0.68665175,0.68665175
1691692506000,0.68665179,0.68665179,0.68665179
1691692507000,0.68665179,0.68665179,0.68665179
1691692508000,0.68665057,0.68665057,0.68665057
1691692509000,0.68665054,0.68665054,0.68665054
1691692510000,0.68665054,0.68665054,0.68665054
1691692511000,0.68665143,0.68665143,0.68665143
1691692512000,0.68665054,0.68665054,0.68665054
1691692513000,0.68665054,0.68665054,0.68665054
1691692514000,0.68664999,0.68664999,0.68664999
1691692515000,0.68664999,0.68664999,0.68664999
1691692516000,0.68664999,0.68664999,0.68664999
1691692517000,0.68664999,0.68664999,0.68664999
1691692518000,0.6866,0.6866,0.6866
1691692519000,0.6866,0.6866,0.6866
1691692520000,0.68664402,0.68664402,0.68664402
1691692521000,0.68664402,0.68664402,0.68664402
1691692522000,0.68664484,0.68664484,0.68664484
1691692523000,0.68664398,0.68664398,0.68664398
1691692524000,0.6866,0.6866,0.6866
1691692525000,0.6866,0.6866,0.6866
1691692526000,0.6866,0.6866,0.6866
1691692527000,0.68658953,0.68658953,0.68658953
1691692528000,0.6866,0.6866,0.6866
1691692529000,0.6866,0.6866,0.6866
1691692530000,0.6866,0.6866,0.6866
1691692531000,0.6866,0.6866,0.6866
1691692532000,0.6866,0.6866,0.6866
1691692533000,0.6866,0.6866,0.6866
1691692534000,0.68651913,0.68651913,0.68651913
1691692535000,0.6865191,0.6865191,0.6865191
1691692536000,0.6866,0.6866,0.6866
1691692537000,0.68651593,0.68651593,0.68651593
1691692538000,0.6866,0.6866,0.6866
1691692539000,0.68651593,0.68651593,0.68651593
1691692540000,0.6866,0.6866,0.6866
1691692541000,0.6866,0.6866,0.6866
1691692542000,0.68651472,0.68651472,0.68651472
1691692543000,0.6866,0.6866,0.6866
1691692544000,0.6866,0.6866,0.6866
1691692545000,0.6866,0.6866,0.6866
1691692546000,0.6866,0.6866,0.6866
1691692547000,0.6866,0.6866,0.6866
1691692548000,0.68656352,0.68656352,0.68656352
1691692549000,0.6866,0.6866,0.6866
1691692550000,0.6866,0.6866,0.6866
1691692551000,0.6866,0.6866,0.6866
1691692552000,0.6866,0.6866,0.6866
1691692553000,0.6866,0.6866,0.6866
1691692554000,0.6866,0.6866,0.6866
1691692555000,0.68661229,0.68661229,0.68661229
1691692556000,0.68661229,0.68661229,0.68661229
1691692557000,0.6866,0.6866,0.6866
1691692558000,0.6866,0.6866,0.6866
1691692559000,0.6866,0.6866,0.6866
1691692560000,0.6866,0.6866,0.6866
1691692561000,0.68660536,0.68660536,0.68660536
1691692562000,0.68660536,0.68660536,0.68660536
1691692563000,0.6867,0.6867,0.6867
1691692564000,0.6867,0.6867,0.6867
1691692565000,0.68670748,0.68670748,0.68670748
1691692566000,0.6868,0.6868,0.6868
1691692567000,0.6868,0.6868,0.6868
1691692568000,0.6868,0.6868,0.6868
1691692569000,0.6868,0.6868,0.6868
1691692570000,0.6868,0.6868,0.6868
1691692571000,0.6868,0.6868,0.6868
1691692572000,0.6868,0.6868,0.6868
1691692573000,0.6868,0.6868,0.6868
1691692574000,0.6868,0.6868,0.6868
1691692575000,0.6868,0.6868,0.6868
1691692576000,0.6868,0.6868,0.6868
1691692577000,0.6868,0.6868,0.6868
1691692578000,0.6868,0.6868,0.6868
1691692579000,0.6868,0.6868,0.6868
1691692580000,0.6868,0.6868,0.6868
1691692581000,0.6868,0.6868,0.6868
1691692582000,0.6868,0.6868,0.6868
1691692583000,0.6868,0.6868,0.6868
1691692584000,0.6869,0.6869,0.6869
1691692585000,0.6869,0.6869,0.6869
1691692586000,0.6869,0.6869,0.6869
1691692587000,0.6869,0.6869,0.6869
1691692588000,0.6869,0.6869,0.6869
1691692589000,0.6869,0.6869,0.6869
1691692590000,0.6869,0.6869,0.6869
1691692591000,0.6869,0.6869,0.6869
1691692592000,0.6869,0.6869,0.6869
1691692593000,0.6869,0.6869,0.6869
1691692594000,0.6869,0.6869,0.6869
1691692595000,0.6869,0.6869,0.6869
1691692596000,0.6869,0.6869,0.6869
1691692597000,0.6869,0.6869,0.6869
1691692598000,0.6869,0.6869,0.6869
1691692599000,0.6869,0.6869,0.6869
1691692600000,0.6869,0.6869,0.6869
1691692601000,0.6869,0.6869,0.6869
1691692602000,0.6869,0.6869,0.6869
1691692603000,0.6869,0.6869,0.6869
1691692604000,0.6869,0.6869,0.6869
1691692605000,0.6869,0.6869,0.6869
1691692606000,0.6869,0.6869,0.6869
1691692607000,0.6869,0.6869,0.6869
1691692608000,0.6869,0.6869,0.6869
1691692609000,0.6869,0.6869,0.6869
1691692610000,0.687,0.687,0.687
1691692611000,0.687,0.687,0.687
1691692612000,0.6869,0.6869,0.6869
1691692613000,0.6869,0.6869,0.6869
1691692614000,0.6869,0.6869,0.6869
1691692615000,0.6869,0.6869,0.6869
1691692616000,0.6869,0.6869,0.6869
1691692617000,0.6869,0.6869,0.6869
1691692618000,0.6869,0.6869,0.6869
1691692619000,0.6869,0.6869,0.6869
1691692620000,0.6869,0.6869,0.6869
1691692621000,0.6869,0.6869,0.6869
1691692622000,0.6869,0.6869,0.6869
1691692623000,0.6869,0.6869,0.6869
1691692624000,0.68682367,0.68682367,0.68682367
1691692625000,0.6868237,0.6868237,0.6868237
1691692626000,0.68682367,0.68682367,0.68682367
1691692627000,0.6869,0.6869,0.6869
1691692628000,0.6869,0.6869,0.6869
1691692629000,0.6869,0.6869,0.6869
1691692630000,0.687,0.687,0.687
1691692631000,0.687,0.687,0.687
1691692632000,0.687,0.687,0.687
1691692633000,0.68682533,0.68682533,0.68682533
1691692634000,0.68682579,0.68682579,0.68682579
1691692635000,0.6868291,0.6868291,0.6868291
1691692636000,0.68682907,0.68682907,0.68682907
1691692637000,0.68682907,0.68682907,0.68682907
1691692638000,0.68682636,0.68682636,0.68682636
1691692639000,0.68682636,0.68682636,0.68682636
1691692640000,0.68681987,0.68681987,0.68681987
1691692641000,0.6869,0.6869,0.6869
1691692642000,0.6869,0.6869,0.6869
1691692643000,0.6869,0.6869,0.6869
1691692644000,0.6869,0.6869,0.6869
1691692645000,0.6869,0.6869,0.6869
1691692646000,0.6869,0.6869,0.6869
1691692647000,0.6869,0.6869,0.6869
1691692648000,0.6869,0.6869,0.6869
1691692649000,0.6869,0.6869,0.6869
1691692650000,0.6869,0.6869,0.6869
1691692651000,0.6869,0.6869,0.6869
1691692652000,0.6869,0.6869,0.6869
1691692653000,0.6869,0.6869,0.6869
1691692654000,0.6869,0.6869,0.6869
1691692655000,0.6869,0.6869,0.6869
1691692656000,0.68685808,0.68685808,0.68685808
1691692657000,0.68685788,0.68685788,0.68685788
1691692658000,0.68685788,0.68685788,0.68685788
1691692659000,0.68685791,0.68685791,0.68685791
1691692660000,0.68685788,0.68685788,0.68685788
1691692661000,0.68685788,0.68685788,0.68685788
1691692662000,0.68685791,0.68685791,0.68685791
1691692663000,0.68685858,0.68685858,0.68685858
1691692664000,0.68685858,0.68685858,0.68685858
1691692665000,0.6869,0.6869,0.6869
1691692666000,0.68686041,0.68686041,0.68686041
1691692667000,0.68686038,0.68686038,0.68686038
1691692668000,0.68686041,0.68686041,0.68686041
1691692669000,0.68686265,0.68686265,0.68686265
1691692670000,0.68686265,0.68686265,0.68686265
1691692671000,0.68686191,0.68686191,0.68686191
1691692672000,0.68690538,0.68690538,0.68690538
1691692673000,0.68689733,0.68689733,0.68689733
1691692674000,0.6869,0.6869,0.6869
1691692675000,0.6869,0.6869,0.6869
1691692676000,0.6869,0.6869,0.6869
1691692677000,0.68692389,0.68692389,0.68692389
1691692678000,0.68692389,0.68692389,0.68692389
1691692679000,0.68692372,0.68692372,0.68692372
1691692680000,0.68692443,0.68692443,0.68692443
1691692681000,0.68692443,0.68692443,0.68692443
1691692682000,0.6869,0.6869,0.6869
1691692683000,0.68688092,0.68688092,0.68688092
1691692684000,0.68688092,0.68688092,0.68688092
1691692685000,0.68687822,0.68687822,0.68687822
1691692686000,0.68687169,0.68687169,0.68687169
1691692687000,0.68687169,0.68687169,0.68687169
1691692688000,0.68679017,0.68679017,0.68679017
1691692689000,0.68678604,0.68678604,0.68678604
1691692690000,0.68678604,0.68678604,0.68678604
1691692691000,0.68678224,0.68678224,0.68678224
1691692692000,0.68678224,0.68678224,0.68678224
1691692693000,0.68678224,0.68678224,0.68678224
1691692694000,0.68678228,0.68678228,0.68678228
1691692695000,0.68678228,0.68678228,0.68678228
1691692696000,0.68673358,0.68673358,0.68673358
1691692697000,0.68673361,0.68673361,0.68673361
1691692698000,0.68673358,0.68673358,0.68673358
1691692699000,0.68673313,0.68673313,0.68673313
1691692700000,0.68672777,0.68672777,0.68672777
1691692701000,0.68672703,0.68672703,0.68672703
1691692702000,0.68672484,0.68672484,0.68672484
1691692703000,0.68672481,0.68672481,0.68672481
1691692704000,0.68672481,0.68672481,0.68672481
1691692705000,0.68672484,0.68672484,0.68672484
1691692706000,0.68672594,0.68672594,0.68672594
1691692707000,0.68672456,0.68672456,0.68672456
1691692708000,0.68672456,0.68672456,0.68672456
1691692709000,0.68672382,0.68672382,0.68672382
1691692710000,0.68672382,0.68672382,0.68672382
1691692711000,0.68672212,0.68672212,0.68672212
1691692712000,0.68672215,0.68672215,0.68672215
1691692713000,0.68672071,0.68672071,0.68672071
1691692714000,0.68672071,0.68672071,0.68672071
1691692715000,0.6867212,0.6867212,0.6867212
1691692716000,0.6867212,0.6867212,0.6867212
1691692717000,0.68672123,0.68672123,0.68672123
1691692718000,0.68671979,0.68671979,0.68671979
1691692719000,0.68671976,0.68671976,0.68671976
1691692720000,0.68671907,0.68671907,0.68671907
1691692721000,0.68671904,0.68671904,0.68671904
1691692722000,0.68671904,0.68671904,0.68671904
1691692723000,0.68671978,0.68671978,0.68671978
1691692724000,0.68676109,0.68676109,0.68676109
1691692725000,0.68676109,0.68676109,0.68676109
1691692726000,0.6867,0.6867,0.6867
1691692727000,0.6867,0.6867,0.6867
1691692728000,0.6867,0.6867,0.6867
1691692729000,0.6867,0.6867,0.6867
1691692730000,0.6867,0.6867,0.6867
1691692731000,0.6867,0.6867,0.6867
1691692732000,0.6867,0.6867,0.6867
1691692733000,0.6868,0.6868,0.6868
1691692734000,0.6868,0.6868,0.6868
1691692735000,0.6868,0.6868,0.6868
1691692736000,0.6868,0.6868,0.6868
1691692737000,0.6868,0.6868,0.6868
1691692738000,0.68673895,0.68673895,0.68673895
1691692739000,0.68673895,0.68673895,0.68673895
1691692740000,0.6867377,0.6867377,0.6867377
1691692741000,0.6867377,0.6867377,0.6867377
1691692742000,0.68675003,0.68675003,0.68675003
1691692743000,0.68675003,0.68675003,0.68675003
1691692744000,0.6868,0.6868,0.6868
1691692745000,0.6868,0.6868,0.6868
1691692746000,0.6868,0.6868,0.6868
1691692747000,0.6868,0.6868,0.6868
1691692748000,0.6868,0.6868,0.6868
1691692749000,0.6868,0.6868,0.6868
1691692750000,0.6868,0.6868,0.6868
1691692751000,0.6868,0.6868,0.6868
1691692752000,0.6868,0.6868,0.6868
1691692753000,0.6869,0.6869,0.6869
1691692754000,0.6869,0.6869,0.6869
1691692755000,0.6869,0.6869,0.6869
1691692756000,0.6869,0.6869,0.6869
1691692757000,0.68682962,0.68682962,0.68682962
1691692758000,0.6869,0.6869,0.6869
1691692759000,0.6869,0.6869,0.6869
1691692760000,0.6869,0.6869,0.6869
1691692761000,0.6869,0.6869,0.6869
1691692762000,0.6869,0.6869,0.6869
1691692763000,0.6869,0.6869,0.6869
1691692764000,0.6869,0.6869,0.6869
1691692765000,0.6869,0.6869,0.6869
1691692766000,0.6869,0.6869,0.6869
1691692767000,0.6869,0.6869,0.6869
1691692768000,0.6869,0.6869,0.6869
1691692769000,0.6869,0.6869,0.6869
1691692770000,0.6869,0.6869,0.6869
1691692771000,0.6869,0.6869,0.6869
1691692772000,0.6869,0.6869,0.6869
1691692773000,0.6869,0.6869,0.6869
1691692774000,0.6869,0.6869,0.6869
1691692775000,0.6869,0.6869,0.6869
1691692776000,0.68691154,0.68691154,0.68691154
1691692777000,0.68691809,0.68691809,0.68691809
1691692778000,0.68691806,0.68691806,0.68691806
1691692779000,0.68691992,0.68691992,0.68691992
1691692780000,0.68691992,0.68691992,0.68691992
1691692781000,0.68691953,0.68691953,0.68691953
1691692782000,0.68691953,0.68691953,0.68691953
1691692783000,0.68691956,0.68691956,0.68691956
1691692784000,0.68691953,0.68691953,0.68691953
1691692785000,0.68692293,0.68692293,0.68692293
1691692786000,0.68692293,0.68692293,0.68692293
1691692787000,0.68692391,0.68692391,0.68692391
1691692788000,0.687,0.687,0.687
1691692789000,0.68692391,0.68692391,0.68692391
1691692790000,0.687,0.687,0.687
1691692791000,0.687,0.687,0.687
1691692792000,0.687,0.687,0.687
1691692793000,0.687,0.687,0.687
1691692794000,0.687,0.687,0.687
1691692795000,0.68692128,0.68692128,0.68692128
1691692796000,0.68679551,0.68679551,0.68679551
1691692797000,0.68679551,0.68679551,0.68679551
1691692798000,0.68679385,0.68679385,0.68679385
1691692799000,0.6868,0.6868,0.6868
1691692800000,0.6869,0.6869,0.6869
1691692801000,0.68683691,0.68683691,0.68683691
1691692802000,0.68683694,0.68683694,0.68683694
1691692803000,0.68683594,0.68683594,0.68683594
1691692804000,0.68683594,0.68683594,0.68683594
1691692805000,0.68683594,0.68683594,0.68683594
1691692806000,0.68683668,0.68683668,0.68683668
1691692807000,0.6868,0.6868,0.6868
1691692808000,0.6868,0.6868,0.6868
1691692809000,0.6869,0.6869,0.6869
1691692810000,0.6869,0.6869,0.6869
1691692811000,0.6868,0.6868,0.6868
1691692812000,0.6868,0.6868,0.6868
1691692813000,0.6868,0.6868,0.6868
1691692814000,0.6868,0.6868,0.6868
1691692815000,0.68684021,0.68684021,0.68684021
1691692816000,0.68684021,0.68684021,0.68684021
1691692817000,0.68684047,0.68684047,0.68684047
1691692818000,0.68684089,0.68684089,0.68684089
1691692819000,0.68684089,0.68684089,0.68684089
1691692820000,0.68684086,0.68684086,0.68684086
1691692821000,0.68684086,0.68684086,0.68684086
1691692822000,0.68684086,0.68684086,0.68684086
1691692823000,0.68683943,0.68683943,0.68683943
1691692824000,0.68683943,0.68683943,0.68683943
1691692825000,0.68683943,0.68683943,0.68683943
1691692826000,0.68683943,0.68683943,0.68683943
1691692827000,0.68683946,0.68683946,0.68683946
1691692828000,0.6868396,0.6868396,0.6868396
1691692829000,0.68682613,0.68682613,0.68682613
1691692830000,0.68682613,0.68682613,0.68682613
1691692831000,0.68678343,0.68678343,0.68678343
1691692832000,0.6867834,0.6867834,0.6867834
1691692833000,0.68678366,0.68678366,0.68678366
1691692834000,0.68678343,0.68678343,0.68678343
1691692835000,0.68678343,0.68678343,0.68678343
1691692836000,0.68678343,0.68678343,0.68678343
1691692837000,0.68678343,0.68678343,0.68678343
1691692838000,0.68676931,0.68676931,0.68676931
1691692839000,0.68676449,0.68676449,0.68676449
1691692840000,0.6867639,0.6867639,0.6867639
1691692841000,0.6867639,0.6867639,0.6867639
1691692842000,0.68676315,0.68676315,0.68676315
1691692843000,0.68676204,0.68676204,0.68676204
1691692844000,0.68676204,0.68676204,0.68676204
1691692845000,0.68676008,0.68676008,0.68676008
1691692846000,0.68676011,0.68676011,0.68676011
1691692847000,0.68676011,0.68676011,0.68676011
1691692848000,0.68676034,0.68676034,0.68676034
1691692849000,0.68676111,0.68676111,0.68676111
1691692850000,0.68676111,0.68676111,0.68676111
1691692851000,0.68675822,0.68675822,0.68675822
1691692852000,0.68675747,0.68675747,0.68675747
1691692853000,0.6866805,0.6866805,0.6866805
1691692854000,0.68666603,0.68666603,0.68666603
1691692855000,0.68666494,0.68666494,0.68666494
1691692856000,0.68664993,0.68664993,0.68664993
1691692857000,0.68654909,0.68654909,0.68654909
1691692858000,0.68653722,0.68653722,0.68653722
1691692859000,0.68653722,0.68653722,0.68653722
1691692860000,0.68649449,0.68649449,0.68649449
1691692861000,0.68649449,0.68649449,0.68649449
1691692862000,0.68648645,0.68648645,0.68648645
1691692863000,0.68648645,0.68648645,0.68648645
1691692864000,0.68648655,0.68648655,0.68648655
1691692865000,0.68648655,0.68648655,0.68648655
1691692866000,0.68648655,0.68648655,0.68648655
1691692867000,0.68648387,0.68648387,0.68648387
1691692868000,0.68648313,0.68648313,0.68648313
1691692869000,0.6864187,0.6864187,0.6864187
1691692870000,0.6864187,0.6864187,0.6864187
1691692871000,0.68641866,0.68641866,0.68641866
1691692872000,0.68641866,0.68641866,0.68641866
1691692873000,0.6864188,0.6864188,0.6864188
1691692874000,0.6864188,0.6864188,0.6864188
1691692875000,0.6864188,0.6864188,0.6864188
1691692876000,0.6864188,0.6864188,0.6864188
1691692877000,0.6864188,0.6864188,0.6864188
1691692878000,0.6865,0.6865,0.6865
1691692879000,0.68641821,0.68641821,0.68641821
1691692880000,0.68641821,0.68641821,0.68641821
1691692881000,0.68641895,0.68641895,0.68641895
1691692882000,0.68641895,0.68641895,0.68641895
1691692883000,0.6865,0.6865,0.6865
1691692884000,0.6865,0.6865,0.6865
1691692885000,0.6865,0.6865,0.6865
1691692886000,0.68650499,0.68650499,0.68650499
1691692887000,0.68650499,0.68650499,0.68650499
1691692888000,0.68650424,0.68650424,0.68650424
1691692889000,0.68650395,0.68650395,0.68650395
1691692890000,0.68650395,0.68650395,0.68650395
1691692891000,0.68650395,0.68650395,0.68650395
1691692892000,0.68651703,0.68651703,0.68651703
1691692893000,0.68651703,0.68651703,0.68651703
1691692894000,0.686517,0.686517,0.686517
1691692895000,0.686516,0.686516,0.686516
1691692896000,0.686516,0.686516,0.686516
1691692897000,0.686516,0.686516,0.686516
1691692898000,0.686516,0.686516,0.686516
1691692899000,0.6866,0.6866,0.6866
1691692900000,0.68660026,0.68660026,0.68660026
1691692901000,0.68660023,0.68660023,0.68660023
1691692902000,0.6867,0.6867,0.6867
1691692903000,0.6867,0.6867,0.6867
1691692904000,0.6867,0.6867,0.6867
1691692905000,0.6867,0.6867,0.6867
1691692906000,0.6867,0.6867,0.6867
1691692907000,0.6867,0.6867,0.6867
1691692908000,0.6867,0.6867,0.6867
1691692909000,0.6867,0.6867,0.6867
1691692910000,0.6867,0.6867,0.6867
1691692911000,0.6867,0.6867,0.6867
1691692912000,0.6867,0.6867,0.6867
1691692913000,0.6867,0.6867,0.6867
1691692914000,0.6867,0.6867,0.6867
1691692915000,0.6867,0.6867,0.6867
1691692916000,0.6867,0.6867,0.6867
1691692917000,0.6867,0.6867,0.6867
1691692918000,0.6867,0.6867,0.6867
1691692919000,0.6867,0.6867,0.6867
1691692920000,0.6867,0.6867,0.6867
1691692921000,0.6867,0.6867,0.6867
1691692922000,0.6866,0.6866,0.6866
1691692923000,0.6866,0.6866,0.6866
1691692924000,0.6866,0.6866,0.6866
1691692925000,0.68660854,0.68660854,0.68660854
1691692926000,0.68660854,0.68660854,0.68660854
1691692927000,0.68660777,0.68660777,0.68660777
1691692928000,0.68660769,0.68660769,0.68660769
1691692929000,0.68660844,0.68660844,0.68660844
1691692930000,0.68660749,0.68660749,0.68660749
1691692931000,0.68661323,0.68661323,0.68661323
1691692932000,0.68661323,0.68661323,0.68661323
1691692933000,0.68661323,0.68661323,0.68661323
1691692934000,0.68661152,0.68661152,0.68661152
1691692935000,0.68661152,0.68661152,0.68661152
1691692936000,0.68661051,0.68661051,0.68661051
1691692937000,0.68661051,0.68661051,0.68661051
1691692938000,0.6867,0.6867,0.6867
1691692939000,0.6867,0.6867,0.6867
1691692940000,0.6867,0.6867,0.6867
1691692941000,0.6867,0.6867,0.6867
1691692942000,0.6867,0.6867,0.6867
1691692943000,0.686612,0.686612,0.686612
1691692944000,0.686612,0.686612,0.686612
1691692945000,0.68661148,0.68661148,0.68661148
1691692946000,0.68661331,0.68661331,0.68661331
1691692947000,0.68661328,0.68661328,0.68661328
1691692948000,0.68661402,0.68661402,0.68661402
1691692949000,0.68661402,0.68661402,0.68661402
1691692950000,0.68663981,0.68663981,0.68663981
1691692951000,0.68663981,0.68663981,0.68663981
1691692952000,0.68663812,0.68663812,0.68663812
1691692953000,0.68663812,0.68663812,0.68663812
1691692954000,0.68662508,0.68662508,0.68662508
1691692955000,0.68662511,0.68662511,0.68662511
1691692956000,0.68662278,0.68662278,0.68662278
1691692957000,0.68662278,0.68662278,0.68662278
1691692958000,0.68662278,0.68662278,0.68662278
1691692959000,0.68662278,0.68662278,0.68662278
1691692960000,0.68662275,0.68662275,0.68662275
1691692961000,0.68657623,0.68657623,0.68657623
1691692962000,0.6866,0.6866,0.6866
1691692963000,0.6866,0.6866,0.6866
1691692964000,0.68656318,0.68656318,0.68656318
1691692965000,0.68656318,0.68656318,0.68656318
1691692966000,0.68652068,0.68652068,0.68652068
1691692967000,0.68651727,0.68651727,0.68651727
1691692968000,0.68651724,0.68651724,0.68651724
1691692969000,0.68651724,0.68651724,0.68651724
1691692970000,0.68651649,0.68651649,0.68651649
1691692971000,0.68651629,0.68651629,0.68651629
1691692972000,0.68651481,0.68651481,0.68651481
1691692973000,0.68651406,0.68651406,0.68651406
1691692974000,0.68651406,0.68651406,0.68651406
1691692975000,0.68651406,0.68651406,0.68651406
1691692976000,0.68651312,0.68651312,0.68651312
1691692977000,0.68651386,0.68651386,0.68651386
1691692978000,0.68651224,0.68651224,0.68651224
1691692979000,0.6865,0.6865,0.6865
1691692980000,0.6865,0.6865,0.6865
1691692981000,0.68637311,0.68637311,0.68637311
1691692982000,0.68637259,0.68637259,0.68637259
1691692983000,0.68636736,0.68636736,0.68636736
1691692984000,0.68636736,0.68636736,0.68636736
1691692985000,0.68636733,0.68636733,0.68636733
1691692986000,0.68636335,0.68636335,0.68636335
1691692987000,0.68636335,0.68636335,0.68636335
1691692988000,0.68636335,0.68636335,0.68636335
1691692989000,0.68636118,0.68636118,0.68636118
1691692990000,0.68636118,0.68636118,0.68636118
1691692991000,0.68636118,0.68636118,0.68636118
1691692992000,0.68636118,0.68636118,0.68636118
1691692993000,0.68636151,0.68636151,0.68636151
1691692994000,0.68635573,0.68635573,0.68635573
1691692995000,0.68635573,0.68635573,0.68635573
1691692996000,0.68630765,0.68630765,0.68630765
1691692997000,0.68630558,0.68630558,0.68630558
1691692998000,0.68630555,0.68630555,0.68630555
1691692999000,0.68630555,0.68630555,0.68630555
1691693000000,0.68630533,0.68630533,0.68630533
1691693001000,0.68630533,0.68630533,0.68630533
1691693002000,0.68630413,0.68630413,0.68630413
1691693003000,0.68630413,0.68630413,0.68630413
1691693004000,0.68630417,0.68630417,0.68630417
1691693005000,0.68630396,0.68630396,0.68630396
1691693006000,0.68630396,0.68630396,0.68630396
1691693007000,0.68630317,0.68630317,0.68630317
1691693008000,0.68630321,0.68630321,0.68630321
1691693009000,0.68635407,0.68635407,0.68635407
1691693010000,0.68635407,0.68635407,0.68635407
1691693011000,0.68635457,0.68635457,0.68635457
1691693012000,0.68635483,0.68635483,0.68635483
1691693013000,0.6864,0.6864,0.6864
1691693014000,0.6864,0.6864,0.6864
1691693015000,0.6864,0.6864,0.6864
1691693016000,0.6864,0.6864,0.6864
1691693017000,0.6864,0.6864,0.6864
1691693018000,0.6864,0.6864,0.6864
1691693019000,0.6864,0.6864,0.6864
1691693020000,0.6864,0.6864,0.6864
1691693021000,0.6864,0.6864,0.6864
1691693022000,0.6864,0.6864,0.6864
1691693023000,0.6865,0.6865,0.6865
1691693024000,0.6865,0.6865,0.6865
1691693025000,0.6865,0.6865,0.6865
1691693026000,0.6864,0.6864,0.6864
1691693027000,0.6864,0.6864,0.6864
1691693028000,0.6864,0.6864,0.6864
1691693029000,0.6864,0.6864,0.6864
1691693030000,0.6864,0.6864,0.6864
1691693031000,0.6865,0.6865,0.6865
1691693032000,0.6865,0.6865,0.6865
1691693033000,0.6865,0.6865,0.6865
1691693034000,0.6865,0.6865,0.6865
1691693035000,0.6865,0.6865,0.6865
1691693036000,0.6865,0.6865,0.6865
1691693037000,0.6865,0.6865,0.6865
1691693038000,0.6865,0.6865,0.6865
1691693039000,0.6865,0.6865,0.6865
1691693040000,0.6865,0.6865,0.6865
1691693041000,0.6865,0.6865,0.6865
1691693042000,0.6865,0.6865,0.6865
1691693043000,0.6864,0.6864,0.6864
1691693044000,0.6864,0.6864,0.6864
1691693045000,0.6864,0.6864,0.6864
1691693046000,0.6865,0.6865,0.6865
1691693047000,0.6864,0.6864,0.6864
1691693048000,0.6865,0.6865,0.6865
1691693049000,0.6865,0.6865,0.6865
1691693050000,0.6865,0.6865,0.6865
1691693051000,0.6865,0.6865,0.6865
1691693052000,0.6865,0.6865,0.6865
1691693053000,0.6865,0.6865,0.6865
1691693054000,0.6865,0.6865,0.6865
1691693055000,0.6864,0.6864,0.6864
1691693056000,0.6864,0.6864,0.6864
1691693057000,0.6864,0.6864,0.6864
1691693058000,0.6864,0.6864,0.6864
1691693059000,0.6864,0.6864,0.6864
1691693060000,0.6864,0.6864,0.6864
1691693061000,0.6864,0.6864,0.6864
1691693062000,0.6864,0.6864,0.6864
1691693063000,0.6864,0.6864,0.6864
1691693064000,0.6864,0.6864,0.6864
1691693065000,0.6864,0.6864,0.6864
1691693066000,0.6864,0.6864,0.6864
1691693067000,0.68637299,0.68637299,0.68637299
1691693068000,0.6864,0.6864,0.6864
1691693069000,0.6864,0.6864,0.6864
1691693070000,0.6864,0.6864,0.6864
1691693071000,0.6864,0.6864,0.6864
1691693072000,0.6864,0.6864,0.6864
1691693073000,0.6863562,0.6863562,0.6863562
1691693074000,0.68637206,0.68637206,0.68637206
1691693075000,0.68637209,0.68637209,0.68637209
1691693076000,0.68637209,0.68637209,0.68637209
1691693077000,0.68637058,0.68637058,0.68637058
1691693078000,0.68637055,0.68637055,0.68637055
1691693079000,0.68637055,0.68637055,0.68637055
1691693080000,0.68636822,0.68636822,0.68636822
1691693081000,0.68636822,0.68636822,0.68636822
1691693082000,0.68636819,0.68636819,0.68636819
1691693083000,0.68636682,0.68636682,0.68636682
1691693084000,0.68636682,0.68636682,0.68636682
1691693085000,0.68636835,0.68636835,0.68636835
1691693086000,0.68636839,0.68636839,0.68636839
1691693087000,0.68636925,0.68636925,0.68636925
1691693088000,0.68636785,0.68636785,0.68636785
1691693089000,0.68636677,0.68636677,0.68636677
1691693090000,0.68636677,0.68636677,0.68636677
1691693091000,0.6864,0.6864,0.6864
1691693092000,0.6864,0.6864,0.6864
1691693093000,0.6864,0.6864,0.6864
1691693094000,0.6864,0.6864,0.6864
1691693095000,0.6864,0.6864,0.6864
1691693096000,0.68636528,0.68636528,0.68636528
1691693097000,0.68636443,0.68636443,0.68636443
1691693098000,0.68636443,0.68636443,0.68636443
1691693099000,0.6863665,0.6863665,0.6863665
1691693100000,0.6864,0.6864,0.6864
1691693101000,0.6864,0.6864,0.6864
1691693102000,0.6864,0.6864,0.6864
1691693103000,0.6864,0.6864,0.6864
1691693104000,0.6864,0.6864,0.6864
1691693105000,0.6864,0.6864,0.6864
1691693106000,0.6864,0.6864,0.6864
1691693107000,0.6864,0.6864,0.6864
1691693108000,0.6864,0.6864,0.6864
1691693109000,0.6864,0.6864,0.6864
1691693110000,0.6864,0.6864,0.6864
1691693111000,0.6864,0.6864,0.6864
1691693112000,0.68637182,0.68637182,0.68637182
1691693113000,0.68637182,0.68637182,0.68637182
1691693114000,0.68637152,0.68637152,0.68637152
1691693115000,0.68632152,0.68632152,0.68632152
1691693116000,0.6864,0.6864,0.6864
1691693117000,0.6864,0.6864,0.6864
1691693118000,0.6863206,0.6863206,0.6863206
1691693119000,0.6864,0.6864,0.6864
1691693120000,0.6864,0.6864,0.6864
1691693121000,0.6864,0.6864,0.6864
1691693122000,0.6864,0.6864,0.6864
1691693123000,0.68631989,0.68631989,0.68631989
1691693124000,0.6864,0.6864,0.6864
1691693125000,0.6864,0.6864,0.6864
1691693126000,0.6864,0.6864,0.6864
1691693127000,0.68632207,0.68632207,0.68632207
1691693128000,0.68632207,0.68632207,0.68632207
1691693129000,0.68632207,0.68632207,0.68632207
1691693130000,0.68632057,0.68632057,0.68632057
1691693131000,0.68632057,0.68632057,0.68632057
1691693132000,0.68624649,0.68624649,0.68624649
1691693133000,0.68624653,0.68624653,0.68624653
1691693134000,0.68624653,0.68624653,0.68624653
1691693135000,0.68624585,0.68624585,0.68624585
1691693136000,0.68624589,0.68624589,0.68624589
1691693137000,0.6863,0.6863,0.6863
1691693138000,0.6863,0.6863,0.6863
1691693139000,0.6863,0.6863,0.6863
1691693140000,0.6863,0.6863,0.6863
1691693141000,0.6863,0.6863,0.6863
1691693142000,0.6863,0.6863,0.6863
1691693143000,0.6863,0.6863,0.6863
1691693144000,0.6863,0.6863,0.6863
1691693145000,0.6863,0.6863,0.6863
1691693146000,0.6863,0.6863,0.6863
1691693147000,0.6864,0.6864,0.6864
1691693148000,0.6863,0.6863,0.6863
1691693149000,0.6863,0.6863,0.6863
1691693150000,0.6863,0.6863,0.6863
1691693151000,0.6863,0.6863,0.6863
1691693152000,0.6863,0.6863,0.6863
1691693153000,0.6863,0.6863,0.6863
1691693154000,0.68631683,0.68631683,0.68631683
1691693155000,0.68632657,0.68632657,0.68632657
1691693156000,0.6863,0.6863,0.6863
1691693157000,0.6863,0.6863,0.6863
1691693158000,0.6863,0.6863,0.6863
1691693159000,0.6863,0.6863,0.6863
1691693160000,0.6863,0.6863,0.6863
1691693161000,0.6863,0.6863,0.6863
1691693162000,0.68623565,0.68623565,0.68623565
1691693163000,0.6863,0.6863,0.6863
1691693164000,0.6863,0.6863,0.6863
1691693165000,0.686241,0.686241,0.686241
1691693166000,0.6863,0.6863,0.6863
1691693167000,0.6863,0.6863,0.6863
1691693168000,0.6863,0.6863,0.6863
1691693169000,0.68623903,0.68623903,0.68623903
1691693170000,0.686239,0.686239,0.686239
1691693171000,0.68624025,0.68624025,0.68624025
1691693172000,0.68624025,0.68624025,0.68624025
1691693173000,0.68624025,0.68624025,0.68624025
1691693174000,0.6863,0.6863,0.6863
1691693175000,0.6863,0.6863,0.6863
1691693176000,0.6863,0.6863,0.6863
1691693177000,0.6863,0.6863,0.6863
1691693178000,0.6863,0.6863,0.6863
1691693179000,0.6863,0.6863,0.6863
1691693180000,0.6863,0.6863,0.6863
1691693181000,0.6863,0.6863,0.6863
1691693182000,0.68623867,0.68623867,0.68623867
1691693183000,0.68623867,0.68623867,0.68623867
1691693184000,0.68623781,0.68623781,0.68623781
1691693185000,0.68623781,0.68623781,0.68623781
1691693186000,0.6862,0.6862,0.6862
1691693187000,0.6862,0.6862,0.6862
1691693188000,0.6863,0.6863,0.6863
1691693189000,0.6863,0.6863,0.6863
1691693190000,0.6863,0.6863,0.6863
1691693191000,0.6863,0.6863,0.6863
1691693192000,0.6863,0.6863,0.6863
1691693193000,0.6863,0.6863,0.6863
1691693194000,0.6863,0.6863,0.6863
1691693195000,0.6863,0.6863,0.6863
1691693196000,0.6863,0.6863,0.6863
1691693197000,0.6863,0.6863,0.6863
1691693198000,0.68622062,0.68622062,0.68622062
1691693199000,0.68622104,0.68622104,0.68622104
1691693200000,0.68622104,0.68622104,0.68622104
1691693201000,0.68622104,0.68622104,0.68622104
1691693202000,0.68622018,0.68622018,0.68622018
1691693203000,0.68622018,0.68622018,0.68622018
1691693204000,0.68622083,0.68622083,0.68622083
1691693205000,0.68622083,0.68622083,0.68622083
1691693206000,0.68622083,0.68622083,0.68622083
1691693207000,0.68622083,0.68622083,0.68622083
1691693208000,0.68622135,0.68622135,0.68622135
1691693209000,0.6863,0.6863,0.6863
1691693210000,0.6863,0.6863,0.6863
1691693211000,0.6863,0.6863,0.6863
1691693212000,0.6863,0.6863,0.6863
1691693213000,0.6862051,0.6862051,0.6862051
1691693214000,0.6862,0.6862,0.6862
1691693215000,0.6862,0.6862,0.6862
1691693216000,0.6862,0.6862,0.6862
1691693217000,0.6863,0.6863,0.6863
1691693218000,0.6863,0.6863,0.6863
1691693219000,0.6863,0.6863,0.6863
1691693220000,0.6863,0.6863,0.6863
1691693221000,0.6863,0.6863,0.6863
1691693222000,0.6863,0.6863,0.6863
1691693223000,0.6863,0.6863,0.6863
1691693224000,0.6863,0.6863,0.6863
1691693225000,0.6863,0.6863,0.6863
1691693226000,0.6862,0.6862,0.6862
1691693227000,0.6862,0.6862,0.6862
1691693228000,0.6862,0.6862,0.6862
1691693229000,0.68620597,0.68620597,0.68620597
1691693230000,0.68620597,0.68620597,0.68620597
1691693231000,0.68620597,0.68620597,0.68620597
1691693232000,0.68620864,0.68620864,0.68620864
1691693233000,0.68620864,0.68620864,0.68620864
1691693234000,0.68620864,0.68620864,0.68620864
1691693235000,0.68620864,0.68620864,0.68620864
1691693236000,0.68620864,0.68620864,0.68620864
1691693237000,0.68620022,0.68620022,0.68620022
1691693238000,0.68620022,0.68620022,0.68620022
1691693239000,0.68620022,0.68620022,0.68620022
1691693240000,0.68620022,0.68620022,0.68620022
1691693241000,0.68620022,0.68620022,0.68620022
1691693242000,0.6862,0.6862,0.6862
1691693243000,0.6862,0.6862,0.6862
1691693244000,0.68620006,0.68620006,0.68620006
1691693245000,0.6862,0.6862,0.6862
1691693246000,0.6862,0.6862,0.6862
1691693247000,0.68625003,0.68625003,0.68625003
1691693248000,0.68625011,0.68625011,0.68625011
1691693249000,0.6861313,0.6861313,0.6861313
1691693250000,0.6861313,0.6861313,0.6861313
1691693251000,0.6862,0.6862,0.6862
1691693252000,0.6862,0.6862,0.6862
1691693253000,0.6862,0.6862,0.6862
1691693254000,0.6863,0.6863,0.6863
1691693255000,0.6862,0.6862,0.6862
1691693256000,0.6863,0.6863,0.6863
1691693257000,0.6863,0.6863,0.6863
1691693258000,0.6863,0.6863,0.6863
1691693259000,0.6863,0.6863,0.6863
1691693260000,0.6863,0.6863,0.6863
1691693261000,0.6863,0.6863,0.6863
1691693262000,0.6864,0.6864,0.6864
1691693263000,0.6864,0.6864,0.6864
1691693264000,0.6863,0.6863,0.6863
1691693265000,0.6863,0.6863,0.6863
1691693266000,0.6863,0.6863,0.6863
1691693267000,0.6864,0.6864,0.6864
1691693268000,0.6864,0.6864,0.6864
1691693269000,0.6864,0.6864,0.6864
1691693270000,0.6864,0.6864,0.6864
1691693271000,0.6864,0.6864,0.6864
1691693272000,0.6864,0.6864,0.6864
1691693273000,0.6864,0.6864,0.6864
1691693274000,0.6864,0.6864,0.6864
1691693275000,0.6867,0.6867,0.6867
1691693276000,0.6867,0.6867,0.6867
1691693277000,0.6867,0.6867,0.6867
1691693278000,0.6867,0.6867,0.6867
1691693279000,0.6867,0.6867,0.6867
1691693280000,0.6867,0.6867,0.6867
1691693281000,0.6867,0.6867,0.6867
1691693282000,0.6867,0.6867,0.6867
1691693283000,0.6867,0.6867,0.6867
1691693284000,0.6867,0.6867,0.6867
1691693285000,0.6867,0.6867,0.6867
1691693286000,0.6867,0.6867,0.6867
1691693287000,0.6867,0.6867,0.6867
1691693288000,0.6867,0.6867,0.6867
1691693289000,0.6867,0.6867,0.6867
1691693290000,0.6867,0.6867,0.6867
1691693291000,0.68662342,0.68662342,0.68662342
1691693292000,0.68661816,0.68661816,0.68661816
1691693293000,0.68661819,0.68661819,0.68661819
1691693294000,0.68661816,0.68661816,0.68661816
1691693295000,0.6867,0.6867,0.6867
1691693296000,0.6867,0.6867,0.6867
1691693297000,0.68661901,0.68661901,0.68661901
1691693298000,0.68662216,0.68662216,0.68662216
1691693299000,0.68662216,0.68662216,0.68662216
1691693300000,0.6866222,0.6866222,0.6866222
1691693301000,0.6866222,0.6866222,0.6866222
1691693302000,0.6867,0.6867,0.6867
1691693303000,0.6867,0.6867,0.6867
1691693304000,0.6867,0.6867,0.6867
1691693305000,0.6867,0.6867,0.6867
1691693306000,0.6867,0.6867,0.6867
1691693307000,0.6866,0.6866,0.6866
1691693308000,0.68657449,0.68657449,0.68657449
1691693309000,0.68657604,0.68657604,0.68657604
1691693310000,0.68657604,0.68657604,0.68657604
1691693311000,0.68657604,0.68657604,0.68657604
1691693312000,0.68657604,0.68657604,0.68657604
1691693313000,0.68657604,0.68657604,0.68657604
1691693314000,0.68657604,0.68657604,0.68657604
1691693315000,0.68657666,0.68657666,0.68657666
1691693316000,0.68657666,0.68657666,0.68657666
1691693317000,0.68657666,0.68657666,0.68657666
1691693318000,0.68657666,0.68657666,0.68657666
1691693319000,0.68657666,0.68657666,0.68657666
1691693320000,0.68657239,0.68657239,0.68657239
1691693321000,0.68657239,0.68657239,0.68657239
1691693322000,0.68657235,0.68657235,0.68657235
1691693323000,0.6867,0.6867,0.6867
1691693324000,0.6867,0.6867,0.6867
1691693325000,0.6867,0.6867,0.6867
1691693326000,0.68662555,0.68662555,0.68662555
1691693327000,0.68662555,0.68662555,0.68662555
1691693328000,0.68662555,0.68662555,0.68662555
1691693329000,0.68662555,0.68662555,0.68662555
1691693330000,0.68662038,0.68662038,0.68662038
1691693331000,0.68662052,0.68662052,0.68662052
1691693332000,0.68661966,0.68661966,0.68661966
1691693333000,0.6866197,0.6866197,0.6866197
1691693334000,0.68662052,0.68662052,0.68662052
1691693335000,0.68662052,0.68662052,0.68662052
1691693336000,0.68657055,0.68657055,0.68657055
1691693337000,0.68656877,0.68656877,0.68656877
1691693338000,0.6866,0.6866,0.6866
1691693339000,0.6866,0.6866,0.6866
1691693340000,0.68656124,0.68656124,0.68656124
1691693341000,0.68656874,0.68656874,0.68656874
1691693342000,0.68656647,0.68656647,0.68656647
1691693343000,0.68656644,0.68656644,0.68656644
1691693344000,0.68656647,0.68656647,0.68656647
1691693345000,0.68632478,0.68632478,0.68632478
1691693346000,0.6863195,0.6863195,0.6863195
1691693347000,0.68631782,0.68631782,0.68631782
1691693348000,0.68631462,0.68631462,0.68631462
1691693349000,0.68631462,0.68631462,0.68631462
1691693350000,0.68630697,0.68630697,0.68630697
1691693351000,0.68630697,0.68630697,0.68630697
1691693352000,0.68630694,0.68630694,0.68630694
1691693353000,0.68630395,0.68630395,0.68630395
1691693354000,0.68628895,0.68628895,0.68628895
1691693355000,0.68628743,0.68628743,0.68628743
1691693356000,0.68628743,0.68628743,0.68628743
1691693357000,0.68628743,0.68628743,0.68628743
1691693358000,0.68628743,0.68628743,0.68628743
1691693359000,0.68628726,0.68628726,0.68628726
1691693360000,0.6862891,0.6862891,0.6862891
1691693361000,0.68628824,0.68628824,0.68628824
1691693362000,0.68628824,0.68628824,0.68628824
1691693363000,0.68628827,0.68628827,0.68628827
1691693364000,0.6862872,0.6862872,0.6862872
1691693365000,0.68628528,0.68628528,0.68628528
1691693366000,0.68628525,0.68628525,0.68628525
1691693367000,0.68628525,0.68628525,0.68628525
1691693368000,0.68623525,0.68623525,0.68623525
1691693369000,0.68623525,0.68623525,0.68623525
1691693370000,0.6862357,0.6862357,0.6862357
1691693371000,0.68623544,0.68623544,0.68623544
1691693372000,0.68623544,0.68623544,0.68623544
1691693373000,0.68627959,0.68627959,0.68627959
1691693374000,0.68627959,0.68627959,0.68627959
1691693375000,0.68628148,0.68628148,0.68628148
1691693376000,0.68628073,0.68628073,0.68628073
1691693377000,0.68628073,0.68628073,0.68628073
1691693378000,0.68631488,0.68631488,0.68631488
1691693379000,0.68631488,0.68631488,0.68631488
1691693380000,0.68631488,0.68631488,0.68631488
1691693381000,0.6863,0.6863,0.6863
1691693382000,0.6863,0.6863,0.6863
1691693383000,0.6863,0.6863,0.6863
1691693384000,0.6863,0.6863,0.6863
1691693385000,0.6863,0.6863,0.6863
1691693386000,0.6863,0.6863,0.6863
1691693387000,0.6863,0.6863,0.6863
1691693388000,0.6864,0.6864,0.6864
1691693389000,0.6864,0.6864,0.6864
1691693390000,0.6864,0.6864,0.6864
1691693391000,0.6864,0.6864,0.6864
1691693392000,0.6863,0.6863,0.6863
1691693393000,0.6863,0.6863,0.6863
1691693394000,0.68633405,0.68633405,0.68633405
1691693395000,0.68633405,0.68633405,0.68633405
1691693396000,0.6864,0.6864,0.6864
1691693397000,0.6864,0.6864,0.6864
1691693398000,0.6864,0.6864,0.6864
1691693399000,0.6864,0.6864,0.6864
1691693400000,0.6864,0.6864,0.6864
1691693401000,0.6864,0.6864,0.6864
1691693402000,0.6864,0.6864,0.6864
1691693403000,0.6864,0.6864,0.6864
1691693404000,0.6864,0.6864,0.6864
1691693405000,0.6864,0.6864,0.6864
1691693406000,0.68638933,0.68638933,0.68638933
1691693407000,0.68638884,0.68638884,0.68638884
1691693408000,0.68638694,0.68638694,0.68638694
1691693409000,0.68637941,0.68637941,0.68637941
1691693410000,0.68638026,0.68638026,0.68638026
1691693411000,0.68633026,0.68633026,0.68633026
1691693412000,0.68632918,0.68632918,0.68632918
1691693413000,0.68632832,0.68632832,0.68632832
1691693414000,0.68632819,0.68632819,0.68632819
1691693415000,0.68632905,0.68632905,0.68632905
1691693416000,0.68632905,0.68632905,0.68632905
1691693417000,0.6864,0.6864,0.6864
1691693418000,0.6864,0.6864,0.6864
1691693419000,0.6864,0.6864,0.6864
1691693420000,0.6864,0.6864,0.6864
1691693421000,0.6864,0.6864,0.6864
1691693422000,0.6864,0.6864,0.6864
1691693423000,0.68633004,0.68633004,0.68633004
1691693424000,0.6864,0.6864,0.6864
1691693425000,0.6864,0.6864,0.6864
1691693426000,0.6864,0.6864,0.6864
1691693427000,0.6864,0.6864,0.6864
1691693428000,0.6864,0.6864,0.6864
1691693429000,0.68632955,0.68632955,0.68632955
1691693430000,0.6864,0.6864,0.6864
1691693431000,0.6864,0.6864,0.6864
1691693432000,0.68633319,0.68633319,0.68633319
1691693433000,0.68633326,0.68633326,0.68633326
1691693434000,0.68633409,0.68633409,0.68633409
1691693435000,0.68633409,0.68633409,0.68633409
1691693436000,0.6864,0.6864,0.6864
1691693437000,0.6864,0.6864,0.6864
1691693438000,0.6864,0.6864,0.6864
1691693439000,0.6864,0.6864,0.6864
1691693440000,0.6864,0.6864,0.6864
1691693441000,0.68633632,0.68633632,0.68633632
1691693442000,0.68633794,0.68633794,0.68633794
1691693443000,0.68633709,0.68633709,0.68633709
1691693444000,0.68633709,0.68633709,0.68633709
1691693445000,0.68633709,0.68633709,0.68633709
1691693446000,0.68633798,0.68633798,0.68633798
1691693447000,0.68633464,0.68633464,0.68633464
1691693448000,0.68635936,0.68635936,0.68635936
1691693449000,0.6864,0.6864,0.6864
1691693450000,0.6864,0.6864,0.6864
1691693451000,0.6864,0.6864,0.6864
1691693452000,0.6864,0.6864,0.6864
1691693453000,0.6864,0.6864,0.6864
1691693454000,0.6864,0.6864,0.6864
1691693455000,0.68641332,0.68641332,0.68641332
1691693456000,0.68641332,0.68641332,0.68641332
1691693457000,0.68641332,0.68641332,0.68641332
1691693458000,0.68636225,0.68636225,0.68636225
1691693459000,0.6864,0.6864,0.6864
1691693460000,0.6864,0.6864,0.6864
1691693461000,0.68634808,0.68634808,0.68634808
1691693462000,0.68629722,0.68629722,0.68629722
1691693463000,0.68629474,0.68629474,0.68629474
1691693464000,0.68629266,0.68629266,0.68629266
1691693465000,0.68628569,0.68628569,0.68628569
1691693466000,0.6862813,0.6862813,0.6862813
1691693467000,0.6862313,0.6862313,0.6862313
1691693468000,0.6862313,0.6862313,0.6862313
1691693469000,0.68621376,0.68621376,0.68621376
1691693470000,0.68621376,0.68621376,0.68621376
1691693471000,0.68619126,0.68619126,0.68619126
1691693472000,0.6863,0.6863,0.6863
1691693473000,0.6863,0.6863,0.6863
1691693474000,0.6863,0.6863,0.6863
1691693475000,0.6864,0.6864,0.6864
1691693476000,0.6864,0.6864,0.6864
1691693477000,0.6864,0.6864,0.6864
1691693478000,0.6864,0.6864,0.6864
1691693479000,0.6864,0.6864,0.6864
1691693480000,0.6865,0.6865,0.6865
1691693481000,0.6865,0.6865,0.6865
1691693482000,0.6865,0.6865,0.6865
1691693483000,0.6865,0.6865,0.6865
1691693484000,0.6866,0.6866,0.6866
1691693485000,0.6866,0.6866,0.6866
1691693486000,0.6866,0.6866,0.6866
1691693487000,0.6866,0.6866,0.6866
1691693488000,0.6867,0.6867,0.6867
1691693489000,0.6867,0.6867,0.6867
1691693490000,0.6867,0.6867,0.6867
1691693491000,0.6867,0.6867,0.6867
1691693492000,0.6867,0.6867,0.6867
1691693493000,0.6867,0.6867,0.6867
1691693494000,0.6866,0.6866,0.6866
1691693495000,0.6866,0.6866,0.6866
1691693496000,0.6866,0.6866,0.6866
1691693497000,0.6866,0.6866,0.6866
1691693498000,0.6866,0.6866,0.6866
1691693499000,0.6866,0.6866,0.6866
1691693500000,0.6866,0.6866,0.6866
1691693501000,0.6866,0.6866,0.6866
1691693502000,0.6866,0.6866,0.6866
1691693503000,0.6866,0.6866,0.6866
1691693504000,0.6866,0.6866,0.6866
1691693505000,0.6866,0.6866,0.6866
1691693506000,0.6866,0.6866,0.6866
1691693507000,0.6866,0.6866,0.6866
1691693508000,0.6866,0.6866,0.6866
1691693509000,0.6866,0.6866,0.6866
1691693510000,0.68660238,0.68660238,0.68660238
1691693511000,0.68660241,0.68660241,0.68660241
1691693512000,0.68660238,0.68660238,0.68660238
1691693513000,0.68660268,0.68660268,0.68660268
1691693514000,0.68660268,0.68660268,0.68660268
1691693515000,0.68660205,0.68660205,0.68660205
1691693516000,0.68661619,0.68661619,0.68661619
1691693517000,0.68661619,0.68661619,0.68661619
1691693518000,0.68661619,0.68661619,0.68661619
1691693519000,0.68661461,0.68661461,0.68661461
1691693520000,0.68661464,0.68661464,0.68661464
1691693521000,0.68661464,0.68661464,0.68661464
1691693522000,0.68661461,0.68661461,0.68661461
1691693523000,0.68661461,0.68661461,0.68661461
1691693524000,0.68661381,0.68661381,0.68661381
1691693525000,0.68661381,0.68661381,0.68661381
1691693526000,0.68661445,0.68661445,0.68661445
1691693527000,0.68661448,0.68661448,0.68661448
1691693528000,0.68661448,0.68661448,0.68661448
1691693529000,0.68661448,0.68661448,0.68661448
1691693530000,0.6866,0.6866,0.6866
1691693531000,0.6866,0.6866,0.6866
1691693532000,0.6866,0.6866,0.6866
1691693533000,0.6866,0.6866,0.6866
1691693534000,0.6866,0.6866,0.6866
1691693535000,0.6866,0.6866,0.6866
1691693536000,0.68654774,0.68654774,0.68654774
1691693537000,0.68654774,0.68654774,0.68654774
1691693538000,0.68654774,0.68654774,0.68654774
1691693539000,0.68658524,0.68658524,0.68658524
1691693540000,0.68658524,0.68658524,0.68658524
1691693541000,0.68656591,0.68656591,0.68656591
1691693542000,0.6865572,0.6865572,0.6865572
1691693543000,0.6865572,0.6865572,0.6865572
1691693544000,0.6865572,0.6865572,0.6865572
1691693545000,0.6865572,0.6865572,0.6865572
1691693546000,0.68655716,0.68655716,0.68655716
1691693547000,0.68654791,0.68654791,0.68654791
1691693548000,0.68654705,0.68654705,0.68654705
1691693549000,0.68654705,0.68654705,0.68654705
1691693550000,0.68654522,0.68654522,0.68654522
1691693551000,0.68659522,0.68659522,0.68659522
1691693552000,0.68659586,0.68659586,0.68659586
1691693553000,0.68659586,0.68659586,0.68659586
1691693554000,0.68659671,0.68659671,0.68659671
1691693555000,0.68659671,0.68659671,0.68659671
1691693556000,0.68659582,0.68659582,0.68659582
1691693557000,0.68659582,0.68659582,0.68659582
1691693558000,0.68659241,0.68659241,0.68659241
1691693559000,0.68659327,0.68659327,0.68659327
1691693560000,0.68659327,0.68659327,0.68659327
1691693561000,0.68659409,0.68659409,0.68659409
1691693562000,0.68659409,0.68659409,0.68659409
1691693563000,0.68659103,0.68659103,0.68659103
1691693564000,0.68659017,0.68659017,0.68659017
1691693565000,0.68659017,0.68659017,0.68659017
1691693566000,0.68659017,0.68659017,0.68659017
1691693567000,0.68659103,0.68659103,0.68659103
1691693568000,0.68659103,0.68659103,0.68659103
1691693569000,0.68658916,0.68658916,0.68658916
1691693570000,0.68658998,0.68658998,0.68658998
1691693571000,0.6866,0.6866,0.6866
1691693572000,0.6866,0.6866,0.6866
1691693573000,0.6866,0.6866,0.6866
1691693574000,0.6866,0.6866,0.6866
1691693575000,0.68658731,0.68658731,0.68658731
1691693576000,0.68658731,0.68658731,0.68658731
1691693577000,0.68658731,0.68658731,0.68658731
1691693578000,0.6866,0.6866,0.6866
1691693579000,0.6866,0.6866,0.6866
1691693580000,0.6866,0.6866,0.6866
1691693581000,0.6866,0.6866,0.6866
1691693582000,0.6866,0.6866,0.6866
1691693583000,0.6866,0.6866,0.6866
1691693584000,0.6866,0.6866,0.6866
1691693585000,0.6866,0.6866,0.6866
1691693586000,0.6866,0.6866,0.6866
1691693587000,0.6866,0.6866,0.6866
1691693588000,0.6866,0.6866,0.6866
1691693589000,0.6866,0.6866,0.6866
1691693590000,0.6866,0.6866,0.6866
1691693591000,0.68654224,0.68654224,0.68654224
1691693592000,0.68654224,0.68654224,0.68654224
1691693593000,0.68654224,0.68654224,0.68654224
1691693594000,0.6865,0.6865,0.6865
1691693595000,0.6865,0.6865,0.6865
1691693596000,0.6865,0.6865,0.6865
1691693597000,0.6865,0.6865,0.6865
1691693598000,0.6865,0.6865,0.6865
1691693599000,0.6865,0.6865,0.6865
1691693600000,0.6865,0.6865,0.6865
1691693601000,0.6865,0.6865,0.6865
1691693602000,0.68648687,0.68648687,0.68648687
1691693603000,0.68648773,0.68648773,0.68648773
1691693604000,0.6865,0.6865,0.6865
1691693605000,0.68648773,0.68648773,0.68648773
1691693606000,0.68649523,0.68649523,0.68649523
1691693607000,0.6864925,0.6864925,0.6864925
1691693608000,0.6865425,0.6865425,0.6865425
1691693609000,0.6865425,0.6865425,0.6865425
1691693610000,0.6865425,0.6865425,0.6865425
1691693611000,0.6865428,0.6865428,0.6865428
1691693612000,0.6865428,0.6865428,0.6865428
1691693613000,0.68654135,0.68654135,0.68654135
1691693614000,0.68654139,0.68654139,0.68654139
1691693615000,0.68654139,0.68654139,0.68654139
1691693616000,0.68654139,0.68654139,0.68654139
1691693617000,0.68654225,0.68654225,0.68654225
1691693618000,0.68653997,0.68653997,0.68653997
1691693619000,0.68653912,0.68653912,0.68653912
1691693620000,0.68653912,0.68653912,0.68653912
1691693621000,0.68653912,0.68653912,0.68653912
1691693622000,0.68653912,0.68653912,0.68653912
1691693623000,0.68653912,0.68653912,0.68653912
1691693624000,0.68654015,0.68654015,0.68654015
1691693625000,0.68654015,0.68654015,0.68654015
1691693626000,0.68654019,0.68654019,0.68654019
1691693627000,0.68654012,0.68654012,0.68654012
1691693628000,0.68654015,0.68654015,0.68654015
1691693629000,0.68653787,0.68653787,0.68653787
1691693630000,0.68653787,0.68653787,0.68653787
1691693631000,0.68653787,0.68653787,0.68653787
1691693632000,0.68653802,0.68653802,0.68653802
1691693633000,0.68653805,0.68653805,0.68653805
1691693634000,0.68653805,0.68653805,0.68653805
1691693635000,0.68653736,0.68653736,0.68653736
1691693636000,0.68653736,0.68653736,0.68653736
1691693637000,0.68653736,0.68653736,0.68653736
1691693638000,0.68653601,0.68653601,0.68653601
1691693639000,0.68653328,0.68653328,0.68653328
1691693640000,0.68652971,0.68652971,0.68652971
1691693641000,0.68652967,0.68652967,0.68652967
1691693642000,0.68652967,0.68652967,0.68652967
1691693643000,0.68652937,0.68652937,0.68652937
1691693644000,0.68652937,0.68652937,0.68652937
1691693645000,0.68647941,0.68647941,0.68647941
1691693646000,0.68648055,0.68648055,0.68648055
1691693647000,0.68648071,0.68648071,0.68648071
1691693648000,0.68648074,0.68648074,0.68648074
1691693649000,0.68648071,0.68648071,0.68648071
1691693650000,0.68648071,0.68648071,0.68648071
1691693651000,0.68648085,0.68648085,0.68648085
1691693652000,0.68648126,0.68648126,0.68648126
1691693653000,0.68648126,0.68648126,0.68648126
1691693654000,0.6864804,0.6864804,0.6864804
1691693655000,0.68648126,0.68648126,0.68648126
1691693656000,0.68648126,0.68648126,0.68648126
1691693657000,0.68647955,0.68647955,0.68647955
1691693658000,0.6865,0.6865,0.6865
1691693659000,0.6865,0.6865,0.6865
1691693660000,0.6865,0.6865,0.6865
1691693661000,0.6865,0.6865,0.6865
1691693662000,0.6865,0.6865,0.6865
1691693663000,0.6865,0.6865,0.6865
1691693664000,0.6865,0.6865,0.6865
1691693665000,0.6865,0.6865,0.6865
1691693666000,0.6865,0.6865,0.6865
1691693667000,0.6865,0.6865,0.6865
1691693668000,0.6865,0.6865,0.6865
1691693669000,0.6865,0.6865,0.6865
1691693670000,0.68648147,0.68648147,0.68648147
1691693671000,0.68648143,0.68648143,0.68648143
1691693672000,0.68648233,0.68648233,0.68648233
1691693673000,0.68648133,0.68648133,0.68648133
1691693674000,0.68648073,0.68648073,0.68648073
1691693675000,0.68648159,0.68648159,0.68648159
1691693676000,0.68648159,0.68648159,0.68648159
1691693677000,0.68648159,0.68648159,0.68648159
1691693678000,0.68647938,0.68647938,0.68647938
1691693679000,0.68648077,0.68648077,0.68648077
1691693680000,0.68648074,0.68648074,0.68648074
1691693681000,0.68648074,0.68648074,0.68648074
1691693682000,0.68648077,0.68648077,0.68648077
1691693683000,0.68648119,0.68648119,0.68648119
1691693684000,0.68647818,0.68647818,0.68647818
1691693685000,0.68647818,0.68647818,0.68647818
1691693686000,0.68647818,0.68647818,0.68647818
1691693687000,0.68647818,0.68647818,0.68647818
1691693688000,0.68647818,0.68647818,0.68647818
1691693689000,0.68647772,0.68647772,0.68647772
1691693690000,0.68647315,0.68647315,0.68647315
1691693691000,0.68647312,0.68647312,0.68647312
1691693692000,0.68646476,0.68646476,0.68646476
1691693693000,0.68645786,0.68645786,0.68645786
1691693694000,0.68645786,0.68645786,0.68645786
1691693695000,0.68644368,0.68644368,0.68644368
1691693696000,0.68643836,0.68643836,0.68643836
1691693697000,0.68643836,0.68643836,0.68643836
1691693698000,0.68643682,0.68643682,0.68643682
1691693699000,0.68643679,0.68643679,0.68643679
1691693700000,0.68643679,0.68643679,0.68643679
1691693701000,0.68643368,0.68643368,0.68643368
1691693702000,0.68638372,0.68638372,0.68638372
1691693703000,0.68638368,0.68638368,0.68638368
1691693704000,0.68638439,0.68638439,0.68638439
1691693705000,0.68638228,0.68638228,0.68638228
1691693706000,0.68638228,0.68638228,0.68638228
1691693707000,0.68637792,0.68637792,0.68637792
1691693708000,0.68637792,0.68637792,0.68637792
1691693709000,0.68637792,0.68637792,0.68637792
1691693710000,0.68637721,0.68637721,0.68637721
1691693711000,0.68637724,0.68637724,0.68637724
1691693712000,0.68637491,0.68637491,0.68637491
1691693713000,0.68637491,0.68637491,0.68637491
1691693714000,0.68637491,0.68637491,0.68637491
1691693715000,0.68636819,0.68636819,0.68636819
1691693716000,0.68636823,0.68636823,0.68636823
1691693717000,0.68636823,0.68636823,0.68636823
1691693718000,0.68636522,0.68636522,0.68636522
1691693719000,0.68636496,0.68636496,0.68636496
1691693720000,0.68636492,0.68636492,0.68636492
1691693721000,0.68636496,0.68636496,0.68636496
1691693722000,0.68636496,0.68636496,0.68636496
1691693723000,0.68636194,0.68636194,0.68636194
1691693724000,0.68636209,0.68636209,0.68636209
1691693725000,0.68636209,0.68636209,0.68636209
1691693726000,0.68636209,0.68636209,0.68636209
1691693727000,0.68636209,0.68636209,0.68636209
1691693728000,0.68631793,0.68631793,0.68631793
1691693729000,0.68631398,0.68631398,0.68631398
1691693730000,0.68623513,0.68623513,0.68623513
1691693731000,0.6862,0.6862,0.6862
1691693732000,0.6862,0.6862,0.6862
1691693733000,0.6862,0.6862,0.6862
1691693734000,0.6862,0.6862,0.6862
1691693735000,0.6862,0.6862,0.6862
1691693736000,0.68615094,0.68615094,0.68615094
1691693737000,0.68615008,0.68615008,0.68615008
1691693738000,0.68615008,0.68615008,0.68615008
1691693739000,0.6862,0.6862,0.6862
1691693740000,0.6862,0.6862,0.6862
1691693741000,0.6862,0.6862,0.6862
1691693742000,0.6862,0.6862,0.6862
1691693743000,0.6862,0.6862,0.6862
1691693744000,0.6863,0.6863,0.6863
1691693745000,0.6863,0.6863,0.6863
1691693746000,0.6863,0.6863,0.6863
1691693747000,0.6863,0.6863,0.6863
1691693748000,0.6863,0.6863,0.6863
1691693749000,0.6863,0.6863,0.6863
1691693750000,0.6863,0.6863,0.6863
1691693751000,0.6863,0.6863,0.6863
1691693752000,0.6863,0.6863,0.6863
1691693753000,0.6863,0.6863,0.6863
1691693754000,0.6864,0.6864,0.6864
1691693755000,0.6864,0.6864,0.6864
1691693756000,0.6864,0.6864,0.6864
1691693757000,0.6864,0.6864,0.6864
1691693758000,0.6864,0.6864,0.6864
1691693759000,0.6864,0.6864,0.6864
1691693760000,0.6864,0.6864,0.6864
1691693761000,0.6864,0.6864,0.6864
1691693762000,0.6864,0.6864,0.6864
1691693763000,0.6864,0.6864,0.6864
1691693764000,0.6864,0.6864,0.6864
1691693765000,0.6864,0.6864,0.6864
1691693766000,0.6864,0.6864,0.6864
1691693767000,0.6863,0.6863,0.6863
1691693768000,0.6863,0.6863,0.6863
1691693769000,0.6863,0.6863,0.6863
1691693770000,0.6864,0.6864,0.6864
1691693771000,0.6864,0.6864,0.6864
1691693772000,0.6864,0.6864,0.6864
1691693773000,0.6864,0.6864,0.6864
1691693774000,0.6864,0.6864,0.6864
1691693775000,0.6864,0.6864,0.6864
1691693776000,0.6864,0.6864,0.6864
1691693777000,0.6864,0.6864,0.6864
1691693778000,0.6864,0.6864,0.6864
1691693779000,0.6864,0.6864,0.6864
1691693780000,0.6864,0.6864,0.6864
1691693781000,0.6864,0.6864,0.6864
1691693782000,0.6864,0.6864,0.6864
1691693783000,0.6864,0.6864,0.6864
1691693784000,0.6863,0.6863,0.6863
1691693785000,0.6863,0.6863,0.6863
1691693786000,0.6863,0.6863,0.6863
1691693787000,0.6863,0.6863,0.6863
1691693788000,0.6863,0.6863,0.6863
1691693789000,0.6863,0.6863,0.6863
1691693790000,0.6863,0.6863,0.6863
1691693791000,0.6863,0.6863,0.6863
1691693792000,0.6863,0.6863,0.6863
1691693793000,0.6863,0.6863,0.6863
1691693794000,0.6863,0.6863,0.6863
1691693795000,0.6863,0.6863,0.6863
1691693796000,0.6863,0.6863,0.6863
1691693797000,0.6863,0.6863,0.6863
1691693798000,0.6863,0.6863,0.6863
1691693799000,0.6862117,0.6862117,0.6862117
1691693800000,0.68620742,0.68620742,0.68620742
1691693801000,0.68620693,0.68620693,0.68620693
1691693802000,0.68620693,0.68620693,0.68620693
1691693803000,0.68620434,0.68620434,0.68620434
1691693804000,0.68620434,0.68620434,0.68620434
1691693805000,0.68620434,0.68620434,0.68620434
1691693806000,0.6862,0.6862,0.6862
1691693807000,0.6862,0.6862,0.6862
1691693808000,0.6862,0.6862,0.6862
1691693809000,0.68619863,0.68619863,0.68619863
1691693810000,0.6862,0.6862,0.6862
1691693811000,0.6862,0.6862,0.6862
1691693812000,0.6862,0.6862,0.6862
1691693813000,0.6862,0.6862,0.6862
1691693814000,0.6862,0.6862,0.6862
1691693815000,0.6862,0.6862,0.6862
1691693816000,0.6862,0.6862,0.6862
1691693817000,0.6862,0.6862,0.6862
1691693818000,0.6862,0.6862,0.6862
1691693819000,0.6862,0.6862,0.6862
1691693820000,0.6862,0.6862,0.6862
1691693821000,0.6862,0.6862,0.6862
1691693822000,0.6862,0.6862,0.6862
1691693823000,0.6862,0.6862,0.6862
1691693824000,0.6862,0.6862,0.6862
1691693825000,0.6862,0.6862,0.6862
1691693826000,0.6862,0.6862,0.6862
1691693827000,0.6862,0.6862,0.6862
1691693828000,0.6863,0.6863,0.6863
1691693829000,0.6863,0.6863,0.6863
1691693830000,0.6862,0.6862,0.6862
1691693831000,0.6862,0.6862,0.6862
1691693832000,0.6862,0.6862,0.6862
1691693833000,0.6862,0.6862,0.6862
1691693834000,0.6862,0.6862,0.6862
1691693835000,0.6862,0.6862,0.6862
1691693836000,0.6862,0.6862,0.6862
1691693837000,0.6862,0.6862,0.6862
1691693838000,0.6862,0.6862,0.6862
1691693839000,0.6862,0.6862,0.6862
1691693840000,0.6863,0.6863,0.6863
1691693841000,0.6863,0.6863,0.6863
1691693842000,0.6862,0.6862,0.6862
1691693843000,0.6862,0.6862,0.6862
1691693844000,0.6862,0.6862,0.6862
1691693845000,0.6862,0.6862,0.6862
1691693846000,0.6862,0.6862,0.6862
1691693847000,0.6862,0.6862,0.6862
1691693848000,0.6862,0.6862,0.6862
1691693849000,0.6862,0.6862,0.6862
1691693850000,0.6862,0.6862,0.6862
1691693851000,0.6863,0.6863,0.6863
1691693852000,0.6863,0.6863,0.6863
1691693853000,0.6863,0.6863,0.6863
1691693854000,0.6863,0.6863,0.6863
1691693855000,0.6863,0.6863,0.6863
1691693856000,0.6863,0.6863,0.6863
1691693857000,0.6863,0.6863,0.6863
1691693858000,0.6863,0.6863,0.6863
1691693859000,0.6863,0.6863,0.6863
1691693860000,0.6862,0.6862,0.6862
1691693861000,0.6862,0.6862,0.6862
1691693862000,0.68623352,0.68623352,0.68623352
1691693863000,0.6863,0.6863,0.6863
1691693864000,0.6863,0.6863,0.6863
1691693865000,0.6863,0.6863,0.6863
1691693866000,0.6863,0.6863,0.6863
1691693867000,0.6863,0.6863,0.6863
1691693868000,0.6863,0.6863,0.6863
1691693869000,0.6863,0.6863,0.6863
1691693870000,0.6863,0.6863,0.6863
1691693871000,0.68624494,0.68624494,0.68624494
1691693872000,0.68624496,0.68624496,0.68624496
1691693873000,0.68624496,0.68624496,0.68624496
1691693874000,0.68624537,0.68624537,0.68624537
1691693875000,0.68624537,0.68624537,0.68624537
1691693876000,0.68624451,0.68624451,0.68624451
1691693877000,0.68624451,0.68624451,0.68624451
1691693878000,0.68624409,0.68624409,0.68624409
1691693879000,0.68624409,0.68624409,0.68624409
1691693880000,0.68624412,0.68624412,0.68624412
1691693881000,0.68624412,0.68624412,0.68624412
1691693882000,0.68624409,0.68624409,0.68624409
1691693883000,0.68624343,0.68624343,0.68624343
1691693884000,0.6862434,0.6862434,0.6862434
1691693885000,0.6862434,0.6862434,0.6862434
1691693886000,0.68625175,0.68625175,0.68625175
1691693887000,0.68625179,0.68625179,0.68625179
1691693888000,0.68625243,0.68625243,0.68625243
1691693889000,0.68625144,0.68625144,0.68625144
1691693890000,0.68625144,0.68625144,0.68625144
1691693891000,0.6863,0.6863,0.6863
1691693892000,0.6863,0.6863,0.6863
1691693893000,0.68625207,0.68625207,0.68625207
1691693894000,0.68625261,0.68625261,0.68625261
1691693895000,0.68626011,0.68626011,0.68626011
1691693896000,0.68626015,0.68626015,0.68626015
1691693897000,0.68626011,0.68626011,0.68626011
1691693898000,0.68625966,0.68625966,0.68625966
1691693899000,0.6863,0.6863,0.6863
1691693900000,0.68622946,0.68622946,0.68622946
1691693901000,0.68622946,0.68622946,0.68622946
1691693902000,0.68622946,0.68622946,0.68622946
1691693903000,0.68622968,0.68622968,0.68622968
1691693904000,0.68622879,0.68622879,0.68622879
1691693905000,0.68622909,0.68622909,0.68622909
1691693906000,0.68622913,0.68622913,0.68622913
1691693907000,0.6863,0.6863,0.6863
1691693908000,0.6863,0.6863,0.6863
1691693909000,0.68622913,0.68622913,0.68622913
1691693910000,0.68623296,0.68623296,0.68623296
1691693911000,0.6863,0.6863,0.6863
1691693912000,0.6863,0.6863,0.6863
1691693913000,0.6863,0.6863,0.6863
1691693914000,0.6863,0.6863,0.6863
1691693915000,0.6863,0.6863,0.6863
1691693916000,0.6863,0.6863,0.6863
1691693917000,0.6863,0.6863,0.6863
1691693918000,0.6863,0.6863,0.6863
1691693919000,0.6863,0.6863,0.6863
1691693920000,0.68622567,0.68622567,0.68622567
1691693921000,0.68622481,0.68622481,0.68622481
1691693922000,0.68622616,0.68622616,0.68622616
1691693923000,0.6862,0.6862,0.6862
1691693924000,0.6862,0.6862,0.6862
1691693925000,0.6862,0.6862,0.6862
1691693926000,0.6862,0.6862,0.6862
1691693927000,0.6862,0.6862,0.6862
1691693928000,0.6862,0.6862,0.6862
1691693929000,0.6862,0.6862,0.6862
1691693930000,0.6862,0.6862,0.6862
1691693931000,0.6862,0.6862,0.6862
1691693932000,0.6862,0.6862,0.6862
1691693933000,0.6862,0.6862,0.6862
1691693934000,0.6862,0.6862,0.6862
1691693935000,0.6862,0.6862,0.6862
1691693936000,0.6862,0.6862,0.6862
1691693937000,0.6863,0.6863,0.6863
1691693938000,0.6864,0.6864,0.6864
1691693939000,0.6864,0.6864,0.6864
1691693940000,0.6864,0.6864,0.6864
1691693941000,0.6864,0.6864,0.6864
1691693942000,0.6864,0.6864,0.6864
1691693943000,0.6864,0.6864,0.6864
1691693944000,0.6864,0.6864,0.6864
1691693945000,0.6863,0.6863,0.6863
1691693946000,0.6863,0.6863,0.6863
1691693947000,0.6863,0.6863,0.6863
1691693948000,0.6863,0.6863,0.6863
1691693949000,0.6863,0.6863,0.6863
1691693950000,0.6863,0.6863,0.6863
1691693951000,0.6863,0.6863,0.6863
1691693952000,0.6863,0.6863,0.6863
1691693953000,0.6864,0.6864,0.6864
1691693954000,0.6864,0.6864,0.6864
1691693955000,0.6863,0.6863,0.6863
1691693956000,0.6863,0.6863,0.6863
1691693957000,0.6864,0.6864,0.6864
1691693958000,0.6864,0.6864,0.6864
1691693959000,0.6864,0.6864,0.6864
1691693960000,0.6864,0.6864,0.6864
1691693961000,0.6864,0.6864,0.6864
1691693962000,0.6864,0.6864,0.6864
1691693963000,0.6864,0.6864,0.6864
1691693964000,0.6864,0.6864,0.6864
1691693965000,0.6865,0.6865,0.6865
1691693966000,0.6865,0.6865,0.6865
1691693967000,0.6865,0.6865,0.6865
1691693968000,0.6865,0.6865,0.6865
1691693969000,0.6865,0.6865,0.6865
1691693970000,0.6865,0.6865,0.6865
1691693971000,0.6865,0.6865,0.6865
1691693972000,0.6865,0.6865,0.6865
1691693973000,0.6865,0.6865,0.6865
1691693974000,0.6865,0.6865,0.6865
1691693975000,0.6865,0.6865,0.6865
1691693976000,0.6865,0.6865,0.6865
1691693977000,0.6865,0.6865,0.6865
1691693978000,0.6864,0.6864,0.6864
1691693979000,0.6864,0.6864,0.6864
1691693980000,0.6865,0.6865,0.6865
1691693981000,0.6865,0.6865,0.6865
1691693982000,0.6865,0.6865,0.6865
1691693983000,0.6865,0.6865,0.6865
1691693984000,0.6865,0.6865,0.6865
1691693985000,0.6865,0.6865,0.6865
1691693986000,0.6865,0.6865,0.6865
1691693987000,0.6865,0.6865,0.6865
1691693988000,0.6865,0.6865,0.6865
1691693989000,0.6865,0.6865,0.6865
1691693990000,0.6865,0.6865,0.6865
1691693991000,0.6865,0.6865,0.6865
1691693992000,0.6865,0.6865,0.6865
1691693993000,0.6865,0.6865,0.6865
1691693994000,0.6865,0.6865,0.6865
1691693995000,0.6865,0.6865,0.6865
1691693996000,0.6864,0.6864,0.6864
1691693997000,0.6864,0.6864,0.6864
1691693998000,0.6864,0.6864,0.6864
1691693999000,0.6865,0.6865,0.6865
1691694000000,0.6865,0.6865,0.6865
1691694001000,0.6864,0.6864,0.6864
1691694002000,0.6864,0.6864,0.6864
1691694003000,0.6865,0.6865,0.6865
1691694004000,0.6865,0.6865,0.6865
1691694005000,0.6864,0.6864,0.6864
1691694006000,0.6864,0.6864,0.6864
1691694007000,0.68636602,0.68636602,0.68636602
1691694008000,0.68621513,0.68621513,0.68621513
1691694009000,0.68621387,0.68621387,0.68621387
1691694010000,0.68621841,0.68621841,0.68621841
1691694011000,0.68621841,0.68621841,0.68621841
1691694012000,0.68621511,0.68621511,0.68621511
1691694013000,0.68621511,0.68621511,0.68621511
1691694014000,0.68621511,0.68621511,0.68621511
1691694015000,0.68621511,0.68621511,0.68621511
1691694016000,0.68620349,0.68620349,0.68620349
1691694017000,0.68620349,0.68620349,0.68620349
1691694018000,0.68619915,0.68619915,0.68619915
1691694019000,0.6861983,0.6861983,0.6861983
1691694020000,0.68619833,0.68619833,0.68619833
1691694021000,0.68619576,0.68619576,0.68619576
1691694022000,0.68619576,0.68619576,0.68619576
1691694023000,0.68619572,0.68619572,0.68619572
1691694024000,0.68618158,0.68618158,0.68618158
1691694025000,0.68618158,0.68618158,0.68618158
1691694026000,0.68611984,0.68611984,0.68611984
1691694027000,0.68612,0.68612,0.68612
1691694028000,0.6861191,0.6861191,0.6861191
1691694029000,0.68611996,0.68611996,0.68611996
1691694030000,0.68611996,0.68611996,0.68611996
1691694031000,0.68611996,0.68611996,0.68611996
1691694032000,0.68611974,0.68611974,0.68611974
1691694033000,0.68606714,0.68606714,0.68606714
1691694034000,0.68606718,0.68606718,0.68606718
1691694035000,0.68606718,0.68606718,0.68606718
1691694036000,0.686047,0.686047,0.686047
1691694037000,0.68604459,0.68604459,0.68604459
1691694038000,0.68604422,0.68604422,0.68604422
1691694039000,0.68599426,0.68599426,0.68599426
1691694040000,0.68604336,0.68604336,0.68604336
1691694041000,0.68604336,0.68604336,0.68604336
1691694042000,0.68604303,0.68604303,0.68604303
1691694043000,0.68604101,0.68604101,0.68604101
1691694044000,0.68604098,0.68604098,0.68604098
1691694045000,0.68604098,0.68604098,0.68604098
1691694046000,0.68604184,0.68604184,0.68604184
1691694047000,0.68604461,0.68604461,0.68604461
1691694048000,0.68604461,0.68604461,0.68604461
1691694049000,0.68603939,0.68603939,0.68603939
1691694050000,0.68603849,0.68603849,0.68603849
1691694051000,0.6861,0.6861,0.6861
1691694052000,0.68608853,0.68608853,0.68608853
1691694053000,0.68607341,0.68607341,0.68607341
1691694054000,0.6860714,0.6860714,0.6860714
1691694055000,0.6860714,0.6860714,0.6860714
1691694056000,0.68607055,0.68607055,0.68607055
1691694057000,0.68607175,0.68607175,0.68607175
1691694058000,0.68607175,0.68607175,0.68607175
1691694059000,0.68607175,0.68607175,0.68607175
1691694060000,0.6861,0.6861,0.6861
1691694061000,0.6861,0.6861,0.6861
1691694062000,0.68606905,0.68606905,0.68606905
1691694063000,0.68606905,0.68606905,0.68606905
1691694064000,0.68606845,0.68606845,0.68606845
1691694065000,0.68606577,0.68606577,0.68606577
1691694066000,0.68606659,0.68606659,0.68606659
1691694067000,0.68606573,0.68606573,0.68606573
1691694068000,0.68605756,0.68605756,0.68605756
1691694069000,0.68605693,0.68605693,0.68605693
1691694070000,0.68605697,0.68605697,0.68605697
1691694071000,0.68605254,0.68605254,0.68605254
1691694072000,0.68605254,0.68605254,0.68605254
1691694073000,0.68593212,0.68593212,0.68593212
1691694074000,0.68590212,0.68590212,0.68590212
1691694075000,0.68590127,0.68590127,0.68590127
1691694076000,0.6859,0.6859,0.6859
1691694077000,0.6859,0.6859,0.6859
1691694078000,0.68590487,0.68590487,0.68590487
1691694079000,0.68590487,0.68590487,0.68590487
1691694080000,0.6859049,0.6859049,0.6859049
1691694081000,0.68590487,0.68590487,0.68590487
1691694082000,0.68590164,0.68590164,0.68590164
1691694083000,0.68590164,0.68590164,0.68590164
1691694084000,0.68584288,0.68584288,0.68584288
1691694085000,0.68584288,0.68584288,0.68584288
1691694086000,0.68584288,0.68584288,0.68584288
1691694087000,0.68584147,0.68584147,0.68584147
1691694088000,0.68583337,0.68583337,0.68583337
1691694089000,0.68583337,0.68583337,0.68583337
1691694090000,0.68583337,0.68583337,0.68583337
1691694091000,0.68583337,0.68583337,0.68583337
1691694092000,0.68583337,0.68583337,0.68583337
1691694093000,0.68583195,0.68583195,0.68583195
1691694094000,0.68583195,0.68583195,0.68583195
1691694095000,0.68583195,0.68583195,0.68583195
1691694096000,0.68583284,0.68583284,0.68583284
1691694097000,0.68583284,0.68583284,0.68583284
1691694098000,0.68582975,0.68582975,0.68582975
1691694099000,0.68582975,0.68582975,0.68582975
1691694100000,0.68579222,0.68579222,0.68579222
1691694101000,0.68579222,0.68579222,0.68579222
1691694102000,0.68579222,0.68579222,0.68579222
1691694103000,0.68579225,0.68579225,0.68579225
1691694104000,0.68578977,0.68578977,0.68578977
1691694105000,0.68578977,0.68578977,0.68578977
1691694106000,0.68578977,0.68578977,0.68578977
1691694107000,0.68578981,0.68578981,0.68578981
1691694108000,0.68578981,0.68578981,0.68578981
1691694109000,0.68579644,0.68579644,0.68579644
1691694110000,0.68579562,0.68579562,0.68579562
1691694111000,0.68579559,0.68579559,0.68579559
1691694112000,0.68579562,0.68579562,0.68579562
1691694113000,0.68579559,0.68579559,0.68579559
1691694114000,0.68579559,0.68579559,0.68579559
1691694115000,0.6858,0.6858,0.6858
1691694116000,0.6857972,0.6857972,0.6857972
1691694117000,0.68579631,0.68579631,0.68579631
1691694118000,0.68579631,0.68579631,0.68579631
1691694119000,0.68579631,0.68579631,0.68579631
1691694120000,0.68579526,0.68579526,0.68579526
1691694121000,0.68579529,0.68579529,0.68579529
1691694122000,0.68579526,0.68579526,0.68579526
1691694123000,0.68579529,0.68579529,0.68579529
1691694124000,0.68579529,0.68579529,0.68579529
1691694125000,0.68584612,0.68584612,0.68584612
1691694126000,0.68584186,0.68584186,0.68584186
1691694127000,0.68582448,0.68582448,0.68582448
1691694128000,0.68566057,0.68566057,0.68566057
1691694129000,0.68566057,0.68566057,0.68566057
1691694130000,0.68566057,0.68566057,0.68566057
1691694131000,0.68560107,0.68560107,0.68560107
1691694132000,0.68560182,0.68560182,0.68560182
1691694133000,0.68568877,0.68568877,0.68568877
1691694134000,0.68568877,0.68568877,0.68568877
1691694135000,0.68568877,0.68568877,0.68568877
1691694136000,0.68568803,0.68568803,0.68568803
1691694137000,0.6858,0.6858,0.6858
1691694138000,0.6858,0.6858,0.6858
1691694139000,0.6857,0.6857,0.6857
1691694140000,0.6857,0.6857,0.6857
1691694141000,0.6857,0.6857,0.6857
1691694142000,0.6857,0.6857,0.6857
1691694143000,0.6857,0.6857,0.6857
1691694144000,0.6857,0.6857,0.6857
1691694145000,0.6857,0.6857,0.6857
1691694146000,0.68568367,0.68568367,0.68568367
1691694147000,0.68568293,0.68568293,0.68568293
1691694148000,0.68568175,0.68568175,0.68568175
1691694149000,0.68568249,0.68568249,0.68568249
1691694150000,0.68568175,0.68568175,0.68568175
1691694151000,0.68568175,0.68568175,0.68568175
1691694152000,0.68572523,0.68572523,0.68572523
1691694153000,0.68572406,0.68572406,0.68572406
1691694154000,0.6857248,0.6857248,0.6857248
1691694155000,0.68572406,0.68572406,0.68572406
1691694156000,0.68572406,0.68572406,0.68572406
1691694157000,0.68572406,0.68572406,0.68572406
1691694158000,0.68568058,0.68568058,0.68568058
1691694159000,0.68567871,0.68567871,0.68567871
1691694160000,0.68567868,0.68567868,0.68567868
1691694161000,0.68567871,0.68567871,0.68567871
1691694162000,0.68567868,0.68567868,0.68567868
1691694163000,0.68567871,0.68567871,0.68567871
1691694164000,0.68567753,0.68567753,0.68567753
1691694165000,0.6856775,0.6856775,0.6856775
1691694166000,0.6857,0.6857,0.6857
1691694167000,0.6857,0.6857,0.6857
1691694168000,0.6857,0.6857,0.6857
1691694169000,0.68572175,0.68572175,0.68572175
1691694170000,0.6858,0.6858,0.6858
1691694171000,0.6858,0.6858,0.6858
1691694172000,0.68572141,0.68572141,0.68572141
1691694173000,0.68572064,0.68572064,0.68572064
1691694174000,0.68572064,0.68572064,0.68572064
1691694175000,0.68572138,0.68572138,0.68572138
1691694176000,0.68572228,0.68572228,0.68572228
1691694177000,0.68572228,0.68572228,0.68572228
1691694178000,0.68572228,0.68572228,0.68572228
1691694179000,0.68572225,0.68572225,0.68572225
1691694180000,0.68573529,0.68573529,0.68573529
1691694181000,0.68573225,0.68573225,0.68573225
1691694182000,0.68573225,0.68573225,0.68573225
1691694183000,0.68573225,0.68573225,0.68573225
1691694184000,0.68573222,0.68573222,0.68573222
1691694185000,0.68573222,0.68573222,0.68573222
1691694186000,0.68573222,0.68573222,0.68573222
1691694187000,0.68572941,0.68572941,0.68572941
1691694188000,0.68572941,0.68572941,0.68572941
1691694189000,0.6857,0.6857,0.6857
1691694190000,0.68568593,0.68568593,0.68568593
1691694191000,0.68568619,0.68568619,0.68568619
1691694192000,0.68568598,0.68568598,0.68568598
1691694193000,0.68568595,0.68568595,0.68568595
1691694194000,0.6857,0.6857,0.6857
1691694195000,0.6857,0.6857,0.6857
1691694196000,0.6857,0.6857,0.6857
1691694197000,0.6857,0.6857,0.6857
1691694198000,0.68568559,0.68568559,0.68568559
1691694199000,0.6857,0.6857,0.6857
1691694200000,0.6857,0.6857,0.6857
1691694201000,0.68568562,0.68568562,0.68568562
1691694202000,0.68568491,0.68568491,0.68568491
1691694203000,0.6857,0.6857,0.6857
1691694204000,0.6857,0.6857,0.6857
1691694205000,0.6857,0.6857,0.6857
1691694206000,0.68568508,0.68568508,0.68568508
1691694207000,0.6856842,0.6856842,0.6856842
1691694208000,0.68568417,0.68568417,0.68568417
1691694209000,0.68568189,0.68568189,0.68568189
1691694210000,0.68562539,0.68562539,0.68562539
1691694211000,0.68562539,0.68562539,0.68562539
1691694212000,0.68562292,0.68562292,0.68562292
1691694213000,0.68562292,0.68562292,0.68562292
1691694214000,0.68562162,0.68562162,0.68562162
1691694215000,0.68562162,0.68562162,0.68562162
1691694216000,0.68562146,0.68562146,0.68562146
1691694217000,0.68562146,0.68562146,0.68562146
1691694218000,0.68558382,0.68558382,0.68558382
1691694219000,0.68558382,0.68558382,0.68558382
1691694220000,0.68558241,0.68558241,0.68558241
1691694221000,0.68558241,0.68558241,0.68558241
1691694222000,0.6856,0.6856,0.6856
1691694223000,0.68558166,0.68558166,0.68558166
1691694224000,0.68558166,0.68558166,0.68558166
1691694225000,0.68562438,0.68562438,0.68562438
1691694226000,0.68562438,0.68562438,0.68562438
1691694227000,0.68558054,0.68558054,0.68558054
1691694228000,0.68558051,0.68558051,0.68558051
1691694229000,0.68558051,0.68558051,0.68558051
1691694230000,0.68557976,0.68557976,0.68557976
1691694231000,0.68557631,0.68557631,0.68557631
1691694232000,0.68557641,0.68557641,0.68557641
1691694233000,0.68557641,0.68557641,0.68557641
1691694234000,0.6856,0.6856,0.6856
1691694235000,0.6856,0.6856,0.6856
1691694236000,0.6856,0.6856,0.6856
1691694237000,0.6855736,0.6855736,0.6855736
1691694238000,0.6855736,0.6855736,0.6855736
1691694239000,0.6855736,0.6855736,0.6855736
1691694240000,0.6855736,0.6855736,0.6855736
1691694241000,0.6856,0.6856,0.6856
1691694242000,0.6858,0.6858,0.6858
1691694243000,0.6857,0.6857,0.6857
1691694244000,0.6857,0.6857,0.6857
1691694245000,0.6857,0.6857,0.6857
1691694246000,0.6857,0.6857,0.6857
1691694247000,0.6857,0.6857,0.6857
1691694248000,0.6857,0.6857,0.6857
1691694249000,0.6858,0.6858,0.6858
1691694250000,0.6857,0.6857,0.6857
1691694251000,0.6858,0.6858,0.6858
1691694252000,0.6858,0.6858,0.6858
1691694253000,0.6858,0.6858,0.6858
1691694254000,0.6858,0.6858,0.6858
1691694255000,0.6858,0.6858,0.6858
1691694256000,0.68576879,0.68576879,0.68576879
1691694257000,0.6857694,0.6857694,0.6857694
1691694258000,0.68576899,0.68576899,0.68576899
1691694259000,0.68576899,0.68576899,0.68576899
1691694260000,0.68572474,0.68572474,0.68572474
1691694261000,0.6858,0.6858,0.6858
1691694262000,0.68572611,0.68572611,0.68572611
1691694263000,0.6858,0.6858,0.6858
1691694264000,0.6857231,0.6857231,0.6857231
1691694265000,0.6857231,0.6857231,0.6857231
1691694266000,0.6857,0.6857,0.6857
1691694267000,0.6858,0.6858,0.6858
1691694268000,0.6858,0.6858,0.6858
1691694269000,0.6858,0.6858,0.6858
1691694270000,0.6857,0.6857,0.6857
1691694271000,0.6857,0.6857,0.6857
1691694272000,0.6858,0.6858,0.6858
1691694273000,0.6858,0.6858,0.6858
1691694274000,0.6858,0.6858,0.6858
1691694275000,0.6857,0.6857,0.6857
1691694276000,0.6857,0.6857,0.6857
1691694277000,0.6857,0.6857,0.6857
1691694278000,0.6857,0.6857,0.6857
1691694279000,0.6857,0.6857,0.6857
1691694280000,0.6858,0.6858,0.6858
1691694281000,0.6858,0.6858,0.6858
1691694282000,0.6858,0.6858,0.6858
1691694283000,0.6858,0.6858,0.6858
1691694284000,0.6858,0.6858,0.6858
1691694285000,0.6857,0.6857,0.6857
1691694286000,0.6857,0.6857,0.6857
1691694287000,0.6857,0.6857,0.6857
1691694288000,0.6857,0.6857,0.6857
1691694289000,0.6857,0.6857,0.6857
1691694290000,0.6857,0.6857,0.6857
1691694291000,0.6857,0.6857,0.6857
1691694292000,0.6857,0.6857,0.6857
1691694293000,0.6858,0.6858,0.6858
1691694294000,0.6858,0.6858,0.6858
1691694295000,0.6857,0.6857,0.6857
1691694296000,0.6858,0.6858,0.6858
1691694297000,0.6858,0.6858,0.6858
1691694298000,0.6857277,0.6857277,0.6857277
1691694299000,0.68572764,0.68572764,0.68572764
1691694300000,0.68572764,0.68572764,0.68572764
1691694301000,0.68572764,0.68572764,0.68572764
1691694302000,0.6858,0.6858,0.6858
1691694303000,0.68572521,0.68572521,0.68572521
1691694304000,0.6858,0.6858,0.6858
1691694305000,0.6858,0.6858,0.6858
1691694306000,0.68572462,0.68572462,0.68572462
1691694307000,0.68572465,0.68572465,0.68572465
1691694308000,0.68572219,0.68572219,0.68572219
1691694309000,0.6858,0.6858,0.6858
1691694310000,0.6858,0.6858,0.6858
1691694311000,0.6858,0.6858,0.6858
1691694312000,0.68572362,0.68572362,0.68572362
1691694313000,0.68572541,0.68572541,0.68572541
1691694314000,0.6858,0.6858,0.6858
1691694315000,0.6859,0.6859,0.6859
1691694316000,0.6858,0.6858,0.6858
1691694317000,0.6859,0.6859,0.6859
1691694318000,0.6859,0.6859,0.6859
1691694319000,0.6859,0.6859,0.6859
1691694320000,0.6859,0.6859,0.6859
1691694321000,0.6859,0.6859,0.6859
1691694322000,0.6859,0.6859,0.6859
1691694323000,0.6858,0.6858,0.6858
1691694324000,0.6858,0.6858,0.6858
1691694325000,0.6858,0.6858,0.6858
1691694326000,0.6858,0.6858,0.6858
1691694327000,0.6858,0.6858,0.6858
1691694328000,0.6857,0.6857,0.6857
1691694329000,0.68568147,0.68568147,0.68568147
1691694330000,0.6856757,0.6856757,0.6856757
1691694331000,0.68567172,0.68567172,0.68567172
1691694332000,0.6857,0.6857,0.6857
1691694333000,0.6857,0.6857,0.6857
1691694334000,0.6857,0.6857,0.6857
1691694335000,0.68572978,0.68572978,0.68572978
1691694336000,0.686,0.686,0.686
1691694337000,0.686,0.686,0.686
1691694338000,0.6861,0.6861,0.6861
1691694339000,0.6861,0.6861,0.6861
1691694340000,0.686,0.686,0.686
1691694341000,0.686,0.686,0.686
1691694342000,0.68596504,0.68596504,0.68596504
1691694343000,0.68596429,0.68596429,0.68596429
1691694344000,0.686,0.686,0.686
1691694345000,0.686,0.686,0.686
1691694346000,0.686,0.686,0.686
1691694347000,0.68595909,0.68595909,0.68595909
1691694348000,0.68595909,0.68595909,0.68595909
1691694349000,0.68595909,0.68595909,0.68595909
1691694350000,0.68595909,0.68595909,0.68595909
1691694351000,0.68595984,0.68595984,0.68595984
1691694352000,0.68595843,0.68595843,0.68595843
1691694353000,0.68595843,0.68595843,0.68595843
1691694354000,0.68595846,0.68595846,0.68595846
1691694355000,0.68594636,0.68594636,0.68594636
1691694356000,0.68594636,0.68594636,0.68594636
1691694357000,0.68594575,0.68594575,0.68594575
1691694358000,0.68594501,0.68594501,0.68594501
1691694359000,0.68594501,0.68594501,0.68594501
1691694360000,0.68590091,0.68590091,0.68590091
1691694361000,0.68590088,0.68590088,0.68590088
1691694362000,0.68594436,0.68594436,0.68594436
1691694363000,0.686,0.686,0.686
1691694364000,0.686,0.686,0.686
1691694365000,0.686,0.686,0.686
1691694366000,0.686,0.686,0.686
1691694367000,0.686,0.686,0.686
1691694368000,0.686,0.686,0.686
1691694369000,0.686,0.686,0.686
1691694370000,0.686,0.686,0.686
1691694371000,0.686,0.686,0.686
1691694372000,0.68590426,0.68590426,0.68590426
1691694373000,0.68590352,0.68590352,0.68590352
1691694374000,0.68590589,0.68590589,0.68590589
1691694375000,0.68590544,0.68590544,0.68590544
1691694376000,0.68590544,0.68590544,0.68590544
1691694377000,0.68590544,0.68590544,0.68590544
1691694378000,0.68590544,0.68590544,0.68590544
1691694379000,0.68590619,0.68590619,0.68590619
1691694380000,0.6859053,0.6859053,0.6859053
1691694381000,0.6859053,0.6859053,0.6859053
1691694382000,0.68590458,0.68590458,0.68590458
1691694383000,0.68590458,0.68590458,0.68590458
1691694384000,0.68590455,0.68590455,0.68590455
1691694385000,0.68590622,0.68590622,0.68590622
1691694386000,0.68594963,0.68594963,0.68594963
1691694387000,0.68594889,0.68594889,0.68594889
1691694388000,0.68594889,0.68594889,0.68594889
1691694389000,0.68594889,0.68594889,0.68594889
1691694390000,0.68594928,0.68594928,0.68594928
1691694391000,0.68595087,0.68595087,0.68595087
1691694392000,0.68595162,0.68595162,0.68595162
1691694393000,0.6859386,0.6859386,0.6859386
1691694394000,0.686,0.686,0.686
1691694395000,0.686,0.686,0.686
1691694396000,0.686,0.686,0.686
1691694397000,0.686,0.686,0.686
1691694398000,0.68594015,0.68594015,0.68594015
1691694399000,0.68594087,0.68594087,0.68594087
1691694400000,0.68593927,0.68593927,0.68593927
1691694401000,0.68593927,0.68593927,0.68593927
1691694402000,0.68593962,0.68593962,0.68593962
1691694403000,0.68593962,0.68593962,0.68593962
1691694404000,0.68593962,0.68593962,0.68593962
1691694405000,0.68593962,0.68593962,0.68593962
1691694406000,0.68593962,0.68593962,0.68593962
1691694407000,0.68593974,0.68593974,0.68593974
1691694408000,0.68593974,0.68593974,0.68593974
1691694409000,0.68594046,0.68594046,0.68594046
1691694410000,0.68594046,0.68594046,0.68594046
1691694411000,0.68594049,0.68594049,0.68594049
1691694412000,0.68593987,0.68593987,0.68593987
1691694413000,0.68593866,0.68593866,0.68593866
1691694414000,0.68593866,0.68593866,0.68593866
1691694415000,0.68591257,0.68591257,0.68591257
1691694416000,0.68591257,0.68591257,0.68591257
1691694417000,0.68576435,0.68576435,0.68576435
1691694418000,0.68576023,0.68576023,0.68576023
1691694419000,0.68575949,0.68575949,0.68575949
1691694420000,0.68575949,0.68575949,0.68575949
1691694421000,0.68575913,0.68575913,0.68575913
1691694422000,0.6857591,0.6857591,0.6857591
1691694423000,0.68575984,0.68575984,0.68575984
1691694424000,0.68575748,0.68575748,0.68575748
1691694425000,0.68575535,0.68575535,0.68575535
1691694426000,0.68575535,0.68575535,0.68575535
1691694427000,0.68575536,0.68575536,0.68575536
1691694428000,0.68575344,0.68575344,0.68575344
1691694429000,0.68579593,0.68579593,0.68579593
1691694430000,0.68579593,0.68579593,0.68579593
1691694431000,0.68579667,0.68579667,0.68579667
1691694432000,0.68575319,0.68575319,0.68575319
1691694433000,0.68575319,0.68575319,0.68575319
1691694434000,0.68575319,0.68575319,0.68575319
1691694435000,0.68575278,0.68575278,0.68575278
1691694436000,0.68575278,0.68575278,0.68575278
1691694437000,0.6857522,0.6857522,0.6857522
1691694438000,0.68575291,0.68575291,0.68575291
1691694439000,0.68575216,0.68575216,0.68575216
1691694440000,0.6857506,0.6857506,0.6857506
1691694441000,0.6857506,0.6857506,0.6857506
1691694442000,0.6857506,0.6857506,0.6857506
1691694443000,0.6857506,0.6857506,0.6857506
1691694444000,0.68575063,0.68575063,0.68575063
1691694445000,0.68575063,0.68575063,0.68575063
1691694446000,0.68575304,0.68575304,0.68575304
1691694447000,0.68575304,0.68575304,0.68575304
1691694448000,0.68575304,0.68575304,0.68575304
1691694449000,0.68575304,0.68575304,0.68575304
1691694450000,0.68575379,0.68575379,0.68575379
1691694451000,0.68575041,0.68575041,0.68575041
1691694452000,0.68574962,0.68574962,0.68574962
1691694453000,0.68574888,0.68574888,0.68574888
1691694454000,0.68574888,0.68574888,0.68574888
1691694455000,0.68573584,0.68573584,0.68573584
1691694456000,0.68573584,0.68573584,0.68573584
1691694457000,0.68573512,0.68573512,0.68573512
1691694458000,0.68573587,0.68573587,0.68573587
1691694459000,0.68573587,0.68573587,0.68573587
1691694460000,0.68573587,0.68573587,0.68573587
1691694461000,0.68573587,0.68573587,0.68573587
1691694462000,0.68573269,0.68573269,0.68573269
1691694463000,0.68573021,0.68573021,0.68573021
1691694464000,0.68573021,0.68573021,0.68573021
1691694465000,0.68573096,0.68573096,0.68573096
1691694466000,0.68573096,0.68573096,0.68573096
1691694467000,0.6857307,0.6857307,0.6857307
1691694468000,0.68572754,0.68572754,0.68572754
1691694469000,0.68572754,0.68572754,0.68572754
1691694470000,0.68572757,0.68572757,0.68572757
1691694471000,0.68572757,0.68572757,0.68572757
1691694472000,0.68572754,0.68572754,0.68572754
1691694473000,0.68572362,0.68572362,0.68572362
1691694474000,0.68572362,0.68572362,0.68572362
1691694475000,0.68572366,0.68572366,0.68572366
1691694476000,0.68572291,0.68572291,0.68572291
1691694477000,0.68572291,0.68572291,0.68572291
1691694478000,0.68572349,0.68572349,0.68572349
1691694479000,0.68572109,0.68572109,0.68572109
1691694480000,0.68572109,0.68572109,0.68572109
1691694481000,0.68572106,0.68572106,0.68572106
1691694482000,0.68572106,0.68572106,0.68572106
1691694483000,0.68572119,0.68572119,0.68572119
1691694484000,0.68571898,0.68571898,0.68571898
1691694485000,0.68571898,0.68571898,0.68571898
1691694486000,0.68571898,0.68571898,0.68571898
1691694487000,0.68571898,0.68571898,0.68571898
1691694488000,0.68571921,0.68571921,0.68571921
1691694489000,0.68571996,0.68571996,0.68571996
1691694490000,0.68569985,0.68569985,0.68569985
1691694491000,0.68565637,0.68565637,0.68565637
1691694492000,0.68565637,0.68565637,0.68565637
1691694493000,0.68565637,0.68565637,0.68565637
1691694494000,0.68566149,0.68566149,0.68566149
1691694495000,0.68566051,0.68566051,0.68566051
1691694496000,0.68566051,0.68566051,0.68566051
1691694497000,0.68566051,0.68566051,0.68566051
1691694498000,0.68566051,0.68566051,0.68566051
1691694499000,0.68570461,0.68570461,0.68570461
1691694500000,0.68570461,0.68570461,0.68570461
1691694501000,0.68570408,0.68570408,0.68570408
1691694502000,0.6858,0.6858,0.6858
1691694503000,0.68584947,0.68584947,0.68584947
1691694504000,0.68584947,0.68584947,0.68584947
1691694505000,0.68584947,0.68584947,0.68584947
1691694506000,0.68584935,0.68584935,0.68584935
1691694507000,0.68584935,0.68584935,0.68584935
1691694508000,0.6859,0.6859,0.6859
1691694509000,0.6859,0.6859,0.6859
1691694510000,0.68585186,0.68585186,0.68585186
1691694511000,0.6858649,0.6858649,0.6858649
1691694512000,0.686,0.686,0.686
1691694513000,0.686,0.686,0.686
1691694514000,0.686,0.686,0.686
1691694515000,0.6859,0.6859,0.6859
1691694516000,0.6859,0.6859,0.6859
1691694517000,0.6859,0.6859,0.6859
1691694518000,0.686,0.686,0.686
1691694519000,0.686,0.686,0.686
1691694520000,0.6859,0.6859,0.6859
1691694521000,0.6859,0.6859,0.6859
1691694522000,0.686,0.686,0.686
1691694523000,0.686,0.686,0.686
1691694524000,0.686,0.686,0.686
1691694525000,0.6859,0.6859,0.6859
1691694526000,0.6859,0.6859,0.6859
1691694527000,0.6859,0.6859,0.6859
1691694528000,0.6859,0.6859,0.6859
1691694529000,0.6859,0.6859,0.6859
1691694530000,0.6859,0.6859,0.6859
1691694531000,0.6859,0.6859,0.6859
1691694532000,0.6859,0.6859,0.6859
1691694533000,0.6859,0.6859,0.6859
1691694534000,0.686,0.686,0.686
1691694535000,0.6859,0.6859,0.6859
1691694536000,0.6859,0.6859,0.6859
1691694537000,0.6859,0.6859,0.6859
1691694538000,0.6859,0.6859,0.6859
1691694539000,0.6859,0.6859,0.6859
1691694540000,0.6859,0.6859,0.6859
1691694541000,0.6859,0.6859,0.6859
1691694542000,0.6861,0.6861,0.6861
1691694543000,0.6861,0.6861,0.6861
1691694544000,0.6861,0.6861,0.6861
1691694545000,0.6862,0.6862,0.6862
1691694546000,0.6861,0.6861,0.6861
1691694547000,0.6862,0.6862,0.6862
1691694548000,0.6862,0.6862,0.6862
1691694549000,0.6862,0.6862,0.6862
1691694550000,0.6861,0.6861,0.6861
1691694551000,0.6861,0.6861,0.6861
1691694552000,0.6861,0.6861,0.6861
1691694553000,0.6861,0.6861,0.6861
1691694554000,0.6862,0.6862,0.6862
1691694555000,0.6862,0.6862,0.6862
1691694556000,0.6862,0.6862,0.6862
1691694557000,0.6862,0.6862,0.6862
1691694558000,0.6863,0.6863,0.6863
1691694559000,0.6862,0.6862,0.6862
1691694560000,0.6862,0.6862,0.6862
1691694561000,0.6862,0.6862,0.6862
1691694562000,0.6862,0.6862,0.6862
1691694563000,0.6862,0.6862,0.6862
1691694564000,0.6862,0.6862,0.6862
1691694565000,0.6863,0.6863,0.6863
1691694566000,0.6862,0.6862,0.6862
1691694567000,0.6863,0.6863,0.6863
1691694568000,0.6862,0.6862,0.6862
1691694569000,0.6862,0.6862,0.6862
1691694570000,0.6862,0.6862,0.6862
1691694571000,0.6862,0.6862,0.6862
1691694572000,0.6863,0.6863,0.6863
1691694573000,0.6863,0.6863,0.6863
1691694574000,0.6863,0.6863,0.6863
1691694575000,0.6863,0.6863,0.6863
1691694576000,0.6863,0.6863,0.6863
1691694577000,0.6862,0.6862,0.6862
1691694578000,0.6862,0.6862,0.6862
1691694579000,0.6862,0.6862,0.6862
1691694580000,0.6862,0.6862,0.6862
1691694581000,0.6862,0.6862,0.6862
1691694582000,0.6862,0.6862,0.6862
1691694583000,0.6861,0.6861,0.6861
1691694584000,0.6861,0.6861,0.6861
1691694585000,0.6861,0.6861,0.6861
1691694586000,0.6861,0.6861,0.6861
1691694587000,0.686,0.686,0.686
1691694588000,0.686,0.686,0.686
1691694589000,0.686,0.686,0.686
1691694590000,0.686,0.686,0.686
1691694591000,0.6861,0.6861,0.6861
1691694592000,0.686,0.686,0.686
1691694593000,0.686,0.686,0.686
1691694594000,0.686,0.686,0.686
1691694595000,0.68601429,0.68601429,0.68601429
1691694596000,0.68601455,0.68601455,0.68601455
1691694597000,0.68601458,0.68601458,0.68601458
1691694598000,0.68601533,0.68601533,0.68601533
1691694599000,0.6860153,0.6860153,0.6860153
1691694600000,0.68600739,0.68600739,0.68600739
1691694601000,0.68600739,0.68600739,0.68600739
1691694602000,0.68600739,0.68600739,0.68600739
1691694603000,0.68600739,0.68600739,0.68600739
1691694604000,0.68600664,0.68600664,0.68600664
1691694605000,0.68600788,0.68600788,0.68600788
1691694606000,0.68600833,0.68600833,0.68600833
1691694607000,0.68600833,0.68600833,0.68600833
1691694608000,0.68600756,0.68600756,0.68600756
1691694609000,0.68605181,0.68605181,0.68605181
1691694610000,0.68605181,0.68605181,0.68605181
1691694611000,0.6862,0.6862,0.6862
1691694612000,0.6862,0.6862,0.6862
1691694613000,0.6863,0.6863,0.6863
1691694614000,0.6863,0.6863,0.6863
1691694615000,0.6863,0.6863,0.6863
1691694616000,0.6863,0.6863,0.6863
1691694617000,0.6862,0.6862,0.6862
1691694618000,0.6862,0.6862,0.6862
1691694619000,0.6862,0.6862,0.6862
1691694620000,0.6862,0.6862,0.6862
1691694621000,0.6862,0.6862,0.6862
1691694622000,0.6862,0.6862,0.6862
1691694623000,0.6862,0.6862,0.6862
1691694624000,0.6862,0.6862,0.6862
1691694625000,0.6862,0.6862,0.6862
1691694626000,0.6862,0.6862,0.6862
1691694627000,0.6862,0.6862,0.6862
1691694628000,0.6862,0.6862,0.6862
1691694629000,0.68611093,0.68611093,0.68611093
1691694630000,0.68611093,0.68611093,0.68611093
1691694631000,0.68611043,0.68611043,0.68611043
1691694632000,0.6862,0.6862,0.6862
1691694633000,0.6861,0.6861,0.6861
1691694634000,0.6861,0.6861,0.6861
1691694635000,0.68611254,0.68611254,0.68611254
1691694636000,0.6861128,0.6861128,0.6861128
1691694637000,0.68611352,0.68611352,0.68611352
1691694638000,0.6861107,0.6861107,0.6861107
1691694639000,0.68606647,0.68606647,0.68606647
1691694640000,0.6861,0.6861,0.6861
1691694641000,0.6861,0.6861,0.6861
1691694642000,0.6861,0.6861,0.6861
1691694643000,0.68606569,0.68606569,0.68606569
1691694644000,0.68606652,0.68606652,0.68606652
1691694645000,0.68606652,0.68606652,0.68606652
1691694646000,0.68606682,0.68606682,0.68606682
1691694647000,0.68606682,0.68606682,0.68606682
1691694648000,0.6860661,0.6860661,0.6860661
1691694649000,0.68606509,0.68606509,0.68606509
1691694650000,0.6859781,0.6859781,0.6859781
1691694651000,0.6859753,0.6859753,0.6859753
1691694652000,0.68596151,0.68596151,0.68596151
1691694653000,0.68596154,0.68596154,0.68596154
1691694654000,0.68596151,0.68596151,0.68596151
1691694655000,0.68582594,0.68582594,0.68582594
1691694656000,0.68582594,0.68582594,0.68582594
1691694657000,0.68581429,0.68581429,0.68581429
1691694658000,0.68581429,0.68581429,0.68581429
1691694659000,0.68580125,0.68580125,0.68580125
1691694660000,0.68570588,0.68570588,0.68570588
1691694661000,0.68570665,0.68570665,0.68570665
1691694662000,0.68570685,0.68570685,0.68570685
1691694663000,0.68570607,0.68570607,0.68570607
1691694664000,0.68570607,0.68570607,0.68570607
1691694665000,0.68570682,0.68570682,0.68570682
1691694666000,0.68570417,0.68570417,0.68570417
1691694667000,0.68570417,0.68570417,0.68570417
1691694668000,0.68570417,0.68570417,0.68570417
1691694669000,0.68574006,0.68574006,0.68574006
1691694670000,0.68574006,0.68574006,0.68574006
1691694671000,0.68573827,0.68573827,0.68573827
1691694672000,0.68573824,0.68573824,0.68573824
1691694673000,0.68568824,0.68568824,0.68568824
1691694674000,0.68568824,0.68568824,0.68568824
1691694675000,0.68568824,0.68568824,0.68568824
1691694676000,0.68568824,0.68568824,0.68568824
1691694677000,0.6856819,0.6856819,0.6856819
1691694678000,0.68563842,0.68563842,0.68563842
1691694679000,0.68563845,0.68563845,0.68563845
1691694680000,0.68568268,0.68568268,0.68568268
1691694681000,0.68568193,0.68568193,0.68568193
1691694682000,0.6856787,0.6856787,0.6856787
1691694683000,0.68567945,0.68567945,0.68567945
1691694684000,0.68567867,0.68567867,0.68567867
1691694685000,0.68567867,0.68567867,0.68567867
1691694686000,0.68567867,0.68567867,0.68567867
1691694687000,0.68567867,0.68567867,0.68567867
1691694688000,0.68567618,0.68567618,0.68567618
1691694689000,0.68567621,0.68567621,0.68567621
1691694690000,0.68567621,0.68567621,0.68567621
1691694691000,0.68567618,0.68567618,0.68567618
1691694692000,0.68567693,0.68567693,0.68567693
1691694693000,0.68567446,0.68567446,0.68567446
1691694694000,0.68567446,0.68567446,0.68567446
1691694695000,0.68559182,0.68559182,0.68559182
1691694696000,0.68559182,0.68559182,0.68559182
1691694697000,0.68554834,0.68554834,0.68554834
1691694698000,0.6855476,0.6855476,0.6855476
1691694699000,0.68554292,0.68554292,0.68554292
1691694700000,0.68557834,0.68557834,0.68557834
1691694701000,0.68557834,0.68557834,0.68557834
1691694702000,0.68558456,0.68558456,0.68558456
1691694703000,0.68558459,0.68558459,0.68558459
1691694704000,0.6855817,0.6855817,0.6855817
1691694705000,0.68556367,0.68556367,0.68556367
1691694706000,0.68556367,0.68556367,0.68556367
1691694707000,0.68552022,0.68552022,0.68552022
1691694708000,0.68556367,0.68556367,0.68556367
1691694709000,0.68556367,0.68556367,0.68556367
1691694710000,0.68556097,0.68556097,0.68556097
1691694711000,0.685561,0.685561,0.685561
1691694712000,0.68551749,0.68551749,0.68551749
1691694713000,0.68551749,0.68551749,0.68551749
1691694714000,0.68551749,0.68551749,0.68551749
1691694715000,0.68551749,0.68551749,0.68551749
1691694716000,0.68551855,0.68551855,0.68551855
1691694717000,0.68551858,0.68551858,0.68551858
1691694718000,0.68551858,0.68551858,0.68551858
1691694719000,0.68551855,0.68551855,0.68551855
1691694720000,0.68551746,0.68551746,0.68551746
1691694721000,0.68551588,0.68551588,0.68551588
1691694722000,0.68550284,0.68550284,0.68550284
1691694723000,0.68550284,0.68550284,0.68550284
1691694724000,0.68548982,0.68548982,0.68548982
1691694725000,0.68548982,0.68548982,0.68548982
1691694726000,0.6854887,0.6854887,0.6854887
1691694727000,0.6854871,0.6854871,0.6854871
1691694728000,0.6854868,0.6854868,0.6854868
1691694729000,0.6854868,0.6854868,0.6854868
1691694730000,0.6854868,0.6854868,0.6854868
1691694731000,0.6854868,0.6854868,0.6854868
1691694732000,0.68548072,0.68548072,0.68548072
1691694733000,0.68548062,0.68548062,0.68548062
1691694734000,0.6855,0.6855,0.6855
1691694735000,0.68548174,0.68548174,0.68548174
1691694736000,0.68548171,0.68548171,0.68548171
1691694737000,0.6855,0.6855,0.6855
1691694738000,0.6855,0.6855,0.6855
1691694739000,0.6854887,0.6854887,0.6854887
1691694740000,0.6854887,0.6854887,0.6854887
1691694741000,0.6855,0.6855,0.6855
1691694742000,0.68544272,0.68544272,0.68544272
1691694743000,0.68544311,0.68544311,0.68544311
1691694744000,0.68541702,0.68541702,0.68541702
1691694745000,0.68545539,0.68545539,0.68545539
1691694746000,0.68545539,0.68545539,0.68545539
1691694747000,0.68545539,0.68545539,0.68545539
1691694748000,0.68545539,0.68545539,0.68545539
1691694749000,0.68545302,0.68545302,0.68545302
1691694750000,0.68535829,0.68535829,0.68535829
1691694751000,0.6854018,0.6854018,0.6854018
1691694752000,0.6854018,0.6854018,0.6854018
1691694753000,0.6854018,0.6854018,0.6854018
1691694754000,0.68539721,0.68539721,0.68539721
1691694755000,0.68539721,0.68539721,0.68539721
1691694756000,0.68539721,0.68539721,0.68539721
1691694757000,0.68539721,0.68539721,0.68539721
1691694758000,0.68539721,0.68539721,0.68539721
1691694759000,0.68539627,0.68539627,0.68539627
1691694760000,0.68539298,0.68539298,0.68539298
1691694761000,0.68539298,0.68539298,0.68539298
1691694762000,0.68539301,0.68539301,0.68539301
1691694763000,0.68539298,0.68539298,0.68539298
1691694764000,0.68539614,0.68539614,0.68539614
1691694765000,0.68539621,0.68539621,0.68539621
1691694766000,0.68539621,0.68539621,0.68539621
1691694767000,0.68539695,0.68539695,0.68539695
1691694768000,0.68539695,0.68539695,0.68539695
1691694769000,0.68544085,0.68544085,0.68544085
1691694770000,0.68544011,0.68544011,0.68544011
1691694771000,0.68544252,0.68544252,0.68544252
1691694772000,0.68544256,0.68544256,0.68544256
1691694773000,0.68544256,0.68544256,0.68544256
1691694774000,0.68544256,0.68544256,0.68544256
1691694775000,0.68544138,0.68544138,0.68544138
1691694776000,0.68543818,0.68543818,0.68543818
1691694777000,0.68543818,0.68543818,0.68543818
1691694778000,0.68543746,0.68543746,0.68543746
1691694779000,0.68543743,0.68543743,0.68543743
1691694780000,0.68543636,0.68543636,0.68543636
1691694781000,0.68543636,0.68543636,0.68543636
1691694782000,0.68543568,0.68543568,0.68543568
1691694783000,0.68543568,0.68543568,0.68543568
1691694784000,0.68543568,0.68543568,0.68543568
1691694785000,0.68543532,0.68543532,0.68543532
1691694786000,0.68544836,0.68544836,0.68544836
1691694787000,0.68544599,0.68544599,0.68544599
1691694788000,0.68540254,0.68540254,0.68540254
1691694789000,0.68540254,0.68540254,0.68540254
1691694790000,0.68540251,0.68540251,0.68540251
1691694791000,0.68540251,0.68540251,0.68540251
1691694792000,0.68540251,0.68540251,0.68540251
1691694793000,0.68544382,0.68544382,0.68544382
1691694794000,0.68544382,0.68544382,0.68544382
1691694795000,0.68548733,0.68548733,0.68548733
1691694796000,0.68548733,0.68548733,0.68548733
1691694797000,0.6854873,0.6854873,0.6854873
1691694798000,0.6854847,0.6854847,0.6854847
1691694799000,0.68548473,0.68548473,0.68548473
1691694800000,0.68548473,0.68548473,0.68548473
1691694801000,0.6854847,0.6854847,0.6854847
1691694802000,0.6854847,0.6854847,0.6854847
1691694803000,0.68548473,0.68548473,0.68548473
1691694804000,0.68548287,0.68548287,0.68548287
1691694805000,0.68548506,0.68548506,0.68548506
1691694806000,0.68543248,0.68543248,0.68543248
1691694807000,0.68543248,0.68543248,0.68543248
1691694808000,0.68543245,0.68543245,0.68543245
1691694809000,0.68542967,0.68542967,0.68542967
1691694810000,0.68542798,0.68542798,0.68542798
1691694811000,0.68542795,0.68542795,0.68542795
1691694812000,0.68542795,0.68542795,0.68542795
1691694813000,0.68542795,0.68542795,0.68542795
1691694814000,0.68536925,0.68536925,0.68536925
1691694815000,0.68536738,0.68536738,0.68536738
1691694816000,0.68536741,0.68536741,0.68536741
1691694817000,0.68536741,0.68536741,0.68536741
1691694818000,0.68536741,0.68536741,0.68536741
1691694819000,0.6854,0.6854,0.6854
1691694820000,0.6854,0.6854,0.6854
1691694821000,0.68536348,0.68536348,0.68536348
1691694822000,0.68536348,0.68536348,0.68536348
1691694823000,0.68536351,0.68536351,0.68536351
1691694824000,0.68536351,0.68536351,0.68536351
1691694825000,0.68536348,0.68536348,0.68536348
1691694826000,0.68531745,0.68531745,0.68531745
1691694827000,0.68531745,0.68531745,0.68531745
1691694828000,0.68532394,0.68532394,0.68532394
1691694829000,0.68532394,0.68532394,0.68532394
1691694830000,0.68532397,0.68532397,0.68532397
1691694831000,0.68532083,0.68532083,0.68532083
1691694832000,0.68532083,0.68532083,0.68532083
1691694833000,0.68532083,0.68532083,0.68532083
1691694834000,0.68532083,0.68532083,0.68532083
1691694835000,0.68532083,0.68532083,0.68532083
1691694836000,0.68536431,0.68536431,0.68536431
1691694837000,0.68535986,0.68535986,0.68535986
1691694838000,0.68535983,0.68535983,0.68535983
1691694839000,0.68535983,0.68535983,0.68535983
1691694840000,0.68535986,0.68535986,0.68535986
1691694841000,0.68535925,0.68535925,0.68535925
1691694842000,0.68535524,0.68535524,0.68535524
1691694843000,0.68535598,0.68535598,0.68535598
1691694844000,0.68535524,0.68535524,0.68535524
1691694845000,0.68535527,0.68535527,0.68535527
1691694846000,0.68535481,0.68535481,0.68535481
1691694847000,0.68535481,0.68535481,0.68535481
1691694848000,0.68530291,0.68530291,0.68530291
1691694849000,0.68530291,0.68530291,0.68530291
1691694850000,0.6853,0.6853,0.6853
1691694851000,0.6853,0.6853,0.6853
1691694852000,0.68525573,0.68525573,0.68525573
1691694853000,0.68523764,0.68523764,0.68523764
1691694854000,0.68523764,0.68523764,0.68523764
1691694855000,0.68523764,0.68523764,0.68523764
1691694856000,0.68523764,0.68523764,0.68523764
1691694857000,0.68523709,0.68523709,0.68523709
1691694858000,0.68523709,0.68523709,0.68523709
1691694859000,0.68523086,0.68523086,0.68523086
1691694860000,0.68523163,0.68523163,0.68523163
1691694861000,0.68523163,0.68523163,0.68523163
1691694862000,0.68523163,0.68523163,0.68523163
1691694863000,0.68523079,0.68523079,0.68523079
1691694864000,0.68522466,0.68522466,0.68522466
1691694865000,0.68522466,0.68522466,0.68522466
1691694866000,0.6855,0.6855,0.6855
1691694867000,0.6855,0.6855,0.6855
1691694868000,0.6855,0.6855,0.6855
1691694869000,0.6855,0.6855,0.6855
1691694870000,0.6855,0.6855,0.6855
1691694871000,0.6855,0.6855,0.6855
1691694872000,0.6855,0.6855,0.6855
1691694873000,0.6855,0.6855,0.6855
1691694874000,0.6855,0.6855,0.6855
1691694875000,0.6855,0.6855,0.6855
1691694876000,0.6855,0.6855,0.6855
1691694877000,0.6855,0.6855,0.6855
1691694878000,0.6855,0.6855,0.6855
1691694879000,0.6855,0.6855,0.6855
1691694880000,0.6855,0.6855,0.6855
1691694881000,0.6855,0.6855,0.6855
1691694882000,0.6855,0.6855,0.6855
1691694883000,0.6855,0.6855,0.6855
1691694884000,0.6855,0.6855,0.6855
1691694885000,0.6857,0.6857,0.6857
1691694886000,0.6857,0.6857,0.6857
1691694887000,0.6856,0.6856,0.6856
1691694888000,0.6856,0.6856,0.6856
1691694889000,0.6856,0.6856,0.6856
1691694890000,0.6856,0.6856,0.6856
1691694891000,0.6856,0.6856,0.6856
1691694892000,0.6856,0.6856,0.6856
1691694893000,0.6856,0.6856,0.6856
1691694894000,0.6856,0.6856,0.6856
1691694895000,0.6856,0.6856,0.6856
1691694896000,0.6858,0.6858,0.6858
1691694897000,0.6858,0.6858,0.6858
1691694898000,0.6857,0.6857,0.6857
1691694899000,0.6857,0.6857,0.6857
1691694900000,0.6858,0.6858,0.6858
1691694901000,0.6858,0.6858,0.6858
1691694902000,0.6857,0.6857,0.6857
1691694903000,0.6857,0.6857,0.6857
1691694904000,0.6857,0.6857,0.6857
1691694905000,0.6857,0.6857,0.6857
1691694906000,0.6858,0.6858,0.6858
1691694907000,0.6856,0.6856,0.6856
1691694908000,0.6856,0.6856,0.6856
1691694909000,0.68552633,0.68552633,0.68552633
1691694910000,0.68552558,0.68552558,0.68552558
1691694911000,0.6856,0.6856,0.6856
1691694912000,0.6856,0.6856,0.6856
1691694913000,0.6856,0.6856,0.6856
1691694914000,0.6856,0.6856,0.6856
1691694915000,0.68552791,0.68552791,0.68552791
1691694916000,0.6855,0.6855,0.6855
1691694917000,0.6855,0.6855,0.6855
1691694918000,0.68542924,0.68542924,0.68542924
1691694919000,0.68542924,0.68542924,0.68542924
1691694920000,0.68542543,0.68542543,0.68542543
1691694921000,0.685424,0.685424,0.685424
1691694922000,0.68542322,0.68542322,0.68542322
1691694923000,0.68542322,0.68542322,0.68542322
1691694924000,0.68542322,0.68542322,0.68542322
1691694925000,0.68541772,0.68541772,0.68541772
1691694926000,0.68537498,0.68537498,0.68537498
1691694927000,0.68537498,0.68537498,0.68537498
1691694928000,0.68537498,0.68537498,0.68537498
1691694929000,0.68537427,0.68537427,0.68537427
1691694930000,0.6855,0.6855,0.6855
1691694931000,0.6855,0.6855,0.6855
1691694932000,0.6855,0.6855,0.6855
1691694933000,0.6855,0.6855,0.6855
1691694934000,0.68541151,0.68541151,0.68541151
1691694935000,0.68541151,0.68541151,0.68541151
1691694936000,0.68540987,0.68540987,0.68540987
1691694937000,0.6855,0.6855,0.6855
1691694938000,0.6856,0.6856,0.6856
1691694939000,0.6855,0.6855,0.6855
1691694940000,0.6855,0.6855,0.6855
1691694941000,0.6855,0.6855,0.6855
1691694942000,0.6855,0.6855,0.6855
1691694943000,0.6855,0.6855,0.6855
1691694944000,0.6855,0.6855,0.6855
1691694945000,0.6855,0.6855,0.6855
1691694946000,0.6855,0.6855,0.6855
1691694947000,0.6855,0.6855,0.6855
1691694948000,0.6855,0.6855,0.6855
1691694949000,0.6855,0.6855,0.6855
1691694950000,0.6855,0.6855,0.6855
1691694951000,0.6855,0.6855,0.6855
1691694952000,0.6855,0.6855,0.6855
1691694953000,0.6855,0.6855,0.6855
1691694954000,0.6855,0.6855,0.6855
1691694955000,0.68544518,0.68544518,0.68544518
1691694956000,0.68544515,0.68544515,0.68544515
1691694957000,0.68544515,0.68544515,0.68544515
1691694958000,0.68544662,0.68544662,0.68544662
1691694959000,0.68544662,0.68544662,0.68544662
1691694960000,0.6855,0.6855,0.6855
1691694961000,0.6855,0.6855,0.6855
1691694962000,0.6855,0.6855,0.6855
1691694963000,0.6855,0.6855,0.6855
1691694964000,0.6854,0.6854,0.6854
1691694965000,0.6854,0.6854,0.6854
1691694966000,0.6854,0.6854,0.6854
1691694967000,0.6854,0.6854,0.6854
1691694968000,0.68544338,0.68544338,0.68544338
1691694969000,0.6854425,0.6854425,0.6854425
1691694970000,0.68544247,0.68544247,0.68544247
1691694971000,0.68544247,0.68544247,0.68544247
1691694972000,0.6854,0.6854,0.6854
1691694973000,0.6854,0.6854,0.6854
1691694974000,0.6854,0.6854,0.6854
1691694975000,0.6854,0.6854,0.6854
1691694976000,0.6855,0.6855,0.6855
1691694977000,0.6855,0.6855,0.6855
1691694978000,0.6855,0.6855,0.6855
1691694979000,0.6855,0.6855,0.6855
1691694980000,0.68544309,0.68544309,0.68544309
1691694981000,0.68544309,0.68544309,0.68544309
1691694982000,0.6854438,0.6854438,0.6854438
1691694983000,0.6855,0.6855,0.6855
1691694984000,0.6855,0.6855,0.6855
1691694985000,0.6855,0.6855,0.6855
1691694986000,0.68540071,0.68540071,0.68540071
1691694987000,0.6854,0.6854,0.6854
1691694988000,0.68535723,0.68535723,0.68535723
1691694989000,0.68535723,0.68535723,0.68535723
1691694990000,0.68535188,0.68535188,0.68535188
1691694991000,0.68535117,0.68535117,0.68535117
1691694992000,0.68535117,0.68535117,0.68535117
1691694993000,0.68532508,0.68532508,0.68532508
1691694994000,0.68532434,0.68532434,0.68532434
1691694995000,0.68532431,0.68532431,0.68532431
1691694996000,0.68531201,0.68531201,0.68531201
1691694997000,0.6854,0.6854,0.6854
1691694998000,0.6854,0.6854,0.6854
1691694999000,0.6854,0.6854,0.6854
1691695000000,0.6854,0.6854,0.6854
1691695001000,0.68531463,0.68531463,0.68531463
1691695002000,0.68531719,0.68531719,0.68531719
1691695003000,0.68531716,0.68531716,0.68531716
1691695004000,0.68531064,0.68531064,0.68531064
1691695005000,0.68530885,0.68530885,0.68530885
1691695006000,0.68530885,0.68530885,0.68530885
1691695007000,0.68530888,0.68530888,0.68530888
1691695008000,0.6853114,0.6853114,0.6853114
1691695009000,0.6854,0.6854,0.6854
1691695010000,0.6854,0.6854,0.6854
1691695011000,0.6854,0.6854,0.6854
1691695012000,0.6854,0.6854,0.6854
1691695013000,0.6854,0.6854,0.6854
1691695014000,0.6854,0.6854,0.6854
1691695015000,0.6854,0.6854,0.6854
1691695016000,0.6853,0.6853,0.6853
1691695017000,0.6853,0.6853,0.6853
1691695018000,0.6853,0.6853,0.6853
1691695019000,0.6853,0.6853,0.6853
1691695020000,0.6853,0.6853,0.6853
1691695021000,0.6853,0.6853,0.6853
1691695022000,0.6853,0.6853,0.6853
1691695023000,0.6853,0.6853,0.6853
1691695024000,0.6853,0.6853,0.6853
1691695025000,0.6852761,0.6852761,0.6852761
1691695026000,0.68526448,0.68526448,0.68526448
1691695027000,0.68517006,0.68517006,0.68517006
1691695028000,0.68517006,0.68517006,0.68517006
1691695029000,0.6851708,0.6851708,0.6851708
1691695030000,0.68516973,0.68516973,0.68516973
1691695031000,0.68516973,0.68516973,0.68516973
1691695032000,0.68516899,0.68516899,0.68516899
1691695033000,0.68516899,0.68516899,0.68516899
1691695034000,0.68512548,0.68512548,0.68512548
1691695035000,0.68512595,0.68512595,0.68512595
1691695036000,0.6852,0.6852,0.6852
1691695037000,0.6852,0.6852,0.6852
1691695038000,0.6852,0.6852,0.6852
1691695039000,0.6852,0.6852,0.6852
1691695040000,0.68516946,0.68516946,0.68516946
1691695041000,0.68516826,0.68516826,0.68516826
1691695042000,0.68521245,0.68521245,0.68521245
1691695043000,0.68521245,0.68521245,0.68521245
1691695044000,0.68521245,0.68521245,0.68521245
1691695045000,0.6852,0.6852,0.6852
1691695046000,0.6853,0.6853,0.6853
1691695047000,0.6853,0.6853,0.6853
1691695048000,0.6854,0.6854,0.6854
1691695049000,0.6854,0.6854,0.6854
1691695050000,0.6854,0.6854,0.6854
1691695051000,0.6854,0.6854,0.6854
1691695052000,0.6854,0.6854,0.6854
1691695053000,0.6854,0.6854,0.6854
1691695054000,0.6854,0.6854,0.6854
1691695055000,0.6854,0.6854,0.6854
1691695056000,0.6854,0.6854,0.6854
1691695057000,0.6854,0.6854,0.6854
1691695058000,0.6853,0.6853,0.6853
1691695059000,0.6853,0.6853,0.6853
1691695060000,0.6854,0.6854,0.6854
1691695061000,0.6854,0.6854,0.6854
1691695062000,0.6854,0.6854,0.6854
1691695063000,0.6853,0.6853,0.6853
1691695064000,0.6853,0.6853,0.6853
1691695065000,0.6853,0.6853,0.6853
1691695066000,0.6853,0.6853,0.6853
1691695067000,0.6853,0.6853,0.6853
1691695068000,0.68523953,0.68523953,0.68523953
1691695069000,0.6853,0.6853,0.6853
1691695070000,0.6853,0.6853,0.6853
1691695071000,0.6853,0.6853,0.6853
1691695072000,0.6853,0.6853,0.6853
1691695073000,0.6853,0.6853,0.6853
1691695074000,0.6853,0.6853,0.6853
1691695075000,0.6853,0.6853,0.6853
1691695076000,0.6853,0.6853,0.6853
1691695077000,0.6853,0.6853,0.6853
1691695078000,0.6853,0.6853,0.6853
1691695079000,0.68524434,0.68524434,0.68524434
1691695080000,0.68524437,0.68524437,0.68524437
1691695081000,0.68524437,0.68524437,0.68524437
1691695082000,0.68524437,0.68524437,0.68524437
1691695083000,0.68524437,0.68524437,0.68524437
1691695084000,0.6853,0.6853,0.6853
1691695085000,0.68524597,0.68524597,0.68524597
1691695086000,0.68524675,0.68524675,0.68524675
1691695087000,0.68524672,0.68524672,0.68524672
1691695088000,0.68524672,0.68524672,0.68524672
1691695089000,0.68524675,0.68524675,0.68524675
1691695090000,0.68524835,0.68524835,0.68524835
1691695091000,0.68524835,0.68524835,0.68524835
1691695092000,0.68524835,0.68524835,0.68524835
1691695093000,0.68524835,0.68524835,0.68524835
1691695094000,0.68523923,0.68523923,0.68523923
1691695095000,0.6852392,0.6852392,0.6852392
1691695096000,0.68524276,0.68524276,0.68524276
1691695097000,0.68519931,0.68519931,0.68519931
1691695098000,0.6853,0.6853,0.6853
1691695099000,0.68520002,0.68520002,0.68520002
1691695100000,0.6852,0.6852,0.6852
1691695101000,0.68520026,0.68520026,0.68520026
1691695102000,0.6853,0.6853,0.6853
1691695103000,0.6853,0.6853,0.6853
1691695104000,0.68520679,0.68520679,0.68520679
1691695105000,0.68520679,0.68520679,0.68520679
1691695106000,0.6853,0.6853,0.6853
1691695107000,0.6853,0.6853,0.6853
1691695108000,0.6853,0.6853,0.6853
1691695109000,0.68520925,0.68520925,0.68520925
1691695110000,0.68520925,0.68520925,0.68520925
1691695111000,0.68525347,0.68525347,0.68525347
1691695112000,0.6853,0.6853,0.6853
1691695113000,0.6853,0.6853,0.6853
1691695114000,0.68525493,0.68525493,0.68525493
1691695115000,0.68525493,0.68525493,0.68525493
1691695116000,0.68526148,0.68526148,0.68526148
1691695117000,0.6853,0.6853,0.6853
1691695118000,0.6853,0.6853,0.6853
1691695119000,0.6853,0.6853,0.6853
1691695120000,0.6853,0.6853,0.6853
1691695121000,0.6853,0.6853,0.6853
1691695122000,0.6853,0.6853,0.6853
1691695123000,0.6853,0.6853,0.6853
1691695124000,0.6853,0.6853,0.6853
1691695125000,0.6853,0.6853,0.6853
1691695126000,0.6853,0.6853,0.6853
1691695127000,0.6853,0.6853,0.6853
1691695128000,0.68531853,0.68531853,0.68531853
1691695129000,0.68531982,0.68531982,0.68531982
1691695130000,0.68531979,0.68531979,0.68531979
1691695131000,0.68532057,0.68532057,0.68532057
1691695132000,0.68532054,0.68532054,0.68532054
1691695133000,0.6854,0.6854,0.6854
1691695134000,0.6854,0.6854,0.6854
1691695135000,0.68532136,0.68532136,0.68532136
1691695136000,0.6854,0.6854,0.6854
1691695137000,0.6854,0.6854,0.6854
1691695138000,0.6854,0.6854,0.6854
1691695139000,0.6854,0.6854,0.6854
1691695140000,0.6854,0.6854,0.6854
1691695141000,0.6854,0.6854,0.6854
1691695142000,0.6854,0.6854,0.6854
1691695143000,0.6854,0.6854,0.6854
1691695144000,0.6854,0.6854,0.6854
1691695145000,0.6854,0.6854,0.6854
1691695146000,0.6854,0.6854,0.6854
1691695147000,0.6855,0.6855,0.6855
1691695148000,0.6855,0.6855,0.6855
1691695149000,0.6855,0.6855,0.6855
1691695150000,0.6854,0.6854,0.6854
1691695151000,0.6854,0.6854,0.6854
1691695152000,0.6854,0.6854,0.6854
1691695153000,0.6854,0.6854,0.6854
1691695154000,0.6854,0.6854,0.6854
1691695155000,0.6854,0.6854,0.6854
1691695156000,0.6855,0.6855,0.6855
1691695157000,0.6854,0.6854,0.6854
1691695158000,0.6854,0.6854,0.6854
1691695159000,0.6854,0.6854,0.6854
1691695160000,0.6854,0.6854,0.6854
1691695161000,0.6854,0.6854,0.6854
1691695162000,0.6854,0.6854,0.6854
1691695163000,0.6854,0.6854,0.6854
1691695164000,0.6854,0.6854,0.6854
1691695165000,0.6854,0.6854,0.6854
1691695166000,0.6855,0.6855,0.6855
1691695167000,0.6855,0.6855,0.6855
1691695168000,0.6855,0.6855,0.6855
1691695169000,0.6855,0.6855,0.6855
1691695170000,0.6855,0.6855,0.6855
1691695171000,0.6855,0.6855,0.6855
1691695172000,0.6855,0.6855,0.6855
1691695173000,0.6855,0.6855,0.6855
1691695174000,0.6854,0.6854,0.6854
1691695175000,0.6855,0.6855,0.6855
1691695176000,0.6854,0.6854,0.6854
1691695177000,0.6855,0.6855,0.6855
1691695178000,0.6854,0.6854,0.6854
1691695179000,0.6854,0.6854,0.6854
1691695180000,0.6854,0.6854,0.6854
1691695181000,0.6854,0.6854,0.6854
1691695182000,0.6854,0.6854,0.6854
1691695183000,0.6854,0.6854,0.6854
1691695184000,0.6855,0.6855,0.6855
1691695185000,0.6854,0.6854,0.6854
1691695186000,0.6854,0.6854,0.6854
1691695187000,0.6854,0.6854,0.6854
1691695188000,0.6854,0.6854,0.6854
1691695189000,0.6854,0.6854,0.6854
1691695190000,0.6854,0.6854,0.6854
1691695191000,0.6854,0.6854,0.6854
1691695192000,0.6854,0.6854,0.6854
1691695193000,0.6854,0.6854,0.6854
1691695194000,0.6854,0.6854,0.6854
1691695195000,0.6854,0.6854,0.6854
1691695196000,0.6854,0.6854,0.6854
1691695197000,0.6854,0.6854,0.6854
1691695198000,0.6854,0.6854,0.6854
1691695199000,0.6854,0.6854,0.6854
1691695200000,0.6854,0.6854,0.6854
1691695201000,0.6854,0.6854,0.6854
1691695202000,0.6854,0.6854,0.6854
1691695203000,0.6855,0.6855,0.6855
1691695204000,0.6854,0.6854,0.6854
1691695205000,0.6854,0.6854,0.6854
1691695206000,0.6853,0.6853,0.6853
1691695207000,0.6853,0.6853,0.6853
1691695208000,0.6854,0.6854,0.6854
1691695209000,0.6854,0.6854,0.6854
1691695210000,0.6854,0.6854,0.6854
1691695211000,0.6854,0.6854,0.6854
1691695212000,0.6853,0.6853,0.6853
1691695213000,0.6853,0.6853,0.6853
1691695214000,0.6853,0.6853,0.6853
1691695215000,0.6853,0.6853,0.6853
1691695216000,0.6853,0.6853,0.6853
1691695217000,0.6853,0.6853,0.6853
1691695218000,0.6853,0.6853,0.6853
1691695219000,0.6854,0.6854,0.6854
1691695220000,0.6854,0.6854,0.6854
1691695221000,0.6854,0.6854,0.6854
1691695222000,0.6854,0.6854,0.6854
1691695223000,0.6854,0.6854,0.6854
1691695224000,0.6854,0.6854,0.6854
1691695225000,0.6854,0.6854,0.6854
1691695226000,0.6854,0.6854,0.6854
1691695227000,0.68523275,0.68523275,0.68523275
1691695228000,0.68523641,0.68523641,0.68523641
1691695229000,0.68523475,0.68523475,0.68523475
1691695230000,0.68521971,0.68521971,0.68521971
1691695231000,0.68521971,0.68521971,0.68521971
1691695232000,0.68521975,0.68521975,0.68521975
1691695233000,0.68523475,0.68523475,0.68523475
1691695234000,0.68523215,0.68523215,0.68523215
1691695235000,0.68523215,0.68523215,0.68523215
1691695236000,0.68522873,0.68522873,0.68522873
1691695237000,0.68522873,0.68522873,0.68522873
1691695238000,0.68520619,0.68520619,0.68520619
1691695239000,0.68520572,0.68520572,0.68520572
1691695240000,0.68513369,0.68513369,0.68513369
1691695241000,0.68513369,0.68513369,0.68513369
1691695242000,0.68513284,0.68513284,0.68513284
1691695243000,0.68513284,0.68513284,0.68513284
1691695244000,0.68511034,0.68511034,0.68511034
1691695245000,0.6849819,0.6849819,0.6849819
1691695246000,0.6849819,0.6849819,0.6849819
1691695247000,0.68491214,0.68491214,0.68491214
1691695248000,0.6848621,0.6848621,0.6848621
1691695249000,0.6848621,0.6848621,0.6848621
1691695250000,0.68485817,0.68485817,0.68485817
1691695251000,0.68485528,0.68485528,0.68485528
1691695252000,0.68485524,0.68485524,0.68485524
1691695253000,0.6849,0.6849,0.6849
1691695254000,0.68485613,0.68485613,0.68485613
1691695255000,0.68485524,0.68485524,0.68485524
1691695256000,0.6849,0.6849,0.6849
1691695257000,0.68485986,0.68485986,0.68485986
1691695258000,0.68485901,0.68485901,0.68485901
1691695259000,0.6849,0.6849,0.6849
1691695260000,0.6849,0.6849,0.6849
1691695261000,0.68472008,0.68472008,0.68472008
1691695262000,0.68472008,0.68472008,0.68472008
1691695263000,0.68472043,0.68472043,0.68472043
1691695264000,0.6847204,0.6847204,0.6847204
1691695265000,0.6847204,0.6847204,0.6847204
1691695266000,0.6847,0.6847,0.6847
1691695267000,0.68475644,0.68475644,0.68475644
1691695268000,0.68475716,0.68475716,0.68475716
1691695269000,0.68475716,0.68475716,0.68475716
1691695270000,0.6848,0.6848,0.6848
1691695271000,0.6848,0.6848,0.6848
1691695272000,0.68475841,0.68475841,0.68475841
1691695273000,0.68475844,0.68475844,0.68475844
1691695274000,0.68475841,0.68475841,0.68475841
1691695275000,0.68475841,0.68475841,0.68475841
1691695276000,0.68475841,0.68475841,0.68475841
1691695277000,0.68475767,0.68475767,0.68475767
1691695278000,0.68475819,0.68475819,0.68475819
1691695279000,0.68480167,0.68480167,0.68480167
1691695280000,0.68480167,0.68480167,0.68480167
1691695281000,0.6848017,0.6848017,0.6848017
1691695282000,0.68480167,0.68480167,0.68480167
1691695283000,0.68480217,0.68480217,0.68480217
1691695284000,0.68480217,0.68480217,0.68480217
1691695285000,0.68480217,0.68480217,0.68480217
1691695286000,0.68480217,0.68480217,0.68480217
1691695287000,0.68480294,0.68480294,0.68480294
1691695288000,0.68480294,0.68480294,0.68480294
1691695289000,0.6847209,0.6847209,0.6847209
1691695290000,0.6847209,0.6847209,0.6847209
1691695291000,0.6848,0.6848,0.6848
1691695292000,0.6848,0.6848,0.6848
1691695293000,0.68472015,0.68472015,0.68472015
1691695294000,0.68472453,0.68472453,0.68472453
1691695295000,0.68472378,0.68472378,0.68472378
1691695296000,0.68472378,0.68472378,0.68472378
1691695297000,0.68472378,0.68472378,0.68472378
1691695298000,0.68472378,0.68472378,0.68472378
1691695299000,0.68472453,0.68472453,0.68472453
1691695300000,0.68472775,0.68472775,0.68472775
1691695301000,0.6848,0.6848,0.6848
1691695302000,0.6848,0.6848,0.6848
1691695303000,0.68472123,0.68472123,0.68472123
1691695304000,0.68472123,0.68472123,0.68472123
1691695305000,0.68472201,0.68472201,0.68472201
1691695306000,0.68472198,0.68472198,0.68472198
1691695307000,0.68472275,0.68472275,0.68472275
1691695308000,0.68472925,0.68472925,0.68472925
1691695309000,0.68474232,0.68474232,0.68474232
1691695310000,0.685,0.685,0.685
1691695311000,0.6851,0.6851,0.6851
1691695312000,0.6851,0.6851,0.6851
1691695313000,0.6851,0.6851,0.6851
1691695314000,0.6851,0.6851,0.6851
1691695315000,0.6851,0.6851,0.6851
1691695316000,0.6851,0.6851,0.6851
1691695317000,0.6851,0.6851,0.6851
1691695318000,0.685,0.685,0.685
1691695319000,0.68496555,0.68496555,0.68496555
1691695320000,0.685,0.685,0.685
1691695321000,0.68496555,0.68496555,0.68496555
1691695322000,0.685,0.685,0.685
1691695323000,0.685,0.685,0.685
1691695324000,0.68496709,0.68496709,0.68496709
1691695325000,0.685,0.685,0.685
1691695326000,0.685,0.685,0.685
1691695327000,0.685,0.685,0.685
1691695328000,0.685,0.685,0.685
1691695329000,0.6851,0.6851,0.6851
1691695330000,0.6851,0.6851,0.6851
1691695331000,0.6851,0.6851,0.6851
1691695332000,0.6851,0.6851,0.6851
1691695333000,0.685,0.685,0.685
1691695334000,0.685,0.685,0.685
1691695335000,0.6851,0.6851,0.6851
1691695336000,0.6851,0.6851,0.6851
1691695337000,0.6851,0.6851,0.6851
1691695338000,0.6851,0.6851,0.6851
1691695339000,0.685,0.685,0.685
1691695340000,0.685,0.685,0.685
1691695341000,0.685,0.685,0.685
1691695342000,0.685,0.685,0.685
1691695343000,0.685,0.685,0.685
1691695344000,0.68494687,0.68494687,0.68494687
1691695345000,0.68494687,0.68494687,0.68494687
1691695346000,0.685,0.685,0.685
1691695347000,0.685,0.685,0.685
1691695348000,0.685,0.685,0.685
1691695349000,0.685,0.685,0.685
1691695350000,0.685,0.685,0.685
1691695351000,0.685,0.685,0.685
1691695352000,0.685,0.685,0.685
1691695353000,0.685,0.685,0.685
1691695354000,0.685,0.685,0.685
1691695355000,0.685,0.685,0.685
1691695356000,0.685,0.685,0.685
1691695357000,0.6851,0.6851,0.6851
1691695358000,0.6851,0.6851,0.6851
1691695359000,0.6853,0.6853,0.6853
1691695360000,0.6853,0.6853,0.6853
1691695361000,0.6853,0.6853,0.6853
1691695362000,0.6853,0.6853,0.6853
1691695363000,0.6853,0.6853,0.6853
1691695364000,0.6853,0.6853,0.6853
1691695365000,0.6852,0.6852,0.6852
1691695366000,0.6852,0.6852,0.6852
1691695367000,0.6852,0.6852,0.6852
1691695368000,0.6852,0.6852,0.6852
1691695369000,0.6852,0.6852,0.6852
1691695370000,0.6852,0.6852,0.6852
1691695371000,0.6852,0.6852,0.6852
1691695372000,0.6853,0.6853,0.6853
1691695373000,0.6852,0.6852,0.6852
1691695374000,0.6852,0.6852,0.6852
1691695375000,0.68514234,0.68514234,0.68514234
1691695376000,0.6852,0.6852,0.6852
1691695377000,0.6852,0.6852,0.6852
1691695378000,0.6853,0.6853,0.6853
1691695379000,0.6853,0.6853,0.6853
1691695380000,0.6852,0.6852,0.6852
1691695381000,0.6852,0.6852,0.6852
1691695382000,0.6853,0.6853,0.6853
1691695383000,0.6853,0.6853,0.6853
1691695384000,0.6853,0.6853,0.6853
1691695385000,0.6852,0.6852,0.6852
1691695386000,0.6852,0.6852,0.6852
1691695387000,0.6852,0.6852,0.6852
1691695388000,0.6852,0.6852,0.6852
1691695389000,0.6853,0.6853,0.6853
1691695390000,0.6852,0.6852,0.6852
1691695391000,0.6853,0.6853,0.6853
1691695392000,0.6852,0.6852,0.6852
1691695393000,0.6852,0.6852,0.6852
1691695394000,0.6852,0.6852,0.6852
1691695395000,0.6851,0.6851,0.6851
1691695396000,0.68510853,0.68510853,0.68510853
1691695397000,0.68510853,0.68510853,0.68510853
1691695398000,0.68510853,0.68510853,0.68510853
1691695399000,0.68511222,0.68511222,0.68511222
1691695400000,0.68511287,0.68511287,0.68511287
1691695401000,0.68511209,0.68511209,0.68511209
1691695402000,0.68511209,0.68511209,0.68511209
1691695403000,0.6852,0.6852,0.6852
1691695404000,0.6852,0.6852,0.6852
1691695405000,0.6852,0.6852,0.6852
1691695406000,0.68510744,0.68510744,0.68510744
1691695407000,0.6852,0.6852,0.6852
1691695408000,0.6852,0.6852,0.6852
1691695409000,0.6852,0.6852,0.6852
1691695410000,0.6852,0.6852,0.6852
1691695411000,0.6852,0.6852,0.6852
1691695412000,0.6852,0.6852,0.6852
1691695413000,0.6852,0.6852,0.6852
1691695414000,0.6852,0.6852,0.6852
1691695415000,0.6852,0.6852,0.6852
1691695416000,0.6852,0.6852,0.6852
1691695417000,0.6852,0.6852,0.6852
1691695418000,0.6852,0.6852,0.6852
1691695419000,0.6852,0.6852,0.6852
1691695420000,0.6852,0.6852,0.6852
1691695421000,0.6852,0.6852,0.6852
1691695422000,0.6852,0.6852,0.6852
1691695423000,0.68520036,0.68520036,0.68520036
1691695424000,0.68520039,0.68520039,0.68520039
1691695425000,0.68520039,0.68520039,0.68520039
1691695426000,0.68520089,0.68520089,0.68520089
1691695427000,0.6853,0.6853,0.6853
1691695428000,0.6853,0.6853,0.6853
1691695429000,0.6854,0.6854,0.6854
1691695430000,0.6854,0.6854,0.6854
1691695431000,0.6854,0.6854,0.6854
1691695432000,0.6854,0.6854,0.6854
1691695433000,0.6854,0.6854,0.6854
1691695434000,0.6854,0.6854,0.6854
1691695435000,0.6854,0.6854,0.6854
1691695436000,0.6854,0.6854,0.6854
1691695437000,0.6854,0.6854,0.6854
1691695438000,0.6854,0.6854,0.6854
1691695439000,0.6854,0.6854,0.6854
1691695440000,0.6854,0.6854,0.6854
1691695441000,0.6854,0.6854,0.6854
1691695442000,0.6855,0.6855,0.6855
1691695443000,0.6854,0.6854,0.6854
1691695444000,0.6854,0.6854,0.6854
1691695445000,0.6854,0.6854,0.6854
1691695446000,0.6854,0.6854,0.6854
1691695447000,0.6855,0.6855,0.6855
1691695448000,0.68533056,0.68533056,0.68533056
1691695449000,0.68533215,0.68533215,0.68533215
1691695450000,0.68533212,0.68533212,0.68533212
1691695451000,0.68533212,0.68533212,0.68533212
1691695452000,0.68533137,0.68533137,0.68533137
1691695453000,0.6853314,0.6853314,0.6853314
1691695454000,0.68533059,0.68533059,0.68533059
1691695455000,0.68533056,0.68533056,0.68533056
1691695456000,0.6854,0.6854,0.6854
1691695457000,0.6854,0.6854,0.6854
1691695458000,0.6854,0.6854,0.6854
1691695459000,0.6854,0.6854,0.6854
1691695460000,0.6854,0.6854,0.6854
1691695461000,0.6854,0.6854,0.6854
1691695462000,0.68533053,0.68533053,0.68533053
1691695463000,0.6853305,0.6853305,0.6853305
1691695464000,0.6853305,0.6853305,0.6853305
1691695465000,0.6853,0.6853,0.6853
1691695466000,0.6853,0.6853,0.6853
1691695467000,0.6853,0.6853,0.6853
1691695468000,0.6853,0.6853,0.6853
1691695469000,0.6853,0.6853,0.6853
1691695470000,0.6853,0.6853,0.6853
1691695471000,0.6853,0.6853,0.6853
1691695472000,0.6853,0.6853,0.6853
1691695473000,0.6853,0.6853,0.6853
1691695474000,0.6853,0.6853,0.6853
1691695475000,0.6853,0.6853,0.6853
1691695476000,0.6853,0.6853,0.6853
1691695477000,0.6853,0.6853,0.6853
1691695478000,0.6853,0.6853,0.6853
1691695479000,0.6853,0.6853,0.6853
1691695480000,0.6853,0.6853,0.6853
1691695481000,0.6853,0.6853,0.6853
1691695482000,0.6853,0.6853,0.6853
1691695483000,0.6853,0.6853,0.6853
1691695484000,0.6853,0.6853,0.6853
1691695485000,0.6853,0.6853,0.6853
1691695486000,0.6853,0.6853,0.6853
1691695487000,0.6853,0.6853,0.6853
1691695488000,0.6853,0.6853,0.6853
1691695489000,0.6854,0.6854,0.6854
1691695490000,0.6853,0.6853,0.6853
1691695491000,0.6854,0.6854,0.6854
1691695492000,0.6853,0.6853,0.6853
1691695493000,0.6853,0.6853,0.6853
1691695494000,0.6854,0.6854,0.6854
1691695495000,0.6854,0.6854,0.6854
1691695496000,0.6854,0.6854,0.6854
1691695497000,0.68523514,0.68523514,0.68523514
1691695498000,0.68523603,0.68523603,0.68523603
1691695499000,0.6853,0.6853,0.6853
1691695500000,0.68523603,0.68523603,0.68523603
1691695501000,0.68523603,0.68523603,0.68523603
1691695502000,0.68523529,0.68523529,0.68523529
1691695503000,0.68523603,0.68523603,0.68523603
1691695504000,0.6853,0.6853,0.6853
1691695505000,0.68523455,0.68523455,0.68523455
1691695506000,0.6853,0.6853,0.6853
1691695507000,0.6853,0.6853,0.6853
1691695508000,0.6853,0.6853,0.6853
1691695509000,0.6854,0.6854,0.6854
1691695510000,0.6854,0.6854,0.6854
1691695511000,0.6854,0.6854,0.6854
1691695512000,0.6854,0.6854,0.6854
1691695513000,0.6854,0.6854,0.6854
1691695514000,0.6855,0.6855,0.6855
1691695515000,0.6855,0.6855,0.6855
1691695516000,0.6855,0.6855,0.6855
1691695517000,0.6854,0.6854,0.6854
1691695518000,0.6854,0.6854,0.6854
1691695519000,0.6854,0.6854,0.6854
1691695520000,0.6855,0.6855,0.6855
1691695521000,0.6855,0.6855,0.6855
1691695522000,0.6855,0.6855,0.6855
1691695523000,0.6854,0.6854,0.6854
1691695524000,0.6854,0.6854,0.6854
1691695525000,0.6854,0.6854,0.6854
1691695526000,0.68532736,0.68532736,0.68532736
1691695527000,0.68532736,0.68532736,0.68532736
1691695528000,0.68520162,0.68520162,0.68520162
1691695529000,0.6853,0.6853,0.6853
1691695530000,0.6853,0.6853,0.6853
1691695531000,0.6853,0.6853,0.6853
1691695532000,0.6853,0.6853,0.6853
1691695533000,0.68523552,0.68523552,0.68523552
1691695534000,0.68523475,0.68523475,0.68523475
1691695535000,0.68523478,0.68523478,0.68523478
1691695536000,0.68523478,0.68523478,0.68523478
1691695537000,0.6853,0.6853,0.6853
1691695538000,0.68511793,0.68511793,0.68511793
1691695539000,0.68510927,0.68510927,0.68510927
1691695540000,0.68510924,0.68510924,0.68510924
1691695541000,0.68510924,0.68510924,0.68510924
1691695542000,0.68510945,0.68510945,0.68510945
1691695543000,0.68510945,0.68510945,0.68510945
1691695544000,0.68510945,0.68510945,0.68510945
1691695545000,0.68510868,0.68510868,0.68510868
1691695546000,0.68510868,0.68510868,0.68510868
1691695547000,0.68506955,0.68506955,0.68506955
1691695548000,0.68507059,0.68507059,0.68507059
1691695549000,0.68507059,0.68507059,0.68507059
1691695550000,0.68507059,0.68507059,0.68507059
1691695551000,0.68507059,0.68507059,0.68507059
1691695552000,0.68507059,0.68507059,0.68507059
1691695553000,0.6850268,0.6850268,0.6850268
1691695554000,0.6850268,0.6850268,0.6850268
1691695555000,0.68500724,0.68500724,0.68500724
1691695556000,0.68500724,0.68500724,0.68500724
1691695557000,0.68500288,0.68500288,0.68500288
1691695558000,0.68500366,0.68500366,0.68500366
1691695559000,0.68500194,0.68500194,0.68500194
1691695560000,0.68500194,0.68500194,0.68500194
1691695561000,0.6850443,0.6850443,0.6850443
1691695562000,0.6850443,0.6850443,0.6850443
1691695563000,0.68504516,0.68504516,0.68504516
1691695564000,0.68503465,0.68503465,0.68503465
1691695565000,0.68503379,0.68503379,0.68503379
1691695566000,0.68503383,0.68503383,0.68503383
1691695567000,0.68503379,0.68503379,0.68503379
1691695568000,0.68503379,0.68503379,0.68503379
1691695569000,0.68503724,0.68503724,0.68503724
1691695570000,0.68503955,0.68503955,0.68503955
1691695571000,0.6851,0.6851,0.6851
1691695572000,0.6851,0.6851,0.6851
1691695573000,0.6851,0.6851,0.6851
1691695574000,0.68504037,0.68504037,0.68504037
1691695575000,0.68504238,0.68504238,0.68504238
1691695576000,0.68504238,0.68504238,0.68504238
1691695577000,0.68504235,0.68504235,0.68504235
1691695578000,0.68504235,0.68504235,0.68504235
1691695579000,0.68509153,0.68509153,0.68509153
1691695580000,0.6850916,0.6850916,0.6850916
1691695581000,0.6851,0.6851,0.6851
1691695582000,0.6851,0.6851,0.6851
1691695583000,0.6851,0.6851,0.6851
1691695584000,0.6851,0.6851,0.6851
1691695585000,0.68509465,0.68509465,0.68509465
1691695586000,0.6851,0.6851,0.6851
1691695587000,0.68511823,0.68511823,0.68511823
1691695588000,0.68511823,0.68511823,0.68511823
1691695589000,0.6851182,0.6851182,0.6851182
1691695590000,0.68511835,0.68511835,0.68511835
1691695591000,0.68511831,0.68511831,0.68511831
1691695592000,0.6851184,0.6851184,0.6851184
1691695593000,0.68512676,0.68512676,0.68512676
1691695594000,0.68512676,0.68512676,0.68512676
1691695595000,0.68512563,0.68512563,0.68512563
1691695596000,0.68507567,0.68507567,0.68507567
1691695597000,0.68507567,0.68507567,0.68507567
1691695598000,0.68507563,0.68507563,0.68507563
1691695599000,0.68507563,0.68507563,0.68507563
1691695600000,0.68508931,0.68508931,0.68508931
1691695601000,0.68508846,0.68508846,0.68508846
1691695602000,0.68508842,0.68508842,0.68508842
1691695603000,0.68503722,0.68503722,0.68503722
1691695604000,0.685037,0.685037,0.685037
1691695605000,0.68503703,0.68503703,0.68503703
1691695606000,0.68503703,0.68503703,0.68503703
1691695607000,0.685037,0.685037,0.685037
1691695608000,0.68503703,0.68503703,0.68503703
1691695609000,0.68503664,0.68503664,0.68503664
1691695610000,0.68503619,0.68503619,0.68503619
1691695611000,0.68503619,0.68503619,0.68503619
1691695612000,0.68503619,0.68503619,0.68503619
1691695613000,0.68503619,0.68503619,0.68503619
1691695614000,0.68502719,0.68502719,0.68502719
1691695615000,0.68502719,0.68502719,0.68502719
1691695616000,0.68502596,0.68502596,0.68502596
1691695617000,0.68502579,0.68502579,0.68502579
1691695618000,0.68502579,0.68502579,0.68502579
1691695619000,0.68502575,0.68502575,0.68502575
1691695620000,0.68502582,0.68502582,0.68502582
1691695621000,0.68502552,0.68502552,0.68502552
1691695622000,0.68502549,0.68502549,0.68502549
1691695623000,0.68502549,0.68502549,0.68502549
1691695624000,0.68502552,0.68502552,0.68502552
1691695625000,0.68502595,0.68502595,0.68502595
1691695626000,0.6850174,0.6850174,0.6850174
1691695627000,0.6850174,0.6850174,0.6850174
1691695628000,0.6850174,0.6850174,0.6850174
1691695629000,0.68501822,0.68501822,0.68501822
1691695630000,0.68501754,0.68501754,0.68501754
1691695631000,0.68501641,0.68501641,0.68501641
1691695632000,0.68501637,0.68501637,0.68501637
1691695633000,0.68501641,0.68501641,0.68501641
1691695634000,0.68501637,0.68501637,0.68501637
1691695635000,0.68501634,0.68501634,0.68501634
1691695636000,0.6850153,0.6850153,0.6850153
1691695637000,0.6850153,0.6850153,0.6850153
1691695638000,0.6850578,0.6850578,0.6850578
1691695639000,0.6850578,0.6850578,0.6850578
1691695640000,0.68505792,0.68505792,0.68505792
1691695641000,0.68505792,0.68505792,0.68505792
1691695642000,0.68505529,0.68505529,0.68505529
1691695643000,0.68505529,0.68505529,0.68505529
1691695644000,0.68505532,0.68505532,0.68505532
1691695645000,0.68505532,0.68505532,0.68505532
1691695646000,0.68501264,0.68501264,0.68501264
1691695647000,0.68501277,0.68501277,0.68501277
1691695648000,0.68501277,0.68501277,0.68501277
1691695649000,0.68501277,0.68501277,0.68501277
1691695650000,0.68501277,0.68501277,0.68501277
1691695651000,0.68501304,0.68501304,0.68501304
1691695652000,0.68501389,0.68501389,0.68501389
1691695653000,0.68501293,0.68501293,0.68501293
1691695654000,0.68501296,0.68501296,0.68501296
1691695655000,0.68501296,0.68501296,0.68501296
1691695656000,0.68501323,0.68501323,0.68501323
1691695657000,0.68501319,0.68501319,0.68501319
1691695658000,0.68501136,0.68501136,0.68501136
1691695659000,0.6850114,0.6850114,0.6850114
1691695660000,0.6850114,0.6850114,0.6850114
1691695661000,0.68501095,0.68501095,0.68501095
1691695662000,0.68501095,0.68501095,0.68501095
1691695663000,0.68506095,0.68506095,0.68506095
1691695664000,0.68505938,0.68505938,0.68505938
1691695665000,0.6850102,0.6850102,0.6850102
1691695666000,0.6850102,0.6850102,0.6850102
1691695667000,0.68501596,0.68501596,0.68501596
1691695668000,0.68501596,0.68501596,0.68501596
1691695669000,0.68501243,0.68501243,0.68501243
1691695670000,0.68501243,0.68501243,0.68501243
1691695671000,0.68501243,0.68501243,0.68501243
1691695672000,0.68500569,0.68500569,0.68500569
1691695673000,0.68505572,0.68505572,0.68505572
1691695674000,0.68505572,0.68505572,0.68505572
1691695675000,0.68505208,0.68505208,0.68505208
1691695676000,0.68505208,0.68505208,0.68505208
1691695677000,0.68505294,0.68505294,0.68505294
1691695678000,0.68505294,0.68505294,0.68505294
1691695679000,0.68505208,0.68505208,0.68505208
1691695680000,0.68504942,0.68504942,0.68504942
1691695681000,0.6851,0.6851,0.6851
1691695682000,0.68512836,0.68512836,0.68512836
1691695683000,0.68512833,0.68512833,0.68512833
1691695684000,0.68512833,0.68512833,0.68512833
1691695685000,0.68512833,0.68512833,0.68512833
1691695686000,0.68512568,0.68512568,0.68512568
1691695687000,0.68512568,0.68512568,0.68512568
1691695688000,0.68512657,0.68512657,0.68512657
1691695689000,0.68512654,0.68512654,0.68512654
1691695690000,0.68507657,0.68507657,0.68507657
1691695691000,0.685056,0.685056,0.685056
1691695692000,0.685056,0.685056,0.685056
1691695693000,0.68505636,0.68505636,0.68505636
1691695694000,0.68505636,0.68505636,0.68505636
1691695695000,0.68505636,0.68505636,0.68505636
1691695696000,0.68505636,0.68505636,0.68505636
1691695697000,0.68505502,0.68505502,0.68505502
1691695698000,0.68505416,0.68505416,0.68505416
1691695699000,0.68505416,0.68505416,0.68505416
1691695700000,0.68505413,0.68505413,0.68505413
1691695701000,0.68495502,0.68495502,0.68495502
1691695702000,0.6849522,0.6849522,0.6849522
1691695703000,0.68495303,0.68495303,0.68495303
1691695704000,0.68500306,0.68500306,0.68500306
1691695705000,0.6850022,0.6850022,0.6850022
1691695706000,0.6850022,0.6850022,0.6850022
1691695707000,0.6850022,0.6850022,0.6850022
1691695708000,0.68500011,0.68500011,0.68500011
1691695709000,0.68495014,0.68495014,0.68495014
1691695710000,0.68495014,0.68495014,0.68495014
1691695711000,0.68495011,0.68495011,0.68495011
1691695712000,0.68495011,0.68495011,0.68495011
1691695713000,0.68494801,0.68494801,0.68494801
1691695714000,0.68494805,0.68494805,0.68494805
1691695715000,0.68493219,0.68493219,0.68493219
1691695716000,0.68493219,0.68493219,0.68493219
1691695717000,0.68493219,0.68493219,0.68493219
1691695718000,0.68493216,0.68493216,0.68493216
1691695719000,0.68492931,0.68492931,0.68492931
1691695720000,0.68491431,0.68491431,0.68491431
1691695721000,0.68491431,0.68491431,0.68491431
1691695722000,0.68491516,0.68491516,0.68491516
1691695723000,0.6849152,0.6849152,0.6849152
1691695724000,0.68491259,0.68491259,0.68491259
1691695725000,0.68486845,0.68486845,0.68486845
1691695726000,0.68486845,0.68486845,0.68486845
1691695727000,0.68491848,0.68491848,0.68491848
1691695728000,0.68491848,0.68491848,0.68491848
1691695729000,0.68491762,0.68491762,0.68491762
1691695730000,0.68491646,0.68491646,0.68491646
1691695731000,0.68487234,0.68487234,0.68487234
1691695732000,0.68487234,0.68487234,0.68487234
1691695733000,0.68487234,0.68487234,0.68487234
1691695734000,0.6849,0.6849,0.6849
1691695735000,0.68482234,0.68482234,0.68482234
1691695736000,0.68481532,0.68481532,0.68481532
1691695737000,0.68481621,0.68481621,0.68481621
1691695738000,0.68481618,0.68481618,0.68481618
1691695739000,0.68481618,0.68481618,0.68481618
1691695740000,0.68476621,0.68476621,0.68476621
1691695741000,0.68475038,0.68475038,0.68475038
1691695742000,0.68474712,0.68474712,0.68474712
1691695743000,0.68474712,0.68474712,0.68474712
1691695744000,0.68474712,0.68474712,0.68474712
1691695745000,0.68474786,0.68474786,0.68474786
1691695746000,0.68474786,0.68474786,0.68474786
1691695747000,0.68474387,0.68474387,0.68474387
1691695748000,0.68474315,0.68474315,0.68474315
1691695749000,0.68474387,0.68474387,0.68474387
1691695750000,0.68474387,0.68474387,0.68474387
1691695751000,0.6848,0.6848,0.6848
1691695752000,0.6848,0.6848,0.6848
1691695753000,0.68478669,0.68478669,0.68478669
1691695754000,0.68478669,0.68478669,0.68478669
1691695755000,0.68478669,0.68478669,0.68478669
1691695756000,0.68478672,0.68478672,0.68478672
1691695757000,0.68478672,0.68478672,0.68478672
1691695758000,0.68478532,0.68478532,0.68478532
1691695759000,0.68478532,0.68478532,0.68478532
1691695760000,0.68478529,0.68478529,0.68478529
1691695761000,0.68478529,0.68478529,0.68478529
1691695762000,0.68478532,0.68478532,0.68478532
1691695763000,0.68478321,0.68478321,0.68478321
1691695764000,0.68478321,0.68478321,0.68478321
1691695765000,0.68478321,0.68478321,0.68478321
1691695766000,0.68478321,0.68478321,0.68478321
1691695767000,0.68459486,0.68459486,0.68459486
1691695768000,0.68457549,0.68457549,0.68457549
1691695769000,0.68457337,0.68457337,0.68457337
1691695770000,0.68457334,0.68457334,0.68457334
1691695771000,0.68457334,0.68457334,0.68457334
1691695772000,0.68452986,0.68452986,0.68452986
1691695773000,0.68452986,0.68452986,0.68452986
1691695774000,0.68451711,0.68451711,0.68451711
1691695775000,0.68451711,0.68451711,0.68451711
1691695776000,0.68449103,0.68449103,0.68449103
1691695777000,0.6845,0.6845,0.6845
1691695778000,0.68449103,0.68449103,0.68449103
1691695779000,0.68449139,0.68449139,0.68449139
1691695780000,0.6845,0.6845,0.6845
1691695781000,0.6845,0.6845,0.6845
1691695782000,0.68453239,0.68453239,0.68453239
1691695783000,0.68453239,0.68453239,0.68453239
1691695784000,0.68453165,0.68453165,0.68453165
1691695785000,0.68452802,0.68452802,0.68452802
1691695786000,0.6846,0.6846,0.6846
1691695787000,0.6846,0.6846,0.6846
1691695788000,0.6845266,0.6845266,0.6845266
1691695789000,0.6846,0.6846,0.6846
1691695790000,0.6846,0.6846,0.6846
1691695791000,0.6846,0.6846,0.6846
1691695792000,0.6846,0.6846,0.6846
1691695793000,0.68452138,0.68452138,0.68452138
1691695794000,0.6846,0.6846,0.6846
1691695795000,0.6845201,0.6845201,0.6845201
1691695796000,0.68451556,0.68451556,0.68451556
1691695797000,0.68454236,0.68454236,0.68454236
1691695798000,0.68454162,0.68454162,0.68454162
1691695799000,0.68451544,0.68451544,0.68451544
1691695800000,0.68450891,0.68450891,0.68450891
1691695801000,0.68450861,0.68450861,0.68450861
1691695802000,0.6845081,0.6845081,0.6845081
1691695803000,0.6846,0.6846,0.6846
1691695804000,0.6845,0.6845,0.6845
1691695805000,0.6845,0.6845,0.6845
1691695806000,0.6845,0.6845,0.6845
1691695807000,0.6845,0.6845,0.6845
1691695808000,0.6845,0.6845,0.6845
1691695809000,0.68443491,0.68443491,0.68443491
1691695810000,0.6844,0.6844,0.6844
1691695811000,0.6844,0.6844,0.6844
1691695812000,0.6844,0.6844,0.6844
1691695813000,0.68436481,0.68436481,0.68436481
1691695814000,0.68422217,0.68422217,0.68422217
1691695815000,0.6842222,0.6842222,0.6842222
1691695816000,0.68415053,0.68415053,0.68415053
1691695817000,0.68415056,0.68415056,0.68415056
1691695818000,0.68414369,0.68414369,0.68414369
1691695819000,0.68418823,0.68418823,0.68418823
1691695820000,0.68418516,0.68418516,0.68418516
1691695821000,0.68418519,0.68418519,0.68418519
1691695822000,0.68418519,0.68418519,0.68418519
1691695823000,0.68418007,0.68418007,0.68418007
1691695824000,0.68415939,0.68415939,0.68415939
1691695825000,0.68415942,0.68415942,0.68415942
1691695826000,0.68415942,0.68415942,0.68415942
1691695827000,0.68416128,0.68416128,0.68416128
1691695828000,0.68416051,0.68416051,0.68416051
1691695829000,0.68415467,0.68415467,0.68415467
1691695830000,0.68415515,0.68415515,0.68415515
1691695831000,0.68415437,0.68415437,0.68415437
1691695832000,0.68415437,0.68415437,0.68415437
1691695833000,0.6840544,0.6840544,0.6840544
1691695834000,0.68405437,0.68405437,0.68405437
1691695835000,0.68400996,0.68400996,0.68400996
1691695836000,0.68397083,0.68397083,0.68397083
1691695837000,0.68392412,0.68392412,0.68392412
1691695838000,0.68392412,0.68392412,0.68392412
1691695839000,0.68392412,0.68392412,0.68392412
1691695840000,0.68391783,0.68391783,0.68391783
1691695841000,0.68391538,0.68391538,0.68391538
1691695842000,0.6838719,0.6838719,0.6838719
1691695843000,0.6838,0.6838,0.6838
1691695844000,0.68372842,0.68372842,0.68372842
1691695845000,0.68373356,0.68373356,0.68373356
1691695846000,0.6839,0.6839,0.6839
1691695847000,0.6841,0.6841,0.6841
1691695848000,0.6841,0.6841,0.6841
1691695849000,0.684,0.684,0.684
1691695850000,0.684,0.684,0.684
1691695851000,0.6841,0.6841,0.6841
1691695852000,0.6841,0.6841,0.6841
1691695853000,0.684,0.684,0.684
1691695854000,0.684,0.684,0.684
1691695855000,0.68396846,0.68396846,0.68396846
1691695856000,0.6839255,0.6839255,0.6839255
1691695857000,0.68392784,0.68392784,0.68392784
1691695858000,0.68392781,0.68392781,0.68392781
1691695859000,0.684,0.684,0.684
1691695860000,0.68392781,0.68392781,0.68392781
1691695861000,0.68392781,0.68392781,0.68392781
1691695862000,0.6839271,0.6839271,0.6839271
1691695863000,0.68392727,0.68392727,0.68392727
1691695864000,0.68392727,0.68392727,0.68392727
1691695865000,0.68392509,0.68392509,0.68392509
1691695866000,0.68392509,0.68392509,0.68392509
1691695867000,0.68392316,0.68392316,0.68392316
1691695868000,0.68391983,0.68391983,0.68391983
1691695869000,0.68391983,0.68391983,0.68391983
1691695870000,0.684,0.684,0.684
1691695871000,0.684,0.684,0.684
1691695872000,0.684,0.684,0.684
1691695873000,0.6841,0.6841,0.6841
1691695874000,0.684,0.684,0.684
1691695875000,0.6841,0.6841,0.6841
1691695876000,0.6841,0.6841,0.6841
1691695877000,0.6841,0.6841,0.6841
1691695878000,0.6841,0.6841,0.6841
1691695879000,0.684,0.684,0.684
1691695880000,0.684,0.684,0.684
1691695881000,0.684,0.684,0.684
1691695882000,0.684,0.684,0.684
1691695883000,0.684,0.684,0.684
1691695884000,0.684,0.684,0.684
1691695885000,0.6841,0.6841,0.6841
1691695886000,0.6841,0.6841,0.6841
1691695887000,0.6841,0.6841,0.6841
1691695888000,0.6841,0.6841,0.6841
1691695889000,0.6841,0.6841,0.6841
1691695890000,0.684,0.684,0.684
1691695891000,0.6841,0.6841,0.6841
1691695892000,0.6841,0.6841,0.6841
1691695893000,0.6841,0.6841,0.6841
1691695894000,0.6841,0.6841,0.6841
1691695895000,0.6841,0.6841,0.6841
1691695896000,0.684,0.684,0.684
1691695897000,0.684,0.684,0.684
1691695898000,0.6841,0.6841,0.6841
1691695899000,0.6841,0.6841,0.6841
1691695900000,0.684,0.684,0.684
1691695901000,0.6841,0.6841,0.6841
1691695902000,0.684,0.684,0.684
1691695903000,0.684,0.684,0.684
1691695904000,0.6841,0.6841,0.6841
1691695905000,0.6841,0.6841,0.6841
1691695906000,0.6841,0.6841,0.6841
1691695907000,0.6841,0.6841,0.6841
1691695908000,0.6841,0.6841,0.6841
1691695909000,0.6841,0.6841,0.6841
1691695910000,0.684,0.684,0.684
1691695911000,0.684,0.684,0.684
1691695912000,0.684,0.684,0.684
1691695913000,0.684,0.684,0.684
1691695914000,0.68399536,0.68399536,0.68399536
1691695915000,0.68399536,0.68399536,0.68399536
1691695916000,0.6839961,0.6839961,0.6839961
1691695917000,0.6839961,0.6839961,0.6839961
1691695918000,0.6839,0.6839,0.6839
1691695919000,0.6839,0.6839,0.6839
1691695920000,0.6839,0.6839,0.6839
1691695921000,0.6839,0.6839,0.6839
1691695922000,0.6839,0.6839,0.6839
1691695923000,0.68379945,0.68379945,0.68379945
1691695924000,0.68373315,0.68373315,0.68373315
1691695925000,0.68369398,0.68369398,0.68369398
1691695926000,0.68369402,0.68369402,0.68369402
1691695927000,0.68368558,0.68368558,0.68368558
1691695928000,0.6837,0.6837,0.6837
1691695929000,0.6837,0.6837,0.6837
1691695930000,0.6837,0.6837,0.6837
1691695931000,0.6837,0.6837,0.6837
1691695932000,0.68365681,0.68365681,0.68365681
1691695933000,0.68365684,0.68365684,0.68365684
1691695934000,0.6836566,0.6836566,0.6836566
1691695935000,0.6836566,0.6836566,0.6836566
1691695936000,0.68369563,0.68369563,0.68369563
1691695937000,0.68369609,0.68369609,0.68369609
1691695938000,0.68369609,0.68369609,0.68369609
1691695939000,0.68365261,0.68365261,0.68365261
1691695940000,0.68365101,0.68365101,0.68365101
1691695941000,0.68365101,0.68365101,0.68365101
1691695942000,0.6837,0.6837,0.6837
1691695943000,0.6838,0.6838,0.6838
1691695944000,0.6839,0.6839,0.6839
1691695945000,0.6839,0.6839,0.6839
1691695946000,0.6839,0.6839,0.6839
1691695947000,0.6839,0.6839,0.6839
1691695948000,0.6839,0.6839,0.6839
1691695949000,0.6839,0.6839,0.6839
1691695950000,0.6839,0.6839,0.6839
1691695951000,0.6839,0.6839,0.6839
1691695952000,0.6838,0.6838,0.6838
1691695953000,0.6838,0.6838,0.6838
1691695954000,0.6838,0.6838,0.6838
1691695955000,0.6838,0.6838,0.6838
1691695956000,0.6838,0.6838,0.6838
1691695957000,0.6838,0.6838,0.6838
1691695958000,0.6838,0.6838,0.6838
1691695959000,0.6838,0.6838,0.6838
1691695960000,0.6837056,0.6837056,0.6837056
1691695961000,0.6837056,0.6837056,0.6837056
1691695962000,0.68370627,0.68370627,0.68370627
1691695963000,0.68370553,0.68370553,0.68370553
1691695964000,0.68374715,0.68374715,0.68374715
1691695965000,0.6838,0.6838,0.6838
1691695966000,0.68374715,0.68374715,0.68374715
1691695967000,0.6838,0.6838,0.6838
1691695968000,0.6838,0.6838,0.6838
1691695969000,0.68370515,0.68370515,0.68370515
1691695970000,0.6837,0.6837,0.6837
1691695971000,0.68363912,0.68363912,0.68363912
1691695972000,0.68363912,0.68363912,0.68363912
1691695973000,0.68363948,0.68363948,0.68363948
1691695974000,0.68363967,0.68363967,0.68363967
1691695975000,0.6837,0.6837,0.6837
1691695976000,0.6837,0.6837,0.6837
1691695977000,0.6838,0.6838,0.6838
1691695978000,0.6838,0.6838,0.6838
1691695979000,0.6837,0.6837,0.6837
1691695980000,0.6839,0.6839,0.6839
1691695981000,0.6839,0.6839,0.6839
1691695982000,0.6837,0.6837,0.6837
1691695983000,0.6837,0.6837,0.6837
1691695984000,0.6837,0.6837,0.6837
1691695985000,0.6837,0.6837,0.6837
1691695986000,0.6837,0.6837,0.6837
1691695987000,0.6837,0.6837,0.6837
1691695988000,0.6837,0.6837,0.6837
1691695989000,0.6837,0.6837,0.6837
1691695990000,0.6837,0.6837,0.6837
1691695991000,0.6837,0.6837,0.6837
1691695992000,0.6838,0.6838,0.6838
1691695993000,0.6837,0.6837,0.6837
1691695994000,0.6838,0.6838,0.6838
1691695995000,0.6837,0.6837,0.6837
1691695996000,0.6837,0.6837,0.6837
1691695997000,0.6837,0.6837,0.6837
1691695998000,0.6838,0.6838,0.6838
1691695999000,0.68371357,0.68371357,0.68371357
1691696000000,0.6838,0.6838,0.6838
1691696001000,0.68371662,0.68371662,0.68371662
1691696002000,0.6838,0.6838,0.6838
1691696003000,0.6837,0.6837,0.6837
1691696004000,0.6838,0.6838,0.6838
1691696005000,0.6839,0.6839,0.6839
1691696006000,0.6839,0.6839,0.6839
1691696007000,0.684,0.684,0.684
1691696008000,0.684,0.684,0.684
1691696009000,0.684,0.684,0.684
1691696010000,0.684,0.684,0.684
1691696011000,0.6841,0.6841,0.6841
1691696012000,0.6841,0.6841,0.6841
1691696013000,0.6841,0.6841,0.6841
1691696014000,0.6841,0.6841,0.6841
1691696015000,0.6841,0.6841,0.6841
1691696016000,0.6841,0.6841,0.6841
1691696017000,0.684,0.684,0.684
1691696018000,0.6841,0.6841,0.6841
1691696019000,0.6841,0.6841,0.6841
1691696020000,0.6841,0.6841,0.6841
1691696021000,0.684,0.684,0.684
1691696022000,0.684,0.684,0.684
1691696023000,0.6841,0.6841,0.6841
1691696024000,0.6841,0.6841,0.6841
1691696025000,0.6841,0.6841,0.6841
1691696026000,0.6841,0.6841,0.6841
1691696027000,0.6841,0.6841,0.6841
1691696028000,0.6841,0.6841,0.6841
1691696029000,0.6841,0.6841,0.6841
1691696030000,0.6841,0.6841,0.6841
1691696031000,0.6843,0.6843,0.6843
1691696032000,0.6843,0.6843,0.6843
1691696033000,0.6843,0.6843,0.6843
1691696034000,0.6843,0.6843,0.6843
1691696035000,0.6843,0.6843,0.6843
1691696036000,0.6842,0.6842,0.6842
1691696037000,0.6842,0.6842,0.6842
1691696038000,0.6842,0.6842,0.6842
1691696039000,0.6842,0.6842,0.6842
1691696040000,0.6841,0.6841,0.6841
1691696041000,0.6842,0.6842,0.6842
1691696042000,0.6842,0.6842,0.6842
1691696043000,0.6843,0.6843,0.6843
1691696044000,0.6843,0.6843,0.6843
1691696045000,0.6843,0.6843,0.6843
1691696046000,0.6843,0.6843,0.6843
1691696047000,0.6842,0.6842,0.6842
1691696048000,0.6841,0.6841,0.6841
1691696049000,0.6842,0.6842,0.6842
1691696050000,0.6842,0.6842,0.6842
1691696051000,0.6842,0.6842,0.6842
1691696052000,0.6842,0.6842,0.6842
1691696053000,0.6842,0.6842,0.6842
1691696054000,0.6842,0.6842,0.6842
1691696055000,0.6842,0.6842,0.6842
1691696056000,0.6842,0.6842,0.6842
1691696057000,0.6842,0.6842,0.6842
1691696058000,0.6842,0.6842,0.6842
1691696059000,0.6842,0.6842,0.6842
1691696060000,0.6841,0.6841,0.6841
1691696061000,0.6841,0.6841,0.6841
1691696062000,0.6842,0.6842,0.6842
1691696063000,0.6841,0.6841,0.6841
1691696064000,0.6841,0.6841,0.6841
1691696065000,0.6841,0.6841,0.6841
1691696066000,0.6841,0.6841,0.6841
1691696067000,0.6841,0.6841,0.6841
1691696068000,0.6841,0.6841,0.6841
1691696069000,0.6841,0.6841,0.6841
1691696070000,0.6841,0.6841,0.6841
1691696071000,0.6841,0.6841,0.6841
1691696072000,0.6841,0.6841,0.6841
1691696073000,0.6841,0.6841,0.6841
1691696074000,0.6841,0.6841,0.6841
1691696075000,0.6841,0.6841,0.6841
1691696076000,0.6841,0.6841,0.6841
1691696077000,0.68396452,0.68396452,0.68396452
1691696078000,0.68392253,0.68392253,0.68392253
1691696079000,0.68392253,0.68392253,0.68392253
1691696080000,0.68392179,0.68392179,0.68392179
1691696081000,0.684,0.684,0.684
1691696082000,0.684,0.684,0.684
1691696083000,0.684,0.684,0.684
1691696084000,0.684,0.684,0.684
1691696085000,0.684,0.684,0.684
1691696086000,0.684,0.684,0.684
1691696087000,0.684,0.684,0.684
1691696088000,0.684,0.684,0.684
1691696089000,0.684,0.684,0.684
1691696090000,0.684,0.684,0.684
1691696091000,0.684,0.684,0.684
1691696092000,0.684,0.684,0.684
1691696093000,0.684,0.684,0.684
1691696094000,0.684,0.684,0.684
1691696095000,0.684,0.684,0.684
1691696096000,0.684,0.684,0.684
1691696097000,0.684,0.684,0.684
1691696098000,0.684,0.684,0.684
1691696099000,0.684,0.684,0.684
1691696100000,0.684,0.684,0.684
1691696101000,0.684,0.684,0.684
1691696102000,0.68392394,0.68392394,0.68392394
1691696103000,0.68392397,0.68392397,0.68392397
1691696104000,0.68392397,0.68392397,0.68392397
1691696105000,0.68392394,0.68392394,0.68392394
1691696106000,0.6839267,0.6839267,0.6839267
1691696107000,0.6839267,0.6839267,0.6839267
1691696108000,0.68392667,0.68392667,0.68392667
1691696109000,0.68392667,0.68392667,0.68392667
1691696110000,0.68392667,0.68392667,0.68392667
1691696111000,0.68392602,0.68392602,0.68392602
1691696112000,0.68392605,0.68392605,0.68392605
1691696113000,0.68392679,0.68392679,0.68392679
1691696114000,0.68392679,0.68392679,0.68392679
1691696115000,0.68395214,0.68395214,0.68395214
1691696116000,0.68393906,0.68393906,0.68393906
1691696117000,0.68391442,0.68391442,0.68391442
1691696118000,0.68387606,0.68387606,0.68387606
1691696119000,0.68390218,0.68390218,0.68390218
1691696120000,0.68390218,0.68390218,0.68390218
1691696121000,0.68390215,0.68390215,0.68390215
1691696122000,0.68390446,0.68390446,0.68390446
1691696123000,0.68390446,0.68390446,0.68390446
1691696124000,0.68390446,0.68390446,0.68390446
1691696125000,0.68386101,0.68386101,0.68386101
1691696126000,0.68386101,0.68386101,0.68386101
1691696127000,0.68394284,0.68394284,0.68394284
1691696128000,0.68394557,0.68394557,0.68394557
1691696129000,0.68394557,0.68394557,0.68394557
1691696130000,0.68394557,0.68394557,0.68394557
1691696131000,0.68394663,0.68394663,0.68394663
1691696132000,0.68394663,0.68394663,0.68394663
1691696133000,0.68394803,0.68394803,0.68394803
1691696134000,0.68394803,0.68394803,0.68394803
1691696135000,0.68394803,0.68394803,0.68394803
1691696136000,0.68394729,0.68394729,0.68394729
1691696137000,0.68394732,0.68394732,0.68394732
1691696138000,0.68394729,0.68394729,0.68394729
1691696139000,0.68394968,0.68394968,0.68394968
1691696140000,0.68394968,0.68394968,0.68394968
1691696141000,0.68394971,0.68394971,0.68394971
1691696142000,0.68394971,0.68394971,0.68394971
1691696143000,0.6839062,0.6839062,0.6839062
1691696144000,0.68390786,0.68390786,0.68390786
1691696145000,0.68390789,0.68390789,0.68390789
1691696146000,0.68390789,0.68390789,0.68390789
1691696147000,0.68390786,0.68390786,0.68390786
1691696148000,0.68390786,0.68390786,0.68390786
1691696149000,0.68390786,0.68390786,0.68390786
1691696150000,0.68390649,0.68390649,0.68390649
1691696151000,0.68390649,0.68390649,0.68390649
1691696152000,0.68390649,0.68390649,0.68390649
1691696153000,0.68390646,0.68390646,0.68390646
1691696154000,0.68390646,0.68390646,0.68390646
1691696155000,0.68390469,0.68390469,0.68390469
1691696156000,0.68390469,0.68390469,0.68390469
1691696157000,0.68390466,0.68390466,0.68390466
1691696158000,0.68390466,0.68390466,0.68390466
1691696159000,0.68390392,0.68390392,0.68390392
1691696160000,0.68390469,0.68390469,0.68390469
1691696161000,0.68390646,0.68390646,0.68390646
1691696162000,0.68390646,0.68390646,0.68390646
1691696163000,0.68390646,0.68390646,0.68390646
1691696164000,0.68390646,0.68390646,0.68390646
1691696165000,0.68394996,0.68394996,0.68394996
1691696166000,0.68395,0.68395,0.68395
1691696167000,0.68395,0.68395,0.68395
1691696168000,0.684,0.684,0.684
1691696169000,0.68413784,0.68413784,0.68413784
1691696170000,0.68413784,0.68413784,0.68413784
1691696171000,0.68413787,0.68413787,0.68413787
1691696172000,0.68413747,0.68413747,0.68413747
1691696173000,0.68413747,0.68413747,0.68413747
1691696174000,0.68414389,0.68414389,0.68414389
1691696175000,0.68414424,0.68414424,0.68414424
1691696176000,0.6842,0.6842,0.6842
1691696177000,0.68414403,0.68414403,0.68414403
1691696178000,0.6842,0.6842,0.6842
1691696179000,0.6842,0.6842,0.6842
1691696180000,0.68414533,0.68414533,0.68414533
1691696181000,0.6842,0.6842,0.6842
1691696182000,0.6843,0.6843,0.6843
1691696183000,0.6843,0.6843,0.6843
1691696184000,0.6843,0.6843,0.6843
1691696185000,0.6843,0.6843,0.6843
1691696186000,0.6844,0.6844,0.6844
1691696187000,0.6844,0.6844,0.6844
1691696188000,0.6844,0.6844,0.6844
1691696189000,0.6844,0.6844,0.6844
1691696190000,0.6843,0.6843,0.6843
1691696191000,0.6844,0.6844,0.6844
1691696192000,0.6844,0.6844,0.6844
1691696193000,0.6844,0.6844,0.6844
1691696194000,0.6843,0.6843,0.6843
1691696195000,0.6843,0.6843,0.6843
1691696196000,0.6843,0.6843,0.6843
1691696197000,0.6843,0.6843,0.6843
1691696198000,0.6843,0.6843,0.6843
1691696199000,0.6843,0.6843,0.6843
1691696200000,0.68423559,0.68423559,0.68423559
1691696201000,0.68422921,0.68422921,0.68422921
1691696202000,0.68414225,0.68414225,0.68414225
1691696203000,0.68414151,0.68414151,0.68414151
1691696204000,0.6842,0.6842,0.6842
1691696205000,0.6842,0.6842,0.6842
1691696206000,0.6842,0.6842,0.6842
1691696207000,0.6842,0.6842,0.6842
1691696208000,0.6842,0.6842,0.6842
1691696209000,0.6842,0.6842,0.6842
1691696210000,0.6842,0.6842,0.6842
1691696211000,0.68418243,0.68418243,0.68418243
1691696212000,0.68418243,0.68418243,0.68418243
1691696213000,0.68418243,0.68418243,0.68418243
1691696214000,0.68418243,0.68418243,0.68418243
1691696215000,0.6842,0.6842,0.6842
1691696216000,0.6842,0.6842,0.6842
1691696217000,0.6843,0.6843,0.6843
1691696218000,0.6843,0.6843,0.6843
1691696219000,0.6843,0.6843,0.6843
1691696220000,0.6843,0.6843,0.6843
1691696221000,0.6843,0.6843,0.6843
1691696222000,0.6843,0.6843,0.6843
1691696223000,0.6843,0.6843,0.6843
1691696224000,0.6843,0.6843,0.6843
1691696225000,0.6843,0.6843,0.6843
1691696226000,0.6843,0.6843,0.6843
1691696227000,0.6843,0.6843,0.6843
1691696228000,0.6843,0.6843,0.6843
1691696229000,0.6843,0.6843,0.6843
1691696230000,0.6842,0.6842,0.6842
1691696231000,0.6843,0.6843,0.6843
1691696232000,0.68422405,0.68422405,0.68422405
1691696233000,0.68422624,0.68422624,0.68422624
1691696234000,0.68422624,0.68422624,0.68422624
1691696235000,0.68422605,0.68422605,0.68422605
1691696236000,0.6842,0.6842,0.6842
1691696237000,0.6842,0.6842,0.6842
1691696238000,0.68416588,0.68416588,0.68416588
1691696239000,0.6842,0.6842,0.6842
1691696240000,0.68415221,0.68415221,0.68415221
1691696241000,0.68415296,0.68415296,0.68415296
1691696242000,0.68415296,0.68415296,0.68415296
1691696243000,0.6843,0.6843,0.6843
1691696244000,0.6843,0.6843,0.6843
1691696245000,0.6843,0.6843,0.6843
1691696246000,0.6843,0.6843,0.6843
1691696247000,0.6843,0.6843,0.6843
1691696248000,0.6842,0.6842,0.6842
1691696249000,0.6842,0.6842,0.6842
1691696250000,0.6842,0.6842,0.6842
1691696251000,0.6842,0.6842,0.6842
1691696252000,0.6842,0.6842,0.6842
1691696253000,0.6842,0.6842,0.6842
1691696254000,0.6842,0.6842,0.6842
1691696255000,0.6842,0.6842,0.6842
1691696256000,0.6843,0.6843,0.6843
1691696257000,0.6842,0.6842,0.6842
1691696258000,0.6842,0.6842,0.6842
1691696259000,0.6843,0.6843,0.6843
1691696260000,0.6843,0.6843,0.6843
1691696261000,0.6843,0.6843,0.6843
1691696262000,0.6843,0.6843,0.6843
1691696263000,0.6843,0.6843,0.6843
1691696264000,0.6843,0.6843,0.6843
1691696265000,0.6843,0.6843,0.6843
1691696266000,0.68422398,0.68422398,0.68422398
1691696267000,0.68422504,0.68422504,0.68422504
1691696268000,0.68422507,0.68422507,0.68422507
1691696269000,0.68422507,0.68422507,0.68422507
1691696270000,0.6842242,0.6842242,0.6842242
1691696271000,0.68422711,0.68422711,0.68422711
1691696272000,0.68422786,0.68422786,0.68422786
1691696273000,0.6843,0.6843,0.6843
1691696274000,0.6843,0.6843,0.6843
1691696275000,0.6843,0.6843,0.6843
1691696276000,0.6843,0.6843,0.6843
1691696277000,0.6843,0.6843,0.6843
1691696278000,0.6843,0.6843,0.6843
1691696279000,0.6843,0.6843,0.6843
1691696280000,0.68432079,0.68432079,0.68432079
1691696281000,0.68432079,0.68432079,0.68432079
1691696282000,0.6843192,0.6843192,0.6843192
1691696283000,0.6843192,0.6843192,0.6843192
1691696284000,0.6844,0.6844,0.6844
1691696285000,0.6844,0.6844,0.6844
1691696286000,0.68435028,0.68435028,0.68435028
1691696287000,0.68435117,0.68435117,0.68435117
1691696288000,0.68435068,0.68435068,0.68435068
1691696289000,0.68435068,0.68435068,0.68435068
1691696290000,0.68440065,0.68440065,0.68440065
1691696291000,0.68440061,0.68440061,0.68440061
1691696292000,0.68440061,0.68440061,0.68440061
1691696293000,0.68440178,0.68440178,0.68440178
1691696294000,0.68440178,0.68440178,0.68440178
1691696295000,0.68440178,0.68440178,0.68440178
1691696296000,0.6845,0.6845,0.6845
1691696297000,0.68440684,0.68440684,0.68440684
1691696298000,0.68440684,0.68440684,0.68440684
1691696299000,0.684408,0.684408,0.684408
1691696300000,0.68440797,0.68440797,0.68440797
1691696301000,0.6845,0.6845,0.6845
1691696302000,0.6845,0.6845,0.6845
1691696303000,0.6845,0.6845,0.6845
1691696304000,0.68440921,0.68440921,0.68440921
1691696305000,0.6845,0.6845,0.6845
1691696306000,0.6845,0.6845,0.6845
1691696307000,0.6845,0.6845,0.6845
1691696308000,0.6845,0.6845,0.6845
1691696309000,0.6846,0.6846,0.6846
1691696310000,0.6847,0.6847,0.6847
1691696311000,0.6847,0.6847,0.6847
1691696312000,0.6847,0.6847,0.6847
1691696313000,0.6847,0.6847,0.6847
1691696314000,0.6847,0.6847,0.6847
1691696315000,0.6847,0.6847,0.6847
1691696316000,0.6847,0.6847,0.6847
1691696317000,0.6847,0.6847,0.6847
1691696318000,0.6848,0.6848,0.6848
1691696319000,0.6848,0.6848,0.6848
1691696320000,0.6848,0.6848,0.6848
1691696321000,0.6849,0.6849,0.6849
1691696322000,0.6849,0.6849,0.6849
1691696323000,0.6849,0.6849,0.6849
1691696324000,0.6848,0.6848,0.6848
1691696325000,0.6848,0.6848,0.6848
1691696326000,0.6848,0.6848,0.6848
1691696327000,0.6848,0.6848,0.6848
1691696328000,0.6848,0.6848,0.6848
1691696329000,0.6848,0.6848,0.6848
1691696330000,0.6848,0.6848,0.6848
1691696331000,0.684783,0.684783,0.684783
1691696332000,0.68478072,0.68478072,0.68478072
1691696333000,0.6847803,0.6847803,0.6847803
1691696334000,0.68473682,0.68473682,0.68473682
1691696335000,0.6848,0.6848,0.6848
1691696336000,0.6848,0.6848,0.6848
1691696337000,0.6848,0.6848,0.6848
1691696338000,0.6848,0.6848,0.6848
1691696339000,0.6848,0.6848,0.6848
1691696340000,0.68473616,0.68473616,0.68473616
1691696341000,0.6849,0.6849,0.6849
1691696342000,0.6849,0.6849,0.6849
1691696343000,0.6849,0.6849,0.6849
1691696344000,0.6849,0.6849,0.6849
1691696345000,0.6849,0.6849,0.6849
1691696346000,0.6848,0.6848,0.6848
1691696347000,0.6848,0.6848,0.6848
1691696348000,0.6849,0.6849,0.6849
1691696349000,0.6849,0.6849,0.6849
1691696350000,0.6849,0.6849,0.6849
1691696351000,0.6849,0.6849,0.6849
1691696352000,0.6849,0.6849,0.6849
1691696353000,0.6849,0.6849,0.6849
1691696354000,0.6849,0.6849,0.6849
1691696355000,0.6849,0.6849,0.6849
1691696356000,0.6849,0.6849,0.6849
1691696357000,0.6849,0.6849,0.6849
1691696358000,0.685,0.685,0.685
1691696359000,0.685,0.685,0.685
1691696360000,0.685,0.685,0.685
1691696361000,0.685,0.685,0.685
1691696362000,0.685,0.685,0.685
1691696363000,0.685,0.685,0.685
1691696364000,0.685,0.685,0.685
1691696365000,0.6851,0.6851,0.6851
1691696366000,0.6851,0.6851,0.6851
1691696367000,0.6851,0.6851,0.6851
1691696368000,0.685,0.685,0.685
1691696369000,0.685,0.685,0.685
1691696370000,0.6851,0.6851,0.6851
1691696371000,0.6851,0.6851,0.6851
1691696372000,0.6851,0.6851,0.6851
1691696373000,0.6852,0.6852,0.6852
1691696374000,0.6852,0.6852,0.6852
1691696375000,0.6851,0.6851,0.6851
1691696376000,0.6852,0.6852,0.6852
1691696377000,0.6852,0.6852,0.6852
1691696378000,0.6852,0.6852,0.6852
1691696379000,0.6852,0.6852,0.6852
1691696380000,0.6851,0.6851,0.6851
1691696381000,0.6851,0.6851,0.6851
1691696382000,0.6851,0.6851,0.6851
1691696383000,0.6852,0.6852,0.6852
1691696384000,0.6852,0.6852,0.6852
1691696385000,0.6852,0.6852,0.6852
1691696386000,0.6853,0.6853,0.6853
1691696387000,0.6852,0.6852,0.6852
1691696388000,0.6853,0.6853,0.6853
1691696389000,0.6853,0.6853,0.6853
1691696390000,0.6853,0.6853,0.6853
1691696391000,0.6853,0.6853,0.6853
1691696392000,0.6852,0.6852,0.6852
1691696393000,0.6852,0.6852,0.6852
1691696394000,0.6852,0.6852,0.6852
1691696395000,0.6853,0.6853,0.6853
1691696396000,0.6851,0.6851,0.6851
1691696397000,0.6851,0.6851,0.6851
1691696398000,0.6851,0.6851,0.6851
1691696399000,0.6851,0.6851,0.6851
1691696400000,0.6851,0.6851,0.6851
1691696401000,0.6851,0.6851,0.6851
1691696402000,0.6851,0.6851,0.6851
1691696403000,0.6851,0.6851,0.6851
1691696404000,0.6851,0.6851,0.6851
1691696405000,0.6851,0.6851,0.6851
1691696406000,0.6851,0.6851,0.6851
1691696407000,0.6851,0.6851,0.6851
1691696408000,0.68502407,0.68502407,0.68502407
1691696409000,0.685,0.685,0.685
1691696410000,0.68494943,0.68494943,0.68494943
1691696411000,0.68494943,0.68494943,0.68494943
1691696412000,0.68493564,0.68493564,0.68493564
1691696413000,0.68493638,0.68493638,0.68493638
1691696414000,0.68493641,0.68493641,0.68493641
1691696415000,0.685,0.685,0.685
1691696416000,0.685,0.685,0.685
1691696417000,0.68493855,0.68493855,0.68493855
1691696418000,0.68497689,0.68497689,0.68497689
1691696419000,0.685,0.685,0.685
1691696420000,0.685,0.685,0.685
1691696421000,0.685,0.685,0.685
1691696422000,0.68497896,0.68497896,0.68497896
1691696423000,0.68497893,0.68497893,0.68497893
1691696424000,0.68497893,0.68497893,0.68497893
1691696425000,0.68497893,0.68497893,0.68497893
1691696426000,0.68502821,0.68502821,0.68502821
1691696427000,0.68502821,0.68502821,0.68502821
1691696428000,0.68502821,0.68502821,0.68502821
1691696429000,0.68502895,0.68502895,0.68502895
1691696430000,0.68502895,0.68502895,0.68502895
1691696431000,0.68503052,0.68503052,0.68503052
1691696432000,0.68503052,0.68503052,0.68503052
1691696433000,0.68502978,0.68502978,0.68502978
1691696434000,0.68503052,0.68503052,0.68503052
1691696435000,0.68503052,0.68503052,0.68503052
1691696436000,0.68502981,0.68502981,0.68502981
1691696437000,0.68503269,0.68503269,0.68503269
1691696438000,0.68503269,0.68503269,0.68503269
1691696439000,0.68503266,0.68503266,0.68503266
1691696440000,0.685,0.685,0.685
1691696441000,0.685,0.685,0.685
1691696442000,0.685,0.685,0.685
1691696443000,0.685,0.685,0.685
1691696444000,0.68499281,0.68499281,0.68499281
1691696445000,0.68498286,0.68498286,0.68498286
1691696446000,0.68498286,0.68498286,0.68498286
1691696447000,0.68502634,0.68502634,0.68502634
1691696448000,0.68502939,0.68502939,0.68502939
1691696449000,0.68503016,0.68503016,0.68503016
1691696450000,0.68498591,0.68498591,0.68498591
1691696451000,0.68498591,0.68498591,0.68498591
1691696452000,0.685,0.685,0.685
1691696453000,0.685,0.685,0.685
1691696454000,0.685,0.685,0.685
1691696455000,0.685,0.685,0.685
1691696456000,0.685,0.685,0.685
1691696457000,0.685,0.685,0.685
1691696458000,0.685,0.685,0.685
1691696459000,0.685,0.685,0.685
1691696460000,0.685,0.685,0.685
1691696461000,0.685,0.685,0.685
1691696462000,0.685,0.685,0.685
1691696463000,0.685,0.685,0.685
1691696464000,0.685,0.685,0.685
1691696465000,0.685,0.685,0.685
1691696466000,0.6851,0.6851,0.6851
1691696467000,0.6851,0.6851,0.6851
1691696468000,0.6851,0.6851,0.6851
1691696469000,0.6851,0.6851,0.6851
1691696470000,0.6851,0.6851,0.6851
1691696471000,0.6851,0.6851,0.6851
1691696472000,0.685,0.685,0.685
1691696473000,0.685,0.685,0.685
1691696474000,0.685,0.685,0.685
1691696475000,0.6852,0.6852,0.6852
1691696476000,0.6852,0.6852,0.6852
1691696477000,0.68513085,0.68513085,0.68513085
1691696478000,0.68513085,0.68513085,0.68513085
1691696479000,0.6851301,0.6851301,0.6851301
1691696480000,0.68513007,0.68513007,0.68513007
1691696481000,0.68513359,0.68513359,0.68513359
1691696482000,0.68513362,0.68513362,0.68513362
1691696483000,0.68513359,0.68513359,0.68513359
1691696484000,0.6852,0.6852,0.6852
1691696485000,0.6852,0.6852,0.6852
1691696486000,0.68517084,0.68517084,0.68517084
1691696487000,0.68517084,0.68517084,0.68517084
1691696488000,0.68517084,0.68517084,0.68517084
1691696489000,0.68517084,0.68517084,0.68517084
1691696490000,0.68517081,0.68517081,0.68517081
1691696491000,0.6852,0.6852,0.6852
1691696492000,0.68512762,0.68512762,0.68512762
1691696493000,0.68512759,0.68512759,0.68512759
1691696494000,0.68512833,0.68512833,0.68512833
1691696495000,0.68512833,0.68512833,0.68512833
1691696496000,0.68508996,0.68508996,0.68508996
1691696497000,0.68509029,0.68509029,0.68509029
1691696498000,0.68509029,0.68509029,0.68509029
1691696499000,0.68509032,0.68509032,0.68509032
1691696500000,0.68509029,0.68509029,0.68509029
1691696501000,0.68509029,0.68509029,0.68509029
1691696502000,0.68509029,0.68509029,0.68509029
1691696503000,0.68509144,0.68509144,0.68509144
1691696504000,0.68509144,0.68509144,0.68509144
1691696505000,0.68509218,0.68509218,0.68509218
1691696506000,0.68509218,0.68509218,0.68509218
1691696507000,0.6851,0.6851,0.6851
1691696508000,0.6851,0.6851,0.6851
1691696509000,0.6851,0.6851,0.6851
1691696510000,0.6852,0.6852,0.6852
1691696511000,0.6851,0.6851,0.6851
1691696512000,0.6851,0.6851,0.6851
1691696513000,0.6851,0.6851,0.6851
1691696514000,0.6852,0.6852,0.6852
1691696515000,0.6851,0.6851,0.6851
1691696516000,0.6851,0.6851,0.6851
1691696517000,0.6851,0.6851,0.6851
1691696518000,0.6851,0.6851,0.6851
1691696519000,0.68509564,0.68509564,0.68509564
1691696520000,0.68509492,0.68509492,0.68509492
1691696521000,0.68509567,0.68509567,0.68509567
1691696522000,0.68509564,0.68509564,0.68509564
1691696523000,0.6851,0.6851,0.6851
1691696524000,0.68509567,0.68509567,0.68509567
1691696525000,0.68508861,0.68508861,0.68508861
1691696526000,0.6850879,0.6850879,0.6850879
1691696527000,0.68510091,0.68510091,0.68510091
1691696528000,0.68510091,0.68510091,0.68510091
1691696529000,0.68510091,0.68510091,0.68510091
1691696530000,0.68510105,0.68510105,0.68510105
1691696531000,0.68510105,0.68510105,0.68510105
1691696532000,0.68510102,0.68510102,0.68510102
1691696533000,0.68510102,0.68510102,0.68510102
1691696534000,0.68510102,0.68510102,0.68510102
1691696535000,0.68510102,0.68510102,0.68510102
1691696536000,0.6851,0.6851,0.6851
1691696537000,0.68503133,0.68503133,0.68503133
1691696538000,0.68503136,0.68503136,0.68503136
1691696539000,0.68503136,0.68503136,0.68503136
1691696540000,0.68503136,0.68503136,0.68503136
1691696541000,0.68503163,0.68503163,0.68503163
1691696542000,0.6850316,0.6850316,0.6850316
1691696543000,0.68498738,0.68498738,0.68498738
1691696544000,0.68498738,0.68498738,0.68498738
1691696545000,0.68498738,0.68498738,0.68498738
1691696546000,0.68498489,0.68498489,0.68498489
1691696547000,0.68497978,0.68497978,0.68497978
1691696548000,0.68497978,0.68497978,0.68497978
1691696549000,0.68497978,0.68497978,0.68497978
1691696550000,0.68497978,0.68497978,0.68497978
1691696551000,0.68497978,0.68497978,0.68497978
1691696552000,0.68497981,0.68497981,0.68497981
1691696553000,0.68497776,0.68497776,0.68497776
1691696554000,0.68497773,0.68497773,0.68497773
1691696555000,0.68497773,0.68497773,0.68497773
1691696556000,0.68497776,0.68497776,0.68497776
1691696557000,0.68497776,0.68497776,0.68497776
1691696558000,0.68496264,0.68496264,0.68496264
1691696559000,0.68496267,0.68496267,0.68496267
1691696560000,0.68496267,0.68496267,0.68496267
1691696561000,0.68496916,0.68496916,0.68496916
1691696562000,0.68496919,0.68496919,0.68496919
1691696563000,0.68496919,0.68496919,0.68496919
1691696564000,0.68496733,0.68496733,0.68496733
1691696565000,0.68496733,0.68496733,0.68496733
1691696566000,0.68496658,0.68496658,0.68496658
1691696567000,0.68496658,0.68496658,0.68496658
1691696568000,0.68496661,0.68496661,0.68496661
1691696569000,0.68496502,0.68496502,0.68496502
1691696570000,0.68496502,0.68496502,0.68496502
1691696571000,0.68496576,0.68496576,0.68496576
1691696572000,0.68496576,0.68496576,0.68496576
1691696573000,0.68496573,0.68496573,0.68496573
1691696574000,0.68496573,0.68496573,0.68496573
1691696575000,0.68496412,0.68496412,0.68496412
1691696576000,0.68496412,0.68496412,0.68496412
1691696577000,0.68496412,0.68496412,0.68496412
1691696578000,0.68496412,0.68496412,0.68496412
1691696579000,0.68496338,0.68496338,0.68496338
1691696580000,0.68496179,0.68496179,0.68496179
1691696581000,0.68496182,0.68496182,0.68496182
1691696582000,0.68496253,0.68496253,0.68496253
1691696583000,0.68496214,0.68496214,0.68496214
1691696584000,0.68496217,0.68496217,0.68496217
1691696585000,0.68496217,0.68496217,0.68496217
1691696586000,0.68496108,0.68496108,0.68496108
1691696587000,0.68496108,0.68496108,0.68496108
1691696588000,0.68491764,0.68491764,0.68491764
1691696589000,0.68491761,0.68491761,0.68491761
1691696590000,0.68491761,0.68491761,0.68491761
1691696591000,0.68491553,0.68491553,0.68491553
1691696592000,0.68491447,0.68491447,0.68491447
1691696593000,0.68491776,0.68491776,0.68491776
1691696594000,0.68491776,0.68491776,0.68491776
1691696595000,0.68491776,0.68491776,0.68491776
1691696596000,0.68491773,0.68491773,0.68491773
1691696597000,0.68491529,0.68491529,0.68491529
1691696598000,0.68491287,0.68491287,0.68491287
1691696599000,0.6849121,0.6849121,0.6849121
1691696600000,0.6849121,0.6849121,0.6849121
1691696601000,0.68491284,0.68491284,0.68491284
1691696602000,0.68491164,0.68491164,0.68491164
1691696603000,0.68491164,0.68491164,0.68491164
1691696604000,0.68495567,0.68495567,0.68495567
1691696605000,0.68495564,0.68495564,0.68495564
1691696606000,0.68495564,0.68495564,0.68495564
1691696607000,0.68495564,0.68495564,0.68495564
1691696608000,0.68495292,0.68495292,0.68495292
1691696609000,0.685,0.685,0.685
1691696610000,0.685,0.685,0.685
1691696611000,0.685,0.685,0.685
1691696612000,0.685,0.685,0.685
1691696613000,0.685,0.685,0.685
1691696614000,0.685,0.685,0.685
1691696615000,0.685,0.685,0.685
1691696616000,0.685,0.685,0.685
1691696617000,0.685,0.685,0.685
1691696618000,0.68503044,0.68503044,0.68503044
1691696619000,0.68502937,0.68502937,0.68502937
1691696620000,0.68502937,0.68502937,0.68502937
1691696621000,0.68502937,0.68502937,0.68502937
1691696622000,0.68502941,0.68502941,0.68502941
1691696623000,0.68502941,0.68502941,0.68502941
1691696624000,0.68502721,0.68502721,0.68502721
1691696625000,0.68502721,0.68502721,0.68502721
1691696626000,0.68502721,0.68502721,0.68502721
1691696627000,0.68502721,0.68502721,0.68502721
1691696628000,0.68502721,0.68502721,0.68502721
1691696629000,0.68502721,0.68502721,0.68502721
1691696630000,0.68502677,0.68502677,0.68502677
1691696631000,0.6850268,0.6850268,0.6850268
1691696632000,0.6850268,0.6850268,0.6850268
1691696633000,0.68502677,0.68502677,0.68502677
1691696634000,0.68502714,0.68502714,0.68502714
1691696635000,0.68502678,0.68502678,0.68502678
1691696636000,0.68502678,0.68502678,0.68502678
1691696637000,0.68502593,0.68502593,0.68502593
1691696638000,0.68502593,0.68502593,0.68502593
1691696639000,0.68502712,0.68502712,0.68502712
1691696640000,0.68502708,0.68502708,0.68502708
1691696641000,0.68502446,0.68502446,0.68502446
1691696642000,0.685,0.685,0.685
1691696643000,0.685,0.685,0.685
1691696644000,0.685,0.685,0.685
1691696645000,0.68500219,0.68500219,0.68500219
1691696646000,0.68499939,0.68499939,0.68499939
1691696647000,0.68499939,0.68499939,0.68499939
1691696648000,0.68499939,0.68499939,0.68499939
1691696649000,0.68499939,0.68499939,0.68499939
1691696650000,0.6849979,0.6849979,0.6849979
1691696651000,0.6849979,0.6849979,0.6849979
1691696652000,0.68499569,0.68499569,0.68499569
1691696653000,0.68499573,0.68499573,0.68499573
1691696654000,0.68501073,0.68501073,0.68501073
1691696655000,0.6850113,0.6850113,0.6850113
1691696656000,0.68501126,0.68501126,0.68501126
1691696657000,0.6850096,0.6850096,0.6850096
1691696658000,0.6851,0.6851,0.6851
1691696659000,0.6851,0.6851,0.6851
1691696660000,0.6851,0.6851,0.6851
1691696661000,0.6851,0.6851,0.6851
1691696662000,0.6851,0.6851,0.6851
1691696663000,0.68505942,0.68505942,0.68505942
1691696664000,0.68505942,0.68505942,0.68505942
1691696665000,0.6850586,0.6850586,0.6850586
1691696666000,0.68510337,0.68510337,0.68510337
1691696667000,0.68510337,0.68510337,0.68510337
1691696668000,0.68510075,0.68510075,0.68510075
1691696669000,0.68510075,0.68510075,0.68510075
1691696670000,0.68510075,0.68510075,0.68510075
1691696671000,0.6851015,0.6851015,0.6851015
1691696672000,0.6851015,0.6851015,0.6851015
1691696673000,0.6851015,0.6851015,0.6851015
1691696674000,0.68509802,0.68509802,0.68509802
1691696675000,0.68509813,0.68509813,0.68509813
1691696676000,0.6851,0.6851,0.6851
1691696677000,0.6851,0.6851,0.6851
1691696678000,0.6851,0.6851,0.6851
1691696679000,0.6851,0.6851,0.6851
1691696680000,0.6851,0.6851,0.6851
1691696681000,0.6851,0.6851,0.6851
1691696682000,0.6851,0.6851,0.6851
1691696683000,0.68510415,0.68510415,0.68510415
1691696684000,0.68505415,0.68505415,0.68505415
1691696685000,0.68505246,0.68505246,0.68505246
1691696686000,0.6850525,0.6850525,0.6850525
1691696687000,0.6850525,0.6850525,0.6850525
1691696688000,0.68505246,0.68505246,0.68505246
1691696689000,0.68511684,0.68511684,0.68511684
1691696690000,0.6852,0.6852,0.6852
1691696691000,0.6852,0.6852,0.6852
1691696692000,0.6852,0.6852,0.6852
1691696693000,0.6852,0.6852,0.6852
1691696694000,0.6852,0.6852,0.6852
1691696695000,0.6852,0.6852,0.6852
1691696696000,0.68513175,0.68513175,0.68513175
1691696697000,0.68513089,0.68513089,0.68513089
1691696698000,0.68513089,0.68513089,0.68513089
1691696699000,0.68513089,0.68513089,0.68513089
1691696700000,0.68513089,0.68513089,0.68513089
1691696701000,0.68512908,0.68512908,0.68512908
1691696702000,0.68512847,0.68512847,0.68512847
1691696703000,0.68512847,0.68512847,0.68512847
1691696704000,0.68514207,0.68514207,0.68514207
1691696705000,0.68514207,0.68514207,0.68514207
1691696706000,0.68514394,0.68514394,0.68514394
1691696707000,0.6852,0.6852,0.6852
1691696708000,0.68519199,0.68519199,0.68519199
1691696709000,0.68519199,0.68519199,0.68519199
1691696710000,0.68519199,0.68519199,0.68519199
1691696711000,0.68519162,0.68519162,0.68519162
1691696712000,0.68518877,0.68518877,0.68518877
1691696713000,0.68513792,0.68513792,0.68513792
1691696714000,0.68513792,0.68513792,0.68513792
1691696715000,0.68513792,0.68513792,0.68513792
1691696716000,0.68513814,0.68513814,0.68513814
1691696717000,0.68513814,0.68513814,0.68513814
1691696718000,0.68513683,0.68513683,0.68513683
1691696719000,0.68513679,0.68513679,0.68513679
1691696720000,0.68513679,0.68513679,0.68513679
1691696721000,0.68513612,0.68513612,0.68513612
1691696722000,0.68513608,0.68513608,0.68513608
1691696723000,0.68518451,0.68518451,0.68518451
1691696724000,0.68518537,0.68518537,0.68518537
1691696725000,0.68518537,0.68518537,0.68518537
1691696726000,0.68518406,0.68518406,0.68518406
1691696727000,0.68518406,0.68518406,0.68518406
1691696728000,0.68518492,0.68518492,0.68518492
1691696729000,0.68518327,0.68518327,0.68518327
1691696730000,0.68518323,0.68518323,0.68518323
1691696731000,0.68513323,0.68513323,0.68513323
1691696732000,0.6851323,0.6851323,0.6851323
1691696733000,0.68503729,0.68503729,0.68503729
1691696734000,0.6850856,0.6850856,0.6850856
1691696735000,0.6850356,0.6850356,0.6850356
1691696736000,0.6850356,0.6850356,0.6850356
1691696737000,0.68508459,0.68508459,0.68508459
1691696738000,0.68508545,0.68508545,0.68508545
1691696739000,0.68508545,0.68508545,0.68508545
1691696740000,0.68508452,0.68508452,0.68508452
1691696741000,0.68508452,0.68508452,0.68508452
1691696742000,0.68508456,0.68508456,0.68508456
1691696743000,0.68508508,0.68508508,0.68508508
1691696744000,0.68508508,0.68508508,0.68508508
1691696745000,0.68508508,0.68508508,0.68508508
1691696746000,0.68508212,0.68508212,0.68508212
1691696747000,0.68508044,0.68508044,0.68508044
1691696748000,0.68508044,0.68508044,0.68508044
1691696749000,0.68500294,0.68500294,0.68500294
1691696750000,0.68500208,0.68500208,0.68500208
1691696751000,0.68500023,0.68500023,0.68500023
1691696752000,0.68499873,0.68499873,0.68499873
1691696753000,0.68499873,0.68499873,0.68499873
1691696754000,0.68493287,0.68493287,0.68493287
1691696755000,0.68493287,0.68493287,0.68493287
1691696756000,0.6849,0.6849,0.6849
1691696757000,0.6849,0.6849,0.6849
1691696758000,0.6849,0.6849,0.6849
1691696759000,0.6849,0.6849,0.6849
1691696760000,0.68485984,0.68485984,0.68485984
1691696761000,0.68485984,0.68485984,0.68485984
1691696762000,0.68490691,0.68490691,0.68490691
1691696763000,0.685,0.685,0.685
1691696764000,0.685,0.685,0.685
1691696765000,0.685,0.685,0.685
1691696766000,0.685,0.685,0.685
1691696767000,0.68490623,0.68490623,0.68490623
1691696768000,0.6849,0.6849,0.6849
1691696769000,0.6849,0.6849,0.6849
1691696770000,0.6849,0.6849,0.6849
1691696771000,0.6849,0.6849,0.6849
1691696772000,0.6849,0.6849,0.6849
1691696773000,0.6849,0.6849,0.6849
1691696774000,0.6849,0.6849,0.6849
1691696775000,0.6849,0.6849,0.6849
1691696776000,0.6849,0.6849,0.6849
1691696777000,0.6849,0.6849,0.6849
1691696778000,0.6849,0.6849,0.6849
1691696779000,0.6849,0.6849,0.6849
1691696780000,0.68494009,0.68494009,0.68494009
1691696781000,0.6849,0.6849,0.6849
1691696782000,0.6849,0.6849,0.6849
1691696783000,0.685,0.685,0.685
1691696784000,0.6849,0.6849,0.6849
1691696785000,0.6849,0.6849,0.6849
1691696786000,0.6849,0.6849,0.6849
1691696787000,0.6849,0.6849,0.6849
1691696788000,0.6849,0.6849,0.6849
1691696789000,0.6849,0.6849,0.6849
1691696790000,0.6849,0.6849,0.6849
1691696791000,0.6849,0.6849,0.6849
1691696792000,0.6849,0.6849,0.6849
1691696793000,0.6849,0.6849,0.6849
1691696794000,0.6849,0.6849,0.6849
1691696795000,0.6849,0.6849,0.6849
1691696796000,0.6849,0.6849,0.6849
1691696797000,0.6849,0.6849,0.6849
1691696798000,0.6849,0.6849,0.6849
1691696799000,0.6849,0.6849,0.6849
1691696800000,0.6849,0.6849,0.6849
1691696801000,0.6849,0.6849,0.6849
1691696802000,0.6849,0.6849,0.6849
1691696803000,0.6851,0.6851,0.6851
1691696804000,0.6851,0.6851,0.6851
1691696805000,0.6851,0.6851,0.6851
1691696806000,0.6850363,0.6850363,0.6850363
1691696807000,0.6853,0.6853,0.6853
1691696808000,0.6852,0.6852,0.6852
1691696809000,0.6852,0.6852,0.6852
1691696810000,0.6852,0.6852,0.6852
1691696811000,0.6852,0.6852,0.6852
1691696812000,0.6853,0.6853,0.6853
1691696813000,0.6853,0.6853,0.6853
1691696814000,0.6853,0.6853,0.6853
1691696815000,0.6853,0.6853,0.6853
1691696816000,0.68520032,0.68520032,0.68520032
1691696817000,0.68520019,0.68520019,0.68520019
1691696818000,0.68520019,0.68520019,0.68520019
1691696819000,0.6852,0.6852,0.6852
1691696820000,0.6852,0.6852,0.6852
1691696821000,0.6852,0.6852,0.6852
1691696822000,0.6852,0.6852,0.6852
1691696823000,0.6853,0.6853,0.6853
1691696824000,0.6853,0.6853,0.6853
1691696825000,0.6853,0.6853,0.6853
1691696826000,0.6853,0.6853,0.6853
1691696827000,0.6853,0.6853,0.6853
1691696828000,0.6853,0.6853,0.6853
1691696829000,0.6853,0.6853,0.6853
1691696830000,0.6855,0.6855,0.6855
1691696831000,0.6854,0.6854,0.6854
1691696832000,0.6855,0.6855,0.6855
1691696833000,0.6855,0.6855,0.6855
1691696834000,0.6855,0.6855,0.6855
1691696835000,0.6855,0.6855,0.6855
1691696836000,0.6855,0.6855,0.6855
1691696837000,0.68543907,0.68543907,0.68543907
1691696838000,0.68543907,0.68543907,0.68543907
1691696839000,0.6855,0.6855,0.6855
1691696840000,0.6855,0.6855,0.6855
1691696841000,0.6855,0.6855,0.6855
1691696842000,0.6855,0.6855,0.6855
1691696843000,0.68545971,0.68545971,0.68545971
1691696844000,0.68545971,0.68545971,0.68545971
1691696845000,0.6855,0.6855,0.6855
1691696846000,0.6855,0.6855,0.6855
1691696847000,0.6855,0.6855,0.6855
1691696848000,0.6855,0.6855,0.6855
1691696849000,0.6855,0.6855,0.6855
1691696850000,0.6855,0.6855,0.6855
1691696851000,0.6855,0.6855,0.6855
1691696852000,0.6855,0.6855,0.6855
1691696853000,0.6855,0.6855,0.6855
1691696854000,0.6855,0.6855,0.6855
1691696855000,0.6854,0.6854,0.6854
1691696856000,0.6855,0.6855,0.6855
1691696857000,0.6855,0.6855,0.6855
1691696858000,0.6855,0.6855,0.6855
1691696859000,0.6854,0.6854,0.6854
1691696860000,0.6855,0.6855,0.6855
1691696861000,0.6855,0.6855,0.6855
1691696862000,0.6855,0.6855,0.6855
1691696863000,0.6855,0.6855,0.6855
1691696864000,0.6856,0.6856,0.6856
1691696865000,0.6856,0.6856,0.6856
1691696866000,0.6856,0.6856,0.6856
1691696867000,0.6857,0.6857,0.6857
1691696868000,0.68562415,0.68562415,0.68562415
1691696869000,0.68562415,0.68562415,0.68562415
1691696870000,0.68565069,0.68565069,0.68565069
1691696871000,0.68560647,0.68560647,0.68560647
1691696872000,0.6857,0.6857,0.6857
1691696873000,0.6857,0.6857,0.6857
1691696874000,0.6857,0.6857,0.6857
1691696875000,0.6857,0.6857,0.6857
1691696876000,0.6857,0.6857,0.6857
1691696877000,0.68563991,0.68563991,0.68563991
1691696878000,0.68564235,0.68564235,0.68564235
1691696879000,0.68564235,0.68564235,0.68564235
1691696880000,0.68563915,0.68563915,0.68563915
1691696881000,0.6857,0.6857,0.6857
1691696882000,0.68563915,0.68563915,0.68563915
1691696883000,0.6857,0.6857,0.6857
1691696884000,0.68563999,0.68563999,0.68563999
1691696885000,0.6857,0.6857,0.6857
1691696886000,0.6857,0.6857,0.6857
1691696887000,0.6857,0.6857,0.6857
1691696888000,0.6856,0.6856,0.6856
1691696889000,0.68564359,0.68564359,0.68564359
1691696890000,0.6856432,0.6856432,0.6856432
1691696891000,0.68564317,0.68564317,0.68564317
1691696892000,0.68564243,0.68564243,0.68564243
1691696893000,0.68564317,0.68564317,0.68564317
1691696894000,0.68564317,0.68564317,0.68564317
1691696895000,0.68564323,0.68564323,0.68564323
1691696896000,0.6857,0.6857,0.6857
1691696897000,0.6857,0.6857,0.6857
1691696898000,0.6857,0.6857,0.6857
1691696899000,0.6857,0.6857,0.6857
1691696900000,0.6857,0.6857,0.6857
1691696901000,0.6857,0.6857,0.6857
1691696902000,0.6858,0.6858,0.6858
1691696903000,0.6858,0.6858,0.6858
1691696904000,0.6858,0.6858,0.6858
1691696905000,0.6858,0.6858,0.6858
1691696906000,0.6858,0.6858,0.6858
1691696907000,0.6858,0.6858,0.6858
1691696908000,0.6858,0.6858,0.6858
1691696909000,0.6858,0.6858,0.6858
1691696910000,0.6858,0.6858,0.6858
1691696911000,0.6858,0.6858,0.6858
1691696912000,0.6858,0.6858,0.6858
1691696913000,0.6858,0.6858,0.6858
1691696914000,0.6858,0.6858,0.6858
1691696915000,0.6858,0.6858,0.6858
1691696916000,0.6858,0.6858,0.6858
1691696917000,0.6858,0.6858,0.6858
1691696918000,0.6858,0.6858,0.6858
1691696919000,0.6858,0.6858,0.6858
1691696920000,0.6858,0.6858,0.6858
1691696921000,0.6857173,0.6857173,0.6857173
1691696922000,0.68571951,0.68571951,0.68571951
1691696923000,0.6858,0.6858,0.6858
1691696924000,0.6858,0.6858,0.6858
1691696925000,0.6857188,0.6857188,0.6857188
1691696926000,0.6858,0.6858,0.6858
1691696927000,0.6858,0.6858,0.6858
1691696928000,0.68573283,0.68573283,0.68573283
1691696929000,0.68573283,0.68573283,0.68573283
1691696930000,0.68573283,0.68573283,0.68573283
1691696931000,0.68573283,0.68573283,0.68573283
1691696932000,0.6857328,0.6857328,0.6857328
1691696933000,0.68573263,0.68573263,0.68573263
1691696934000,0.68573263,0.68573263,0.68573263
1691696935000,0.68573267,0.68573267,0.68573267
1691696936000,0.68573267,0.68573267,0.68573267
1691696937000,0.68573267,0.68573267,0.68573267
1691696938000,0.68573263,0.68573263,0.68573263
1691696939000,0.68573173,0.68573173,0.68573173
1691696940000,0.68573173,0.68573173,0.68573173
1691696941000,0.68568608,0.68568608,0.68568608
1691696942000,0.68559547,0.68559547,0.68559547
1691696943000,0.68559547,0.68559547,0.68559547
1691696944000,0.68559148,0.68559148,0.68559148
1691696945000,0.68559151,0.68559151,0.68559151
1691696946000,0.68559148,0.68559148,0.68559148
1691696947000,0.68554451,0.68554451,0.68554451
1691696948000,0.68554435,0.68554435,0.68554435
1691696949000,0.68554435,0.68554435,0.68554435
1691696950000,0.68554279,0.68554279,0.68554279
1691696951000,0.68553627,0.68553627,0.68553627
1691696952000,0.68553627,0.68553627,0.68553627
1691696953000,0.68553532,0.68553532,0.68553532
1691696954000,0.68553529,0.68553529,0.68553529
1691696955000,0.68548859,0.68548859,0.68548859
1691696956000,0.68548859,0.68548859,0.68548859
1691696957000,0.68548866,0.68548866,0.68548866
1691696958000,0.68548866,0.68548866,0.68548866
1691696959000,0.68548866,0.68548866,0.68548866
1691696960000,0.68553214,0.68553214,0.68553214
1691696961000,0.68552537,0.68552537,0.68552537
1691696962000,0.68552504,0.68552504,0.68552504
1691696963000,0.6855243,0.6855243,0.6855243
1691696964000,0.6855243,0.6855243,0.6855243
1691696965000,0.6855243,0.6855243,0.6855243
1691696966000,0.68552137,0.68552137,0.68552137
1691696967000,0.68552091,0.68552091,0.68552091
1691696968000,0.68552091,0.68552091,0.68552091
1691696969000,0.68552169,0.68552169,0.68552169
1691696970000,0.68552166,0.68552166,0.68552166
1691696971000,0.68550787,0.68550787,0.68550787
1691696972000,0.68550276,0.68550276,0.68550276
1691696973000,0.68550276,0.68550276,0.68550276
1691696974000,0.68550276,0.68550276,0.68550276
1691696975000,0.68550168,0.68550168,0.68550168
1691696976000,0.68550168,0.68550168,0.68550168
1691696977000,0.6854991,0.6854991,0.6854991
1691696978000,0.68541208,0.68541208,0.68541208
1691696979000,0.68541134,0.68541134,0.68541134
1691696980000,0.68541134,0.68541134,0.68541134
1691696981000,0.68541134,0.68541134,0.68541134
1691696982000,0.68540687,0.68540687,0.68540687
1691696983000,0.68540259,0.68540259,0.68540259
1691696984000,0.68540256,0.68540256,0.68540256
1691696985000,0.68540256,0.68540256,0.68540256
1691696986000,0.68540184,0.68540184,0.68540184
1691696987000,0.68544529,0.68544529,0.68544529
1691696988000,0.68544256,0.68544256,0.68544256
1691696989000,0.68544256,0.68544256,0.68544256
1691696990000,0.68544259,0.68544259,0.68544259
1691696991000,0.68544259,0.68544259,0.68544259
1691696992000,0.68544185,0.68544185,0.68544185
1691696993000,0.68544185,0.68544185,0.68544185
1691696994000,0.68543805,0.68543805,0.68543805
1691696995000,0.68543805,0.68543805,0.68543805
1691696996000,0.68543805,0.68543805,0.68543805
1691696997000,0.68543805,0.68543805,0.68543805
1691696998000,0.68539412,0.68539412,0.68539412
1691696999000,0.68539123,0.68539123,0.68539123
1691697000000,0.68539049,0.68539049,0.68539049
1691697001000,0.68539049,0.68539049,0.68539049
1691697002000,0.68533603,0.68533603,0.68533603
1691697003000,0.68533606,0.68533606,0.68533606
1691697004000,0.68533606,0.68533606,0.68533606
1691697005000,0.68532625,0.68532625,0.68532625
1691697006000,0.68532625,0.68532625,0.68532625
1691697007000,0.68530635,0.68530635,0.68530635
1691697008000,0.68530609,0.68530609,0.68530609
1691697009000,0.68530686,0.68530686,0.68530686
1691697010000,0.68530284,0.68530284,0.68530284
1691697011000,0.68530284,0.68530284,0.68530284
1691697012000,0.68530163,0.68530163,0.68530163
1691697013000,0.68530163,0.68530163,0.68530163
1691697014000,0.68529657,0.68529657,0.68529657
1691697015000,0.68529657,0.68529657,0.68529657
1691697016000,0.68529429,0.68529429,0.68529429
1691697017000,0.68529429,0.68529429,0.68529429
1691697018000,0.68529429,0.68529429,0.68529429
1691697019000,0.68529422,0.68529422,0.68529422
1691697020000,0.68529422,0.68529422,0.68529422
1691697021000,0.68529062,0.68529062,0.68529062
1691697022000,0.68529062,0.68529062,0.68529062
1691697023000,0.68529062,0.68529062,0.68529062
1691697024000,0.68529055,0.68529055,0.68529055
1691697025000,0.6852522,0.6852522,0.6852522
1691697026000,0.68525217,0.68525217,0.68525217
1691697027000,0.68524942,0.68524942,0.68524942
1691697028000,0.68524942,0.68524942,0.68524942
1691697029000,0.68524942,0.68524942,0.68524942
1691697030000,0.68525027,0.68525027,0.68525027
1691697031000,0.68525027,0.68525027,0.68525027
1691697032000,0.68525156,0.68525156,0.68525156
1691697033000,0.68525153,0.68525153,0.68525153
1691697034000,0.68525123,0.68525123,0.68525123
1691697035000,0.68525123,0.68525123,0.68525123
1691697036000,0.68525123,0.68525123,0.68525123
1691697037000,0.68529397,0.68529397,0.68529397
1691697038000,0.6852928,0.6852928,0.6852928
1691697039000,0.68529283,0.68529283,0.68529283
1691697040000,0.68529283,0.68529283,0.68529283
1691697041000,0.68529283,0.68529283,0.68529283
1691697042000,0.68529283,0.68529283,0.68529283
1691697043000,0.68529178,0.68529178,0.68529178
1691697044000,0.68529308,0.68529308,0.68529308
1691697045000,0.68529305,0.68529305,0.68529305
1691697046000,0.68531265,0.68531265,0.68531265
1691697047000,0.6854,0.6854,0.6854
1691697048000,0.6854,0.6854,0.6854
1691697049000,0.6855,0.6855,0.6855
1691697050000,0.6855,0.6855,0.6855
1691697051000,0.6855,0.6855,0.6855
1691697052000,0.6855,0.6855,0.6855
1691697053000,0.6855,0.6855,0.6855
1691697054000,0.68551297,0.68551297,0.68551297
1691697055000,0.68551297,0.68551297,0.68551297
1691697056000,0.68551297,0.68551297,0.68551297
1691697057000,0.68551297,0.68551297,0.68551297
1691697058000,0.68551297,0.68551297,0.68551297
1691697059000,0.68551297,0.68551297,0.68551297
1691697060000,0.68551336,0.68551336,0.68551336
1691697061000,0.68556358,0.68556358,0.68556358
1691697062000,0.68556355,0.68556355,0.68556355
1691697063000,0.6856,0.6856,0.6856
1691697064000,0.6856,0.6856,0.6856
1691697065000,0.6856,0.6856,0.6856
1691697066000,0.6857,0.6857,0.6857
1691697067000,0.6857,0.6857,0.6857
1691697068000,0.6856,0.6856,0.6856
1691697069000,0.6856,0.6856,0.6856
1691697070000,0.6856,0.6856,0.6856
1691697071000,0.6856,0.6856,0.6856
1691697072000,0.68557979,0.68557979,0.68557979
1691697073000,0.6856,0.6856,0.6856
1691697074000,0.6856,0.6856,0.6856
1691697075000,0.6857,0.6857,0.6857
1691697076000,0.6857,0.6857,0.6857
1691697077000,0.6857,0.6857,0.6857
1691697078000,0.6858,0.6858,0.6858
1691697079000,0.6858,0.6858,0.6858
1691697080000,0.6858,0.6858,0.6858
1691697081000,0.6857,0.6857,0.6857
1691697082000,0.6857,0.6857,0.6857
1691697083000,0.6857,0.6857,0.6857
1691697084000,0.6857,0.6857,0.6857
1691697085000,0.6858,0.6858,0.6858
1691697086000,0.6858,0.6858,0.6858
1691697087000,0.6858,0.6858,0.6858
1691697088000,0.6858,0.6858,0.6858
1691697089000,0.6858,0.6858,0.6858
1691697090000,0.6858,0.6858,0.6858
1691697091000,0.6858,0.6858,0.6858
1691697092000,0.68573117,0.68573117,0.68573117
1691697093000,0.6858,0.6858,0.6858
1691697094000,0.6859,0.6859,0.6859
1691697095000,0.6859,0.6859,0.6859
1691697096000,0.686,0.686,0.686
1691697097000,0.6861,0.6861,0.6861
1691697098000,0.6861,0.6861,0.6861
1691697099000,0.6862,0.6862,0.6862
1691697100000,0.6863,0.6863,0.6863
1691697101000,0.6862,0.6862,0.6862
1691697102000,0.6863,0.6863,0.6863
1691697103000,0.6861,0.6861,0.6861
1691697104000,0.6861,0.6861,0.6861
1691697105000,0.6861,0.6861,0.6861
1691697106000,0.6861,0.6861,0.6861
1691697107000,0.6861,0.6861,0.6861
1691697108000,0.686,0.686,0.686
1691697109000,0.686,0.686,0.686
1691697110000,0.686,0.686,0.686
1691697111000,0.6861,0.6861,0.6861
1691697112000,0.6861,0.6861,0.6861
1691697113000,0.6861,0.6861,0.6861
1691697114000,0.6861,0.6861,0.6861
1691697115000,0.6861,0.6861,0.6861
1691697116000,0.6861,0.6861,0.6861
1691697117000,0.6861,0.6861,0.6861
1691697118000,0.6861,0.6861,0.6861
1691697119000,0.6861,0.6861,0.6861
1691697120000,0.6861,0.6861,0.6861
1691697121000,0.6863,0.6863,0.6863
1691697122000,0.6863,0.6863,0.6863
1691697123000,0.6863,0.6863,0.6863
1691697124000,0.6863,0.6863,0.6863
1691697125000,0.6863,0.6863,0.6863
1691697126000,0.6865,0.6865,0.6865
1691697127000,0.6864,0.6864,0.6864
1691697128000,0.6864,0.6864,0.6864
1691697129000,0.6865,0.6865,0.6865
1691697130000,0.6865,0.6865,0.6865
1691697131000,0.6865,0.6865,0.6865
1691697132000,0.6865,0.6865,0.6865
1691697133000,0.6864,0.6864,0.6864
1691697134000,0.6865,0.6865,0.6865
1691697135000,0.6864,0.6864,0.6864
1691697136000,0.6864,0.6864,0.6864
1691697137000,0.6864,0.6864,0.6864
1691697138000,0.6865,0.6865,0.6865
1691697139000,0.6865,0.6865,0.6865
1691697140000,0.6865,0.6865,0.6865
1691697141000,0.6865,0.6865,0.6865
1691697142000,0.6864,0.6864,0.6864
1691697143000,0.6864,0.6864,0.6864
1691697144000,0.6864,0.6864,0.6864
1691697145000,0.6864,0.6864,0.6864
1691697146000,0.6864,0.6864,0.6864
1691697147000,0.6864,0.6864,0.6864
1691697148000,0.6864,0.6864,0.6864
1691697149000,0.6865,0.6865,0.6865
1691697150000,0.6865,0.6865,0.6865
1691697151000,0.6865,0.6865,0.6865
1691697152000,0.6865,0.6865,0.6865
1691697153000,0.6864,0.6864,0.6864
1691697154000,0.6864,0.6864,0.6864
1691697155000,0.6865,0.6865,0.6865
1691697156000,0.6865,0.6865,0.6865
1691697157000,0.6864,0.6864,0.6864
1691697158000,0.6864,0.6864,0.6864
1691697159000,0.6864,0.6864,0.6864
1691697160000,0.6864,0.6864,0.6864
1691697161000,0.6864,0.6864,0.6864
1691697162000,0.6865,0.6865,0.6865
1691697163000,0.6865,0.6865,0.6865
1691697164000,0.6864,0.6864,0.6864
1691697165000,0.6863,0.6863,0.6863
1691697166000,0.6863,0.6863,0.6863
1691697167000,0.6863,0.6863,0.6863
1691697168000,0.6863,0.6863,0.6863
1691697169000,0.6863,0.6863,0.6863
1691697170000,0.6864,0.6864,0.6864
1691697171000,0.6863,0.6863,0.6863
1691697172000,0.6863,0.6863,0.6863
1691697173000,0.6863,0.6863,0.6863
1691697174000,0.6863,0.6863,0.6863
1691697175000,0.6862,0.6862,0.6862
1691697176000,0.6862,0.6862,0.6862
1691697177000,0.6862,0.6862,0.6862
1691697178000,0.6862,0.6862,0.6862
1691697179000,0.6862,0.6862,0.6862
1691697180000,0.6862,0.6862,0.6862
1691697181000,0.6862,0.6862,0.6862
1691697182000,0.6862,0.6862,0.6862
1691697183000,0.6861,0.6861,0.6861
1691697184000,0.68610178,0.68610178,0.68610178
1691697185000,0.68610178,0.68610178,0.68610178
1691697186000,0.68610178,0.68610178,0.68610178
1691697187000,0.68610162,0.68610162,0.68610162
1691697188000,0.68610162,0.68610162,0.68610162
1691697189000,0.68610237,0.68610237,0.68610237
1691697190000,0.6862,0.6862,0.6862
1691697191000,0.6862,0.6862,0.6862
1691697192000,0.6862,0.6862,0.6862
1691697193000,0.6862,0.6862,0.6862
1691697194000,0.6862,0.6862,0.6862
1691697195000,0.6862,0.6862,0.6862
1691697196000,0.6862,0.6862,0.6862
1691697197000,0.6862,0.6862,0.6862
1691697198000,0.6862,0.6862,0.6862
1691697199000,0.6862,0.6862,0.6862
1691697200000,0.6862,0.6862,0.6862
1691697201000,0.6862,0.6862,0.6862
1691697202000,0.6862,0.6862,0.6862
1691697203000,0.68610696,0.68610696,0.68610696
1691697204000,0.68610696,0.68610696,0.68610696
1691697205000,0.68610696,0.68610696,0.68610696
1691697206000,0.68610773,0.68610773,0.68610773
1691697207000,0.68610773,0.68610773,0.68610773
1691697208000,0.6862,0.6862,0.6862
1691697209000,0.6862,0.6862,0.6862
1691697210000,0.68610578,0.68610578,0.68610578
1691697211000,0.68610578,0.68610578,0.68610578
1691697212000,0.68610652,0.68610652,0.68610652
1691697213000,0.68610652,0.68610652,0.68610652
1691697214000,0.68610578,0.68610578,0.68610578
1691697215000,0.68610506,0.68610506,0.68610506
1691697216000,0.68620288,0.68620288,0.68620288
1691697217000,0.6863,0.6863,0.6863
1691697218000,0.6863,0.6863,0.6863
1691697219000,0.6863,0.6863,0.6863
1691697220000,0.6863,0.6863,0.6863
1691697221000,0.6863,0.6863,0.6863
1691697222000,0.6863,0.6863,0.6863
1691697223000,0.6863,0.6863,0.6863
1691697224000,0.6863,0.6863,0.6863
1691697225000,0.6864,0.6864,0.6864
1691697226000,0.6862,0.6862,0.6862
1691697227000,0.6862,0.6862,0.6862
1691697228000,0.6862,0.6862,0.6862
1691697229000,0.6862,0.6862,0.6862
1691697230000,0.6862,0.6862,0.6862
1691697231000,0.6862,0.6862,0.6862
1691697232000,0.6862,0.6862,0.6862
1691697233000,0.68613227,0.68613227,0.68613227
1691697234000,0.68613227,0.68613227,0.68613227
1691697235000,0.68613227,0.68613227,0.68613227
1691697236000,0.68613227,0.68613227,0.68613227
1691697237000,0.68613279,0.68613279,0.68613279
1691697238000,0.68613276,0.68613276,0.68613276
1691697239000,0.68613279,0.68613279,0.68613279
1691697240000,0.68613279,0.68613279,0.68613279
1691697241000,0.68613279,0.68613279,0.68613279
1691697242000,0.6862,0.6862,0.6862
1691697243000,0.6862,0.6862,0.6862
1691697244000,0.6862,0.6862,0.6862
1691697245000,0.6862,0.6862,0.6862
1691697246000,0.6862,0.6862,0.6862
1691697247000,0.6861269,0.6861269,0.6861269
1691697248000,0.68612934,0.68612934,0.68612934
1691697249000,0.68612934,0.68612934,0.68612934
1691697250000,0.6861,0.6861,0.6861
1691697251000,0.6861,0.6861,0.6861
1691697252000,0.6861,0.6861,0.6861
1691697253000,0.68610227,0.68610227,0.68610227
1691697254000,0.68610227,0.68610227,0.68610227
1691697255000,0.6861023,0.6861023,0.6861023
1691697256000,0.68610227,0.68610227,0.68610227
1691697257000,0.68610227,0.68610227,0.68610227
1691697258000,0.6862,0.6862,0.6862
1691697259000,0.6862,0.6862,0.6862
1691697260000,0.6862,0.6862,0.6862
1691697261000,0.6862,0.6862,0.6862
1691697262000,0.6861,0.6861,0.6861
1691697263000,0.6861,0.6861,0.6861
1691697264000,0.6861,0.6861,0.6861
1691697265000,0.6861,0.6861,0.6861
1691697266000,0.68612084,0.68612084,0.68612084
1691697267000,0.68612084,0.68612084,0.68612084
1691697268000,0.6862,0.6862,0.6862
1691697269000,0.6863,0.6863,0.6863
1691697270000,0.6863,0.6863,0.6863
1691697271000,0.6863,0.6863,0.6863
1691697272000,0.6863,0.6863,0.6863
1691697273000,0.6862,0.6862,0.6862
1691697274000,0.6862,0.6862,0.6862
1691697275000,0.6862,0.6862,0.6862
1691697276000,0.6862,0.6862,0.6862
1691697277000,0.6863,0.6863,0.6863
1691697278000,0.6862,0.6862,0.6862
1691697279000,0.6862,0.6862,0.6862
1691697280000,0.6862,0.6862,0.6862
1691697281000,0.6863,0.6863,0.6863
1691697282000,0.6863,0.6863,0.6863
1691697283000,0.6863,0.6863,0.6863
1691697284000,0.6863,0.6863,0.6863
1691697285000,0.6863,0.6863,0.6863
1691697286000,0.6863,0.6863,0.6863
1691697287000,0.6863,0.6863,0.6863
1691697288000,0.6862,0.6862,0.6862
1691697289000,0.6862,0.6862,0.6862
1691697290000,0.6864,0.6864,0.6864
1691697291000,0.6863,0.6863,0.6863
1691697292000,0.6863,0.6863,0.6863
1691697293000,0.6863,0.6863,0.6863
1691697294000,0.6863,0.6863,0.6863
1691697295000,0.6863,0.6863,0.6863
1691697296000,0.6863,0.6863,0.6863
1691697297000,0.6863,0.6863,0.6863
1691697298000,0.6863,0.6863,0.6863
1691697299000,0.6863,0.6863,0.6863
1691697300000,0.6863,0.6863,0.6863
1691697301000,0.6863,0.6863,0.6863
1691697302000,0.6863,0.6863,0.6863
1691697303000,0.6862,0.6862,0.6862
1691697304000,0.6862,0.6862,0.6862
1691697305000,0.6862,0.6862,0.6862
1691697306000,0.6862,0.6862,0.6862
1691697307000,0.6862,0.6862,0.6862
1691697308000,0.68617826,0.68617826,0.68617826
1691697309000,0.6862,0.6862,0.6862
1691697310000,0.6862,0.6862,0.6862
1691697311000,0.6862,0.6862,0.6862
1691697312000,0.6862,0.6862,0.6862
1691697313000,0.68617485,0.68617485,0.68617485
1691697314000,0.6862,0.6862,0.6862
1691697315000,0.6862,0.6862,0.6862
1691697316000,0.6862,0.6862,0.6862
1691697317000,0.6862,0.6862,0.6862
1691697318000,0.6862,0.6862,0.6862
1691697319000,0.6862,0.6862,0.6862
1691697320000,0.6862,0.6862,0.6862
1691697321000,0.6862,0.6862,0.6862
1691697322000,0.6862,0.6862,0.6862
1691697323000,0.6862,0.6862,0.6862
1691697324000,0.6862,0.6862,0.6862
1691697325000,0.6862,0.6862,0.6862
1691697326000,0.6862,0.6862,0.6862
1691697327000,0.6862,0.6862,0.6862
1691697328000,0.68619061,0.68619061,0.68619061
1691697329000,0.68619058,0.68619058,0.68619058
1691697330000,0.68619197,0.68619197,0.68619197
1691697331000,0.68619123,0.68619123,0.68619123
1691697332000,0.68619123,0.68619123,0.68619123
1691697333000,0.6861912,0.6861912,0.6861912
1691697334000,0.6861912,0.6861912,0.6861912
1691697335000,0.68614772,0.68614772,0.68614772
1691697336000,0.68615286,0.68615286,0.68615286
1691697337000,0.68615363,0.68615363,0.68615363
1691697338000,0.68615363,0.68615363,0.68615363
1691697339000,0.6861536,0.6861536,0.6861536
1691697340000,0.6862,0.6862,0.6862
1691697341000,0.68620213,0.68620213,0.68620213
1691697342000,0.68620213,0.68620213,0.68620213
1691697343000,0.68620213,0.68620213,0.68620213
1691697344000,0.68620431,0.68620431,0.68620431
1691697345000,0.68620431,0.68620431,0.68620431
1691697346000,0.68620353,0.68620353,0.68620353
1691697347000,0.68620727,0.68620727,0.68620727
1691697348000,0.68620727,0.68620727,0.68620727
1691697349000,0.6864,0.6864,0.6864
1691697350000,0.6864,0.6864,0.6864
1691697351000,0.6864,0.6864,0.6864
1691697352000,0.6864,0.6864,0.6864
1691697353000,0.6864,0.6864,0.6864
1691697354000,0.6864,0.6864,0.6864
1691697355000,0.6864,0.6864,0.6864
1691697356000,0.6864,0.6864,0.6864
1691697357000,0.6865,0.6865,0.6865
1691697358000,0.6865,0.6865,0.6865
1691697359000,0.6865,0.6865,0.6865
1691697360000,0.6865,0.6865,0.6865
1691697361000,0.6865,0.6865,0.6865
1691697362000,0.6865,0.6865,0.6865
1691697363000,0.6865,0.6865,0.6865
1691697364000,0.6865,0.6865,0.6865
1691697365000,0.6865,0.6865,0.6865
1691697366000,0.6865,0.6865,0.6865
1691697367000,0.6865,0.6865,0.6865
1691697368000,0.6865,0.6865,0.6865
1691697369000,0.6865,0.6865,0.6865
1691697370000,0.6865,0.6865,0.6865
1691697371000,0.6865,0.6865,0.6865
1691697372000,0.6866,0.6866,0.6866
1691697373000,0.6866,0.6866,0.6866
1691697374000,0.6866,0.6866,0.6866
1691697375000,0.6866,0.6866,0.6866
1691697376000,0.6866,0.6866,0.6866
1691697377000,0.6866,0.6866,0.6866
1691697378000,0.6866,0.6866,0.6866
1691697379000,0.6866,0.6866,0.6866
1691697380000,0.6866,0.6866,0.6866
1691697381000,0.6866,0.6866,0.6866
1691697382000,0.6866,0.6866,0.6866
1691697383000,0.6866,0.6866,0.6866
1691697384000,0.6866,0.6866,0.6866
1691697385000,0.6866,0.6866,0.6866
1691697386000,0.6866,0.6866,0.6866
1691697387000,0.6866,0.6866,0.6866
1691697388000,0.6866,0.6866,0.6866
1691697389000,0.6866,0.6866,0.6866
1691697390000,0.6866,0.6866,0.6866
1691697391000,0.6866,0.6866,0.6866
1691697392000,0.6866,0.6866,0.6866
1691697393000,0.6866,0.6866,0.6866
1691697394000,0.6866,0.6866,0.6866
1691697395000,0.6866,0.6866,0.6866
1691697396000,0.6866,0.6866,0.6866
1691697397000,0.6866,0.6866,0.6866
1691697398000,0.6866,0.6866,0.6866
1691697399000,0.6866,0.6866,0.6866
1691697400000,0.68657698,0.68657698,0.68657698
1691697401000,0.68657701,0.68657701,0.68657701
1691697402000,0.68657383,0.68657383,0.68657383
1691697403000,0.68657457,0.68657457,0.68657457
1691697404000,0.6866,0.6866,0.6866
1691697405000,0.6866,0.6866,0.6866
1691697406000,0.6866,0.6866,0.6866
1691697407000,0.6866,0.6866,0.6866
1691697408000,0.6866,0.6866,0.6866
1691697409000,0.68658867,0.68658867,0.68658867
1691697410000,0.68660364,0.68660364,0.68660364
1691697411000,0.68660281,0.68660281,0.68660281
1691697412000,0.68660281,0.68660281,0.68660281
1691697413000,0.68660287,0.68660287,0.68660287
1691697414000,0.68660287,0.68660287,0.68660287
1691697415000,0.68660291,0.68660291,0.68660291
1691697416000,0.68660291,0.68660291,0.68660291
1691697417000,0.68660291,0.68660291,0.68660291
1691697418000,0.68660287,0.68660287,0.68660287
1691697419000,0.68660213,0.68660213,0.68660213
1691697420000,0.68660209,0.68660209,0.68660209
1691697421000,0.68660209,0.68660209,0.68660209
1691697422000,0.68660213,0.68660213,0.68660213
1691697423000,0.68665611,0.68665611,0.68665611
1691697424000,0.68666051,0.68666051,0.68666051
1691697425000,0.68665962,0.68665962,0.68665962
1691697426000,0.68665962,0.68665962,0.68665962
1691697427000,0.68666051,0.68666051,0.68666051
1691697428000,0.68666051,0.68666051,0.68666051
1691697429000,0.68666089,0.68666089,0.68666089
1691697430000,0.68660488,0.68660488,0.68660488
1691697431000,0.68660402,0.68660402,0.68660402
1691697432000,0.68655488,0.68655488,0.68655488
1691697433000,0.68655488,0.68655488,0.68655488
1691697434000,0.68655405,0.68655405,0.68655405
1691697435000,0.68654943,0.68654943,0.68654943
1691697436000,0.6864994,0.6864994,0.6864994
1691697437000,0.6864994,0.6864994,0.6864994
1691697438000,0.6864994,0.6864994,0.6864994
1691697439000,0.68649902,0.68649902,0.68649902
1691697440000,0.68649902,0.68649902,0.68649902
1691697441000,0.68648684,0.68648684,0.68648684
1691697442000,0.68648684,0.68648684,0.68648684
1691697443000,0.68648559,0.68648559,0.68648559
1691697444000,0.68648559,0.68648559,0.68648559
1691697445000,0.68648559,0.68648559,0.68648559
1691697446000,0.68648192,0.68648192,0.68648192
1691697447000,0.68648282,0.68648282,0.68648282
1691697448000,0.68648278,0.68648278,0.68648278
1691697449000,0.68648278,0.68648278,0.68648278
1691697450000,0.68648192,0.68648192,0.68648192
1691697451000,0.68648192,0.68648192,0.68648192
1691697452000,0.68647836,0.68647836,0.68647836
1691697453000,0.68652836,0.68652836,0.68652836
1691697454000,0.68652836,0.68652836,0.68652836
1691697455000,0.68652836,0.68652836,0.68652836
1691697456000,0.68652836,0.68652836,0.68652836
1691697457000,0.68652327,0.68652327,0.68652327
1691697458000,0.68652327,0.68652327,0.68652327
1691697459000,0.68652323,0.68652323,0.68652323
1691697460000,0.68652327,0.68652327,0.68652327
1691697461000,0.68652327,0.68652327,0.68652327
1691697462000,0.68652323,0.68652323,0.68652323
1691697463000,0.68651969,0.68651969,0.68651969
1691697464000,0.68651969,0.68651969,0.68651969
1691697465000,0.68651969,0.68651969,0.68651969
1691697466000,0.68651969,0.68651969,0.68651969
1691697467000,0.68651969,0.68651969,0.68651969
1691697468000,0.68651969,0.68651969,0.68651969
1691697469000,0.68651588,0.68651588,0.68651588
1691697470000,0.68646588,0.68646588,0.68646588
1691697471000,0.68646505,0.68646505,0.68646505
1691697472000,0.68651502,0.68651502,0.68651502
1691697473000,0.68651502,0.68651502,0.68651502
1691697474000,0.68651131,0.68651131,0.68651131
1691697475000,0.68651217,0.68651217,0.68651217
1691697476000,0.68646631,0.68646631,0.68646631
1691697477000,0.68635209,0.68635209,0.68635209
1691697478000,0.68635209,0.68635209,0.68635209
1691697479000,0.68635209,0.68635209,0.68635209
1691697480000,0.68635168,0.68635168,0.68635168
1691697481000,0.68635168,0.68635168,0.68635168
1691697482000,0.68635168,0.68635168,0.68635168
1691697483000,0.68635172,0.68635172,0.68635172
1691697484000,0.68635168,0.68635168,0.68635168
1691697485000,0.68634886,0.68634886,0.68634886
1691697486000,0.68634883,0.68634883,0.68634883
1691697487000,0.68634883,0.68634883,0.68634883
1691697488000,0.686348,0.686348,0.686348
1691697489000,0.686348,0.686348,0.686348
1691697490000,0.686348,0.686348,0.686348
1691697491000,0.68634557,0.68634557,0.68634557
1691697492000,0.68631554,0.68631554,0.68631554
1691697493000,0.68631554,0.68631554,0.68631554
1691697494000,0.68626554,0.68626554,0.68626554
1691697495000,0.68626554,0.68626554,0.68626554
1691697496000,0.6863,0.6863,0.6863
1691697497000,0.6863,0.6863,0.6863
1691697498000,0.6863,0.6863,0.6863
1691697499000,0.6863,0.6863,0.6863
1691697500000,0.6862634,0.6862634,0.6862634
1691697501000,0.6862634,0.6862634,0.6862634
1691697502000,0.68626283,0.68626283,0.68626283
1691697503000,0.6862628,0.6862628,0.6862628
1691697504000,0.6862628,0.6862628,0.6862628
1691697505000,0.68626283,0.68626283,0.68626283
1691697506000,0.6863128,0.6863128,0.6863128
1691697507000,0.68631056,0.68631056,0.68631056
1691697508000,0.68631059,0.68631059,0.68631059
1691697509000,0.68631141,0.68631141,0.68631141
1691697510000,0.68631141,0.68631141,0.68631141
1691697511000,0.68631059,0.68631059,0.68631059
1691697512000,0.68631145,0.68631145,0.68631145
1691697513000,0.68630918,0.68630918,0.68630918
1691697514000,0.68630915,0.68630915,0.68630915
1691697515000,0.68630829,0.68630829,0.68630829
1691697516000,0.68625829,0.68625829,0.68625829
1691697517000,0.68625829,0.68625829,0.68625829
1691697518000,0.68625767,0.68625767,0.68625767
1691697519000,0.68625767,0.68625767,0.68625767
1691697520000,0.68625767,0.68625767,0.68625767
1691697521000,0.68625852,0.68625852,0.68625852
1691697522000,0.68625852,0.68625852,0.68625852
1691697523000,0.68625852,0.68625852,0.68625852
1691697524000,0.68625685,0.68625685,0.68625685
1691697525000,0.68630689,0.68630689,0.68630689
1691697526000,0.68630685,0.68630685,0.68630685
1691697527000,0.68630603,0.68630603,0.68630603
1691697528000,0.68630603,0.68630603,0.68630603
1691697529000,0.68630351,0.68630351,0.68630351
1691697530000,0.68630351,0.68630351,0.68630351
1691697531000,0.68630433,0.68630433,0.68630433
1691697532000,0.68630436,0.68630436,0.68630436
1691697533000,0.68630436,0.68630436,0.68630436
1691697534000,0.68630436,0.68630436,0.68630436
1691697535000,0.6863041,0.6863041,0.6863041
1691697536000,0.6863041,0.6863041,0.6863041
1691697537000,0.6862541,0.6862541,0.6862541
1691697538000,0.6862541,0.6862541,0.6862541
1691697539000,0.6862,0.6862,0.6862
1691697540000,0.6862,0.6862,0.6862
1691697541000,0.68617398,0.68617398,0.68617398
1691697542000,0.68622398,0.68622398,0.68622398
1691697543000,0.68622398,0.68622398,0.68622398
1691697544000,0.68617401,0.68617401,0.68617401
1691697545000,0.68617401,0.68617401,0.68617401
1691697546000,0.68617236,0.68617236,0.68617236
1691697547000,0.68617318,0.68617318,0.68617318
1691697548000,0.68617318,0.68617318,0.68617318
1691697549000,0.68617318,0.68617318,0.68617318
1691697550000,0.68617318,0.68617318,0.68617318
1691697551000,0.68617119,0.68617119,0.68617119
1691697552000,0.68617119,0.68617119,0.68617119
1691697553000,0.68617119,0.68617119,0.68617119
1691697554000,0.68617119,0.68617119,0.68617119
1691697555000,0.68617037,0.68617037,0.68617037
1691697556000,0.68617033,0.68617033,0.68617033
1691697557000,0.6861685,0.6861685,0.6861685
1691697558000,0.68616847,0.68616847,0.68616847
1691697559000,0.68616847,0.68616847,0.68616847
1691697560000,0.68617686,0.68617686,0.68617686
1691697561000,0.68622686,0.68622686,0.68622686
1691697562000,0.6862258,0.6862258,0.6862258
1691697563000,0.68622576,0.68622576,0.68622576
1691697564000,0.68622576,0.68622576,0.68622576
1691697565000,0.68622576,0.68622576,0.68622576
1691697566000,0.6862258,0.6862258,0.6862258
1691697567000,0.68622576,0.68622576,0.68622576
1691697568000,0.6862239,0.6862239,0.6862239
1691697569000,0.68622301,0.68622301,0.68622301
1691697570000,0.68622301,0.68622301,0.68622301
1691697571000,0.68627386,0.68627386,0.68627386
1691697572000,0.68627386,0.68627386,0.68627386
1691697573000,0.68627133,0.68627133,0.68627133
1691697574000,0.68627137,0.68627137,0.68627137
1691697575000,0.68627137,0.68627137,0.68627137
1691697576000,0.68627051,0.68627051,0.68627051
1691697577000,0.68627047,0.68627047,0.68627047
1691697578000,0.68627133,0.68627133,0.68627133
1691697579000,0.68626889,0.68626889,0.68626889
1691697580000,0.68626889,0.68626889,0.68626889
1691697581000,0.6864,0.6864,0.6864
1691697582000,0.6864,0.6864,0.6864
1691697583000,0.6864,0.6864,0.6864
1691697584000,0.6864,0.6864,0.6864
1691697585000,0.6864,0.6864,0.6864
1691697586000,0.6864,0.6864,0.6864
1691697587000,0.6864,0.6864,0.6864
1691697588000,0.6864,0.6864,0.6864
1691697589000,0.6864,0.6864,0.6864
1691697590000,0.6864,0.6864,0.6864
1691697591000,0.6864,0.6864,0.6864
1691697592000,0.6864,0.6864,0.6864
1691697593000,0.6864,0.6864,0.6864
1691697594000,0.6864,0.6864,0.6864
1691697595000,0.6864,0.6864,0.6864
1691697596000,0.6864,0.6864,0.6864
1691697597000,0.6863085,0.6863085,0.6863085
1691697598000,0.68635764,0.68635764,0.68635764
1691697599000,0.68635764,0.68635764,0.68635764
1691697600000,0.68635764,0.68635764,0.68635764
1691697601000,0.68635682,0.68635682,0.68635682
1691697602000,0.68635686,0.68635686,0.68635686
1691697603000,0.68635206,0.68635206,0.68635206
1691697604000,0.68635206,0.68635206,0.68635206
1691697605000,0.68630206,0.68630206,0.68630206
1691697606000,0.68630288,0.68630288,0.68630288
1691697607000,0.68629875,0.68629875,0.68629875
1691697608000,0.68629523,0.68629523,0.68629523
1691697609000,0.68629523,0.68629523,0.68629523
1691697610000,0.68624437,0.68624437,0.68624437
1691697611000,0.68624523,0.68624523,0.68624523
1691697612000,0.68624369,0.68624369,0.68624369
1691697613000,0.68629253,0.68629253,0.68629253
1691697614000,0.68629256,0.68629256,0.68629256
1691697615000,0.68629342,0.68629342,0.68629342
1691697616000,0.68629342,0.68629342,0.68629342
1691697617000,0.68628506,0.68628506,0.68628506
1691697618000,0.68628259,0.68628259,0.68628259
1691697619000,0.68628255,0.68628255,0.68628255
1691697620000,0.68632758,0.68632758,0.68632758
1691697621000,0.68632758,0.68632758,0.68632758
1691697622000,0.68627676,0.68627676,0.68627676
1691697623000,0.68627214,0.68627214,0.68627214
1691697624000,0.68626339,0.68626339,0.68626339
1691697625000,0.68621919,0.68621919,0.68621919
1691697626000,0.68621919,0.68621919,0.68621919
1691697627000,0.68621922,0.68621922,0.68621922
1691697628000,0.68621656,0.68621656,0.68621656
1691697629000,0.68621362,0.68621362,0.68621362
1691697630000,0.68616447,0.68616447,0.68616447
1691697631000,0.68616447,0.68616447,0.68616447
1691697632000,0.68616451,0.68616451,0.68616451
1691697633000,0.68616343,0.68616343,0.68616343
1691697634000,0.68616135,0.68616135,0.68616135
1691697635000,0.68616135,0.68616135,0.68616135
1691697636000,0.68621225,0.68621225,0.68621225
1691697637000,0.68621225,0.68621225,0.68621225
1691697638000,0.68621176,0.68621176,0.68621176
1691697639000,0.68621176,0.68621176,0.68621176
1691697640000,0.68620813,0.68620813,0.68620813
1691697641000,0.68620813,0.68620813,0.68620813
1691697642000,0.68620813,0.68620813,0.68620813
1691697643000,0.68620813,0.68620813,0.68620813
1691697644000,0.68620688,0.68620688,0.68620688
1691697645000,0.68620142,0.68620142,0.68620142
1691697646000,0.68620232,0.68620232,0.68620232
1691697647000,0.68620232,0.68620232,0.68620232
1691697648000,0.68620232,0.68620232,0.68620232
1691697649000,0.68625288,0.68625288,0.68625288
1691697650000,0.68625288,0.68625288,0.68625288
1691697651000,0.68624211,0.68624211,0.68624211
1691697652000,0.68624215,0.68624215,0.68624215
1691697653000,0.68624215,0.68624215,0.68624215
1691697654000,0.68624301,0.68624301,0.68624301
1691697655000,0.6862423,0.6862423,0.6862423
1691697656000,0.68623462,0.68623462,0.68623462
1691697657000,0.68623462,0.68623462,0.68623462
1691697658000,0.68623459,0.68623459,0.68623459
1691697659000,0.68623459,0.68623459,0.68623459
1691697660000,0.68623645,0.68623645,0.68623645
1691697661000,0.68623645,0.68623645,0.68623645
1691697662000,0.68623007,0.68623007,0.68623007
1691697663000,0.68623007,0.68623007,0.68623007
1691697664000,0.68623164,0.68623164,0.68623164
1691697665000,0.6862316,0.6862316,0.6862316
1691697666000,0.68623078,0.68623078,0.68623078
1691697667000,0.68622619,0.68622619,0.68622619
1691697668000,0.68622701,0.68622701,0.68622701
1691697669000,0.68622663,0.68622663,0.68622663
1691697670000,0.68622663,0.68622663,0.68622663
1691697671000,0.68622663,0.68622663,0.68622663
1691697672000,0.68622663,0.68622663,0.68622663
1691697673000,0.68622266,0.68622266,0.68622266
1691697674000,0.6862,0.6862,0.6862
1691697675000,0.6862,0.6862,0.6862
1691697676000,0.68617277,0.68617277,0.68617277
1691697677000,0.68617191,0.68617191,0.68617191
1691697678000,0.68616713,0.68616713,0.68616713
1691697679000,0.68616702,0.68616702,0.68616702
1691697680000,0.68616702,0.68616702,0.68616702
1691697681000,0.68616702,0.68616702,0.68616702
1691697682000,0.68616787,0.68616787,0.68616787
1691697683000,0.68616784,0.68616784,0.68616784
1691697684000,0.68616309,0.68616309,0.68616309
1691697685000,0.68616335,0.68616335,0.68616335
1691697686000,0.68620585,0.68620585,0.68620585
1691697687000,0.68620585,0.68620585,0.68620585
1691697688000,0.68620585,0.68620585,0.68620585
1691697689000,0.6863,0.6863,0.6863
1691697690000,0.6863,0.6863,0.6863
1691697691000,0.6863,0.6863,0.6863
1691697692000,0.6863,0.6863,0.6863
1691697693000,0.6863,0.6863,0.6863
1691697694000,0.6863,0.6863,0.6863
1691697695000,0.6863,0.6863,0.6863
1691697696000,0.6864,0.6864,0.6864
1691697697000,0.6863,0.6863,0.6863
1691697698000,0.6863,0.6863,0.6863
1691697699000,0.6863,0.6863,0.6863
1691697700000,0.6863,0.6863,0.6863
1691697701000,0.6864,0.6864,0.6864
1691697702000,0.6863,0.6863,0.6863
1691697703000,0.6863,0.6863,0.6863
1691697704000,0.6863,0.6863,0.6863
1691697705000,0.6863,0.6863,0.6863
1691697706000,0.6863,0.6863,0.6863
1691697707000,0.6863,0.6863,0.6863
1691697708000,0.6863,0.6863,0.6863
1691697709000,0.6864,0.6864,0.6864
1691697710000,0.68631916,0.68631916,0.68631916
1691697711000,0.68632073,0.68632073,0.68632073
1691697712000,0.68631944,0.68631944,0.68631944
1691697713000,0.68631855,0.68631855,0.68631855
1691697714000,0.6864,0.6864,0.6864
1691697715000,0.6862266,0.6862266,0.6862266
1691697716000,0.6863,0.6863,0.6863
1691697717000,0.6863,0.6863,0.6863
1691697718000,0.6863,0.6863,0.6863
1691697719000,0.6863,0.6863,0.6863
1691697720000,0.6863,0.6863,0.6863
1691697721000,0.68620037,0.68620037,0.68620037
1691697722000,0.68615783,0.68615783,0.68615783
1691697723000,0.68615642,0.68615642,0.68615642
1691697724000,0.68616258,0.68616258,0.68616258
1691697725000,0.68616401,0.68616401,0.68616401
1691697726000,0.68615865,0.68615865,0.68615865
1691697727000,0.68614365,0.68614365,0.68614365
1691697728000,0.68614174,0.68614174,0.68614174
1691697729000,0.68614178,0.68614178,0.68614178
1691697730000,0.68614178,0.68614178,0.68614178
1691697731000,0.68614201,0.68614201,0.68614201
1691697732000,0.68614201,0.68614201,0.68614201
1691697733000,0.68614201,0.68614201,0.68614201
1691697734000,0.68609041,0.68609041,0.68609041
1691697735000,0.68609041,0.68609041,0.68609041
1691697736000,0.68614037,0.68614037,0.68614037
1691697737000,0.68614037,0.68614037,0.68614037
1691697738000,0.68614037,0.68614037,0.68614037
1691697739000,0.68613956,0.68613956,0.68613956
1691697740000,0.68614124,0.68614124,0.68614124
1691697741000,0.68614038,0.68614038,0.68614038
1691697742000,0.68614038,0.68614038,0.68614038
1691697743000,0.68614038,0.68614038,0.68614038
1691697744000,0.68613952,0.68613952,0.68613952
1691697745000,0.68613788,0.68613788,0.68613788
1691697746000,0.6862,0.6862,0.6862
1691697747000,0.6862,0.6862,0.6862
1691697748000,0.6861399,0.6861399,0.6861399
1691697749000,0.6861399,0.6861399,0.6861399
1691697750000,0.6862,0.6862,0.6862
1691697751000,0.6862,0.6862,0.6862
1691697752000,0.6862,0.6862,0.6862
1691697753000,0.6862,0.6862,0.6862
1691697754000,0.68610583,0.68610583,0.68610583
1691697755000,0.68610583,0.68610583,0.68610583
1691697756000,0.68610743,0.68610743,0.68610743
1691697757000,0.68610743,0.68610743,0.68610743
1691697758000,0.68604862,0.68604862,0.68604862
1691697759000,0.68604862,0.68604862,0.68604862
1691697760000,0.68604862,0.68604862,0.68604862
1691697761000,0.68604405,0.68604405,0.68604405
1691697762000,0.68604487,0.68604487,0.68604487
1691697763000,0.68604487,0.68604487,0.68604487
1691697764000,0.68603891,0.68603891,0.68603891
1691697765000,0.68603891,0.68603891,0.68603891
1691697766000,0.68603891,0.68603891,0.68603891
1691697767000,0.68603808,0.68603808,0.68603808
1691697768000,0.686,0.686,0.686
1691697769000,0.686,0.686,0.686
1691697770000,0.686,0.686,0.686
1691697771000,0.686,0.686,0.686
1691697772000,0.686,0.686,0.686
1691697773000,0.686,0.686,0.686
1691697774000,0.6861,0.6861,0.6861
1691697775000,0.686,0.686,0.686
1691697776000,0.686,0.686,0.686
1691697777000,0.686,0.686,0.686
1691697778000,0.686,0.686,0.686
1691697779000,0.686,0.686,0.686
1691697780000,0.686,0.686,0.686
1691697781000,0.6861,0.6861,0.6861
1691697782000,0.6861,0.6861,0.6861
1691697783000,0.6861,0.6861,0.6861
1691697784000,0.686,0.686,0.686
1691697785000,0.686,0.686,0.686
1691697786000,0.686,0.686,0.686
1691697787000,0.686,0.686,0.686
1691697788000,0.686,0.686,0.686
1691697789000,0.68595862,0.68595862,0.68595862
1691697790000,0.686,0.686,0.686
1691697791000,0.686,0.686,0.686
1691697792000,0.68600369,0.68600369,0.68600369
1691697793000,0.68600362,0.68600362,0.68600362
1691697794000,0.68600402,0.68600402,0.68600402
1691697795000,0.68600492,0.68600492,0.68600492
1691697796000,0.68600492,0.68600492,0.68600492
1691697797000,0.68600496,0.68600496,0.68600496
1691697798000,0.68600496,0.68600496,0.68600496
1691697799000,0.68600496,0.68600496,0.68600496
1691697800000,0.68599413,0.68599413,0.68599413
1691697801000,0.68599413,0.68599413,0.68599413
1691697802000,0.68599413,0.68599413,0.68599413
1691697803000,0.68599387,0.68599387,0.68599387
1691697804000,0.68599387,0.68599387,0.68599387
1691697805000,0.68599155,0.68599155,0.68599155
1691697806000,0.6861,0.6861,0.6861
1691697807000,0.6862,0.6862,0.6862
1691697808000,0.6862,0.6862,0.6862
1691697809000,0.6861,0.6861,0.6861
1691697810000,0.6861,0.6861,0.6861
1691697811000,0.6861,0.6861,0.6861
1691697812000,0.6861,0.6861,0.6861
1691697813000,0.6861,0.6861,0.6861
1691697814000,0.6861,0.6861,0.6861
1691697815000,0.6861,0.6861,0.6861
1691697816000,0.6861,0.6861,0.6861
1691697817000,0.6861,0.6861,0.6861
1691697818000,0.6861,0.6861,0.6861
1691697819000,0.6861,0.6861,0.6861
1691697820000,0.6862,0.6862,0.6862
1691697821000,0.68611229,0.68611229,0.68611229
1691697822000,0.68612207,0.68612207,0.68612207
1691697823000,0.6862,0.6862,0.6862
1691697824000,0.68612353,0.68612353,0.68612353
1691697825000,0.6862,0.6862,0.6862
1691697826000,0.6862,0.6862,0.6862
1691697827000,0.68612495,0.68612495,0.68612495
1691697828000,0.6862,0.6862,0.6862
1691697829000,0.68612506,0.68612506,0.68612506
1691697830000,0.6861,0.6861,0.6861
1691697831000,0.6861,0.6861,0.6861
1691697832000,0.68607506,0.68607506,0.68607506
1691697833000,0.68607304,0.68607304,0.68607304
1691697834000,0.68607308,0.68607308,0.68607308
1691697835000,0.68607308,0.68607308,0.68607308
1691697836000,0.68607304,0.68607304,0.68607304
1691697837000,0.68607304,0.68607304,0.68607304
1691697838000,0.68602195,0.68602195,0.68602195
1691697839000,0.6860192,0.6860192,0.6860192
1691697840000,0.6861,0.6861,0.6861
1691697841000,0.68602674,0.68602674,0.68602674
1691697842000,0.68602674,0.68602674,0.68602674
1691697843000,0.6861,0.6861,0.6861
1691697844000,0.6861,0.6861,0.6861
1691697845000,0.68602813,0.68602813,0.68602813
1691697846000,0.68602813,0.68602813,0.68602813
1691697847000,0.68602809,0.68602809,0.68602809
1691697848000,0.68602809,0.68602809,0.68602809
1691697849000,0.68602727,0.68602727,0.68602727
1691697850000,0.68602888,0.68602888,0.68602888
1691697851000,0.68602888,0.68602888,0.68602888
1691697852000,0.68602892,0.68602892,0.68602892
1691697853000,0.68602892,0.68602892,0.68602892
1691697854000,0.6861,0.6861,0.6861
1691697855000,0.6861,0.6861,0.6861
1691697856000,0.68602992,0.68602992,0.68602992
1691697857000,0.68602992,0.68602992,0.68602992
1691697858000,0.68602992,0.68602992,0.68602992
1691697859000,0.68602966,0.68602966,0.68602966
1691697860000,0.68602966,0.68602966,0.68602966
1691697861000,0.6860293,0.6860293,0.6860293
1691697862000,0.68602933,0.68602933,0.68602933
1691697863000,0.68602844,0.68602844,0.68602844
1691697864000,0.68602829,0.68602829,0.68602829
1691697865000,0.6861,0.6861,0.6861
1691697866000,0.68602835,0.68602835,0.68602835
1691697867000,0.6861,0.6861,0.6861
1691697868000,0.6861,0.6861,0.6861
1691697869000,0.6861,0.6861,0.6861
1691697870000,0.68602903,0.68602903,0.68602903
1691697871000,0.68602903,0.68602903,0.68602903
1691697872000,0.68602941,0.68602941,0.68602941
1691697873000,0.6861,0.6861,0.6861
1691697874000,0.6861,0.6861,0.6861
1691697875000,0.68603085,0.68603085,0.68603085
1691697876000,0.68603131,0.68603131,0.68603131
1691697877000,0.68603052,0.68603052,0.68603052
1691697878000,0.68603332,0.68603332,0.68603332
1691697879000,0.68603332,0.68603332,0.68603332
1691697880000,0.68603286,0.68603286,0.68603286
1691697881000,0.68603286,0.68603286,0.68603286
1691697882000,0.68608286,0.68608286,0.68608286
1691697883000,0.68608036,0.68608036,0.68608036
1691697884000,0.68608033,0.68608033,0.68608033
1691697885000,0.68608161,0.68608161,0.68608161
1691697886000,0.68608247,0.68608247,0.68608247
1691697887000,0.68608247,0.68608247,0.68608247
1691697888000,0.68607822,0.68607822,0.68607822
1691697889000,0.68607736,0.68607736,0.68607736
1691697890000,0.68606979,0.68606979,0.68606979
1691697891000,0.68606979,0.68606979,0.68606979
1691697892000,0.68606979,0.68606979,0.68606979
1691697893000,0.68606979,0.68606979,0.68606979
1691697894000,0.68606734,0.68606734,0.68606734
1691697895000,0.68606768,0.68606768,0.68606768
1691697896000,0.68606768,0.68606768,0.68606768
1691697897000,0.68606768,0.68606768,0.68606768
1691697898000,0.68606854,0.68606854,0.68606854
1691697899000,0.6861,0.6861,0.6861
1691697900000,0.6861,0.6861,0.6861
1691697901000,0.68606471,0.68606471,0.68606471
1691697902000,0.6861,0.6861,0.6861
1691697903000,0.6861,0.6861,0.6861
1691697904000,0.6861,0.6861,0.6861
1691697905000,0.6861,0.6861,0.6861
1691697906000,0.68602139,0.68602139,0.68602139
1691697907000,0.68602143,0.68602143,0.68602143
1691697908000,0.6861,0.6861,0.6861
1691697909000,0.6861,0.6861,0.6861
1691697910000,0.6861,0.6861,0.6861
1691697911000,0.68602215,0.68602215,0.68602215
1691697912000,0.68602211,0.68602211,0.68602211
1691697913000,0.68602211,0.68602211,0.68602211
1691697914000,0.68602211,0.68602211,0.68602211
1691697915000,0.68602211,0.68602211,0.68602211
1691697916000,0.68602279,0.68602279,0.68602279
1691697917000,0.68602279,0.68602279,0.68602279
1691697918000,0.68602279,0.68602279,0.68602279
1691697919000,0.68602365,0.68602365,0.68602365
1691697920000,0.68602376,0.68602376,0.68602376
1691697921000,0.68602587,0.68602587,0.68602587
1691697922000,0.68603337,0.68603337,0.68603337
1691697923000,0.68603337,0.68603337,0.68603337
1691697924000,0.68603337,0.68603337,0.68603337
1691697925000,0.6861,0.6861,0.6861
1691697926000,0.6861,0.6861,0.6861
1691697927000,0.6861,0.6861,0.6861
1691697928000,0.6861,0.6861,0.6861
1691697929000,0.686,0.686,0.686
1691697930000,0.6861,0.6861,0.6861
1691697931000,0.6861,0.6861,0.6861
1691697932000,0.6861,0.6861,0.6861
1691697933000,0.6861,0.6861,0.6861
1691697934000,0.686,0.686,0.686
1691697935000,0.68603713,0.68603713,0.68603713
1691697936000,0.6861,0.6861,0.6861
1691697937000,0.6861,0.6861,0.6861
1691697938000,0.6861,0.6861,0.6861
1691697939000,0.686,0.686,0.686
1691697940000,0.686,0.686,0.686
1691697941000,0.686,0.686,0.686
1691697942000,0.68598342,0.68598342,0.68598342
1691697943000,0.686,0.686,0.686
1691697944000,0.68598439,0.68598439,0.68598439
1691697945000,0.68597603,0.68597603,0.68597603
1691697946000,0.68597685,0.68597685,0.68597685
1691697947000,0.68597685,0.68597685,0.68597685
1691697948000,0.68597685,0.68597685,0.68597685
1691697949000,0.68597552,0.68597552,0.68597552
1691697950000,0.68597556,0.68597556,0.68597556
1691697951000,0.68597552,0.68597552,0.68597552
1691697952000,0.68597552,0.68597552,0.68597552
1691697953000,0.68597556,0.68597556,0.68597556
1691697954000,0.68597426,0.68597426,0.68597426
1691697955000,0.68597512,0.68597512,0.68597512
1691697956000,0.68597516,0.68597516,0.68597516
1691697957000,0.6859752,0.6859752,0.6859752
1691697958000,0.6859752,0.6859752,0.6859752
1691697959000,0.6859752,0.6859752,0.6859752
1691697960000,0.68597556,0.68597556,0.68597556
1691697961000,0.68597466,0.68597466,0.68597466
1691697962000,0.68597466,0.68597466,0.68597466
1691697963000,0.686,0.686,0.686
1691697964000,0.68597466,0.68597466,0.68597466
1691697965000,0.68597509,0.68597509,0.68597509
1691697966000,0.68597487,0.68597487,0.68597487
1691697967000,0.686,0.686,0.686
1691697968000,0.686,0.686,0.686
1691697969000,0.686,0.686,0.686
1691697970000,0.686,0.686,0.686
1691697971000,0.686,0.686,0.686
1691697972000,0.6859684,0.6859684,0.6859684
1691697973000,0.6859684,0.6859684,0.6859684
1691697974000,0.6859684,0.6859684,0.6859684
1691697975000,0.6859684,0.6859684,0.6859684
1691697976000,0.686,0.686,0.686
1691697977000,0.686,0.686,0.686
1691697978000,0.686,0.686,0.686
1691697979000,0.68596803,0.68596803,0.68596803
1691697980000,0.68596892,0.68596892,0.68596892
1691697981000,0.686,0.686,0.686
1691697982000,0.686,0.686,0.686
1691697983000,0.6859171,0.6859171,0.6859171
1691697984000,0.6859171,0.6859171,0.6859171
1691697985000,0.6859162,0.6859162,0.6859162
1691697986000,0.68591706,0.68591706,0.68591706
1691697987000,0.68591616,0.68591616,0.68591616
1691697988000,0.68591504,0.68591504,0.68591504
1691697989000,0.68591504,0.68591504,0.68591504
1691697990000,0.68591418,0.68591418,0.68591418
1691697991000,0.68590668,0.68590668,0.68590668
1691697992000,0.68590668,0.68590668,0.68590668
1691697993000,0.68590339,0.68590339,0.68590339
1691697994000,0.68590339,0.68590339,0.68590339
1691697995000,0.68590339,0.68590339,0.68590339
1691697996000,0.68590339,0.68590339,0.68590339
1691697997000,0.68590339,0.68590339,0.68590339
1691697998000,0.68590339,0.68590339,0.68590339
1691697999000,0.68590108,0.68590108,0.68590108
1691698000000,0.68590105,0.68590105,0.68590105
1691698001000,0.68590105,0.68590105,0.68590105
1691698002000,0.68590105,0.68590105,0.68590105
1691698003000,0.68590105,0.68590105,0.68590105
1691698004000,0.6859,0.6859,0.6859
1691698005000,0.68586121,0.68586121,0.68586121
1691698006000,0.68586121,0.68586121,0.68586121
1691698007000,0.6859,0.6859,0.6859
1691698008000,0.6859,0.6859,0.6859
1691698009000,0.6859,0.6859,0.6859
1691698010000,0.68586038,0.68586038,0.68586038
1691698011000,0.68586041,0.68586041,0.68586041
1691698012000,0.68586041,0.68586041,0.68586041
1691698013000,0.68585952,0.68585952,0.68585952
1691698014000,0.68585952,0.68585952,0.68585952
1691698015000,0.68585868,0.68585868,0.68585868
1691698016000,0.68585868,0.68585868,0.68585868
1691698017000,0.68585871,0.68585871,0.68585871
1691698018000,0.68585871,0.68585871,0.68585871
1691698019000,0.68585953,0.68585953,0.68585953
1691698020000,0.68585953,0.68585953,0.68585953
1691698021000,0.6859,0.6859,0.6859
1691698022000,0.6859,0.6859,0.6859
1691698023000,0.68580827,0.68580827,0.68580827
1691698024000,0.68580827,0.68580827,0.68580827
1691698025000,0.68580738,0.68580738,0.68580738
1691698026000,0.68580901,0.68580901,0.68580901
1691698027000,0.68580901,0.68580901,0.68580901
1691698028000,0.68585901,0.68585901,0.68585901
1691698029000,0.68585901,0.68585901,0.68585901
1691698030000,0.68580151,0.68580151,0.68580151
1691698031000,0.68580151,0.68580151,0.68580151
1691698032000,0.68580446,0.68580446,0.68580446
1691698033000,0.68580535,0.68580535,0.68580535
1691698034000,0.68580531,0.68580531,0.68580531
1691698035000,0.6859,0.6859,0.6859
1691698036000,0.68580531,0.68580531,0.68580531
1691698037000,0.6859,0.6859,0.6859
1691698038000,0.6859,0.6859,0.6859
1691698039000,0.6858076,0.6858076,0.6858076
1691698040000,0.6858067,0.6858067,0.6858067
1691698041000,0.68580674,0.68580674,0.68580674
1691698042000,0.6859,0.6859,0.6859
1691698043000,0.68580989,0.68580989,0.68580989
1691698044000,0.68585985,0.68585985,0.68585985
1691698045000,0.68585985,0.68585985,0.68585985
1691698046000,0.68585985,0.68585985,0.68585985
1691698047000,0.6859,0.6859,0.6859
1691698048000,0.68585874,0.68585874,0.68585874
1691698049000,0.68585874,0.68585874,0.68585874
1691698050000,0.68585874,0.68585874,0.68585874
1691698051000,0.68585874,0.68585874,0.68585874
1691698052000,0.68585874,0.68585874,0.68585874
1691698053000,0.68585874,0.68585874,0.68585874
1691698054000,0.68585633,0.68585633,0.68585633
1691698055000,0.68585633,0.68585633,0.68585633
1691698056000,0.68580629,0.68580629,0.68580629
1691698057000,0.68580715,0.68580715,0.68580715
1691698058000,0.6859,0.6859,0.6859
1691698059000,0.6859,0.6859,0.6859
1691698060000,0.686,0.686,0.686
1691698061000,0.686,0.686,0.686
1691698062000,0.6859,0.6859,0.6859
1691698063000,0.686,0.686,0.686
1691698064000,0.6859,0.6859,0.6859
1691698065000,0.686,0.686,0.686
1691698066000,0.686,0.686,0.686
1691698067000,0.6859,0.6859,0.6859
1691698068000,0.6859,0.6859,0.6859
1691698069000,0.6859,0.6859,0.6859
1691698070000,0.6859,0.6859,0.6859
1691698071000,0.6859,0.6859,0.6859
1691698072000,0.6859,0.6859,0.6859
1691698073000,0.6859,0.6859,0.6859
1691698074000,0.6859,0.6859,0.6859
1691698075000,0.6859,0.6859,0.6859
1691698076000,0.6859,0.6859,0.6859
1691698077000,0.6859,0.6859,0.6859
1691698078000,0.6859,0.6859,0.6859
1691698079000,0.6859,0.6859,0.6859
1691698080000,0.6859,0.6859,0.6859
1691698081000,0.68591089,0.68591089,0.68591089
1691698082000,0.68591089,0.68591089,0.68591089
1691698083000,0.68580964,0.68580964,0.68580964
1691698084000,0.68580964,0.68580964,0.68580964
1691698085000,0.68580215,0.68580215,0.68580215
1691698086000,0.68580215,0.68580215,0.68580215
1691698087000,0.68580182,0.68580182,0.68580182
1691698088000,0.68580268,0.68580268,0.68580268
1691698089000,0.6858026,0.6858026,0.6858026
1691698090000,0.68575264,0.68575264,0.68575264
1691698091000,0.68575264,0.68575264,0.68575264
1691698092000,0.6857526,0.6857526,0.6857526
1691698093000,0.68575118,0.68575118,0.68575118
1691698094000,0.68574735,0.68574735,0.68574735
1691698095000,0.68574735,0.68574735,0.68574735
1691698096000,0.68574735,0.68574735,0.68574735
1691698097000,0.68574739,0.68574739,0.68574739
1691698098000,0.68574669,0.68574669,0.68574669
1691698099000,0.68574669,0.68574669,0.68574669
1691698100000,0.68574669,0.68574669,0.68574669
1691698101000,0.68574569,0.68574569,0.68574569
1691698102000,0.68564778,0.68564778,0.68564778
1691698103000,0.68563477,0.68563477,0.68563477
1691698104000,0.68559629,0.68559629,0.68559629
1691698105000,0.68559038,0.68559038,0.68559038
1691698106000,0.68559038,0.68559038,0.68559038
1691698107000,0.68559038,0.68559038,0.68559038
1691698108000,0.68559038,0.68559038,0.68559038
1691698109000,0.68558809,0.68558809,0.68558809
1691698110000,0.68554461,0.68554461,0.68554461
1691698111000,0.68546295,0.68546295,0.68546295
1691698112000,0.68546369,0.68546369,0.68546369
1691698113000,0.68546366,0.68546366,0.68546366
1691698114000,0.68546151,0.68546151,0.68546151
1691698115000,0.68544842,0.68544842,0.68544842
1691698116000,0.68540494,0.68540494,0.68540494
1691698117000,0.68540494,0.68540494,0.68540494
1691698118000,0.68540497,0.68540497,0.68540497
1691698119000,0.68544842,0.68544842,0.68544842
1691698120000,0.68544343,0.68544343,0.68544343
1691698121000,0.68544349,0.68544349,0.68544349
1691698122000,0.68544349,0.68544349,0.68544349
1691698123000,0.68544349,0.68544349,0.68544349
1691698124000,0.68535653,0.68535653,0.68535653
1691698125000,0.68539659,0.68539659,0.68539659
1691698126000,0.68539182,0.68539182,0.68539182
1691698127000,0.68539182,0.68539182,0.68539182
1691698128000,0.68539105,0.68539105,0.68539105
1691698129000,0.68538887,0.68538887,0.68538887
1691698130000,0.68534565,0.68534565,0.68534565
1691698131000,0.68534165,0.68534165,0.68534165
1691698132000,0.68534165,0.68534165,0.68534165
1691698133000,0.68534237,0.68534237,0.68534237
1691698134000,0.68534237,0.68534237,0.68534237
1691698135000,0.68538555,0.68538555,0.68538555
1691698136000,0.68538555,0.68538555,0.68538555
1691698137000,0.68538012,0.68538012,0.68538012
1691698138000,0.68538012,0.68538012,0.68538012
1691698139000,0.68538012,0.68538012,0.68538012
1691698140000,0.68538015,0.68538015,0.68538015
1691698141000,0.68538015,0.68538015,0.68538015
1691698142000,0.685332,0.685332,0.685332
1691698143000,0.685332,0.685332,0.685332
1691698144000,0.68533203,0.68533203,0.68533203
1691698145000,0.68535594,0.68535594,0.68535594
1691698146000,0.68535594,0.68535594,0.68535594
1691698147000,0.6853548,0.6853548,0.6853548
1691698148000,0.6853505,0.6853505,0.6853505
1691698149000,0.6854,0.6854,0.6854
1691698150000,0.6854,0.6854,0.6854
1691698151000,0.6855,0.6855,0.6855
1691698152000,0.6855,0.6855,0.6855
1691698153000,0.6855,0.6855,0.6855
1691698154000,0.6855,0.6855,0.6855
1691698155000,0.6855,0.6855,0.6855
1691698156000,0.6855,0.6855,0.6855
1691698157000,0.6856,0.6856,0.6856
1691698158000,0.6856,0.6856,0.6856
1691698159000,0.6856,0.6856,0.6856
1691698160000,0.6856,0.6856,0.6856
1691698161000,0.6856,0.6856,0.6856
1691698162000,0.6856,0.6856,0.6856
1691698163000,0.6856,0.6856,0.6856
1691698164000,0.6855,0.6855,0.6855
1691698165000,0.6855,0.6855,0.6855
1691698166000,0.6855,0.6855,0.6855
1691698167000,0.6855,0.6855,0.6855
1691698168000,0.6855,0.6855,0.6855
1691698169000,0.6855,0.6855,0.6855
1691698170000,0.6856,0.6856,0.6856
1691698171000,0.6856,0.6856,0.6856
1691698172000,0.6856,0.6856,0.6856
1691698173000,0.6856,0.6856,0.6856
1691698174000,0.6855,0.6855,0.6855
1691698175000,0.6855,0.6855,0.6855
1691698176000,0.6856,0.6856,0.6856
1691698177000,0.6856,0.6856,0.6856
1691698178000,0.6856,0.6856,0.6856
1691698179000,0.6855,0.6855,0.6855
1691698180000,0.6856,0.6856,0.6856
1691698181000,0.6855,0.6855,0.6855
1691698182000,0.6855,0.6855,0.6855
1691698183000,0.6855,0.6855,0.6855
1691698184000,0.6855,0.6855,0.6855
1691698185000,0.6856,0.6856,0.6856
1691698186000,0.6855,0.6855,0.6855
1691698187000,0.6855,0.6855,0.6855
1691698188000,0.6855,0.6855,0.6855
1691698189000,0.68548979,0.68548979,0.68548979
1691698190000,0.68548982,0.68548982,0.68548982
1691698191000,0.6855,0.6855,0.6855
1691698192000,0.6855,0.6855,0.6855
1691698193000,0.6855,0.6855,0.6855
1691698194000,0.68549081,0.68549081,0.68549081
1691698195000,0.68549081,0.68549081,0.68549081
1691698196000,0.6855,0.6855,0.6855
1691698197000,0.6855,0.6855,0.6855
1691698198000,0.6855,0.6855,0.6855
1691698199000,0.6855,0.6855,0.6855
1691698200000,0.68548904,0.68548904,0.68548904
1691698201000,0.68548829,0.68548829,0.68548829
1691698202000,0.68544478,0.68544478,0.68544478
1691698203000,0.68544486,0.68544486,0.68544486
1691698204000,0.6855,0.6855,0.6855
1691698205000,0.68544374,0.68544374,0.68544374
1691698206000,0.68544374,0.68544374,0.68544374
1691698207000,0.68544303,0.68544303,0.68544303
1691698208000,0.68544303,0.68544303,0.68544303
1691698209000,0.68544067,0.68544067,0.68544067
1691698210000,0.6854,0.6854,0.6854
1691698211000,0.6854,0.6854,0.6854
1691698212000,0.6854,0.6854,0.6854
1691698213000,0.6854,0.6854,0.6854
1691698214000,0.68538904,0.68538904,0.68538904
1691698215000,0.68538904,0.68538904,0.68538904
1691698216000,0.68538904,0.68538904,0.68538904
1691698217000,0.68538904,0.68538904,0.68538904
1691698218000,0.68538975,0.68538975,0.68538975
1691698219000,0.68538975,0.68538975,0.68538975
1691698220000,0.68534234,0.68534234,0.68534234
1691698221000,0.68534234,0.68534234,0.68534234
1691698222000,0.6853293,0.6853293,0.6853293
1691698223000,0.68532927,0.68532927,0.68532927
1691698224000,0.6852847,0.6852847,0.6852847
1691698225000,0.68528057,0.68528057,0.68528057
1691698226000,0.68532405,0.68532405,0.68532405
1691698227000,0.68532405,0.68532405,0.68532405
1691698228000,0.68532405,0.68532405,0.68532405
1691698229000,0.68532405,0.68532405,0.68532405
1691698230000,0.68532405,0.68532405,0.68532405
1691698231000,0.68527341,0.68527341,0.68527341
1691698232000,0.68527341,0.68527341,0.68527341
1691698233000,0.68527341,0.68527341,0.68527341
1691698234000,0.68531185,0.68531185,0.68531185
1691698235000,0.68531185,0.68531185,0.68531185
1691698236000,0.68530536,0.68530536,0.68530536
1691698237000,0.68524958,0.68524958,0.68524958
1691698238000,0.68520536,0.68520536,0.68520536
1691698239000,0.68509084,0.68509084,0.68509084
1691698240000,0.68508869,0.68508869,0.68508869
1691698241000,0.68509519,0.68509519,0.68509519
1691698242000,0.68509261,0.68509261,0.68509261
1691698243000,0.68509261,0.68509261,0.68509261
1691698244000,0.68509261,0.68509261,0.68509261
1691698245000,0.68509261,0.68509261,0.68509261
1691698246000,0.68509261,0.68509261,0.68509261
1691698247000,0.6850897,0.6850897,0.6850897
1691698248000,0.68508973,0.68508973,0.68508973
1691698249000,0.68509047,0.68509047,0.68509047
1691698250000,0.68509044,0.68509044,0.68509044
1691698251000,0.68509047,0.68509047,0.68509047
1691698252000,0.68508973,0.68508973,0.68508973
1691698253000,0.6851,0.6851,0.6851
1691698254000,0.6851,0.6851,0.6851
1691698255000,0.6851,0.6851,0.6851
1691698256000,0.6851327,0.6851327,0.6851327
1691698257000,0.68513195,0.68513195,0.68513195
1691698258000,0.68512998,0.68512998,0.68512998
1691698259000,0.6853,0.6853,0.6853
1691698260000,0.68530135,0.68530135,0.68530135
1691698261000,0.68530064,0.68530064,0.68530064
1691698262000,0.68530135,0.68530135,0.68530135
1691698263000,0.68530135,0.68530135,0.68530135
1691698264000,0.6853,0.6853,0.6853
1691698265000,0.6853,0.6853,0.6853
1691698266000,0.68524805,0.68524805,0.68524805
1691698267000,0.68529078,0.68529078,0.68529078
1691698268000,0.68532999,0.68532999,0.68532999
1691698269000,0.68528588,0.68528588,0.68528588
1691698270000,0.68528588,0.68528588,0.68528588
1691698271000,0.6856,0.6856,0.6856
1691698272000,0.6857,0.6857,0.6857
1691698273000,0.6857,0.6857,0.6857
1691698274000,0.6857,0.6857,0.6857
1691698275000,0.6857,0.6857,0.6857
1691698276000,0.6856,0.6856,0.6856
1691698277000,0.68560872,0.68560872,0.68560872
1691698278000,0.6857,0.6857,0.6857
1691698279000,0.6857,0.6857,0.6857
1691698280000,0.6857,0.6857,0.6857
1691698281000,0.6856,0.6856,0.6856
1691698282000,0.6856,0.6856,0.6856
1691698283000,0.6856,0.6856,0.6856
1691698284000,0.6857,0.6857,0.6857
1691698285000,0.6855,0.6855,0.6855
1691698286000,0.68552999,0.68552999,0.68552999
1691698287000,0.68552996,0.68552996,0.68552996
1691698288000,0.68553307,0.68553307,0.68553307
1691698289000,0.6855,0.6855,0.6855
1691698290000,0.6855,0.6855,0.6855
1691698291000,0.68553338,0.68553338,0.68553338
1691698292000,0.68553264,0.68553264,0.68553264
1691698293000,0.68553264,0.68553264,0.68553264
1691698294000,0.68554278,0.68554278,0.68554278
1691698295000,0.68554352,0.68554352,0.68554352
1691698296000,0.68554355,0.68554355,0.68554355
1691698297000,0.6856,0.6856,0.6856
1691698298000,0.6856,0.6856,0.6856
1691698299000,0.6856,0.6856,0.6856
1691698300000,0.68554361,0.68554361,0.68554361
1691698301000,0.68554361,0.68554361,0.68554361
1691698302000,0.6856,0.6856,0.6856
1691698303000,0.68554354,0.68554354,0.68554354
1691698304000,0.68554354,0.68554354,0.68554354
1691698305000,0.6856,0.6856,0.6856
1691698306000,0.6856,0.6856,0.6856
1691698307000,0.6856,0.6856,0.6856
1691698308000,0.6856,0.6856,0.6856
1691698309000,0.6856,0.6856,0.6856
1691698310000,0.6856,0.6856,0.6856
1691698311000,0.6856,0.6856,0.6856
1691698312000,0.68554249,0.68554249,0.68554249
1691698313000,0.68554326,0.68554326,0.68554326
1691698314000,0.68554184,0.68554184,0.68554184
1691698315000,0.68554184,0.68554184,0.68554184
1691698316000,0.68554262,0.68554262,0.68554262
1691698317000,0.68554262,0.68554262,0.68554262
1691698318000,0.68554262,0.68554262,0.68554262
1691698319000,0.68554043,0.68554043,0.68554043
1691698320000,0.68554043,0.68554043,0.68554043
1691698321000,0.68554043,0.68554043,0.68554043
1691698322000,0.68554043,0.68554043,0.68554043
1691698323000,0.68553969,0.68553969,0.68553969
1691698324000,0.68553969,0.68553969,0.68553969
1691698325000,0.68553739,0.68553739,0.68553739
1691698326000,0.68553739,0.68553739,0.68553739
1691698327000,0.68553736,0.68553736,0.68553736
1691698328000,0.68553739,0.68553739,0.68553739
1691698329000,0.68549463,0.68549463,0.68549463
1691698330000,0.6855342,0.6855342,0.6855342
1691698331000,0.6855342,0.6855342,0.6855342
1691698332000,0.6855342,0.6855342,0.6855342
1691698333000,0.68553423,0.68553423,0.68553423
1691698334000,0.68553423,0.68553423,0.68553423
1691698335000,0.68553417,0.68553417,0.68553417
1691698336000,0.68552889,0.68552889,0.68552889
1691698337000,0.6855,0.6855,0.6855
1691698338000,0.6855,0.6855,0.6855
1691698339000,0.6855,0.6855,0.6855
1691698340000,0.6855,0.6855,0.6855
1691698341000,0.6855,0.6855,0.6855
1691698342000,0.6855,0.6855,0.6855
1691698343000,0.68548135,0.68548135,0.68548135
1691698344000,0.68548135,0.68548135,0.68548135
1691698345000,0.68548132,0.68548132,0.68548132
1691698346000,0.68548158,0.68548158,0.68548158
1691698347000,0.6855,0.6855,0.6855
1691698348000,0.6854799,0.6854799,0.6854799
1691698349000,0.68547987,0.68547987,0.68547987
1691698350000,0.6854799,0.6854799,0.6854799
1691698351000,0.68547987,0.68547987,0.68547987
1691698352000,0.68547817,0.68547817,0.68547817
1691698353000,0.68552162,0.68552162,0.68552162
1691698354000,0.68552162,0.68552162,0.68552162
1691698355000,0.68547888,0.68547888,0.68547888
1691698356000,0.68552227,0.68552227,0.68552227
1691698357000,0.68552227,0.68552227,0.68552227
1691698358000,0.68547696,0.68547696,0.68547696
1691698359000,0.68547699,0.68547699,0.68547699
1691698360000,0.68547696,0.68547696,0.68547696
1691698361000,0.68547696,0.68547696,0.68547696
1691698362000,0.68547739,0.68547739,0.68547739
1691698363000,0.68547315,0.68547315,0.68547315
1691698364000,0.68547318,0.68547318,0.68547318
1691698365000,0.68547318,0.68547318,0.68547318
1691698366000,0.68547224,0.68547224,0.68547224
1691698367000,0.68547224,0.68547224,0.68547224
1691698368000,0.68547224,0.68547224,0.68547224
1691698369000,0.685468,0.685468,0.685468
1691698370000,0.685468,0.685468,0.685468
1691698371000,0.68546859,0.68546859,0.68546859
1691698372000,0.68546859,0.68546859,0.68546859
1691698373000,0.68546281,0.68546281,0.68546281
1691698374000,0.68545882,0.68545882,0.68545882
1691698375000,0.68550232,0.68550232,0.68550232
1691698376000,0.68550268,0.68550268,0.68550268
1691698377000,0.68550268,0.68550268,0.68550268
1691698378000,0.68550265,0.68550265,0.68550265
1691698379000,0.68550265,0.68550265,0.68550265
1691698380000,0.68549804,0.68549804,0.68549804
1691698381000,0.68549807,0.68549807,0.68549807
1691698382000,0.6854981,0.6854981,0.6854981
1691698383000,0.6856,0.6856,0.6856
1691698384000,0.6856,0.6856,0.6856
1691698385000,0.6856,0.6856,0.6856
1691698386000,0.6856,0.6856,0.6856
1691698387000,0.6856,0.6856,0.6856
1691698388000,0.6856,0.6856,0.6856
1691698389000,0.6856,0.6856,0.6856
1691698390000,0.6856,0.6856,0.6856
1691698391000,0.6856,0.6856,0.6856
1691698392000,0.6856,0.6856,0.6856
1691698393000,0.6856,0.6856,0.6856
1691698394000,0.6856,0.6856,0.6856
1691698395000,0.6856,0.6856,0.6856
1691698396000,0.6856,0.6856,0.6856
1691698397000,0.6856,0.6856,0.6856
1691698398000,0.6856,0.6856,0.6856
1691698399000,0.6856,0.6856,0.6856
1691698400000,0.6857,0.6857,0.6857
1691698401000,0.6857,0.6857,0.6857
1691698402000,0.6857,0.6857,0.6857
1691698403000,0.6857,0.6857,0.6857
1691698404000,0.6856,0.6856,0.6856
1691698405000,0.6856,0.6856,0.6856
1691698406000,0.6856,0.6856,0.6856
1691698407000,0.6857,0.6857,0.6857
1691698408000,0.6857,0.6857,0.6857
1691698409000,0.6856,0.6856,0.6856
1691698410000,0.6856,0.6856,0.6856
1691698411000,0.6857,0.6857,0.6857
1691698412000,0.6857,0.6857,0.6857
1691698413000,0.6857,0.6857,0.6857
1691698414000,0.6856,0.6856,0.6856
1691698415000,0.6856,0.6856,0.6856
1691698416000,0.6856,0.6856,0.6856
1691698417000,0.6856,0.6856,0.6856
1691698418000,0.6856,0.6856,0.6856
1691698419000,0.6856,0.6856,0.6856
1691698420000,0.6856,0.6856,0.6856
1691698421000,0.6856,0.6856,0.6856
1691698422000,0.6856,0.6856,0.6856
1691698423000,0.6856,0.6856,0.6856
1691698424000,0.6856,0.6856,0.6856
1691698425000,0.6856,0.6856,0.6856
1691698426000,0.6856,0.6856,0.6856
1691698427000,0.6858,0.6858,0.6858
1691698428000,0.6858,0.6858,0.6858
1691698429000,0.6857,0.6857,0.6857
1691698430000,0.6857,0.6857,0.6857
1691698431000,0.6857,0.6857,0.6857
1691698432000,0.6857,0.6857,0.6857
1691698433000,0.6857,0.6857,0.6857
1691698434000,0.6857,0.6857,0.6857
1691698435000,0.6857,0.6857,0.6857
1691698436000,0.6857,0.6857,0.6857
1691698437000,0.6857,0.6857,0.6857
1691698438000,0.6857,0.6857,0.6857
1691698439000,0.6857,0.6857,0.6857
1691698440000,0.6857,0.6857,0.6857
1691698441000,0.6857,0.6857,0.6857
1691698442000,0.6857,0.6857,0.6857
1691698443000,0.6857,0.6857,0.6857
1691698444000,0.6857,0.6857,0.6857
1691698445000,0.6857,0.6857,0.6857
1691698446000,0.6857,0.6857,0.6857
1691698447000,0.6858,0.6858,0.6858
1691698448000,0.6858,0.6858,0.6858
1691698449000,0.6858,0.6858,0.6858
1691698450000,0.6858,0.6858,0.6858
1691698451000,0.6858,0.6858,0.6858
1691698452000,0.6858,0.6858,0.6858
1691698453000,0.6858,0.6858,0.6858
1691698454000,0.6858,0.6858,0.6858
1691698455000,0.6858,0.6858,0.6858
1691698456000,0.6858,0.6858,0.6858
1691698457000,0.6858,0.6858,0.6858
1691698458000,0.6858,0.6858,0.6858
1691698459000,0.6858,0.6858,0.6858
1691698460000,0.6858,0.6858,0.6858
1691698461000,0.6858,0.6858,0.6858
1691698462000,0.6858,0.6858,0.6858
1691698463000,0.6857,0.6857,0.6857
1691698464000,0.6857,0.6857,0.6857
1691698465000,0.6857,0.6857,0.6857
1691698466000,0.6857,0.6857,0.6857
1691698467000,0.6857,0.6857,0.6857
1691698468000,0.6857,0.6857,0.6857
1691698469000,0.6857,0.6857,0.6857
1691698470000,0.6857,0.6857,0.6857
1691698471000,0.6857,0.6857,0.6857
1691698472000,0.6857,0.6857,0.6857
1691698473000,0.6857,0.6857,0.6857
1691698474000,0.6857,0.6857,0.6857
1691698475000,0.6857,0.6857,0.6857
1691698476000,0.6857,0.6857,0.6857
1691698477000,0.6857,0.6857,0.6857
1691698478000,0.6857,0.6857,0.6857
1691698479000,0.6857,0.6857,0.6857
1691698480000,0.6857,0.6857,0.6857
1691698481000,0.6857,0.6857,0.6857
1691698482000,0.6857,0.6857,0.6857
1691698483000,0.6857,0.6857,0.6857
1691698484000,0.6857,0.6857,0.6857
1691698485000,0.6857,0.6857,0.6857
1691698486000,0.6857,0.6857,0.6857
1691698487000,0.6857,0.6857,0.6857
1691698488000,0.6858,0.6858,0.6858
1691698489000,0.6858,0.6858,0.6858
1691698490000,0.6858,0.6858,0.6858
1691698491000,0.6858,0.6858,0.6858
1691698492000,0.6858,0.6858,0.6858
1691698493000,0.6858,0.6858,0.6858
1691698494000,0.6858,0.6858,0.6858
1691698495000,0.6858,0.6858,0.6858
1691698496000,0.6858,0.6858,0.6858
1691698497000,0.6858,0.6858,0.6858
1691698498000,0.6858,0.6858,0.6858
1691698499000,0.6858,0.6858,0.6858
1691698500000,0.6858,0.6858,0.6858
1691698501000,0.6858,0.6858,0.6858
1691698502000,0.6858,0.6858,0.6858
1691698503000,0.6857,0.6857,0.6857
1691698504000,0.6857,0.6857,0.6857
1691698505000,0.6859,0.6859,0.6859
1691698506000,0.6859,0.6859,0.6859
1691698507000,0.6859,0.6859,0.6859
1691698508000,0.6859,0.6859,0.6859
1691698509000,0.6857,0.6857,0.6857
1691698510000,0.6857,0.6857,0.6857
1691698511000,0.68563104,0.68563104,0.68563104
1691698512000,0.6857,0.6857,0.6857
1691698513000,0.685632,0.685632,0.685632
1691698514000,0.685632,0.685632,0.685632
1691698515000,0.68562965,0.68562965,0.68562965
1691698516000,0.68562965,0.68562965,0.68562965
1691698517000,0.68567313,0.68567313,0.68567313
1691698518000,0.68567571,0.68567571,0.68567571
1691698519000,0.68566993,0.68566993,0.68566993
1691698520000,0.6857,0.6857,0.6857
1691698521000,0.68566993,0.68566993,0.68566993
1691698522000,0.6856,0.6856,0.6856
1691698523000,0.6856,0.6856,0.6856
1691698524000,0.6856,0.6856,0.6856
1691698525000,0.6856,0.6856,0.6856
1691698526000,0.6856,0.6856,0.6856
1691698527000,0.68560039,0.68560039,0.68560039
1691698528000,0.68560113,0.68560113,0.68560113
1691698529000,0.68560289,0.68560289,0.68560289
1691698530000,0.68560217,0.68560217,0.68560217
1691698531000,0.6857,0.6857,0.6857
1691698532000,0.6857,0.6857,0.6857
1691698533000,0.6857,0.6857,0.6857
1691698534000,0.6857,0.6857,0.6857
1691698535000,0.68564855,0.68564855,0.68564855
1691698536000,0.68564626,0.68564626,0.68564626
1691698537000,0.68564552,0.68564552,0.68564552
1691698538000,0.68564552,0.68564552,0.68564552
1691698539000,0.68564555,0.68564555,0.68564555
1691698540000,0.68564859,0.68564859,0.68564859
1691698541000,0.68564862,0.68564862,0.68564862
1691698542000,0.68560511,0.68560511,0.68560511
1691698543000,0.68560511,0.68560511,0.68560511
1691698544000,0.68560511,0.68560511,0.68560511
1691698545000,0.6856041,0.6856041,0.6856041
1691698546000,0.68560558,0.68560558,0.68560558
1691698547000,0.68560558,0.68560558,0.68560558
1691698548000,0.68560558,0.68560558,0.68560558
1691698549000,0.68560558,0.68560558,0.68560558
1691698550000,0.68560581,0.68560581,0.68560581
1691698551000,0.68560685,0.68560685,0.68560685
1691698552000,0.68560762,0.68560762,0.68560762
1691698553000,0.68560759,0.68560759,0.68560759
1691698554000,0.68560759,0.68560759,0.68560759
1691698555000,0.68560759,0.68560759,0.68560759
1691698556000,0.68560739,0.68560739,0.68560739
1691698557000,0.68560848,0.68560848,0.68560848
1691698558000,0.68560844,0.68560844,0.68560844
1691698559000,0.68560844,0.68560844,0.68560844
1691698560000,0.68565192,0.68565192,0.68565192
1691698561000,0.68565121,0.68565121,0.68565121
1691698562000,0.68565108,0.68565108,0.68565108
1691698563000,0.6856076,0.6856076,0.6856076
1691698564000,0.6856076,0.6856076,0.6856076
1691698565000,0.68565108,0.68565108,0.68565108
1691698566000,0.68565101,0.68565101,0.68565101
1691698567000,0.6857,0.6857,0.6857
1691698568000,0.6857,0.6857,0.6857
1691698569000,0.6857,0.6857,0.6857
1691698570000,0.6857,0.6857,0.6857
1691698571000,0.6857,0.6857,0.6857
1691698572000,0.6857,0.6857,0.6857
1691698573000,0.6857,0.6857,0.6857
1691698574000,0.6857,0.6857,0.6857
1691698575000,0.6857,0.6857,0.6857
1691698576000,0.6857,0.6857,0.6857
1691698577000,0.6857,0.6857,0.6857
1691698578000,0.6857,0.6857,0.6857
1691698579000,0.6857,0.6857,0.6857
1691698580000,0.6857,0.6857,0.6857
1691698581000,0.6857,0.6857,0.6857
1691698582000,0.6857,0.6857,0.6857
1691698583000,0.6857,0.6857,0.6857
1691698584000,0.6857,0.6857,0.6857
1691698585000,0.6857,0.6857,0.6857
1691698586000,0.68565095,0.68565095,0.68565095
1691698587000,0.68565095,0.68565095,0.68565095
1691698588000,0.68565095,0.68565095,0.68565095
1691698589000,0.68565095,0.68565095,0.68565095
1691698590000,0.68565241,0.68565241,0.68565241
1691698591000,0.68565244,0.68565244,0.68565244
1691698592000,0.68565241,0.68565241,0.68565241
1691698593000,0.68565241,0.68565241,0.68565241
1691698594000,0.6857,0.6857,0.6857
1691698595000,0.6857,0.6857,0.6857
1691698596000,0.6857,0.6857,0.6857
1691698597000,0.6857,0.6857,0.6857
1691698598000,0.6857,0.6857,0.6857
1691698599000,0.6857,0.6857,0.6857
1691698600000,0.6857,0.6857,0.6857
1691698601000,0.6857,0.6857,0.6857
1691698602000,0.6857,0.6857,0.6857
1691698603000,0.6857,0.6857,0.6857
1691698604000,0.6857,0.6857,0.6857
1691698605000,0.6857,0.6857,0.6857
1691698606000,0.6857,0.6857,0.6857
1691698607000,0.6857,0.6857,0.6857
1691698608000,0.68561358,0.68561358,0.68561358
1691698609000,0.6857,0.6857,0.6857
1691698610000,0.6857,0.6857,0.6857
1691698611000,0.6857,0.6857,0.6857
1691698612000,0.68561422,0.68561422,0.68561422
1691698613000,0.68561422,0.68561422,0.68561422
1691698614000,0.68561419,0.68561419,0.68561419
1691698615000,0.68561419,0.68561419,0.68561419
1691698616000,0.6859,0.6859,0.6859
1691698617000,0.6859,0.6859,0.6859
1691698618000,0.6859,0.6859,0.6859
1691698619000,0.6859,0.6859,0.6859
1691698620000,0.686,0.686,0.686
1691698621000,0.6859,0.6859,0.6859
1691698622000,0.6859,0.6859,0.6859
1691698623000,0.6859,0.6859,0.6859
1691698624000,0.6861,0.6861,0.6861
1691698625000,0.6861,0.6861,0.6861
1691698626000,0.6861,0.6861,0.6861
1691698627000,0.6861,0.6861,0.6861
1691698628000,0.6862,0.6862,0.6862
1691698629000,0.6863,0.6863,0.6863
1691698630000,0.6863,0.6863,0.6863
1691698631000,0.6864,0.6864,0.6864
1691698632000,0.6864,0.6864,0.6864
1691698633000,0.6863,0.6863,0.6863
1691698634000,0.6863,0.6863,0.6863
1691698635000,0.6863,0.6863,0.6863
1691698636000,0.6863,0.6863,0.6863
1691698637000,0.6864,0.6864,0.6864
1691698638000,0.6864,0.6864,0.6864
1691698639000,0.6863,0.6863,0.6863
1691698640000,0.6863,0.6863,0.6863
1691698641000,0.6863,0.6863,0.6863
1691698642000,0.6863,0.6863,0.6863
1691698643000,0.6863,0.6863,0.6863
1691698644000,0.6862,0.6862,0.6862
1691698645000,0.6862,0.6862,0.6862
1691698646000,0.6862,0.6862,0.6862
1691698647000,0.6862,0.6862,0.6862
1691698648000,0.6862,0.6862,0.6862
1691698649000,0.6862,0.6862,0.6862
1691698650000,0.6862,0.6862,0.6862
1691698651000,0.6862,0.6862,0.6862
1691698652000,0.6862,0.6862,0.6862
1691698653000,0.6862,0.6862,0.6862
1691698654000,0.6861,0.6861,0.6861
1691698655000,0.6861,0.6861,0.6861
1691698656000,0.6861,0.6861,0.6861
1691698657000,0.6861,0.6861,0.6861
1691698658000,0.6861,0.6861,0.6861
1691698659000,0.6861,0.6861,0.6861
1691698660000,0.6861,0.6861,0.6861
1691698661000,0.6861,0.6861,0.6861
1691698662000,0.6861,0.6861,0.6861
1691698663000,0.6861,0.6861,0.6861
1691698664000,0.6860886,0.6860886,0.6860886
1691698665000,0.6860886,0.6860886,0.6860886
1691698666000,0.68609509,0.68609509,0.68609509
1691698667000,0.68605359,0.68605359,0.68605359
1691698668000,0.68605359,0.68605359,0.68605359
1691698669000,0.68605433,0.68605433,0.68605433
1691698670000,0.68605433,0.68605433,0.68605433
1691698671000,0.68605436,0.68605436,0.68605436
1691698672000,0.68605433,0.68605433,0.68605433
1691698673000,0.68601342,0.68601342,0.68601342
1691698674000,0.68601342,0.68601342,0.68601342
1691698675000,0.68601342,0.68601342,0.68601342
1691698676000,0.68601271,0.68601271,0.68601271
1691698677000,0.6861,0.6861,0.6861
1691698678000,0.6861,0.6861,0.6861
1691698679000,0.6861,0.6861,0.6861
1691698680000,0.68601662,0.68601662,0.68601662
1691698681000,0.68601662,0.68601662,0.68601662
1691698682000,0.6860601,0.6860601,0.6860601
1691698683000,0.6861,0.6861,0.6861
1691698684000,0.6862,0.6862,0.6862
1691698685000,0.6861,0.6861,0.6861
1691698686000,0.6863,0.6863,0.6863
1691698687000,0.6862,0.6862,0.6862
1691698688000,0.6862,0.6862,0.6862
1691698689000,0.6862,0.6862,0.6862
1691698690000,0.6862,0.6862,0.6862
1691698691000,0.6862,0.6862,0.6862
1691698692000,0.6862,0.6862,0.6862
1691698693000,0.6862,0.6862,0.6862
1691698694000,0.6862,0.6862,0.6862
1691698695000,0.6861,0.6861,0.6861
1691698696000,0.6862,0.6862,0.6862
1691698697000,0.6862,0.6862,0.6862
1691698698000,0.6862,0.6862,0.6862
1691698699000,0.6862,0.6862,0.6862
1691698700000,0.6862,0.6862,0.6862
1691698701000,0.6862,0.6862,0.6862
1691698702000,0.6862,0.6862,0.6862
1691698703000,0.6862,0.6862,0.6862
1691698704000,0.6862,0.6862,0.6862
1691698705000,0.6861,0.6861,0.6861
1691698706000,0.6861,0.6861,0.6861
1691698707000,0.6861,0.6861,0.6861
1691698708000,0.6862,0.6862,0.6862
1691698709000,0.6862,0.6862,0.6862
1691698710000,0.6861,0.6861,0.6861
1691698711000,0.6861,0.6861,0.6861
1691698712000,0.6861,0.6861,0.6861
1691698713000,0.6861,0.6861,0.6861
1691698714000,0.6861,0.6861,0.6861
1691698715000,0.6861,0.6861,0.6861
1691698716000,0.68611442,0.68611442,0.68611442
1691698717000,0.6862,0.6862,0.6862
1691698718000,0.6862,0.6862,0.6862
1691698719000,0.6862,0.6862,0.6862
1691698720000,0.6862,0.6862,0.6862
1691698721000,0.6862,0.6862,0.6862
1691698722000,0.6862,0.6862,0.6862
1691698723000,0.6862,0.6862,0.6862
1691698724000,0.6862,0.6862,0.6862
1691698725000,0.6862,0.6862,0.6862
1691698726000,0.6862,0.6862,0.6862
1691698727000,0.6862,0.6862,0.6862
1691698728000,0.6862,0.6862,0.6862
1691698729000,0.6862,0.6862,0.6862
1691698730000,0.6862,0.6862,0.6862
1691698731000,0.68613218,0.68613218,0.68613218
1691698732000,0.68613132,0.68613132,0.68613132
1691698733000,0.68613128,0.68613128,0.68613128
1691698734000,0.68613087,0.68613087,0.68613087
1691698735000,0.6862,0.6862,0.6862
1691698736000,0.6862,0.6862,0.6862
1691698737000,0.6862,0.6862,0.6862
1691698738000,0.6862,0.6862,0.6862
1691698739000,0.6862,0.6862,0.6862
1691698740000,0.6862,0.6862,0.6862
1691698741000,0.6862,0.6862,0.6862
1691698742000,0.6862,0.6862,0.6862
1691698743000,0.6862,0.6862,0.6862
1691698744000,0.68622795,0.68622795,0.68622795
1691698745000,0.68622847,0.68622847,0.68622847
1691698746000,0.68622761,0.68622761,0.68622761
1691698747000,0.68622847,0.68622847,0.68622847
1691698748000,0.6862,0.6862,0.6862
1691698749000,0.6862,0.6862,0.6862
1691698750000,0.6862,0.6862,0.6862
1691698751000,0.6862,0.6862,0.6862
1691698752000,0.6862,0.6862,0.6862
1691698753000,0.6862,0.6862,0.6862
1691698754000,0.68622608,0.68622608,0.68622608
1691698755000,0.68621847,0.68621847,0.68621847
1691698756000,0.6862184,0.6862184,0.6862184
1691698757000,0.68621836,0.68621836,0.68621836
1691698758000,0.6863,0.6863,0.6863
1691698759000,0.6863,0.6863,0.6863
1691698760000,0.6863,0.6863,0.6863
1691698761000,0.6863,0.6863,0.6863
1691698762000,0.6863,0.6863,0.6863
1691698763000,0.6863,0.6863,0.6863
1691698764000,0.6863,0.6863,0.6863
1691698765000,0.6863,0.6863,0.6863
1691698766000,0.6863,0.6863,0.6863
1691698767000,0.6863,0.6863,0.6863
1691698768000,0.6862,0.6862,0.6862
1691698769000,0.6862,0.6862,0.6862
1691698770000,0.6862,0.6862,0.6862
1691698771000,0.6863,0.6863,0.6863
1691698772000,0.6863,0.6863,0.6863
1691698773000,0.6862,0.6862,0.6862
1691698774000,0.6862,0.6862,0.6862
1691698775000,0.6862,0.6862,0.6862
1691698776000,0.6862,0.6862,0.6862
1691698777000,0.68621477,0.68621477,0.68621477
1691698778000,0.68621618,0.68621618,0.68621618
1691698779000,0.68623118,0.68623118,0.68623118
1691698780000,0.68628118,0.68628118,0.68628118
1691698781000,0.6863,0.6863,0.6863
1691698782000,0.6863,0.6863,0.6863
1691698783000,0.6863,0.6863,0.6863
1691698784000,0.6863,0.6863,0.6863
1691698785000,0.68633092,0.68633092,0.68633092
1691698786000,0.68633103,0.68633103,0.68633103
1691698787000,0.6864,0.6864,0.6864
1691698788000,0.6864,0.6864,0.6864
1691698789000,0.6864,0.6864,0.6864
1691698790000,0.6864,0.6864,0.6864
1691698791000,0.68633275,0.68633275,0.68633275
1691698792000,0.68633275,0.68633275,0.68633275
1691698793000,0.68633275,0.68633275,0.68633275
1691698794000,0.68633151,0.68633151,0.68633151
1691698795000,0.68638151,0.68638151,0.68638151
1691698796000,0.68638151,0.68638151,0.68638151
1691698797000,0.6864,0.6864,0.6864
1691698798000,0.6864049,0.6864049,0.6864049
1691698799000,0.68640487,0.68640487,0.68640487
1691698800000,0.68640203,0.68640203,0.68640203
1691698801000,0.68640203,0.68640203,0.68640203
1691698802000,0.68643203,0.68643203,0.68643203
1691698803000,0.68643289,0.68643289,0.68643289
1691698804000,0.68643289,0.68643289,0.68643289
1691698805000,0.6864322,0.6864322,0.6864322
1691698806000,0.6864322,0.6864322,0.6864322
1691698807000,0.68643224,0.68643224,0.68643224
1691698808000,0.6864322,0.6864322,0.6864322
1691698809000,0.6865,0.6865,0.6865
1691698810000,0.6865,0.6865,0.6865
1691698811000,0.6865,0.6865,0.6865
1691698812000,0.6865,0.6865,0.6865
1691698813000,0.68644388,0.68644388,0.68644388
1691698814000,0.68644388,0.68644388,0.68644388
1691698815000,0.68644302,0.68644302,0.68644302
1691698816000,0.68644472,0.68644472,0.68644472
1691698817000,0.68644487,0.68644487,0.68644487
1691698818000,0.68644487,0.68644487,0.68644487
1691698819000,0.68644491,0.68644491,0.68644491
1691698820000,0.68644487,0.68644487,0.68644487
1691698821000,0.68644487,0.68644487,0.68644487
1691698822000,0.68644498,0.68644498,0.68644498
1691698823000,0.68644498,0.68644498,0.68644498
1691698824000,0.68644498,0.68644498,0.68644498
1691698825000,0.68644584,0.68644584,0.68644584
1691698826000,0.68644498,0.68644498,0.68644498
1691698827000,0.68644577,0.68644577,0.68644577
1691698828000,0.68644543,0.68644543,0.68644543
1691698829000,0.68644543,0.68644543,0.68644543
1691698830000,0.68644543,0.68644543,0.68644543
1691698831000,0.6863512,0.6863512,0.6863512
1691698832000,0.68635273,0.68635273,0.68635273
1691698833000,0.68635456,0.68635456,0.68635456
1691698834000,0.6864,0.6864,0.6864
1691698835000,0.6864,0.6864,0.6864
1691698836000,0.68635459,0.68635459,0.68635459
1691698837000,0.68635459,0.68635459,0.68635459
1691698838000,0.6864,0.6864,0.6864
1691698839000,0.6864,0.6864,0.6864
1691698840000,0.6864,0.6864,0.6864
1691698841000,0.6864,0.6864,0.6864
1691698842000,0.68635682,0.68635682,0.68635682
1691698843000,0.68635682,0.68635682,0.68635682
1691698844000,0.68641017,0.68641017,0.68641017
1691698845000,0.68641017,0.68641017,0.68641017
1691698846000,0.68640931,0.68640931,0.68640931
1691698847000,0.68640931,0.68640931,0.68640931
1691698848000,0.68640868,0.68640868,0.68640868
1691698849000,0.68640868,0.68640868,0.68640868
1691698850000,0.68641132,0.68641132,0.68641132
1691698851000,0.68641132,0.68641132,0.68641132
1691698852000,0.68641135,0.68641135,0.68641135
1691698853000,0.68656346,0.68656346,0.68656346
1691698854000,0.68656346,0.68656346,0.68656346
1691698855000,0.6866,0.6866,0.6866
1691698856000,0.6866,0.6866,0.6866
1691698857000,0.68659517,0.68659517,0.68659517
1691698858000,0.68659517,0.68659517,0.68659517
1691698859000,0.68659723,0.68659723,0.68659723
1691698860000,0.68659723,0.68659723,0.68659723
1691698861000,0.68665313,0.68665313,0.68665313
1691698862000,0.68665313,0.68665313,0.68665313
1691698863000,0.68665224,0.68665224,0.68665224
1691698864000,0.68665224,0.68665224,0.68665224
1691698865000,0.68665224,0.68665224,0.68665224
1691698866000,0.68665417,0.68665417,0.68665417
1691698867000,0.68665417,0.68665417,0.68665417
1691698868000,0.68665414,0.68665414,0.68665414
1691698869000,0.68665414,0.68665414,0.68665414
1691698870000,0.68665414,0.68665414,0.68665414
1691698871000,0.68665414,0.68665414,0.68665414
1691698872000,0.6866536,0.6866536,0.6866536
1691698873000,0.6866536,0.6866536,0.6866536
1691698874000,0.6866536,0.6866536,0.6866536
1691698875000,0.6866536,0.6866536,0.6866536
1691698876000,0.6866536,0.6866536,0.6866536
1691698877000,0.68665136,0.68665136,0.68665136
1691698878000,0.68665136,0.68665136,0.68665136
1691698879000,0.68665136,0.68665136,0.68665136
1691698880000,0.6866514,0.6866514,0.6866514
1691698881000,0.6867,0.6867,0.6867
1691698882000,0.68665265,0.68665265,0.68665265
1691698883000,0.6867,0.6867,0.6867
1691698884000,0.6867,0.6867,0.6867
1691698885000,0.6867,0.6867,0.6867
1691698886000,0.68665293,0.68665293,0.68665293
1691698887000,0.68665297,0.68665297,0.68665297
1691698888000,0.68665476,0.68665476,0.68665476
1691698889000,0.68665727,0.68665727,0.68665727
1691698890000,0.6868,0.6868,0.6868
1691698891000,0.6868,0.6868,0.6868
1691698892000,0.6869,0.6869,0.6869
1691698893000,0.6869,0.6869,0.6869
1691698894000,0.6869,0.6869,0.6869
1691698895000,0.6869,0.6869,0.6869
1691698896000,0.6869,0.6869,0.6869
1691698897000,0.6869,0.6869,0.6869
1691698898000,0.6868,0.6868,0.6868
1691698899000,0.6869,0.6869,0.6869
1691698900000,0.6868,0.6868,0.6868
1691698901000,0.6868,0.6868,0.6868
1691698902000,0.6868,0.6868,0.6868
1691698903000,0.6867,0.6867,0.6867
1691698904000,0.6867,0.6867,0.6867
1691698905000,0.68670108,0.68670108,0.68670108
1691698906000,0.68670108,0.68670108,0.68670108
1691698907000,0.68670108,0.68670108,0.68670108
1691698908000,0.68670026,0.68670026,0.68670026
1691698909000,0.68670022,0.68670022,0.68670022
1691698910000,0.68671704,0.68671704,0.68671704
1691698911000,0.6868,0.6868,0.6868
1691698912000,0.68669556,0.68669556,0.68669556
1691698913000,0.68663455,0.68663455,0.68663455
1691698914000,0.68663455,0.68663455,0.68663455
1691698915000,0.68661907,0.68661907,0.68661907
1691698916000,0.68662251,0.68662251,0.68662251
1691698917000,0.68662251,0.68662251,0.68662251
1691698918000,0.68662251,0.68662251,0.68662251
1691698919000,0.68662329,0.68662329,0.68662329
1691698920000,0.68662329,0.68662329,0.68662329
1691698921000,0.68661341,0.68661341,0.68661341
1691698922000,0.68661341,0.68661341,0.68661341
1691698923000,0.68651341,0.68651341,0.68651341
1691698924000,0.68651341,0.68651341,0.68651341
1691698925000,0.68650937,0.68650937,0.68650937
1691698926000,0.68650937,0.68650937,0.68650937
1691698927000,0.68650298,0.68650298,0.68650298
1691698928000,0.68648798,0.68648798,0.68648798
1691698929000,0.68648048,0.68648048,0.68648048
1691698930000,0.68647435,0.68647435,0.68647435
1691698931000,0.68647435,0.68647435,0.68647435
1691698932000,0.68643688,0.68643688,0.68643688
1691698933000,0.68643688,0.68643688,0.68643688
1691698934000,0.68643685,0.68643685,0.68643685
1691698935000,0.68642849,0.68642849,0.68642849
1691698936000,0.68634421,0.68634421,0.68634421
1691698937000,0.6863424,0.6863424,0.6863424
1691698938000,0.68633372,0.68633372,0.68633372
1691698939000,0.68633372,0.68633372,0.68633372
1691698940000,0.68633376,0.68633376,0.68633376
1691698941000,0.68633372,0.68633372,0.68633372
1691698942000,0.68628372,0.68628372,0.68628372
1691698943000,0.68627861,0.68627861,0.68627861
1691698944000,0.68627861,0.68627861,0.68627861
1691698945000,0.68627861,0.68627861,0.68627861
1691698946000,0.68626991,0.68626991,0.68626991
1691698947000,0.68626335,0.68626335,0.68626335
1691698948000,0.68626335,0.68626335,0.68626335
1691698949000,0.68630937,0.68630937,0.68630937
1691698950000,0.68625937,0.68625937,0.68625937
1691698951000,0.68625937,0.68625937,0.68625937
1691698952000,0.6862594,0.6862594,0.6862594
1691698953000,0.68626026,0.68626026,0.68626026
1691698954000,0.68626022,0.68626022,0.68626022
1691698955000,0.68625646,0.68625646,0.68625646
1691698956000,0.68625604,0.68625604,0.68625604
1691698957000,0.68625604,0.68625604,0.68625604
1691698958000,0.68625608,0.68625608,0.68625608
1691698959000,0.68625604,0.68625604,0.68625604
1691698960000,0.68625214,0.68625214,0.68625214
1691698961000,0.68625214,0.68625214,0.68625214
1691698962000,0.68625217,0.68625217,0.68625217
1691698963000,0.68625128,0.68625128,0.68625128
1691698964000,0.68625128,0.68625128,0.68625128
1691698965000,0.68620132,0.68620132,0.68620132
1691698966000,0.68619851,0.68619851,0.68619851
1691698967000,0.68619851,0.68619851,0.68619851
1691698968000,0.68619848,0.68619848,0.68619848
1691698969000,0.68619848,0.68619848,0.68619848
1691698970000,0.68624848,0.68624848,0.68624848
1691698971000,0.68624804,0.68624804,0.68624804
1691698972000,0.68624804,0.68624804,0.68624804
1691698973000,0.6862489,0.6862489,0.6862489
1691698974000,0.6862489,0.6862489,0.6862489
1691698975000,0.6862489,0.6862489,0.6862489
1691698976000,0.6862489,0.6862489,0.6862489
1691698977000,0.6862444,0.6862444,0.6862444
1691698978000,0.6862444,0.6862444,0.6862444
1691698979000,0.68624104,0.68624104,0.68624104
1691698980000,0.68624104,0.68624104,0.68624104
1691698981000,0.68624104,0.68624104,0.68624104
1691698982000,0.6862391,0.6862391,0.6862391
1691698983000,0.6862391,0.6862391,0.6862391
1691698984000,0.6862391,0.6862391,0.6862391
1691698985000,0.68623913,0.68623913,0.68623913
1691698986000,0.68624071,0.68624071,0.68624071
1691698987000,0.6861857,0.6861857,0.6861857
1691698988000,0.68618116,0.68618116,0.68618116
1691698989000,0.68618116,0.68618116,0.68618116
1691698990000,0.68614781,0.68614781,0.68614781
1691698991000,0.68614784,0.68614784,0.68614784
1691698992000,0.686192,0.686192,0.686192
1691698993000,0.68618484,0.68618484,0.68618484
1691698994000,0.68618487,0.68618487,0.68618487
1691698995000,0.68618106,0.68618106,0.68618106
1691698996000,0.68618103,0.68618103,0.68618103
1691698997000,0.68618103,0.68618103,0.68618103
1691698998000,0.68618103,0.68618103,0.68618103
1691698999000,0.68617487,0.68617487,0.68617487
1691699000000,0.68617487,0.68617487,0.68617487
1691699001000,0.68617487,0.68617487,0.68617487
1691699002000,0.68617487,0.68617487,0.68617487
1691699003000,0.68617487,0.68617487,0.68617487
1691699004000,0.68614499,0.68614499,0.68614499
1691699005000,0.68609496,0.68609496,0.68609496
1691699006000,0.68609582,0.68609582,0.68609582
1691699007000,0.68609582,0.68609582,0.68609582
1691699008000,0.68614585,0.68614585,0.68614585
1691699009000,0.68614585,0.68614585,0.68614585
1691699010000,0.68603964,0.68603964,0.68603964
1691699011000,0.68603964,0.68603964,0.68603964
1691699012000,0.68603964,0.68603964,0.68603964
1691699013000,0.68608964,0.68608964,0.68608964
1691699014000,0.68608878,0.68608878,0.68608878
1691699015000,0.68608447,0.68608447,0.68608447
1691699016000,0.68608447,0.68608447,0.68608447
1691699017000,0.68608447,0.68608447,0.68608447
1691699018000,0.6861,0.6861,0.6861
1691699019000,0.6861,0.6861,0.6861
1691699020000,0.68608229,0.68608229,0.68608229
1691699021000,0.68607808,0.68607808,0.68607808
1691699022000,0.68607808,0.68607808,0.68607808
1691699023000,0.68607801,0.68607801,0.68607801
1691699024000,0.68612887,0.68612887,0.68612887
1691699025000,0.68612852,0.68612852,0.68612852
1691699026000,0.68612539,0.68612539,0.68612539
1691699027000,0.6861226,0.6861226,0.6861226
1691699028000,0.68612256,0.68612256,0.68612256
1691699029000,0.68612256,0.68612256,0.68612256
1691699030000,0.6861,0.6861,0.6861
1691699031000,0.68607256,0.68607256,0.68607256
1691699032000,0.68606998,0.68606998,0.68606998
1691699033000,0.68606998,0.68606998,0.68606998
1691699034000,0.68605584,0.68605584,0.68605584
1691699035000,0.68606334,0.68606334,0.68606334
1691699036000,0.68606248,0.68606248,0.68606248
1691699037000,0.68605921,0.68605921,0.68605921
1691699038000,0.68605921,0.68605921,0.68605921
1691699039000,0.68606007,0.68606007,0.68606007
1691699040000,0.68606007,0.68606007,0.68606007
1691699041000,0.68611007,0.68611007,0.68611007
1691699042000,0.68611007,0.68611007,0.68611007
1691699043000,0.6863,0.6863,0.6863
1691699044000,0.6863,0.6863,0.6863
1691699045000,0.6864,0.6864,0.6864
1691699046000,0.6863,0.6863,0.6863
1691699047000,0.6863,0.6863,0.6863
1691699048000,0.6863,0.6863,0.6863
1691699049000,0.6863,0.6863,0.6863
1691699050000,0.6863,0.6863,0.6863
1691699051000,0.6863,0.6863,0.6863
1691699052000,0.6863,0.6863,0.6863
1691699053000,0.6863,0.6863,0.6863
1691699054000,0.6863,0.6863,0.6863
1691699055000,0.6863,0.6863,0.6863
1691699056000,0.68632506,0.68632506,0.68632506
1691699057000,0.68633256,0.68633256,0.68633256
1691699058000,0.68633256,0.68633256,0.68633256
1691699059000,0.68633198,0.68633198,0.68633198
1691699060000,0.68633198,0.68633198,0.68633198
1691699061000,0.68633194,0.68633194,0.68633194
1691699062000,0.68633108,0.68633108,0.68633108
1691699063000,0.68633108,0.68633108,0.68633108
1691699064000,0.68632958,0.68632958,0.68632958
1691699065000,0.68632739,0.68632739,0.68632739
1691699066000,0.6862714,0.6862714,0.6862714
1691699067000,0.6862714,0.6862714,0.6862714
1691699068000,0.68627166,0.68627166,0.68627166
1691699069000,0.68627166,0.68627166,0.68627166
1691699070000,0.68621866,0.68621866,0.68621866
1691699071000,0.68621866,0.68621866,0.68621866
1691699072000,0.68621869,0.68621869,0.68621869
1691699073000,0.68621866,0.68621866,0.68621866
1691699074000,0.68621652,0.68621652,0.68621652
1691699075000,0.68621652,0.68621652,0.68621652
1691699076000,0.68621003,0.68621003,0.68621003
1691699077000,0.68618671,0.68618671,0.68618671
1691699078000,0.68618619,0.68618619,0.68618619
1691699079000,0.6862,0.6862,0.6862
1691699080000,0.6862,0.6862,0.6862
1691699081000,0.6863,0.6863,0.6863
1691699082000,0.6862,0.6862,0.6862
1691699083000,0.6863,0.6863,0.6863
1691699084000,0.6863,0.6863,0.6863
1691699085000,0.6864,0.6864,0.6864
1691699086000,0.6864,0.6864,0.6864
1691699087000,0.6863,0.6863,0.6863
1691699088000,0.6863,0.6863,0.6863
1691699089000,0.6863,0.6863,0.6863
1691699090000,0.6863,0.6863,0.6863
1691699091000,0.6863,0.6863,0.6863
1691699092000,0.6863,0.6863,0.6863
1691699093000,0.6864,0.6864,0.6864
1691699094000,0.6864,0.6864,0.6864
1691699095000,0.6864,0.6864,0.6864
1691699096000,0.6864,0.6864,0.6864
1691699097000,0.6863,0.6863,0.6863
1691699098000,0.6863,0.6863,0.6863
1691699099000,0.6863,0.6863,0.6863
1691699100000,0.6863,0.6863,0.6863
1691699101000,0.6863,0.6863,0.6863
1691699102000,0.6864,0.6864,0.6864
1691699103000,0.6864,0.6864,0.6864
1691699104000,0.6864,0.6864,0.6864
1691699105000,0.6864,0.6864,0.6864
1691699106000,0.6865,0.6865,0.6865
1691699107000,0.6864,0.6864,0.6864
1691699108000,0.6864,0.6864,0.6864
1691699109000,0.6864,0.6864,0.6864
1691699110000,0.6865,0.6865,0.6865
1691699111000,0.6865,0.6865,0.6865
1691699112000,0.6864,0.6864,0.6864
1691699113000,0.6864,0.6864,0.6864
1691699114000,0.6865,0.6865,0.6865
1691699115000,0.6865,0.6865,0.6865
1691699116000,0.6865,0.6865,0.6865
1691699117000,0.6864,0.6864,0.6864
1691699118000,0.6864,0.6864,0.6864
1691699119000,0.6864,0.6864,0.6864
1691699120000,0.6864,0.6864,0.6864
1691699121000,0.6864,0.6864,0.6864
1691699122000,0.6864,0.6864,0.6864
1691699123000,0.6864,0.6864,0.6864
1691699124000,0.6864,0.6864,0.6864
1691699125000,0.6864,0.6864,0.6864
1691699126000,0.6864,0.6864,0.6864
1691699127000,0.6865,0.6865,0.6865
1691699128000,0.6865,0.6865,0.6865
1691699129000,0.6865,0.6865,0.6865
1691699130000,0.6865,0.6865,0.6865
1691699131000,0.6865,0.6865,0.6865
1691699132000,0.6864,0.6864,0.6864
1691699133000,0.6864,0.6864,0.6864
1691699134000,0.6864,0.6864,0.6864
1691699135000,0.6864,0.6864,0.6864
1691699136000,0.6864,0.6864,0.6864
1691699137000,0.6865,0.6865,0.6865
1691699138000,0.6864,0.6864,0.6864
1691699139000,0.6864,0.6864,0.6864
1691699140000,0.6864,0.6864,0.6864
1691699141000,0.6865,0.6865,0.6865
1691699142000,0.6864,0.6864,0.6864
1691699143000,0.6864,0.6864,0.6864
1691699144000,0.6864,0.6864,0.6864
1691699145000,0.6864,0.6864,0.6864
1691699146000,0.6864,0.6864,0.6864
1691699147000,0.6864,0.6864,0.6864
1691699148000,0.6864,0.6864,0.6864
1691699149000,0.6864,0.6864,0.6864
1691699150000,0.6864,0.6864,0.6864
1691699151000,0.6864,0.6864,0.6864
1691699152000,0.68644399,0.68644399,0.68644399
1691699153000,0.6864445,0.6864445,0.6864445
1691699154000,0.68644536,0.68644536,0.68644536
1691699155000,0.68644536,0.68644536,0.68644536
1691699156000,0.6865,0.6865,0.6865
1691699157000,0.6865,0.6865,0.6865
1691699158000,0.68644539,0.68644539,0.68644539
1691699159000,0.68644458,0.68644458,0.68644458
1691699160000,0.68644458,0.68644458,0.68644458
1691699161000,0.6865,0.6865,0.6865
1691699162000,0.6865,0.6865,0.6865
1691699163000,0.6864,0.6864,0.6864
1691699164000,0.6864,0.6864,0.6864
1691699165000,0.6864,0.6864,0.6864
1691699166000,0.6864,0.6864,0.6864
1691699167000,0.68644521,0.68644521,0.68644521
1691699168000,0.68644521,0.68644521,0.68644521
1691699169000,0.68644603,0.68644603,0.68644603
1691699170000,0.6865,0.6865,0.6865
1691699171000,0.6865,0.6865,0.6865
1691699172000,0.6865,0.6865,0.6865
1691699173000,0.6865,0.6865,0.6865
1691699174000,0.68644676,0.68644676,0.68644676
1691699175000,0.68644791,0.68644791,0.68644791
1691699176000,0.68644791,0.68644791,0.68644791
1691699177000,0.6865,0.6865,0.6865
1691699178000,0.6865,0.6865,0.6865
1691699179000,0.68644791,0.68644791,0.68644791
1691699180000,0.68639791,0.68639791,0.68639791
1691699181000,0.68639798,0.68639798,0.68639798
1691699182000,0.68639798,0.68639798,0.68639798
1691699183000,0.68644794,0.68644794,0.68644794
1691699184000,0.68644709,0.68644709,0.68644709
1691699185000,0.68645459,0.68645459,0.68645459
1691699186000,0.68645522,0.68645522,0.68645522
1691699187000,0.68645126,0.68645126,0.68645126
1691699188000,0.68645126,0.68645126,0.68645126
1691699189000,0.68645126,0.68645126,0.68645126
1691699190000,0.68645215,0.68645215,0.68645215
1691699191000,0.68645163,0.68645163,0.68645163
1691699192000,0.68644519,0.68644519,0.68644519
1691699193000,0.68644519,0.68644519,0.68644519
1691699194000,0.68644519,0.68644519,0.68644519
1691699195000,0.68644519,0.68644519,0.68644519
1691699196000,0.68645292,0.68645292,0.68645292
1691699197000,0.68645292,0.68645292,0.68645292
1691699198000,0.68644681,0.68644681,0.68644681
1691699199000,0.68644684,0.68644684,0.68644684
1691699200000,0.68644681,0.68644681,0.68644681
1691699201000,0.68644681,0.68644681,0.68644681
1691699202000,0.68644736,0.68644736,0.68644736
1691699203000,0.68644214,0.68644214,0.68644214
1691699204000,0.68644214,0.68644214,0.68644214
1691699205000,0.68644214,0.68644214,0.68644214
1691699206000,0.6864,0.6864,0.6864
1691699207000,0.6864,0.6864,0.6864
1691699208000,0.6864,0.6864,0.6864
1691699209000,0.68638883,0.68638883,0.68638883
1691699210000,0.68638886,0.68638886,0.68638886
1691699211000,0.68638886,0.68638886,0.68638886
1691699212000,0.68638853,0.68638853,0.68638853
1691699213000,0.68634432,0.68634432,0.68634432
1691699214000,0.68634107,0.68634107,0.68634107
1691699215000,0.68634107,0.68634107,0.68634107
1691699216000,0.68634107,0.68634107,0.68634107
1691699217000,0.68634077,0.68634077,0.68634077
1691699218000,0.68633988,0.68633988,0.68633988
1691699219000,0.68633988,0.68633988,0.68633988
1691699220000,0.68634237,0.68634237,0.68634237
1691699221000,0.6863424,0.6863424,0.6863424
1691699222000,0.68634278,0.68634278,0.68634278
1691699223000,0.68634278,0.68634278,0.68634278
1691699224000,0.68634278,0.68634278,0.68634278
1691699225000,0.68634527,0.68634527,0.68634527
1691699226000,0.6864,0.6864,0.6864
1691699227000,0.6864,0.6864,0.6864
1691699228000,0.6864,0.6864,0.6864
1691699229000,0.6864,0.6864,0.6864
1691699230000,0.68638717,0.68638717,0.68638717
1691699231000,0.68639158,0.68639158,0.68639158
1691699232000,0.68639177,0.68639177,0.68639177
1691699233000,0.68639177,0.68639177,0.68639177
1691699234000,0.68639173,0.68639173,0.68639173
1691699235000,0.68639173,0.68639173,0.68639173
1691699236000,0.68639408,0.68639408,0.68639408
1691699237000,0.68639493,0.68639493,0.68639493
1691699238000,0.68639493,0.68639493,0.68639493
1691699239000,0.6863949,0.6863949,0.6863949
1691699240000,0.6863949,0.6863949,0.6863949
1691699241000,0.6863949,0.6863949,0.6863949
1691699242000,0.68639561,0.68639561,0.68639561
1691699243000,0.68634561,0.68634561,0.68634561
1691699244000,0.68634475,0.68634475,0.68634475
1691699245000,0.68635311,0.68635311,0.68635311
1691699246000,0.68635311,0.68635311,0.68635311
1691699247000,0.68635284,0.68635284,0.68635284
1691699248000,0.68635213,0.68635213,0.68635213
1691699249000,0.68635213,0.68635213,0.68635213
1691699250000,0.68635213,0.68635213,0.68635213
1691699251000,0.68635213,0.68635213,0.68635213
1691699252000,0.68635213,0.68635213,0.68635213
1691699253000,0.6863542,0.6863542,0.6863542
1691699254000,0.6863542,0.6863542,0.6863542
1691699255000,0.6863542,0.6863542,0.6863542
1691699256000,0.6864042,0.6864042,0.6864042
1691699257000,0.68635303,0.68635303,0.68635303
1691699258000,0.68635605,0.68635605,0.68635605
1691699259000,0.68635605,0.68635605,0.68635605
1691699260000,0.68635605,0.68635605,0.68635605
1691699261000,0.68635609,0.68635609,0.68635609
1691699262000,0.68635635,0.68635635,0.68635635
1691699263000,0.68635635,0.68635635,0.68635635
1691699264000,0.68635852,0.68635852,0.68635852
1691699265000,0.68640852,0.68640852,0.68640852
1691699266000,0.68640852,0.68640852,0.68640852
1691699267000,0.68640766,0.68640766,0.68640766
1691699268000,0.68640766,0.68640766,0.68640766
1691699269000,0.68640659,0.68640659,0.68640659
1691699270000,0.68640745,0.68640745,0.68640745
1691699271000,0.68640745,0.68640745,0.68640745
1691699272000,0.68640745,0.68640745,0.68640745
1691699273000,0.6864067,0.6864067,0.6864067
1691699274000,0.6864067,0.6864067,0.6864067
1691699275000,0.68640634,0.68640634,0.68640634
1691699276000,0.68640549,0.68640549,0.68640549
1691699277000,0.68640549,0.68640549,0.68640549
1691699278000,0.6862,0.6862,0.6862
1691699279000,0.6862,0.6862,0.6862
1691699280000,0.6862,0.6862,0.6862
1691699281000,0.6862,0.6862,0.6862
1691699282000,0.6862,0.6862,0.6862
1691699283000,0.68617684,0.68617684,0.68617684
1691699284000,0.68617684,0.68617684,0.68617684
1691699285000,0.6861777,0.6861777,0.6861777
1691699286000,0.68617687,0.68617687,0.68617687
1691699287000,0.68617687,0.68617687,0.68617687
1691699288000,0.6862,0.6862,0.6862
1691699289000,0.6862,0.6862,0.6862
1691699290000,0.6862,0.6862,0.6862
1691699291000,0.68617676,0.68617676,0.68617676
1691699292000,0.6861783,0.6861783,0.6861783
1691699293000,0.6862,0.6862,0.6862
1691699294000,0.68622908,0.68622908,0.68622908
1691699295000,0.68622905,0.68622905,0.68622905
1691699296000,0.68622819,0.68622819,0.68622819
1691699297000,0.68623001,0.68623001,0.68623001
1691699298000,0.68623086,0.68623086,0.68623086
1691699299000,0.68623086,0.68623086,0.68623086
1691699300000,0.68623086,0.68623086,0.68623086
1691699301000,0.68618086,0.68618086,0.68618086
1691699302000,0.6862,0.6862,0.6862
1691699303000,0.6862,0.6862,0.6862
1691699304000,0.6862,0.6862,0.6862
1691699305000,0.6862,0.6862,0.6862
1691699306000,0.6862,0.6862,0.6862
1691699307000,0.68623351,0.68623351,0.68623351
1691699308000,0.68623493,0.68623493,0.68623493
1691699309000,0.6862353,0.6862353,0.6862353
1691699310000,0.6862353,0.6862353,0.6862353
1691699311000,0.6862353,0.6862353,0.6862353
1691699312000,0.6862353,0.6862353,0.6862353
1691699313000,0.6862353,0.6862353,0.6862353
1691699314000,0.68623669,0.68623669,0.68623669
1691699315000,0.68623707,0.68623707,0.68623707
1691699316000,0.68623707,0.68623707,0.68623707
1691699317000,0.68623621,0.68623621,0.68623621
1691699318000,0.68623621,0.68623621,0.68623621
1691699319000,0.68622913,0.68622913,0.68622913
1691699320000,0.68622913,0.68622913,0.68622913
1691699321000,0.6862,0.6862,0.6862
1691699322000,0.6862,0.6862,0.6862
1691699323000,0.6862,0.6862,0.6862
1691699324000,0.6862,0.6862,0.6862
1691699325000,0.6862,0.6862,0.6862
1691699326000,0.6862,0.6862,0.6862
1691699327000,0.6862,0.6862,0.6862
1691699328000,0.6862,0.6862,0.6862
1691699329000,0.6862,0.6862,0.6862
1691699330000,0.6862,0.6862,0.6862
1691699331000,0.6862,0.6862,0.6862
1691699332000,0.6862,0.6862,0.6862
1691699333000,0.6862,0.6862,0.6862
1691699334000,0.6862,0.6862,0.6862
1691699335000,0.6862,0.6862,0.6862
1691699336000,0.6862,0.6862,0.6862
1691699337000,0.6862,0.6862,0.6862
1691699338000,0.6862,0.6862,0.6862
1691699339000,0.6862,0.6862,0.6862
1691699340000,0.6862,0.6862,0.6862
1691699341000,0.6862,0.6862,0.6862
1691699342000,0.6862,0.6862,0.6862
1691699343000,0.6862,0.6862,0.6862
1691699344000,0.6862,0.6862,0.6862
1691699345000,0.6862,0.6862,0.6862
1691699346000,0.6862,0.6862,0.6862
1691699347000,0.6862,0.6862,0.6862
1691699348000,0.68622249,0.68622249,0.68622249
1691699349000,0.68622249,0.68622249,0.68622249
1691699350000,0.68622257,0.68622257,0.68622257
1691699351000,0.68622257,0.68622257,0.68622257
1691699352000,0.68622026,0.68622026,0.68622026
1691699353000,0.68622026,0.68622026,0.68622026
1691699354000,0.6863,0.6863,0.6863
1691699355000,0.6863,0.6863,0.6863
1691699356000,0.6863,0.6863,0.6863
1691699357000,0.6862188,0.6862188,0.6862188
1691699358000,0.68621735,0.68621735,0.68621735
1691699359000,0.6863,0.6863,0.6863
1691699360000,0.6863,0.6863,0.6863
1691699361000,0.6863,0.6863,0.6863
1691699362000,0.6863,0.6863,0.6863
1691699363000,0.68621761,0.68621761,0.68621761
1691699364000,0.6863,0.6863,0.6863
1691699365000,0.6863,0.6863,0.6863
1691699366000,0.68621929,0.68621929,0.68621929
1691699367000,0.6863,0.6863,0.6863
1691699368000,0.68621932,0.68621932,0.68621932
1691699369000,0.68622124,0.68622124,0.68622124
1691699370000,0.68622047,0.68622047,0.68622047
1691699371000,0.6862205,0.6862205,0.6862205
1691699372000,0.68622136,0.68622136,0.68622136
1691699373000,0.68622132,0.68622132,0.68622132
1691699374000,0.6862205,0.6862205,0.6862205
1691699375000,0.68622247,0.68622247,0.68622247
1691699376000,0.68622247,0.68622247,0.68622247
1691699377000,0.68622247,0.68622247,0.68622247
1691699378000,0.68622247,0.68622247,0.68622247
1691699379000,0.68622247,0.68622247,0.68622247
1691699380000,0.68622506,0.68622506,0.68622506
1691699381000,0.68622506,0.68622506,0.68622506
1691699382000,0.68622506,0.68622506,0.68622506
1691699383000,0.68622503,0.68622503,0.68622503
1691699384000,0.68622503,0.68622503,0.68622503
1691699385000,0.68622503,0.68622503,0.68622503
1691699386000,0.68622382,0.68622382,0.68622382
1691699387000,0.68622382,0.68622382,0.68622382
1691699388000,0.68622382,0.68622382,0.68622382
1691699389000,0.686223,0.686223,0.686223
1691699390000,0.6862,0.6862,0.6862
1691699391000,0.6862,0.6862,0.6862
1691699392000,0.6862,0.6862,0.6862
1691699393000,0.6862,0.6862,0.6862
1691699394000,0.6862,0.6862,0.6862
1691699395000,0.6862,0.6862,0.6862
1691699396000,0.6862,0.6862,0.6862
1691699397000,0.6862,0.6862,0.6862
1691699398000,0.6862,0.6862,0.6862
1691699399000,0.6862,0.6862,0.6862
1691699400000,0.6862,0.6862,0.6862
1691699401000,0.6862,0.6862,0.6862
1691699402000,0.68623989,0.68623989,0.68623989
1691699403000,0.6863,0.6863,0.6863
1691699404000,0.6863,0.6863,0.6863
1691699405000,0.6863,0.6863,0.6863
1691699406000,0.68623955,0.68623955,0.68623955
1691699407000,0.68623955,0.68623955,0.68623955
1691699408000,0.68623512,0.68623512,0.68623512
1691699409000,0.68618512,0.68618512,0.68618512
1691699410000,0.68618512,0.68618512,0.68618512
1691699411000,0.6861846,0.6861846,0.6861846
1691699412000,0.68617685,0.68617685,0.68617685
1691699413000,0.68617316,0.68617316,0.68617316
1691699414000,0.68617316,0.68617316,0.68617316
1691699415000,0.68617316,0.68617316,0.68617316
1691699416000,0.68617316,0.68617316,0.68617316
1691699417000,0.68617316,0.68617316,0.68617316
1691699418000,0.68617316,0.68617316,0.68617316
1691699419000,0.68616963,0.68616963,0.68616963
1691699420000,0.68613959,0.68613959,0.68613959
1691699421000,0.68613959,0.68613959,0.68613959
1691699422000,0.68613959,0.68613959,0.68613959
1691699423000,0.68613959,0.68613959,0.68613959
1691699424000,0.68613642,0.68613642,0.68613642
1691699425000,0.68613642,0.68613642,0.68613642
1691699426000,0.6861356,0.6861356,0.6861356
1691699427000,0.6861356,0.6861356,0.6861356
1691699428000,0.68613557,0.68613557,0.68613557
1691699429000,0.6861356,0.6861356,0.6861356
1691699430000,0.68613239,0.68613239,0.68613239
1691699431000,0.68613325,0.68613325,0.68613325
1691699432000,0.68613325,0.68613325,0.68613325
1691699433000,0.68613325,0.68613325,0.68613325
1691699434000,0.68613325,0.68613325,0.68613325
1691699435000,0.68613009,0.68613009,0.68613009
1691699436000,0.68613009,0.68613009,0.68613009
1691699437000,0.68610674,0.68610674,0.68610674
1691699438000,0.68610674,0.68610674,0.68610674
1691699439000,0.68610674,0.68610674,0.68610674
1691699440000,0.68610674,0.68610674,0.68610674
1691699441000,0.68610163,0.68610163,0.68610163
1691699442000,0.68610166,0.68610166,0.68610166
1691699443000,0.68610166,0.68610166,0.68610166
1691699444000,0.68610163,0.68610163,0.68610163
1691699445000,0.68610166,0.68610166,0.68610166
1691699446000,0.6861,0.6861,0.6861
1691699447000,0.6861,0.6861,0.6861
1691699448000,0.6861,0.6861,0.6861
1691699449000,0.686098,0.686098,0.686098
1691699450000,0.686098,0.686098,0.686098
1691699451000,0.686098,0.686098,0.686098
1691699452000,0.68609606,0.68609606,0.68609606
1691699453000,0.68609606,0.68609606,0.68609606
1691699454000,0.68609606,0.68609606,0.68609606
1691699455000,0.68609606,0.68609606,0.68609606
1691699456000,0.68609602,0.68609602,0.68609602
1691699457000,0.68609482,0.68609482,0.68609482
1691699458000,0.6861,0.6861,0.6861
1691699459000,0.6861,0.6861,0.6861
1691699460000,0.68609482,0.68609482,0.68609482
1691699461000,0.68604571,0.68604571,0.68604571
1691699462000,0.6861,0.6861,0.6861
1691699463000,0.6861,0.6861,0.6861
1691699464000,0.6861,0.6861,0.6861
1691699465000,0.6861,0.6861,0.6861
1691699466000,0.6861,0.6861,0.6861
1691699467000,0.6861,0.6861,0.6861
1691699468000,0.6861,0.6861,0.6861
1691699469000,0.6861,0.6861,0.6861
1691699470000,0.6861,0.6861,0.6861
1691699471000,0.6861,0.6861,0.6861
1691699472000,0.6862,0.6862,0.6862
1691699473000,0.6862,0.6862,0.6862
1691699474000,0.6862,0.6862,0.6862
1691699475000,0.6862,0.6862,0.6862
1691699476000,0.6862,0.6862,0.6862
1691699477000,0.6862,0.6862,0.6862
1691699478000,0.6862,0.6862,0.6862
1691699479000,0.6862,0.6862,0.6862
1691699480000,0.6862,0.6862,0.6862
1691699481000,0.6862,0.6862,0.6862
1691699482000,0.6861,0.6861,0.6861
1691699483000,0.6861,0.6861,0.6861
1691699484000,0.6861,0.6861,0.6861
1691699485000,0.68610088,0.68610088,0.68610088
1691699486000,0.68610088,0.68610088,0.68610088
1691699487000,0.68610088,0.68610088,0.68610088
1691699488000,0.68610088,0.68610088,0.68610088
1691699489000,0.68610088,0.68610088,0.68610088
1691699490000,0.68610088,0.68610088,0.68610088
1691699491000,0.6861046,0.6861046,0.6861046
1691699492000,0.6862,0.6862,0.6862
1691699493000,0.6862,0.6862,0.6862
1691699494000,0.6862,0.6862,0.6862
1691699495000,0.6862,0.6862,0.6862
1691699496000,0.6862,0.6862,0.6862
1691699497000,0.6862,0.6862,0.6862
1691699498000,0.6861,0.6861,0.6861
1691699499000,0.6862,0.6862,0.6862
1691699500000,0.6862,0.6862,0.6862
1691699501000,0.6862,0.6862,0.6862
1691699502000,0.6862,0.6862,0.6862
1691699503000,0.6862,0.6862,0.6862
1691699504000,0.6862,0.6862,0.6862
1691699505000,0.6862,0.6862,0.6862
1691699506000,0.6862,0.6862,0.6862
1691699507000,0.6862,0.6862,0.6862
1691699508000,0.6862,0.6862,0.6862
1691699509000,0.68606211,0.68606211,0.68606211
1691699510000,0.68606211,0.68606211,0.68606211
1691699511000,0.68611207,0.68611207,0.68611207
1691699512000,0.68611293,0.68611293,0.68611293
1691699513000,0.68611198,0.68611198,0.68611198
1691699514000,0.68611201,0.68611201,0.68611201
1691699515000,0.68611283,0.68611283,0.68611283
1691699516000,0.68611283,0.68611283,0.68611283
1691699517000,0.68611283,0.68611283,0.68611283
1691699518000,0.68611198,0.68611198,0.68611198
1691699519000,0.68611198,0.68611198,0.68611198
1691699520000,0.68611202,0.68611202,0.68611202
1691699521000,0.68611116,0.68611116,0.68611116
1691699522000,0.68611116,0.68611116,0.68611116
1691699523000,0.68611202,0.68611202,0.68611202
1691699524000,0.68611113,0.68611113,0.68611113
1691699525000,0.68611113,0.68611113,0.68611113
1691699526000,0.68611113,0.68611113,0.68611113
1691699527000,0.68611113,0.68611113,0.68611113
1691699528000,0.68611113,0.68611113,0.68611113
1691699529000,0.68611026,0.68611026,0.68611026
1691699530000,0.68610944,0.68610944,0.68610944
1691699531000,0.68610941,0.68610941,0.68610941
1691699532000,0.68610941,0.68610941,0.68610941
1691699533000,0.68610941,0.68610941,0.68610941
1691699534000,0.68610941,0.68610941,0.68610941
1691699535000,0.68610925,0.68610925,0.68610925
1691699536000,0.68610925,0.68610925,0.68610925
1691699537000,0.68610804,0.68610804,0.68610804
1691699538000,0.68610889,0.68610889,0.68610889
1691699539000,0.68610886,0.68610886,0.68610886
1691699540000,0.68610874,0.68610874,0.68610874
1691699541000,0.68611,0.68611,0.68611
1691699542000,0.68605996,0.68605996,0.68605996
1691699543000,0.68605996,0.68605996,0.68605996
1691699544000,0.6860591,0.6860591,0.6860591
1691699545000,0.68605914,0.68605914,0.68605914
1691699546000,0.68605916,0.68605916,0.68605916
1691699547000,0.68610998,0.68610998,0.68610998
1691699548000,0.68610998,0.68610998,0.68610998
1691699549000,0.68610998,0.68610998,0.68610998
1691699550000,0.68605998,0.68605998,0.68605998
1691699551000,0.68605998,0.68605998,0.68605998
1691699552000,0.6861,0.6861,0.6861
1691699553000,0.6861,0.6861,0.6861
1691699554000,0.6861,0.6861,0.6861
1691699555000,0.6861,0.6861,0.6861
1691699556000,0.6861,0.6861,0.6861
1691699557000,0.6861,0.6861,0.6861
1691699558000,0.6861,0.6861,0.6861
1691699559000,0.6861,0.6861,0.6861
1691699560000,0.68596108,0.68596108,0.68596108
1691699561000,0.68579603,0.68579603,0.68579603
1691699562000,0.68575725,0.68575725,0.68575725
1691699563000,0.68575387,0.68575387,0.68575387
1691699564000,0.68575384,0.68575384,0.68575384
1691699565000,0.68575384,0.68575384,0.68575384
1691699566000,0.68574919,0.68574919,0.68574919
1691699567000,0.68576271,0.68576271,0.68576271
1691699568000,0.6858,0.6858,0.6858
1691699569000,0.6858,0.6858,0.6858
1691699570000,0.6858,0.6858,0.6858
1691699571000,0.68580135,0.68580135,0.68580135
1691699572000,0.68580206,0.68580206,0.68580206
1691699573000,0.68580206,0.68580206,0.68580206
1691699574000,0.6859,0.6859,0.6859
1691699575000,0.6859,0.6859,0.6859
1691699576000,0.6859,0.6859,0.6859
1691699577000,0.6859,0.6859,0.6859
1691699578000,0.68580153,0.68580153,0.68580153
1691699579000,0.68584171,0.68584171,0.68584171
1691699580000,0.68584171,0.68584171,0.68584171
1691699581000,0.68584302,0.68584302,0.68584302
1691699582000,0.68584302,0.68584302,0.68584302
1691699583000,0.68584305,0.68584305,0.68584305
1691699584000,0.68584379,0.68584379,0.68584379
1691699585000,0.68584441,0.68584441,0.68584441
1691699586000,0.68584467,0.68584467,0.68584467
1691699587000,0.68580119,0.68580119,0.68580119
1691699588000,0.68580045,0.68580045,0.68580045
1691699589000,0.68580045,0.68580045,0.68580045
1691699590000,0.68580177,0.68580177,0.68580177
1691699591000,0.68580177,0.68580177,0.68580177
1691699592000,0.68584525,0.68584525,0.68584525
1691699593000,0.68584525,0.68584525,0.68584525
1691699594000,0.68584525,0.68584525,0.68584525
1691699595000,0.68584525,0.68584525,0.68584525
1691699596000,0.68584791,0.68584791,0.68584791
1691699597000,0.68584791,0.68584791,0.68584791
1691699598000,0.68584791,0.68584791,0.68584791
1691699599000,0.6858472,0.6858472,0.6858472
1691699600000,0.6858472,0.6858472,0.6858472
1691699601000,0.6859,0.6859,0.6859
1691699602000,0.68584837,0.68584837,0.68584837
1691699603000,0.68584837,0.68584837,0.68584837
1691699604000,0.6859,0.6859,0.6859
1691699605000,0.6859,0.6859,0.6859
1691699606000,0.6859,0.6859,0.6859
1691699607000,0.6859,0.6859,0.6859
1691699608000,0.6859,0.6859,0.6859
1691699609000,0.68584842,0.68584842,0.68584842
1691699610000,0.6859,0.6859,0.6859
1691699611000,0.6859,0.6859,0.6859
1691699612000,0.6859,0.6859,0.6859
1691699613000,0.68584622,0.68584622,0.68584622
1691699614000,0.68584622,0.68584622,0.68584622
1691699615000,0.68584622,0.68584622,0.68584622
1691699616000,0.68588895,0.68588895,0.68588895
1691699617000,0.68585852,0.68585852,0.68585852
1691699618000,0.68585836,0.68585836,0.68585836
1691699619000,0.6858584,0.6858584,0.6858584
1691699620000,0.68590184,0.68590184,0.68590184
1691699621000,0.68590184,0.68590184,0.68590184
1691699622000,0.68590184,0.68590184,0.68590184
1691699623000,0.68590064,0.68590064,0.68590064
1691699624000,0.68590064,0.68590064,0.68590064
1691699625000,0.68587452,0.68587452,0.68587452
1691699626000,0.68587452,0.68587452,0.68587452
1691699627000,0.68584843,0.68584843,0.68584843
1691699628000,0.68584843,0.68584843,0.68584843
1691699629000,0.68584489,0.68584489,0.68584489
1691699630000,0.68584043,0.68584043,0.68584043
1691699631000,0.6858,0.6858,0.6858
1691699632000,0.6858,0.6858,0.6858
1691699633000,0.6858,0.6858,0.6858
1691699634000,0.68579319,0.68579319,0.68579319
1691699635000,0.68574033,0.68574033,0.68574033
1691699636000,0.68574033,0.68574033,0.68574033
1691699637000,0.68573498,0.68573498,0.68573498
1691699638000,0.68573498,0.68573498,0.68573498
1691699639000,0.68573424,0.68573424,0.68573424
1691699640000,0.68571162,0.68571162,0.68571162
1691699641000,0.68571159,0.68571159,0.68571159
1691699642000,0.68571162,0.68571162,0.68571162
1691699643000,0.68571162,0.68571162,0.68571162
1691699644000,0.68571162,0.68571162,0.68571162
1691699645000,0.68571134,0.68571134,0.68571134
1691699646000,0.68570696,0.68570696,0.68570696
1691699647000,0.68570696,0.68570696,0.68570696
1691699648000,0.68570696,0.68570696,0.68570696
1691699649000,0.68570699,0.68570699,0.68570699
1691699650000,0.68570699,0.68570699,0.68570699
1691699651000,0.68570494,0.68570494,0.68570494
1691699652000,0.68570497,0.68570497,0.68570497
1691699653000,0.68570494,0.68570494,0.68570494
1691699654000,0.68570494,0.68570494,0.68570494
1691699655000,0.68570494,0.68570494,0.68570494
1691699656000,0.68570494,0.68570494,0.68570494
1691699657000,0.68565966,0.68565966,0.68565966
1691699658000,0.6857,0.6857,0.6857
1691699659000,0.68565963,0.68565963,0.68565963
1691699660000,0.68565963,0.68565963,0.68565963
1691699661000,0.68565966,0.68565966,0.68565966
1691699662000,0.68565781,0.68565781,0.68565781
1691699663000,0.68565856,0.68565856,0.68565856
1691699664000,0.6857,0.6857,0.6857
1691699665000,0.6857,0.6857,0.6857
1691699666000,0.6857,0.6857,0.6857
1691699667000,0.68570204,0.68570204,0.68570204
1691699668000,0.68570093,0.68570093,0.68570093
1691699669000,0.68570093,0.68570093,0.68570093
1691699670000,0.68569956,0.68569956,0.68569956
1691699671000,0.68569932,0.68569932,0.68569932
1691699672000,0.6857,0.6857,0.6857
1691699673000,0.6857,0.6857,0.6857
1691699674000,0.6856975,0.6856975,0.6856975
1691699675000,0.6856975,0.6856975,0.6856975
1691699676000,0.6856975,0.6856975,0.6856975
1691699677000,0.6857,0.6857,0.6857
1691699678000,0.6857,0.6857,0.6857
1691699679000,0.68564724,0.68564724,0.68564724
1691699680000,0.685647,0.685647,0.685647
1691699681000,0.68564673,0.68564673,0.68564673
1691699682000,0.68564673,0.68564673,0.68564673
1691699683000,0.68564372,0.68564372,0.68564372
1691699684000,0.6856427,0.6856427,0.6856427
1691699685000,0.68564273,0.68564273,0.68564273
1691699686000,0.68564273,0.68564273,0.68564273
1691699687000,0.6856427,0.6856427,0.6856427
1691699688000,0.68564345,0.68564345,0.68564345
1691699689000,0.68564345,0.68564345,0.68564345
1691699690000,0.68564251,0.68564251,0.68564251
1691699691000,0.68564251,0.68564251,0.68564251
1691699692000,0.68564251,0.68564251,0.68564251
1691699693000,0.68564251,0.68564251,0.68564251
1691699694000,0.68564176,0.68564176,0.68564176
1691699695000,0.68563996,0.68563996,0.68563996
1691699696000,0.68563996,0.68563996,0.68563996
1691699697000,0.68563996,0.68563996,0.68563996
1691699698000,0.68563996,0.68563996,0.68563996
1691699699000,0.68564105,0.68564105,0.68564105
1691699700000,0.68564105,0.68564105,0.68564105
1691699701000,0.6856361,0.6856361,0.6856361
1691699702000,0.6856361,0.6856361,0.6856361
1691699703000,0.6856361,0.6856361,0.6856361
1691699704000,0.68563688,0.68563688,0.68563688
1691699705000,0.6856361,0.6856361,0.6856361
1691699706000,0.6856361,0.6856361,0.6856361
1691699707000,0.68563397,0.68563397,0.68563397
1691699708000,0.68563289,0.68563289,0.68563289
1691699709000,0.68563289,0.68563289,0.68563289
1691699710000,0.68563289,0.68563289,0.68563289
1691699711000,0.68558686,0.68558686,0.68558686
1691699712000,0.68558611,0.68558611,0.68558611
1691699713000,0.68558194,0.68558194,0.68558194
1691699714000,0.68558194,0.68558194,0.68558194
1691699715000,0.68558194,0.68558194,0.68558194
1691699716000,0.68558194,0.68558194,0.68558194
1691699717000,0.68556893,0.68556893,0.68556893
1691699718000,0.68556811,0.68556811,0.68556811
1691699719000,0.68553132,0.68553132,0.68553132
1691699720000,0.68553206,0.68553206,0.68553206
1691699721000,0.68553206,0.68553206,0.68553206
1691699722000,0.68553209,0.68553209,0.68553209
1691699723000,0.68553159,0.68553159,0.68553159
1691699724000,0.68553143,0.68553143,0.68553143
1691699725000,0.68553143,0.68553143,0.68553143
1691699726000,0.68553146,0.68553146,0.68553146
1691699727000,0.68553146,0.68553146,0.68553146
1691699728000,0.68553146,0.68553146,0.68553146
1691699729000,0.68553022,0.68553022,0.68553022
1691699730000,0.68553022,0.68553022,0.68553022
1691699731000,0.68554758,0.68554758,0.68554758
1691699732000,0.68554758,0.68554758,0.68554758
1691699733000,0.68554758,0.68554758,0.68554758
1691699734000,0.68558596,0.68558596,0.68558596
1691699735000,0.68558593,0.68558593,0.68558593
1691699736000,0.68558593,0.68558593,0.68558593
1691699737000,0.68558596,0.68558596,0.68558596
1691699738000,0.68554246,0.68554246,0.68554246
1691699739000,0.68554246,0.68554246,0.68554246
1691699740000,0.68554104,0.68554104,0.68554104
1691699741000,0.68554104,0.68554104,0.68554104
1691699742000,0.68554104,0.68554104,0.68554104
1691699743000,0.68554104,0.68554104,0.68554104
1691699744000,0.68554104,0.68554104,0.68554104
1691699745000,0.68558126,0.68558126,0.68558126
1691699746000,0.68558126,0.68558126,0.68558126
1691699747000,0.68558235,0.68558235,0.68558235
1691699748000,0.6855831,0.6855831,0.6855831
1691699749000,0.6855831,0.6855831,0.6855831
1691699750000,0.6855831,0.6855831,0.6855831
1691699751000,0.68558173,0.68558173,0.68558173
1691699752000,0.68558173,0.68558173,0.68558173
1691699753000,0.68558173,0.68558173,0.68558173
1691699754000,0.68553831,0.68553831,0.68553831
1691699755000,0.68558179,0.68558179,0.68558179
1691699756000,0.68557996,0.68557996,0.68557996
1691699757000,0.68557996,0.68557996,0.68557996
1691699758000,0.68557996,0.68557996,0.68557996
1691699759000,0.68557973,0.68557973,0.68557973
1691699760000,0.68557973,0.68557973,0.68557973
1691699761000,0.68557973,0.68557973,0.68557973
1691699762000,0.6858,0.6858,0.6858
1691699763000,0.6858,0.6858,0.6858
1691699764000,0.6858,0.6858,0.6858
1691699765000,0.6858,0.6858,0.6858
1691699766000,0.6857,0.6857,0.6857
1691699767000,0.6857,0.6857,0.6857
1691699768000,0.6857,0.6857,0.6857
1691699769000,0.6857,0.6857,0.6857
1691699770000,0.6857,0.6857,0.6857
1691699771000,0.6858,0.6858,0.6858
1691699772000,0.6857,0.6857,0.6857
1691699773000,0.6857,0.6857,0.6857
1691699774000,0.6857,0.6857,0.6857
1691699775000,0.6857,0.6857,0.6857
1691699776000,0.6857,0.6857,0.6857
1691699777000,0.6857,0.6857,0.6857
1691699778000,0.68568606,0.68568606,0.68568606
1691699779000,0.68568606,0.68568606,0.68568606
1691699780000,0.6857,0.6857,0.6857
1691699781000,0.68568681,0.68568681,0.68568681
1691699782000,0.68568678,0.68568678,0.68568678
1691699783000,0.6857,0.6857,0.6857
1691699784000,0.68568319,0.68568319,0.68568319
1691699785000,0.68568319,0.68568319,0.68568319
1691699786000,0.68568611,0.68568611,0.68568611
1691699787000,0.68568611,0.68568611,0.68568611
1691699788000,0.68568614,0.68568614,0.68568614
1691699789000,0.68568614,0.68568614,0.68568614
1691699790000,0.68568413,0.68568413,0.68568413
1691699791000,0.6856841,0.6856841,0.6856841
1691699792000,0.6856841,0.6856841,0.6856841
1691699793000,0.6856841,0.6856841,0.6856841
1691699794000,0.6856841,0.6856841,0.6856841
1691699795000,0.68568205,0.68568205,0.68568205
1691699796000,0.68568208,0.68568208,0.68568208
1691699797000,0.6856813,0.6856813,0.6856813
1691699798000,0.6856813,0.6856813,0.6856813
1691699799000,0.6856813,0.6856813,0.6856813
1691699800000,0.6856813,0.6856813,0.6856813
1691699801000,0.68563244,0.68563244,0.68563244
1691699802000,0.68563244,0.68563244,0.68563244
1691699803000,0.68563244,0.68563244,0.68563244
1691699804000,0.68563244,0.68563244,0.68563244
1691699805000,0.6857,0.6857,0.6857
1691699806000,0.6857,0.6857,0.6857
1691699807000,0.6857,0.6857,0.6857
1691699808000,0.68562985,0.68562985,0.68562985
1691699809000,0.68562982,0.68562982,0.68562982
1691699810000,0.6856,0.6856,0.6856
1691699811000,0.6856,0.6856,0.6856
1691699812000,0.68562849,0.68562849,0.68562849
1691699813000,0.68562852,0.68562852,0.68562852
1691699814000,0.68562849,0.68562849,0.68562849
1691699815000,0.68562849,0.68562849,0.68562849
1691699816000,0.68562849,0.68562849,0.68562849
1691699817000,0.68562716,0.68562716,0.68562716
1691699818000,0.68562644,0.68562644,0.68562644
1691699819000,0.6856,0.6856,0.6856
1691699820000,0.6856,0.6856,0.6856
1691699821000,0.6856,0.6856,0.6856
1691699822000,0.6856,0.6856,0.6856
1691699823000,0.6856,0.6856,0.6856
1691699824000,0.6856,0.6856,0.6856
1691699825000,0.68558307,0.68558307,0.68558307
1691699826000,0.68558307,0.68558307,0.68558307
1691699827000,0.68558307,0.68558307,0.68558307
1691699828000,0.68558247,0.68558247,0.68558247
1691699829000,0.68562523,0.68562523,0.68562523
1691699830000,0.68562595,0.68562595,0.68562595
1691699831000,0.68562595,0.68562595,0.68562595
1691699832000,0.68562595,0.68562595,0.68562595
1691699833000,0.68562598,0.68562598,0.68562598
1691699834000,0.6856246,0.6856246,0.6856246
1691699835000,0.68562243,0.68562243,0.68562243
1691699836000,0.68562243,0.68562243,0.68562243
1691699837000,0.68557895,0.68557895,0.68557895
1691699838000,0.68562168,0.68562168,0.68562168
1691699839000,0.68562168,0.68562168,0.68562168
1691699840000,0.68560733,0.68560733,0.68560733
1691699841000,0.68561385,0.68561385,0.68561385
1691699842000,0.68561385,0.68561385,0.68561385
1691699843000,0.68561385,0.68561385,0.68561385
1691699844000,0.6856146,0.6856146,0.6856146
1691699845000,0.68561277,0.68561277,0.68561277
1691699846000,0.68561277,0.68561277,0.68561277
1691699847000,0.68561277,0.68561277,0.68561277
1691699848000,0.68561277,0.68561277,0.68561277
1691699849000,0.68561277,0.68561277,0.68561277
1691699850000,0.68561274,0.68561274,0.68561274
1691699851000,0.68560971,0.68560971,0.68560971
1691699852000,0.68560971,0.68560971,0.68560971
1691699853000,0.68561046,0.68561046,0.68561046
1691699854000,0.68561046,0.68561046,0.68561046
1691699855000,0.68561046,0.68561046,0.68561046
1691699856000,0.68560841,0.68560841,0.68560841
1691699857000,0.68560841,0.68560841,0.68560841
1691699858000,0.68560844,0.68560844,0.68560844
1691699859000,0.68560841,0.68560841,0.68560841
1691699860000,0.68560841,0.68560841,0.68560841
1691699861000,0.68560844,0.68560844,0.68560844
1691699862000,0.68560877,0.68560877,0.68560877
1691699863000,0.68560877,0.68560877,0.68560877
1691699864000,0.68560877,0.68560877,0.68560877
1691699865000,0.68560877,0.68560877,0.68560877
1691699866000,0.68560877,0.68560877,0.68560877
1691699867000,0.68559089,0.68559089,0.68559089
1691699868000,0.68559089,0.68559089,0.68559089
1691699869000,0.68559089,0.68559089,0.68559089
1691699870000,0.68559086,0.68559086,0.68559086
1691699871000,0.68559086,0.68559086,0.68559086
1691699872000,0.68559089,0.68559089,0.68559089
1691699873000,0.68558681,0.68558681,0.68558681
1691699874000,0.68558678,0.68558678,0.68558678
1691699875000,0.6855433,0.6855433,0.6855433
1691699876000,0.6856,0.6856,0.6856
1691699877000,0.6856,0.6856,0.6856
1691699878000,0.6856,0.6856,0.6856
1691699879000,0.6856,0.6856,0.6856
1691699880000,0.6856,0.6856,0.6856
1691699881000,0.6856,0.6856,0.6856
1691699882000,0.6856,0.6856,0.6856
1691699883000,0.6856,0.6856,0.6856
1691699884000,0.68558256,0.68558256,0.68558256
1691699885000,0.68558256,0.68558256,0.68558256
1691699886000,0.68558259,0.68558259,0.68558259
1691699887000,0.6856,0.6856,0.6856
1691699888000,0.6856,0.6856,0.6856
1691699889000,0.6856,0.6856,0.6856
1691699890000,0.6856,0.6856,0.6856
1691699891000,0.6856,0.6856,0.6856
1691699892000,0.6856,0.6856,0.6856
1691699893000,0.6856,0.6856,0.6856
1691699894000,0.6856,0.6856,0.6856
1691699895000,0.6856,0.6856,0.6856
1691699896000,0.6856,0.6856,0.6856
1691699897000,0.6856,0.6856,0.6856
1691699898000,0.6856,0.6856,0.6856
1691699899000,0.6856,0.6856,0.6856
1691699900000,0.6856,0.6856,0.6856
1691699901000,0.68557538,0.68557538,0.68557538
1691699902000,0.68557113,0.68557113,0.68557113
1691699903000,0.68557123,0.68557123,0.68557123
1691699904000,0.68557123,0.68557123,0.68557123
1691699905000,0.68557123,0.68557123,0.68557123
1691699906000,0.68556756,0.68556756,0.68556756
1691699907000,0.68557408,0.68557408,0.68557408
1691699908000,0.6856,0.6856,0.6856
1691699909000,0.6856,0.6856,0.6856
1691699910000,0.6856,0.6856,0.6856
1691699911000,0.68557402,0.68557402,0.68557402
1691699912000,0.68557093,0.68557093,0.68557093
1691699913000,0.6856,0.6856,0.6856
1691699914000,0.6856,0.6856,0.6856
1691699915000,0.6856,0.6856,0.6856
1691699916000,0.6856,0.6856,0.6856
1691699917000,0.6856,0.6856,0.6856
1691699918000,0.68556965,0.68556965,0.68556965
1691699919000,0.6856,0.6856,0.6856
1691699920000,0.68556965,0.68556965,0.68556965
1691699921000,0.68556965,0.68556965,0.68556965
1691699922000,0.68556965,0.68556965,0.68556965
1691699923000,0.68556771,0.68556771,0.68556771
1691699924000,0.68556771,0.68556771,0.68556771
1691699925000,0.68556771,0.68556771,0.68556771
1691699926000,0.68556774,0.68556774,0.68556774
1691699927000,0.68556771,0.68556771,0.68556771
1691699928000,0.68556776,0.68556776,0.68556776
1691699929000,0.68556769,0.68556769,0.68556769
1691699930000,0.68556772,0.68556772,0.68556772
1691699931000,0.68556769,0.68556769,0.68556769
1691699932000,0.68556769,0.68556769,0.68556769
1691699933000,0.68556772,0.68556772,0.68556772
1691699934000,0.68556726,0.68556726,0.68556726
1691699935000,0.68556733,0.68556733,0.68556733
1691699936000,0.68556733,0.68556733,0.68556733
1691699937000,0.68556733,0.68556733,0.68556733
1691699938000,0.68555432,0.68555432,0.68555432
1691699939000,0.68546593,0.68546593,0.68546593
1691699940000,0.68546593,0.68546593,0.68546593
1691699941000,0.68546596,0.68546596,0.68546596
1691699942000,0.68546596,0.68546596,0.68546596
1691699943000,0.68546596,0.68546596,0.68546596
1691699944000,0.68546306,0.68546306,0.68546306
1691699945000,0.68546223,0.68546223,0.68546223
1691699946000,0.68546223,0.68546223,0.68546223
1691699947000,0.68546298,0.68546298,0.68546298
1691699948000,0.6855,0.6855,0.6855
1691699949000,0.6855,0.6855,0.6855
1691699950000,0.6855,0.6855,0.6855
1691699951000,0.6855,0.6855,0.6855
1691699952000,0.6855,0.6855,0.6855
1691699953000,0.6855,0.6855,0.6855
1691699954000,0.6855,0.6855,0.6855
1691699955000,0.6855,0.6855,0.6855
1691699956000,0.6855,0.6855,0.6855
1691699957000,0.6855,0.6855,0.6855
1691699958000,0.6855,0.6855,0.6855
1691699959000,0.6855,0.6855,0.6855
1691699960000,0.6855,0.6855,0.6855
1691699961000,0.6855,0.6855,0.6855
1691699962000,0.6855,0.6855,0.6855
1691699963000,0.6855,0.6855,0.6855
1691699964000,0.6855,0.6855,0.6855
1691699965000,0.6855,0.6855,0.6855
1691699966000,0.6855,0.6855,0.6855
1691699967000,0.6855,0.6855,0.6855
1691699968000,0.6855,0.6855,0.6855
1691699969000,0.6855,0.6855,0.6855
1691699970000,0.6855,0.6855,0.6855
1691699971000,0.6855,0.6855,0.6855
1691699972000,0.6855,0.6855,0.6855
1691699973000,0.6855,0.6855,0.6855
1691699974000,0.6855,0.6855,0.6855
1691699975000,0.6855,0.6855,0.6855
1691699976000,0.6854501,0.6854501,0.6854501
1691699977000,0.6854501,0.6854501,0.6854501
1691699978000,0.68544095,0.68544095,0.68544095
1691699979000,0.68543919,0.68543919,0.68543919
1691699980000,0.68543483,0.68543483,0.68543483
1691699981000,0.6854,0.6854,0.6854
1691699982000,0.6854,0.6854,0.6854
1691699983000,0.68534862,0.68534862,0.68534862
1691699984000,0.6854,0.6854,0.6854
1691699985000,0.6854,0.6854,0.6854
1691699986000,0.6854,0.6854,0.6854
1691699987000,0.6854,0.6854,0.6854
1691699988000,0.68533535,0.68533535,0.68533535
1691699989000,0.68533387,0.68533387,0.68533387
1691699990000,0.68533326,0.68533326,0.68533326
1691699991000,0.6853,0.6853,0.6853
1691699992000,0.6853,0.6853,0.6853
1691699993000,0.6853,0.6853,0.6853
1691699994000,0.6853,0.6853,0.6853
1691699995000,0.68533198,0.68533198,0.68533198
1691699996000,0.68533198,0.68533198,0.68533198
1691699997000,0.68533198,0.68533198,0.68533198
1691699998000,0.68533198,0.68533198,0.68533198
1691699999000,0.68533198,0.68533198,0.68533198
1691700000000,0.68533236,0.68533236,0.68533236
1691700001000,0.68527584,0.68527584,0.68527584
1691700002000,0.6853,0.6853,0.6853
1691700003000,0.68521137,0.68521137,0.68521137
1691700004000,0.68520845,0.68520845,0.68520845
1691700005000,0.68520845,0.68520845,0.68520845
1691700006000,0.6852,0.6852,0.6852
1691700007000,0.6852,0.6852,0.6852
1691700008000,0.6852,0.6852,0.6852
1691700009000,0.6852,0.6852,0.6852
1691700010000,0.6852,0.6852,0.6852
1691700011000,0.6852,0.6852,0.6852
1691700012000,0.6852,0.6852,0.6852
1691700013000,0.6852,0.6852,0.6852
1691700014000,0.6852,0.6852,0.6852
1691700015000,0.6852,0.6852,0.6852
1691700016000,0.6852,0.6852,0.6852
1691700017000,0.6852,0.6852,0.6852
1691700018000,0.6852,0.6852,0.6852
1691700019000,0.68516661,0.68516661,0.68516661
1691700020000,0.68516661,0.68516661,0.68516661
1691700021000,0.68516661,0.68516661,0.68516661
1691700022000,0.68516478,0.68516478,0.68516478
1691700023000,0.68516478,0.68516478,0.68516478
1691700024000,0.68516478,0.68516478,0.68516478
1691700025000,0.68516478,0.68516478,0.68516478
1691700026000,0.68516478,0.68516478,0.68516478
1691700027000,0.68516478,0.68516478,0.68516478
1691700028000,0.68516295,0.68516295,0.68516295
1691700029000,0.68516295,0.68516295,0.68516295
1691700030000,0.6851622,0.6851622,0.6851622
1691700031000,0.68516223,0.68516223,0.68516223
1691700032000,0.68516223,0.68516223,0.68516223
1691700033000,0.68511723,0.68511723,0.68511723
1691700034000,0.68511614,0.68511614,0.68511614
1691700035000,0.68511614,0.68511614,0.68511614
1691700036000,0.68511168,0.68511168,0.68511168
1691700037000,0.68509786,0.68509786,0.68509786
1691700038000,0.68509786,0.68509786,0.68509786
1691700039000,0.68509609,0.68509609,0.68509609
1691700040000,0.68505261,0.68505261,0.68505261
1691700041000,0.68505238,0.68505238,0.68505238
1691700042000,0.68505238,0.68505238,0.68505238
1691700043000,0.68505238,0.68505238,0.68505238
1691700044000,0.68504433,0.68504433,0.68504433
1691700045000,0.68504436,0.68504436,0.68504436
1691700046000,0.68504436,0.68504436,0.68504436
1691700047000,0.68504416,0.68504416,0.68504416
1691700048000,0.68504416,0.68504416,0.68504416
1691700049000,0.68504416,0.68504416,0.68504416
1691700050000,0.68504512,0.68504512,0.68504512
1691700051000,0.68504512,0.68504512,0.68504512
1691700052000,0.68504526,0.68504526,0.68504526
1691700053000,0.6851,0.6851,0.6851
1691700054000,0.6851,0.6851,0.6851
1691700055000,0.6851,0.6851,0.6851
1691700056000,0.6851,0.6851,0.6851
1691700057000,0.68504704,0.68504704,0.68504704
1691700058000,0.68504626,0.68504626,0.68504626
1691700059000,0.68500786,0.68500786,0.68500786
1691700060000,0.68500786,0.68500786,0.68500786
1691700061000,0.68505325,0.68505325,0.68505325
1691700062000,0.685,0.685,0.685
1691700063000,0.6851,0.6851,0.6851
1691700064000,0.6851,0.6851,0.6851
1691700065000,0.6851,0.6851,0.6851
1691700066000,0.6851,0.6851,0.6851
1691700067000,0.6851,0.6851,0.6851
1691700068000,0.6851,0.6851,0.6851
1691700069000,0.6851,0.6851,0.6851
1691700070000,0.6851,0.6851,0.6851
1691700071000,0.6851,0.6851,0.6851
1691700072000,0.6851,0.6851,0.6851
1691700073000,0.6851,0.6851,0.6851
1691700074000,0.6851,0.6851,0.6851
1691700075000,0.6851,0.6851,0.6851
1691700076000,0.6851,0.6851,0.6851
1691700077000,0.6851,0.6851,0.6851
1691700078000,0.685,0.685,0.685
1691700079000,0.685,0.685,0.685
1691700080000,0.6851,0.6851,0.6851
1691700081000,0.6851,0.6851,0.6851
1691700082000,0.6851,0.6851,0.6851
1691700083000,0.6851,0.6851,0.6851
1691700084000,0.6851,0.6851,0.6851
1691700085000,0.6851,0.6851,0.6851
1691700086000,0.685,0.685,0.685
1691700087000,0.685,0.685,0.685
1691700088000,0.685,0.685,0.685
1691700089000,0.685,0.685,0.685
1691700090000,0.685,0.685,0.685
1691700091000,0.685,0.685,0.685
1691700092000,0.685,0.685,0.685
1691700093000,0.685,0.685,0.685
1691700094000,0.685,0.685,0.685
1691700095000,0.685,0.685,0.685
1691700096000,0.6850113,0.6850113,0.6850113
1691700097000,0.6853,0.6853,0.6853
1691700098000,0.6853,0.6853,0.6853
1691700099000,0.6853,0.6853,0.6853
1691700100000,0.6853,0.6853,0.6853
1691700101000,0.6853,0.6853,0.6853
1691700102000,0.6853,0.6853,0.6853
1691700103000,0.6853,0.6853,0.6853
1691700104000,0.6852,0.6852,0.6852
1691700105000,0.6852,0.6852,0.6852
1691700106000,0.6852,0.6852,0.6852
1691700107000,0.6852,0.6852,0.6852
1691700108000,0.6852,0.6852,0.6852
1691700109000,0.6851,0.6851,0.6851
1691700110000,0.6851,0.6851,0.6851
1691700111000,0.68503019,0.68503019,0.68503019
1691700112000,0.6851,0.6851,0.6851
1691700113000,0.6851,0.6851,0.6851
1691700114000,0.6851,0.6851,0.6851
1691700115000,0.6851,0.6851,0.6851
1691700116000,0.6851,0.6851,0.6851
1691700117000,0.6851,0.6851,0.6851
1691700118000,0.6851,0.6851,0.6851
1691700119000,0.6851,0.6851,0.6851
1691700120000,0.68503229,0.68503229,0.68503229
1691700121000,0.68503229,0.68503229,0.68503229
1691700122000,0.68503161,0.68503161,0.68503161
1691700123000,0.68503161,0.68503161,0.68503161
1691700124000,0.68503164,0.68503164,0.68503164
1691700125000,0.68504661,0.68504661,0.68504661
1691700126000,0.68504661,0.68504661,0.68504661
1691700127000,0.6853,0.6853,0.6853
1691700128000,0.6853,0.6853,0.6853
1691700129000,0.6853,0.6853,0.6853
1691700130000,0.6853,0.6853,0.6853
1691700131000,0.6853,0.6853,0.6853
1691700132000,0.6853,0.6853,0.6853
1691700133000,0.6853,0.6853,0.6853
1691700134000,0.6853,0.6853,0.6853
1691700135000,0.6853,0.6853,0.6853
1691700136000,0.6853,0.6853,0.6853
1691700137000,0.6852,0.6852,0.6852
1691700138000,0.6852,0.6852,0.6852
1691700139000,0.6852,0.6852,0.6852
1691700140000,0.68510151,0.68510151,0.68510151
1691700141000,0.6851,0.6851,0.6851
1691700142000,0.6851,0.6851,0.6851
1691700143000,0.6851,0.6851,0.6851
1691700144000,0.6851,0.6851,0.6851
1691700145000,0.6851,0.6851,0.6851
1691700146000,0.6851,0.6851,0.6851
1691700147000,0.6851,0.6851,0.6851
1691700148000,0.6851,0.6851,0.6851
1691700149000,0.6851,0.6851,0.6851
1691700150000,0.6851,0.6851,0.6851
1691700151000,0.6851,0.6851,0.6851
1691700152000,0.6851,0.6851,0.6851
1691700153000,0.6851,0.6851,0.6851
1691700154000,0.6851,0.6851,0.6851
1691700155000,0.6851,0.6851,0.6851
1691700156000,0.6851,0.6851,0.6851
1691700157000,0.6851,0.6851,0.6851
1691700158000,0.6851,0.6851,0.6851
1691700159000,0.6851,0.6851,0.6851
1691700160000,0.6851,0.6851,0.6851
1691700161000,0.6851,0.6851,0.6851
1691700162000,0.6851,0.6851,0.6851
1691700163000,0.68504779,0.68504779,0.68504779
1691700164000,0.68504858,0.68504858,0.68504858
1691700165000,0.6851,0.6851,0.6851
1691700166000,0.68504929,0.68504929,0.68504929
1691700167000,0.68504929,0.68504929,0.68504929
1691700168000,0.68504847,0.68504847,0.68504847
1691700169000,0.68504847,0.68504847,0.68504847
1691700170000,0.68504844,0.68504844,0.68504844
1691700171000,0.68505594,0.68505594,0.68505594
1691700172000,0.6852,0.6852,0.6852
1691700173000,0.6852,0.6852,0.6852
1691700174000,0.6851,0.6851,0.6851
1691700175000,0.6851,0.6851,0.6851
1691700176000,0.6851,0.6851,0.6851
1691700177000,0.6852,0.6852,0.6852
1691700178000,0.6852,0.6852,0.6852
1691700179000,0.6852,0.6852,0.6852
1691700180000,0.6852,0.6852,0.6852
1691700181000,0.6852,0.6852,0.6852
1691700182000,0.6853,0.6853,0.6853
1691700183000,0.6853,0.6853,0.6853
1691700184000,0.6852,0.6852,0.6852
1691700185000,0.6852,0.6852,0.6852
1691700186000,0.6852,0.6852,0.6852
1691700187000,0.6852,0.6852,0.6852
1691700188000,0.6852,0.6852,0.6852
1691700189000,0.6852,0.6852,0.6852
1691700190000,0.6851,0.6851,0.6851
1691700191000,0.6851,0.6851,0.6851
1691700192000,0.6851,0.6851,0.6851
1691700193000,0.6851,0.6851,0.6851
1691700194000,0.6851,0.6851,0.6851
1691700195000,0.6851,0.6851,0.6851
1691700196000,0.6851,0.6851,0.6851
1691700197000,0.6851,0.6851,0.6851
1691700198000,0.6851,0.6851,0.6851
1691700199000,0.6852,0.6852,0.6852
1691700200000,0.6852,0.6852,0.6852
1691700201000,0.6852,0.6852,0.6852
1691700202000,0.6852,0.6852,0.6852
1691700203000,0.6851,0.6851,0.6851
1691700204000,0.6852,0.6852,0.6852
1691700205000,0.6852,0.6852,0.6852
1691700206000,0.6852,0.6852,0.6852
1691700207000,0.6852,0.6852,0.6852
1691700208000,0.6852,0.6852,0.6852
1691700209000,0.6852,0.6852,0.6852
1691700210000,0.6852,0.6852,0.6852
1691700211000,0.6852,0.6852,0.6852
1691700212000,0.6852,0.6852,0.6852
1691700213000,0.6852,0.6852,0.6852
1691700214000,0.6851,0.6851,0.6851
1691700215000,0.6851,0.6851,0.6851
1691700216000,0.6851,0.6851,0.6851
1691700217000,0.6851,0.6851,0.6851
1691700218000,0.6852,0.6852,0.6852
1691700219000,0.6852,0.6852,0.6852
1691700220000,0.6852,0.6852,0.6852
1691700221000,0.6852,0.6852,0.6852
1691700222000,0.6852,0.6852,0.6852
1691700223000,0.6853,0.6853,0.6853
1691700224000,0.6853,0.6853,0.6853
1691700225000,0.6853,0.6853,0.6853
1691700226000,0.6853,0.6853,0.6853
1691700227000,0.6853,0.6853,0.6853
1691700228000,0.6852,0.6852,0.6852
1691700229000,0.6853,0.6853,0.6853
1691700230000,0.6852,0.6852,0.6852
1691700231000,0.6852,0.6852,0.6852
1691700232000,0.6852,0.6852,0.6852
1691700233000,0.6852,0.6852,0.6852
1691700234000,0.6852,0.6852,0.6852
1691700235000,0.6852,0.6852,0.6852
1691700236000,0.6851,0.6851,0.6851
1691700237000,0.6851,0.6851,0.6851
1691700238000,0.6851,0.6851,0.6851
1691700239000,0.6851,0.6851,0.6851
1691700240000,0.6851,0.6851,0.6851
1691700241000,0.6851,0.6851,0.6851
1691700242000,0.6852,0.6852,0.6852
1691700243000,0.6852,0.6852,0.6852
1691700244000,0.6852,0.6852,0.6852
1691700245000,0.6851,0.6851,0.6851
1691700246000,0.6851,0.6851,0.6851
1691700247000,0.6852,0.6852,0.6852
1691700248000,0.6852,0.6852,0.6852
1691700249000,0.6852,0.6852,0.6852
1691700250000,0.6852,0.6852,0.6852
1691700251000,0.6852,0.6852,0.6852
1691700252000,0.6852,0.6852,0.6852
1691700253000,0.6852,0.6852,0.6852
1691700254000,0.6852,0.6852,0.6852
1691700255000,0.6852,0.6852,0.6852
1691700256000,0.6852,0.6852,0.6852
1691700257000,0.6852,0.6852,0.6852
1691700258000,0.6852,0.6852,0.6852
1691700259000,0.6852,0.6852,0.6852
1691700260000,0.6852,0.6852,0.6852
1691700261000,0.6853,0.6853,0.6853
1691700262000,0.6853,0.6853,0.6853
1691700263000,0.6853,0.6853,0.6853
1691700264000,0.6853,0.6853,0.6853
1691700265000,0.6853,0.6853,0.6853
1691700266000,0.6853,0.6853,0.6853
1691700267000,0.6853,0.6853,0.6853
1691700268000,0.6853,0.6853,0.6853
1691700269000,0.6853,0.6853,0.6853
1691700270000,0.6853,0.6853,0.6853
1691700271000,0.6853,0.6853,0.6853
1691700272000,0.6853,0.6853,0.6853
1691700273000,0.6853,0.6853,0.6853
1691700274000,0.6853,0.6853,0.6853
1691700275000,0.6853,0.6853,0.6853
1691700276000,0.6853,0.6853,0.6853
1691700277000,0.6853,0.6853,0.6853
1691700278000,0.6853,0.6853,0.6853
1691700279000,0.6852,0.6852,0.6852
1691700280000,0.6852,0.6852,0.6852
1691700281000,0.6852,0.6852,0.6852
1691700282000,0.6852,0.6852,0.6852
1691700283000,0.6852,0.6852,0.6852
1691700284000,0.6852,0.6852,0.6852
1691700285000,0.6852,0.6852,0.6852
1691700286000,0.6852,0.6852,0.6852
1691700287000,0.6851,0.6851,0.6851
1691700288000,0.68510615,0.68510615,0.68510615
1691700289000,0.68510615,0.68510615,0.68510615
1691700290000,0.6852,0.6852,0.6852
1691700291000,0.6852,0.6852,0.6852
1691700292000,0.6852,0.6852,0.6852
1691700293000,0.6852,0.6852,0.6852
1691700294000,0.6852,0.6852,0.6852
1691700295000,0.6852,0.6852,0.6852
1691700296000,0.6851579,0.6851579,0.6851579
1691700297000,0.6851579,0.6851579,0.6851579
1691700298000,0.68515693,0.68515693,0.68515693
1691700299000,0.68511358,0.68511358,0.68511358
1691700300000,0.6852,0.6852,0.6852
1691700301000,0.6852,0.6852,0.6852
1691700302000,0.6852,0.6852,0.6852
1691700303000,0.68511358,0.68511358,0.68511358
1691700304000,0.68511463,0.68511463,0.68511463
1691700305000,0.68511695,0.68511695,0.68511695
1691700306000,0.68511695,0.68511695,0.68511695
1691700307000,0.68511606,0.68511606,0.68511606
1691700308000,0.68511635,0.68511635,0.68511635
1691700309000,0.6851155,0.6851155,0.6851155
1691700310000,0.68511758,0.68511758,0.68511758
1691700311000,0.68511847,0.68511847,0.68511847
1691700312000,0.6852,0.6852,0.6852
1691700313000,0.6852,0.6852,0.6852
1691700314000,0.6852,0.6852,0.6852
1691700315000,0.6852,0.6852,0.6852
1691700316000,0.68512238,0.68512238,0.68512238
1691700317000,0.6853,0.6853,0.6853
1691700318000,0.6853,0.6853,0.6853
1691700319000,0.6852,0.6852,0.6852
1691700320000,0.6852,0.6852,0.6852
1691700321000,0.6852,0.6852,0.6852
1691700322000,0.6852,0.6852,0.6852
1691700323000,0.6852,0.6852,0.6852
1691700324000,0.6852,0.6852,0.6852
1691700325000,0.6852,0.6852,0.6852
1691700326000,0.6852,0.6852,0.6852
1691700327000,0.6852,0.6852,0.6852
1691700328000,0.6852,0.6852,0.6852
1691700329000,0.6852,0.6852,0.6852
1691700330000,0.6852,0.6852,0.6852
1691700331000,0.6852,0.6852,0.6852
1691700332000,0.6852,0.6852,0.6852
1691700333000,0.6852,0.6852,0.6852
1691700334000,0.6852,0.6852,0.6852
1691700335000,0.6852,0.6852,0.6852
1691700336000,0.6852,0.6852,0.6852
1691700337000,0.6852,0.6852,0.6852
1691700338000,0.6852,0.6852,0.6852
1691700339000,0.6852,0.6852,0.6852
1691700340000,0.6852,0.6852,0.6852
1691700341000,0.6852,0.6852,0.6852
1691700342000,0.6852,0.6852,0.6852
1691700343000,0.6852,0.6852,0.6852
1691700344000,0.6851,0.6851,0.6851
1691700345000,0.6851,0.6851,0.6851
1691700346000,0.6851,0.6851,0.6851
1691700347000,0.6851,0.6851,0.6851
1691700348000,0.6851,0.6851,0.6851
1691700349000,0.6851,0.6851,0.6851
1691700350000,0.6851,0.6851,0.6851
1691700351000,0.68509589,0.68509589,0.68509589
1691700352000,0.68509589,0.68509589,0.68509589
1691700353000,0.68509674,0.68509674,0.68509674
1691700354000,0.68509674,0.68509674,0.68509674
1691700355000,0.68509781,0.68509781,0.68509781
1691700356000,0.68509777,0.68509777,0.68509777
1691700357000,0.68509777,0.68509777,0.68509777
1691700358000,0.68509781,0.68509781,0.68509781
1691700359000,0.68509826,0.68509826,0.68509826
1691700360000,0.6850994,0.6850994,0.6850994
1691700361000,0.6850994,0.6850994,0.6850994
1691700362000,0.68509855,0.68509855,0.68509855
1691700363000,0.68509944,0.68509944,0.68509944
1691700364000,0.68509944,0.68509944,0.68509944
1691700365000,0.68509925,0.68509925,0.68509925
1691700366000,0.68510056,0.68510056,0.68510056
1691700367000,0.6850856,0.6850856,0.6850856
1691700368000,0.68508471,0.68508471,0.68508471
1691700369000,0.68508471,0.68508471,0.68508471
1691700370000,0.6851,0.6851,0.6851
1691700371000,0.6851,0.6851,0.6851
1691700372000,0.6851,0.6851,0.6851
1691700373000,0.6851,0.6851,0.6851
1691700374000,0.68507417,0.68507417,0.68507417
1691700375000,0.68507627,0.68507627,0.68507627
1691700376000,0.6851,0.6851,0.6851
1691700377000,0.6851,0.6851,0.6851
1691700378000,0.6851,0.6851,0.6851
1691700379000,0.6851,0.6851,0.6851
1691700380000,0.6851,0.6851,0.6851
1691700381000,0.68512469,0.68512469,0.68512469
1691700382000,0.68512487,0.68512487,0.68512487
1691700383000,0.68512555,0.68512555,0.68512555
1691700384000,0.68512536,0.68512536,0.68512536
1691700385000,0.68512533,0.68512533,0.68512533
1691700386000,0.68512533,0.68512533,0.68512533
1691700387000,0.68512533,0.68512533,0.68512533
1691700388000,0.68512467,0.68512467,0.68512467
1691700389000,0.68512467,0.68512467,0.68512467
1691700390000,0.68512444,0.68512444,0.68512444
1691700391000,0.68512444,0.68512444,0.68512444
1691700392000,0.68510941,0.68510941,0.68510941
1691700393000,0.68505291,0.68505291,0.68505291
1691700394000,0.68504541,0.68504541,0.68504541
1691700395000,0.6850372,0.6850372,0.6850372
1691700396000,0.6849872,0.6849872,0.6849872
1691700397000,0.68498717,0.68498717,0.68498717
1691700398000,0.6849872,0.6849872,0.6849872
1691700399000,0.68498462,0.68498462,0.68498462
1691700400000,0.68493938,0.68493938,0.68493938
1691700401000,0.68493938,0.68493938,0.68493938
1691700402000,0.68493938,0.68493938,0.68493938
1691700403000,0.68493938,0.68493938,0.68493938
1691700404000,0.68493688,0.68493688,0.68493688
1691700405000,0.68493688,0.68493688,0.68493688
1691700406000,0.68493624,0.68493624,0.68493624
1691700407000,0.6849371,0.6849371,0.6849371
1691700408000,0.6849371,0.6849371,0.6849371
1691700409000,0.6849371,0.6849371,0.6849371
1691700410000,0.68493608,0.68493608,0.68493608
1691700411000,0.68493608,0.68493608,0.68493608
1691700412000,0.68493608,0.68493608,0.68493608
1691700413000,0.68493608,0.68493608,0.68493608
1691700414000,0.68487612,0.68487612,0.68487612
1691700415000,0.6849,0.6849,0.6849
1691700416000,0.68487756,0.68487756,0.68487756
1691700417000,0.68487756,0.68487756,0.68487756
1691700418000,0.68487756,0.68487756,0.68487756
1691700419000,0.68487671,0.68487671,0.68487671
1691700420000,0.6849,0.6849,0.6849
1691700421000,0.6849,0.6849,0.6849
1691700422000,0.68483386,0.68483386,0.68483386
1691700423000,0.68483386,0.68483386,0.68483386
1691700424000,0.68483386,0.68483386,0.68483386
1691700425000,0.68483386,0.68483386,0.68483386
1691700426000,0.6849,0.6849,0.6849
1691700427000,0.6849,0.6849,0.6849
1691700428000,0.6849,0.6849,0.6849
1691700429000,0.6849,0.6849,0.6849
1691700430000,0.6849,0.6849,0.6849
1691700431000,0.6849,0.6849,0.6849
1691700432000,0.68482795,0.68482795,0.68482795
1691700433000,0.68482795,0.68482795,0.68482795
1691700434000,0.68482795,0.68482795,0.68482795
1691700435000,0.68482048,0.68482048,0.68482048
1691700436000,0.68482048,0.68482048,0.68482048
1691700437000,0.68473188,0.68473188,0.68473188
1691700438000,0.68472844,0.68472844,0.68472844
1691700439000,0.68472844,0.68472844,0.68472844
1691700440000,0.68472841,0.68472841,0.68472841
1691700441000,0.68472841,0.68472841,0.68472841
1691700442000,0.68473419,0.68473419,0.68473419
1691700443000,0.68473453,0.68473453,0.68473453
1691700444000,0.68473527,0.68473527,0.68473527
1691700445000,0.68473527,0.68473527,0.68473527
1691700446000,0.68473527,0.68473527,0.68473527
1691700447000,0.68473527,0.68473527,0.68473527
1691700448000,0.6847,0.6847,0.6847
1691700449000,0.68469203,0.68469203,0.68469203
1691700450000,0.68464781,0.68464781,0.68464781
1691700451000,0.68464781,0.68464781,0.68464781
1691700452000,0.68469132,0.68469132,0.68469132
1691700453000,0.68469203,0.68469203,0.68469203
1691700454000,0.68469205,0.68469205,0.68469205
1691700455000,0.68466596,0.68466596,0.68466596
1691700456000,0.68466596,0.68466596,0.68466596
1691700457000,0.68466596,0.68466596,0.68466596
1691700458000,0.68466596,0.68466596,0.68466596
1691700459000,0.68466596,0.68466596,0.68466596
1691700460000,0.68466555,0.68466555,0.68466555
1691700461000,0.68465947,0.68465947,0.68465947
1691700462000,0.68465944,0.68465944,0.68465944
1691700463000,0.68465944,0.68465944,0.68465944
1691700464000,0.68465944,0.68465944,0.68465944
1691700465000,0.68465913,0.68465913,0.68465913
1691700466000,0.68465987,0.68465987,0.68465987
1691700467000,0.68465987,0.68465987,0.68465987
1691700468000,0.68465804,0.68465804,0.68465804
1691700469000,0.68465804,0.68465804,0.68465804
1691700470000,0.68465804,0.68465804,0.68465804
1691700471000,0.68466098,0.68466098,0.68466098
1691700472000,0.6847,0.6847,0.6847
1691700473000,0.6847,0.6847,0.6847
1691700474000,0.6847,0.6847,0.6847
1691700475000,0.6847,0.6847,0.6847
1691700476000,0.6847,0.6847,0.6847
1691700477000,0.6847,0.6847,0.6847
1691700478000,0.68466188,0.68466188,0.68466188
1691700479000,0.68466191,0.68466191,0.68466191
1691700480000,0.68461918,0.68461918,0.68461918
1691700481000,0.68461918,0.68461918,0.68461918
1691700482000,0.6847,0.6847,0.6847
1691700483000,0.68466134,0.68466134,0.68466134
1691700484000,0.68466134,0.68466134,0.68466134
1691700485000,0.68466134,0.68466134,0.68466134
1691700486000,0.68466137,0.68466137,0.68466137
1691700487000,0.68466171,0.68466171,0.68466171
1691700488000,0.68466242,0.68466242,0.68466242
1691700489000,0.68466242,0.68466242,0.68466242
1691700490000,0.68466171,0.68466171,0.68466171
1691700491000,0.68466171,0.68466171,0.68466171
1691700492000,0.68466168,0.68466168,0.68466168
1691700493000,0.68466116,0.68466116,0.68466116
1691700494000,0.6847,0.6847,0.6847
1691700495000,0.68469955,0.68469955,0.68469955
1691700496000,0.68469955,0.68469955,0.68469955
1691700497000,0.68469955,0.68469955,0.68469955
1691700498000,0.68469955,0.68469955,0.68469955
1691700499000,0.68469842,0.68469842,0.68469842
1691700500000,0.68466006,0.68466006,0.68466006
1691700501000,0.68466003,0.68466003,0.68466003
1691700502000,0.68466003,0.68466003,0.68466003
1691700503000,0.6846608,0.6846608,0.6846608
1691700504000,0.68466033,0.68466033,0.68466033
1691700505000,0.68461683,0.68461683,0.68461683
1691700506000,0.68461683,0.68461683,0.68461683
1691700507000,0.68461683,0.68461683,0.68461683
1691700508000,0.68461611,0.68461611,0.68461611
1691700509000,0.68461611,0.68461611,0.68461611
1691700510000,0.6847,0.6847,0.6847
1691700511000,0.68461706,0.68461706,0.68461706
1691700512000,0.68461706,0.68461706,0.68461706
1691700513000,0.68461706,0.68461706,0.68461706
1691700514000,0.68461706,0.68461706,0.68461706
1691700515000,0.68461816,0.68461816,0.68461816
1691700516000,0.68461816,0.68461816,0.68461816
1691700517000,0.68461816,0.68461816,0.68461816
1691700518000,0.68461816,0.68461816,0.68461816
1691700519000,0.68461816,0.68461816,0.68461816
1691700520000,0.68461707,0.68461707,0.68461707
1691700521000,0.68461587,0.68461587,0.68461587
1691700522000,0.68461584,0.68461584,0.68461584
1691700523000,0.68461584,0.68461584,0.68461584
1691700524000,0.68461584,0.68461584,0.68461584
1691700525000,0.68460932,0.68460932,0.68460932
1691700526000,0.68460894,0.68460894,0.68460894
1691700527000,0.68460894,0.68460894,0.68460894
1691700528000,0.68460894,0.68460894,0.68460894
1691700529000,0.6847,0.6847,0.6847
1691700530000,0.6847,0.6847,0.6847
1691700531000,0.6847,0.6847,0.6847
1691700532000,0.6847,0.6847,0.6847
1691700533000,0.6847,0.6847,0.6847
1691700534000,0.6847,0.6847,0.6847
1691700535000,0.6847,0.6847,0.6847
1691700536000,0.6847,0.6847,0.6847
1691700537000,0.68461106,0.68461106,0.68461106
1691700538000,0.68461106,0.68461106,0.68461106
1691700539000,0.68461106,0.68461106,0.68461106
1691700540000,0.68461103,0.68461103,0.68461103
1691700541000,0.68461106,0.68461106,0.68461106
1691700542000,0.68461178,0.68461178,0.68461178
1691700543000,0.6847,0.6847,0.6847
1691700544000,0.6847,0.6847,0.6847
1691700545000,0.6847,0.6847,0.6847
1691700546000,0.6846,0.6846,0.6846
1691700547000,0.6846,0.6846,0.6846
1691700548000,0.68460002,0.68460002,0.68460002
1691700549000,0.68460002,0.68460002,0.68460002
1691700550000,0.6847,0.6847,0.6847
1691700551000,0.6847,0.6847,0.6847
1691700552000,0.6847,0.6847,0.6847
1691700553000,0.6847,0.6847,0.6847
1691700554000,0.6847,0.6847,0.6847
1691700555000,0.6847,0.6847,0.6847
1691700556000,0.6847,0.6847,0.6847
1691700557000,0.68465555,0.68465555,0.68465555
1691700558000,0.6847,0.6847,0.6847
1691700559000,0.6847,0.6847,0.6847
1691700560000,0.6847,0.6847,0.6847
1691700561000,0.68465355,0.68465355,0.68465355
1691700562000,0.68465355,0.68465355,0.68465355
1691700563000,0.68465355,0.68465355,0.68465355
1691700564000,0.6847,0.6847,0.6847
1691700565000,0.6847,0.6847,0.6847
1691700566000,0.68465152,0.68465152,0.68465152
1691700567000,0.68463847,0.68463847,0.68463847
1691700568000,0.6847,0.6847,0.6847
1691700569000,0.6847,0.6847,0.6847
1691700570000,0.6847,0.6847,0.6847
1691700571000,0.6846401,0.6846401,0.6846401
1691700572000,0.6846401,0.6846401,0.6846401
1691700573000,0.6846,0.6846,0.6846
1691700574000,0.6846,0.6846,0.6846
1691700575000,0.6846,0.6846,0.6846
1691700576000,0.6847,0.6847,0.6847
1691700577000,0.6847,0.6847,0.6847
1691700578000,0.6847,0.6847,0.6847
1691700579000,0.68463295,0.68463295,0.68463295
1691700580000,0.68463295,0.68463295,0.68463295
1691700581000,0.6846,0.6846,0.6846
1691700582000,0.6846,0.6846,0.6846
1691700583000,0.6846,0.6846,0.6846
1691700584000,0.6846,0.6846,0.6846
1691700585000,0.6846,0.6846,0.6846
1691700586000,0.6846,0.6846,0.6846
1691700587000,0.6846,0.6846,0.6846
1691700588000,0.6846,0.6846,0.6846
1691700589000,0.6846,0.6846,0.6846
1691700590000,0.6846,0.6846,0.6846
1691700591000,0.6846,0.6846,0.6846
1691700592000,0.6846,0.6846,0.6846
1691700593000,0.6846,0.6846,0.6846
1691700594000,0.6846,0.6846,0.6846
1691700595000,0.6846,0.6846,0.6846
1691700596000,0.6846,0.6846,0.6846
1691700597000,0.6846,0.6846,0.6846
1691700598000,0.6847,0.6847,0.6847
1691700599000,0.6847,0.6847,0.6847
1691700600000,0.6847,0.6847,0.6847
1691700601000,0.6847,0.6847,0.6847
1691700602000,0.68463397,0.68463397,0.68463397
1691700603000,0.68463394,0.68463394,0.68463394
1691700604000,0.68463409,0.68463409,0.68463409
1691700605000,0.68463409,0.68463409,0.68463409
1691700606000,0.68463409,0.68463409,0.68463409
1691700607000,0.68463409,0.68463409,0.68463409
1691700608000,0.68463409,0.68463409,0.68463409
1691700609000,0.68463425,0.68463425,0.68463425
1691700610000,0.6847,0.6847,0.6847
1691700611000,0.6847,0.6847,0.6847
1691700612000,0.68463425,0.68463425,0.68463425
1691700613000,0.68464077,0.68464077,0.68464077
1691700614000,0.6845973,0.6845973,0.6845973
1691700615000,0.6846,0.6846,0.6846
1691700616000,0.6846,0.6846,0.6846
1691700617000,0.68459747,0.68459747,0.68459747
1691700618000,0.68459747,0.68459747,0.68459747
1691700619000,0.6846,0.6846,0.6846
1691700620000,0.6846,0.6846,0.6846
1691700621000,0.6846,0.6846,0.6846
1691700622000,0.6846,0.6846,0.6846
1691700623000,0.6846,0.6846,0.6846
1691700624000,0.68459655,0.68459655,0.68459655
1691700625000,0.6846,0.6846,0.6846
1691700626000,0.6846,0.6846,0.6846
1691700627000,0.6846,0.6846,0.6846
1691700628000,0.68463379,0.68463379,0.68463379
1691700629000,0.68463376,0.68463376,0.68463376
1691700630000,0.68463299,0.68463299,0.68463299
1691700631000,0.68463299,0.68463299,0.68463299
1691700632000,0.68463052,0.68463052,0.68463052
1691700633000,0.68458704,0.68458704,0.68458704
1691700634000,0.68458704,0.68458704,0.68458704
1691700635000,0.6846,0.6846,0.6846
1691700636000,0.6846,0.6846,0.6846
1691700637000,0.68462681,0.68462681,0.68462681
1691700638000,0.68462681,0.68462681,0.68462681
1691700639000,0.68462681,0.68462681,0.68462681
1691700640000,0.68462681,0.68462681,0.68462681
1691700641000,0.68462684,0.68462684,0.68462684
1691700642000,0.68462684,0.68462684,0.68462684
1691700643000,0.68462363,0.68462363,0.68462363
1691700644000,0.68462289,0.68462289,0.68462289
1691700645000,0.68456637,0.68456637,0.68456637
1691700646000,0.68445006,0.68445006,0.68445006
1691700647000,0.68445006,0.68445006,0.68445006
1691700648000,0.68444646,0.68444646,0.68444646
1691700649000,0.68438923,0.68438923,0.68438923
1691700650000,0.6843726,0.6843726,0.6843726
1691700651000,0.6843726,0.6843726,0.6843726
1691700652000,0.68437334,0.68437334,0.68437334
1691700653000,0.68437337,0.68437337,0.68437337
1691700654000,0.68437163,0.68437163,0.68437163
1691700655000,0.68437085,0.68437085,0.68437085
1691700656000,0.68436433,0.68436433,0.68436433
1691700657000,0.68436433,0.68436433,0.68436433
1691700658000,0.68436436,0.68436436,0.68436436
1691700659000,0.68436262,0.68436262,0.68436262
1691700660000,0.68436262,0.68436262,0.68436262
1691700661000,0.68436262,0.68436262,0.68436262
1691700662000,0.68436371,0.68436371,0.68436371
1691700663000,0.68436371,0.68436371,0.68436371
1691700664000,0.68436443,0.68436443,0.68436443
1691700665000,0.68436447,0.68436447,0.68436447
1691700666000,0.68436373,0.68436373,0.68436373
1691700667000,0.68436373,0.68436373,0.68436373
1691700668000,0.6844,0.6844,0.6844
1691700669000,0.6844,0.6844,0.6844
1691700670000,0.6844,0.6844,0.6844
1691700671000,0.6844,0.6844,0.6844
1691700672000,0.6844,0.6844,0.6844
1691700673000,0.6844,0.6844,0.6844
1691700674000,0.6844,0.6844,0.6844
1691700675000,0.6844,0.6844,0.6844
1691700676000,0.6844,0.6844,0.6844
1691700677000,0.6844,0.6844,0.6844
1691700678000,0.6844,0.6844,0.6844
1691700679000,0.68440671,0.68440671,0.68440671
1691700680000,0.68440671,0.68440671,0.68440671
1691700681000,0.68440633,0.68440633,0.68440633
1691700682000,0.68440521,0.68440521,0.68440521
1691700683000,0.68440524,0.68440524,0.68440524
1691700684000,0.68440521,0.68440521,0.68440521
1691700685000,0.68440524,0.68440524,0.68440524
1691700686000,0.68440598,0.68440598,0.68440598
1691700687000,0.68440478,0.68440478,0.68440478
1691700688000,0.68440249,0.68440249,0.68440249
1691700689000,0.68440249,0.68440249,0.68440249
1691700690000,0.68440252,0.68440252,0.68440252
1691700691000,0.68440146,0.68440146,0.68440146
1691700692000,0.68440146,0.68440146,0.68440146
1691700693000,0.6843561,0.6843561,0.6843561
1691700694000,0.68435684,0.68435684,0.68435684
1691700695000,0.68435684,0.68435684,0.68435684
1691700696000,0.6843561,0.6843561,0.6843561
1691700697000,0.6843561,0.6843561,0.6843561
1691700698000,0.68431847,0.68431847,0.68431847
1691700699000,0.6843185,0.6843185,0.6843185
1691700700000,0.68431921,0.68431921,0.68431921
1691700701000,0.68431921,0.68431921,0.68431921
1691700702000,0.68431921,0.68431921,0.68431921
1691700703000,0.68431269,0.68431269,0.68431269
1691700704000,0.68431248,0.68431248,0.68431248
1691700705000,0.68431248,0.68431248,0.68431248
1691700706000,0.68434292,0.68434292,0.68434292
1691700707000,0.68434295,0.68434295,0.68434295
1691700708000,0.68434295,0.68434295,0.68434295
1691700709000,0.68434134,0.68434134,0.68434134
1691700710000,0.68434134,0.68434134,0.68434134
1691700711000,0.68434134,0.68434134,0.68434134
1691700712000,0.68434134,0.68434134,0.68434134
1691700713000,0.68434137,0.68434137,0.68434137
1691700714000,0.68434137,0.68434137,0.68434137
1691700715000,0.68434075,0.68434075,0.68434075
1691700716000,0.68434149,0.68434149,0.68434149
1691700717000,0.68434149,0.68434149,0.68434149
1691700718000,0.6842769,0.6842769,0.6842769
1691700719000,0.6842769,0.6842769,0.6842769
1691700720000,0.68427531,0.68427531,0.68427531
1691700721000,0.68427531,0.68427531,0.68427531
1691700722000,0.68427456,0.68427456,0.68427456
1691700723000,0.68427456,0.68427456,0.68427456
1691700724000,0.68427456,0.68427456,0.68427456
1691700725000,0.68427456,0.68427456,0.68427456
1691700726000,0.68427069,0.68427069,0.68427069
1691700727000,0.68427147,0.68427147,0.68427147
1691700728000,0.68427144,0.68427144,0.68427144
1691700729000,0.68422796,0.68422796,0.68422796
1691700730000,0.68422796,0.68422796,0.68422796
1691700731000,0.68422489,0.68422489,0.68422489
1691700732000,0.68422489,0.68422489,0.68422489
1691700733000,0.68422486,0.68422486,0.68422486
1691700734000,0.68422486,0.68422486,0.68422486
1691700735000,0.68422996,0.68422996,0.68422996
1691700736000,0.68421617,0.68421617,0.68421617
1691700737000,0.68421573,0.68421573,0.68421573
1691700738000,0.68421573,0.68421573,0.68421573
1691700739000,0.68417299,0.68417299,0.68417299
1691700740000,0.68415998,0.68415998,0.68415998
1691700741000,0.68415924,0.68415924,0.68415924
1691700742000,0.68420391,0.68420391,0.68420391
1691700743000,0.68420316,0.68420316,0.68420316
1691700744000,0.68420316,0.68420316,0.68420316
1691700745000,0.68420391,0.68420391,0.68420391
1691700746000,0.68420391,0.68420391,0.68420391
1691700747000,0.68420316,0.68420316,0.68420316
1691700748000,0.6840878,0.6840878,0.6840878
1691700749000,0.68408855,0.68408855,0.68408855
1691700750000,0.68408855,0.68408855,0.68408855
1691700751000,0.68408203,0.68408203,0.68408203
1691700752000,0.68408203,0.68408203,0.68408203
1691700753000,0.6840372,0.6840372,0.6840372
1691700754000,0.6840372,0.6840372,0.6840372
1691700755000,0.68404372,0.68404372,0.68404372
1691700756000,0.68404263,0.68404263,0.68404263
1691700757000,0.68404263,0.68404263,0.68404263
1691700758000,0.68404263,0.68404263,0.68404263
1691700759000,0.68395638,0.68395638,0.68395638
1691700760000,0.68399986,0.68399986,0.68399986
1691700761000,0.68399986,0.68399986,0.68399986
1691700762000,0.68399986,0.68399986,0.68399986
1691700763000,0.68399911,0.68399911,0.68399911
1691700764000,0.68399911,0.68399911,0.68399911
1691700765000,0.68397171,0.68397171,0.68397171
1691700766000,0.68396781,0.68396781,0.68396781
1691700767000,0.68396781,0.68396781,0.68396781
1691700768000,0.68396778,0.68396778,0.68396778
1691700769000,0.68396704,0.68396704,0.68396704
1691700770000,0.68396521,0.68396521,0.68396521
1691700771000,0.68396521,0.68396521,0.68396521
1691700772000,0.68396521,0.68396521,0.68396521
1691700773000,0.68396521,0.68396521,0.68396521
1691700774000,0.68396521,0.68396521,0.68396521
1691700775000,0.68392173,0.68392173,0.68392173
1691700776000,0.68391854,0.68391854,0.68391854
1691700777000,0.68391857,0.68391857,0.68391857
1691700778000,0.68391857,0.68391857,0.68391857
1691700779000,0.68391704,0.68391704,0.68391704
1691700780000,0.68391704,0.68391704,0.68391704
1691700781000,0.68391449,0.68391449,0.68391449
1691700782000,0.68391443,0.68391443,0.68391443
1691700783000,0.68391446,0.68391446,0.68391446
1691700784000,0.68391446,0.68391446,0.68391446
1691700785000,0.6842,0.6842,0.6842
1691700786000,0.6843,0.6843,0.6843
1691700787000,0.6843,0.6843,0.6843
1691700788000,0.6843,0.6843,0.6843
1691700789000,0.6843,0.6843,0.6843
1691700790000,0.6843,0.6843,0.6843
1691700791000,0.6843,0.6843,0.6843
1691700792000,0.6843,0.6843,0.6843
1691700793000,0.6843,0.6843,0.6843
1691700794000,0.6843,0.6843,0.6843
1691700795000,0.684229,0.684229,0.684229
1691700796000,0.68422903,0.68422903,0.68422903
1691700797000,0.68427248,0.68427248,0.68427248
1691700798000,0.68427359,0.68427359,0.68427359
1691700799000,0.68427359,0.68427359,0.68427359
1691700800000,0.6843,0.6843,0.6843
1691700801000,0.68427359,0.68427359,0.68427359
1691700802000,0.68427362,0.68427362,0.68427362
1691700803000,0.68427258,0.68427258,0.68427258
1691700804000,0.6843,0.6843,0.6843
1691700805000,0.6842,0.6842,0.6842
1691700806000,0.68418565,0.68418565,0.68418565
1691700807000,0.68418565,0.68418565,0.68418565
1691700808000,0.68418562,0.68418562,0.68418562
1691700809000,0.68418368,0.68418368,0.68418368
1691700810000,0.68418803,0.68418803,0.68418803
1691700811000,0.6841,0.6841,0.6841
1691700812000,0.6841,0.6841,0.6841
1691700813000,0.6841,0.6841,0.6841
1691700814000,0.6841,0.6841,0.6841
1691700815000,0.6841,0.6841,0.6841
1691700816000,0.6841,0.6841,0.6841
1691700817000,0.6841,0.6841,0.6841
1691700818000,0.6841,0.6841,0.6841
1691700819000,0.6841,0.6841,0.6841
1691700820000,0.6841,0.6841,0.6841
1691700821000,0.6841,0.6841,0.6841
1691700822000,0.6842,0.6842,0.6842
1691700823000,0.6842,0.6842,0.6842
1691700824000,0.6842,0.6842,0.6842
1691700825000,0.6842,0.6842,0.6842
1691700826000,0.6842,0.6842,0.6842
1691700827000,0.6841,0.6841,0.6841
1691700828000,0.6841,0.6841,0.6841
1691700829000,0.6841,0.6841,0.6841
1691700830000,0.6841,0.6841,0.6841
1691700831000,0.6841,0.6841,0.6841
1691700832000,0.6841,0.6841,0.6841
1691700833000,0.6842,0.6842,0.6842
1691700834000,0.6843,0.6843,0.6843
1691700835000,0.6843,0.6843,0.6843
1691700836000,0.6842,0.6842,0.6842
1691700837000,0.6842,0.6842,0.6842
1691700838000,0.6842,0.6842,0.6842
1691700839000,0.6843,0.6843,0.6843
1691700840000,0.6843,0.6843,0.6843
1691700841000,0.6843,0.6843,0.6843
1691700842000,0.6843,0.6843,0.6843
1691700843000,0.6842,0.6842,0.6842
1691700844000,0.6842,0.6842,0.6842
1691700845000,0.6842,0.6842,0.6842
1691700846000,0.6842,0.6842,0.6842
1691700847000,0.6842,0.6842,0.6842
1691700848000,0.6843,0.6843,0.6843
1691700849000,0.6843,0.6843,0.6843
1691700850000,0.6842,0.6842,0.6842
1691700851000,0.6842,0.6842,0.6842
1691700852000,0.6843,0.6843,0.6843
1691700853000,0.6842,0.6842,0.6842
1691700854000,0.6842,0.6842,0.6842
1691700855000,0.6842,0.6842,0.6842
1691700856000,0.6842,0.6842,0.6842
1691700857000,0.6842,0.6842,0.6842
1691700858000,0.6842,0.6842,0.6842
1691700859000,0.6842,0.6842,0.6842
1691700860000,0.6842,0.6842,0.6842
1691700861000,0.6842,0.6842,0.6842
1691700862000,0.6842,0.6842,0.6842
1691700863000,0.6842,0.6842,0.6842
1691700864000,0.6842,0.6842,0.6842
1691700865000,0.68420445,0.68420445,0.68420445
1691700866000,0.68420448,0.68420448,0.68420448
1691700867000,0.6842053,0.6842053,0.6842053
1691700868000,0.6842053,0.6842053,0.6842053
1691700869000,0.6842,0.6842,0.6842
1691700870000,0.6842,0.6842,0.6842
1691700871000,0.68420366,0.68420366,0.68420366
1691700872000,0.68420366,0.68420366,0.68420366
1691700873000,0.68420277,0.68420277,0.68420277
1691700874000,0.6845,0.6845,0.6845
1691700875000,0.6845,0.6845,0.6845
1691700876000,0.6844,0.6844,0.6844
1691700877000,0.6844,0.6844,0.6844
1691700878000,0.6844,0.6844,0.6844
1691700879000,0.6844,0.6844,0.6844
1691700880000,0.6844,0.6844,0.6844
1691700881000,0.6844,0.6844,0.6844
1691700882000,0.6846,0.6846,0.6846
1691700883000,0.6846,0.6846,0.6846
1691700884000,0.6846,0.6846,0.6846
1691700885000,0.6847,0.6847,0.6847
1691700886000,0.6846,0.6846,0.6846
1691700887000,0.6846,0.6846,0.6846
1691700888000,0.6846,0.6846,0.6846
1691700889000,0.6846,0.6846,0.6846
1691700890000,0.6846,0.6846,0.6846
1691700891000,0.6846,0.6846,0.6846
1691700892000,0.6847,0.6847,0.6847
1691700893000,0.6846,0.6846,0.6846
1691700894000,0.6846,0.6846,0.6846
1691700895000,0.6846,0.6846,0.6846
1691700896000,0.6847,0.6847,0.6847
1691700897000,0.6847,0.6847,0.6847
1691700898000,0.6847,0.6847,0.6847
1691700899000,0.6847,0.6847,0.6847
1691700900000,0.6847,0.6847,0.6847
1691700901000,0.6847,0.6847,0.6847
1691700902000,0.6846,0.6846,0.6846
1691700903000,0.6846,0.6846,0.6846
1691700904000,0.6845,0.6845,0.6845
1691700905000,0.6845,0.6845,0.6845
1691700906000,0.6845,0.6845,0.6845
1691700907000,0.6845,0.6845,0.6845
1691700908000,0.6844,0.6844,0.6844
1691700909000,0.6845,0.6845,0.6845
1691700910000,0.6845,0.6845,0.6845
1691700911000,0.6845,0.6845,0.6845
1691700912000,0.6845,0.6845,0.6845
1691700913000,0.6844,0.6844,0.6844
1691700914000,0.6844,0.6844,0.6844
1691700915000,0.6844,0.6844,0.6844
1691700916000,0.6844,0.6844,0.6844
1691700917000,0.6844,0.6844,0.6844
1691700918000,0.6843,0.6843,0.6843
1691700919000,0.68415027,0.68415027,0.68415027
1691700920000,0.6841512,0.6841512,0.6841512
1691700921000,0.6841512,0.6841512,0.6841512
1691700922000,0.6841,0.6841,0.6841
1691700923000,0.6841,0.6841,0.6841
1691700924000,0.6841,0.6841,0.6841
1691700925000,0.6841,0.6841,0.6841
1691700926000,0.6841,0.6841,0.6841
1691700927000,0.6841,0.6841,0.6841
1691700928000,0.6841,0.6841,0.6841
1691700929000,0.68406633,0.68406633,0.68406633
1691700930000,0.68406637,0.68406637,0.68406637
1691700931000,0.68406649,0.68406649,0.68406649
1691700932000,0.68406649,0.68406649,0.68406649
1691700933000,0.68406649,0.68406649,0.68406649
1691700934000,0.68406649,0.68406649,0.68406649
1691700935000,0.68406649,0.68406649,0.68406649
1691700936000,0.68406992,0.68406992,0.68406992
1691700937000,0.68406996,0.68406996,0.68406996
1691700938000,0.68407078,0.68407078,0.68407078
1691700939000,0.68407078,0.68407078,0.68407078
1691700940000,0.68407078,0.68407078,0.68407078
1691700941000,0.68407078,0.68407078,0.68407078
1691700942000,0.68406855,0.68406855,0.68406855
1691700943000,0.68406858,0.68406858,0.68406858
1691700944000,0.68406858,0.68406858,0.68406858
1691700945000,0.6841,0.6841,0.6841
1691700946000,0.6841,0.6841,0.6841
1691700947000,0.68406957,0.68406957,0.68406957
1691700948000,0.68406957,0.68406957,0.68406957
1691700949000,0.68401832,0.68401832,0.68401832
1691700950000,0.68401832,0.68401832,0.68401832
1691700951000,0.68401832,0.68401832,0.68401832
1691700952000,0.68402418,0.68402418,0.68402418
1691700953000,0.68402622,0.68402622,0.68402622
1691700954000,0.68402622,0.68402622,0.68402622
1691700955000,0.6841,0.6841,0.6841
1691700956000,0.6841,0.6841,0.6841
1691700957000,0.6841,0.6841,0.6841
1691700958000,0.6841,0.6841,0.6841
1691700959000,0.684,0.684,0.684
1691700960000,0.68402898,0.68402898,0.68402898
1691700961000,0.68402902,0.68402902,0.68402902
1691700962000,0.68402902,0.68402902,0.68402902
1691700963000,0.684,0.684,0.684
1691700964000,0.684,0.684,0.684
1691700965000,0.684,0.684,0.684
1691700966000,0.684,0.684,0.684
1691700967000,0.684,0.684,0.684
1691700968000,0.684,0.684,0.684
1691700969000,0.6841,0.6841,0.6841
1691700970000,0.6841,0.6841,0.6841
1691700971000,0.6841,0.6841,0.6841
1691700972000,0.6841,0.6841,0.6841
1691700973000,0.6841,0.6841,0.6841
1691700974000,0.6841,0.6841,0.6841
1691700975000,0.68403118,0.68403118,0.68403118
1691700976000,0.68403033,0.68403033,0.68403033
1691700977000,0.6841,0.6841,0.6841
1691700978000,0.68403115,0.68403115,0.68403115
1691700979000,0.68402372,0.68402372,0.68402372
1691700980000,0.68402372,0.68402372,0.68402372
1691700981000,0.68402365,0.68402365,0.68402365
1691700982000,0.68402365,0.68402365,0.68402365
1691700983000,0.68402454,0.68402454,0.68402454
1691700984000,0.6840245,0.6840245,0.6840245
1691700985000,0.6840245,0.6840245,0.6840245
1691700986000,0.68402382,0.68402382,0.68402382
1691700987000,0.68402382,0.68402382,0.68402382
1691700988000,0.68402055,0.68402055,0.68402055
1691700989000,0.68402055,0.68402055,0.68402055
1691700990000,0.68401223,0.68401223,0.68401223
1691700991000,0.6840122,0.6840122,0.6840122
1691700992000,0.6840138,0.6840138,0.6840138
1691700993000,0.6840138,0.6840138,0.6840138
1691700994000,0.68401384,0.68401384,0.68401384
1691700995000,0.6840138,0.6840138,0.6840138
1691700996000,0.6840138,0.6840138,0.6840138
1691700997000,0.68401593,0.68401593,0.68401593
1691700998000,0.68401589,0.68401589,0.68401589
1691700999000,0.68401589,0.68401589,0.68401589
1691701000000,0.6841,0.6841,0.6841
1691701001000,0.6841,0.6841,0.6841
1691701002000,0.6841,0.6841,0.6841
1691701003000,0.6841,0.6841,0.6841
1691701004000,0.684,0.684,0.684
1691701005000,0.684,0.684,0.684
1691701006000,0.6841,0.6841,0.6841
1691701007000,0.6841,0.6841,0.6841
1691701008000,0.68401948,0.68401948,0.68401948
1691701009000,0.6841,0.6841,0.6841
1691701010000,0.68401948,0.68401948,0.68401948
1691701011000,0.68401944,0.68401944,0.68401944
1691701012000,0.68401944,0.68401944,0.68401944
1691701013000,0.68401944,0.68401944,0.68401944
1691701014000,0.68401966,0.68401966,0.68401966
1691701015000,0.68401963,0.68401963,0.68401963
1691701016000,0.68401963,0.68401963,0.68401963
1691701017000,0.68401963,0.68401963,0.68401963
1691701018000,0.68401963,0.68401963,0.68401963
1691701019000,0.68401235,0.68401235,0.68401235
1691701020000,0.68401235,0.68401235,0.68401235
1691701021000,0.6841,0.6841,0.6841
1691701022000,0.6841,0.6841,0.6841
1691701023000,0.6841,0.6841,0.6841
1691701024000,0.68401232,0.68401232,0.68401232
1691701025000,0.6841,0.6841,0.6841
1691701026000,0.6841,0.6841,0.6841
1691701027000,0.6841,0.6841,0.6841
1691701028000,0.6841,0.6841,0.6841
1691701029000,0.6841,0.6841,0.6841
1691701030000,0.6841,0.6841,0.6841
1691701031000,0.6841,0.6841,0.6841
1691701032000,0.68401879,0.68401879,0.68401879
1691701033000,0.68401879,0.68401879,0.68401879
1691701034000,0.6841,0.6841,0.6841
1691701035000,0.6841,0.6841,0.6841
1691701036000,0.68402078,0.68402078,0.68402078
1691701037000,0.68402163,0.68402163,0.68402163
1691701038000,0.68402163,0.68402163,0.68402163
1691701039000,0.68402075,0.68402075,0.68402075
1691701040000,0.68402075,0.68402075,0.68402075
1691701041000,0.6840216,0.6840216,0.6840216
1691701042000,0.68402285,0.68402285,0.68402285
1691701043000,0.68402285,0.68402285,0.68402285
1691701044000,0.68402285,0.68402285,0.68402285
1691701045000,0.68402285,0.68402285,0.68402285
1691701046000,0.68402203,0.68402203,0.68402203
1691701047000,0.68402187,0.68402187,0.68402187
1691701048000,0.68402187,0.68402187,0.68402187
1691701049000,0.68402187,0.68402187,0.68402187
1691701050000,0.68402184,0.68402184,0.68402184
1691701051000,0.68402184,0.68402184,0.68402184
1691701052000,0.68402184,0.68402184,0.68402184
1691701053000,0.68402309,0.68402309,0.68402309
1691701054000,0.68402309,0.68402309,0.68402309
1691701055000,0.68402312,0.68402312,0.68402312
1691701056000,0.68402309,0.68402309,0.68402309
1691701057000,0.68402309,0.68402309,0.68402309
1691701058000,0.68402362,0.68402362,0.68402362
1691701059000,0.68402365,0.68402365,0.68402365
1691701060000,0.68402365,0.68402365,0.68402365
1691701061000,0.68402365,0.68402365,0.68402365
1691701062000,0.68402365,0.68402365,0.68402365
1691701063000,0.68402447,0.68402447,0.68402447
1691701064000,0.68402594,0.68402594,0.68402594
1691701065000,0.68397469,0.68397469,0.68397469
1691701066000,0.68397469,0.68397469,0.68397469
1691701067000,0.68392622,0.68392622,0.68392622
1691701068000,0.68392619,0.68392619,0.68392619
1691701069000,0.68391809,0.68391809,0.68391809
1691701070000,0.68385806,0.68385806,0.68385806
1691701071000,0.68379867,0.68379867,0.68379867
1691701072000,0.68374867,0.68374867,0.68374867
1691701073000,0.68374867,0.68374867,0.68374867
1691701074000,0.68374867,0.68374867,0.68374867
1691701075000,0.68374738,0.68374738,0.68374738
1691701076000,0.68374074,0.68374074,0.68374074
1691701077000,0.68374074,0.68374074,0.68374074
1691701078000,0.68374077,0.68374077,0.68374077
1691701079000,0.68374074,0.68374074,0.68374074
1691701080000,0.68379055,0.68379055,0.68379055
1691701081000,0.6837897,0.6837897,0.6837897
1691701082000,0.6837897,0.6837897,0.6837897
1691701083000,0.68378973,0.68378973,0.68378973
1691701084000,0.68378973,0.68378973,0.68378973
1691701085000,0.68378973,0.68378973,0.68378973
1691701086000,0.68376078,0.68376078,0.68376078
1691701087000,0.68376078,0.68376078,0.68376078
1691701088000,0.6837173,0.6837173,0.6837173
1691701089000,0.68367817,0.68367817,0.68367817
1691701090000,0.68367817,0.68367817,0.68367817
1691701091000,0.6836,0.6836,0.6836
1691701092000,0.68353689,0.68353689,0.68353689
1691701093000,0.68348468,0.68348468,0.68348468
1691701094000,0.68352816,0.68352816,0.68352816
1691701095000,0.68352164,0.68352164,0.68352164
1691701096000,0.68352164,0.68352164,0.68352164
1691701097000,0.68351782,0.68351782,0.68351782
1691701098000,0.68351782,0.68351782,0.68351782
1691701099000,0.6835613,0.6835613,0.6835613
1691701100000,0.6835613,0.6835613,0.6835613
1691701101000,0.68356133,0.68356133,0.68356133
1691701102000,0.68356133,0.68356133,0.68356133
1691701103000,0.68355991,0.68355991,0.68355991
1691701104000,0.6835164,0.6835164,0.6835164
1691701105000,0.6835164,0.6835164,0.6835164
1691701106000,0.68352078,0.68352078,0.68352078
1691701107000,0.68352149,0.68352149,0.68352149
1691701108000,0.68352101,0.68352101,0.68352101
1691701109000,0.68352101,0.68352101,0.68352101
1691701110000,0.68350797,0.68350797,0.68350797
1691701111000,0.68350797,0.68350797,0.68350797
1691701112000,0.683508,0.683508,0.683508
1691701113000,0.68350797,0.68350797,0.68350797
1691701114000,0.68350773,0.68350773,0.68350773
1691701115000,0.68350773,0.68350773,0.68350773
1691701116000,0.68350773,0.68350773,0.68350773
1691701117000,0.68350698,0.68350698,0.68350698
1691701118000,0.68346425,0.68346425,0.68346425
1691701119000,0.6834621,0.6834621,0.6834621
1691701120000,0.68346133,0.68346133,0.68346133
1691701121000,0.68346133,0.68346133,0.68346133
1691701122000,0.68346133,0.68346133,0.68346133
1691701123000,0.68346207,0.68346207,0.68346207
1691701124000,0.68346207,0.68346207,0.68346207
1691701125000,0.68346068,0.68346068,0.68346068
1691701126000,0.68346068,0.68346068,0.68346068
1691701127000,0.6835,0.6835,0.6835
1691701128000,0.6835,0.6835,0.6835
1691701129000,0.6835,0.6835,0.6835
1691701130000,0.6835,0.6835,0.6835
1691701131000,0.6835,0.6835,0.6835
1691701132000,0.68350253,0.68350253,0.68350253
1691701133000,0.6835,0.6835,0.6835
1691701134000,0.68353945,0.68353945,0.68353945
1691701135000,0.68353945,0.68353945,0.68353945
1691701136000,0.68353663,0.68353663,0.68353663
1691701137000,0.68353663,0.68353663,0.68353663
1691701138000,0.68353663,0.68353663,0.68353663
1691701139000,0.68353663,0.68353663,0.68353663
1691701140000,0.68353663,0.68353663,0.68353663
1691701141000,0.68353298,0.68353298,0.68353298
1691701142000,0.68353301,0.68353301,0.68353301
1691701143000,0.68353301,0.68353301,0.68353301
1691701144000,0.68353301,0.68353301,0.68353301
1691701145000,0.68353301,0.68353301,0.68353301
1691701146000,0.68353301,0.68353301,0.68353301
1691701147000,0.68353138,0.68353138,0.68353138
1691701148000,0.68353138,0.68353138,0.68353138
1691701149000,0.6835,0.6835,0.6835
1691701150000,0.6836,0.6836,0.6836
1691701151000,0.6835,0.6835,0.6835
1691701152000,0.6836,0.6836,0.6836
1691701153000,0.6836,0.6836,0.6836
1691701154000,0.6836,0.6836,0.6836
1691701155000,0.6836,0.6836,0.6836
1691701156000,0.68352978,0.68352978,0.68352978
1691701157000,0.68352981,0.68352981,0.68352981
1691701158000,0.68352866,0.68352866,0.68352866
1691701159000,0.68352863,0.68352863,0.68352863
1691701160000,0.6836,0.6836,0.6836
1691701161000,0.6837,0.6837,0.6837
1691701162000,0.6837,0.6837,0.6837
1691701163000,0.6837,0.6837,0.6837
1691701164000,0.6837,0.6837,0.6837
1691701165000,0.6837,0.6837,0.6837
1691701166000,0.6837,0.6837,0.6837
1691701167000,0.6838,0.6838,0.6838
1691701168000,0.6838,0.6838,0.6838
1691701169000,0.68361423,0.68361423,0.68361423
1691701170000,0.6836,0.6836,0.6836
1691701171000,0.6836,0.6836,0.6836
1691701172000,0.6836,0.6836,0.6836
1691701173000,0.6836,0.6836,0.6836
1691701174000,0.6836,0.6836,0.6836
1691701175000,0.6836,0.6836,0.6836
1691701176000,0.68360829,0.68360829,0.68360829
1691701177000,0.6838,0.6838,0.6838
1691701178000,0.6838,0.6838,0.6838
1691701179000,0.6837,0.6837,0.6837
1691701180000,0.6837,0.6837,0.6837
1691701181000,0.6837,0.6837,0.6837
1691701182000,0.6837,0.6837,0.6837
1691701183000,0.6837,0.6837,0.6837
1691701184000,0.6837,0.6837,0.6837
1691701185000,0.6837,0.6837,0.6837
1691701186000,0.6837,0.6837,0.6837
1691701187000,0.6837,0.6837,0.6837
1691701188000,0.6837,0.6837,0.6837
1691701189000,0.6837,0.6837,0.6837
1691701190000,0.6837,0.6837,0.6837
1691701191000,0.6837,0.6837,0.6837
1691701192000,0.6837,0.6837,0.6837
1691701193000,0.6837,0.6837,0.6837
1691701194000,0.6838,0.6838,0.6838
1691701195000,0.6837,0.6837,0.6837
1691701196000,0.6837,0.6837,0.6837
1691701197000,0.6837,0.6837,0.6837
1691701198000,0.6837,0.6837,0.6837
1691701199000,0.6837,0.6837,0.6837
1691701200000,0.6837,0.6837,0.6837
1691701201000,0.6837,0.6837,0.6837
1691701202000,0.6837,0.6837,0.6837
1691701203000,0.6838,0.6838,0.6838
1691701204000,0.6838,0.6838,0.6838
1691701205000,0.6838,0.6838,0.6838
1691701206000,0.6838,0.6838,0.6838
1691701207000,0.6838,0.6838,0.6838
1691701208000,0.6837,0.6837,0.6837
1691701209000,0.6838,0.6838,0.6838
1691701210000,0.6837,0.6837,0.6837
1691701211000,0.6837,0.6837,0.6837
1691701212000,0.6837,0.6837,0.6837
1691701213000,0.6837,0.6837,0.6837
1691701214000,0.6837,0.6837,0.6837
1691701215000,0.6837,0.6837,0.6837
1691701216000,0.68368137,0.68368137,0.68368137
1691701217000,0.68363643,0.68363643,0.68363643
1691701218000,0.68363646,0.68363646,0.68363646
1691701219000,0.68363564,0.68363564,0.68363564
1691701220000,0.68363635,0.68363635,0.68363635
1691701221000,0.68363545,0.68363545,0.68363545
1691701222000,0.68363619,0.68363619,0.68363619
1691701223000,0.68363619,0.68363619,0.68363619
1691701224000,0.68363619,0.68363619,0.68363619
1691701225000,0.68363626,0.68363626,0.68363626
1691701226000,0.68363626,0.68363626,0.68363626
1691701227000,0.6837,0.6837,0.6837
1691701228000,0.6837,0.6837,0.6837
1691701229000,0.68367471,0.68367471,0.68367471
1691701230000,0.68367539,0.68367539,0.68367539
1691701231000,0.68367516,0.68367516,0.68367516
1691701232000,0.6837,0.6837,0.6837
1691701233000,0.68367516,0.68367516,0.68367516
1691701234000,0.6837,0.6837,0.6837
1691701235000,0.6837,0.6837,0.6837
1691701236000,0.6837,0.6837,0.6837
1691701237000,0.68368324,0.68368324,0.68368324
1691701238000,0.68363977,0.68363977,0.68363977
1691701239000,0.68363977,0.68363977,0.68363977
1691701240000,0.68363822,0.68363822,0.68363822
1691701241000,0.68364042,0.68364042,0.68364042
1691701242000,0.68364039,0.68364039,0.68364039
1691701243000,0.68364039,0.68364039,0.68364039
1691701244000,0.68364039,0.68364039,0.68364039
1691701245000,0.68364039,0.68364039,0.68364039
1691701246000,0.6836159,0.6836159,0.6836159
1691701247000,0.68361638,0.68361638,0.68361638
1691701248000,0.68361638,0.68361638,0.68361638
1691701249000,0.6837,0.6837,0.6837
1691701250000,0.6837,0.6837,0.6837
1691701251000,0.6837,0.6837,0.6837
1691701252000,0.68366033,0.68366033,0.68366033
1691701253000,0.68361371,0.68361371,0.68361371
1691701254000,0.6837,0.6837,0.6837
1691701255000,0.6837,0.6837,0.6837
1691701256000,0.6837,0.6837,0.6837
1691701257000,0.6837,0.6837,0.6837
1691701258000,0.6837,0.6837,0.6837
1691701259000,0.6837,0.6837,0.6837
1691701260000,0.6837,0.6837,0.6837
1691701261000,0.6837,0.6837,0.6837
1691701262000,0.6837,0.6837,0.6837
1691701263000,0.6838,0.6838,0.6838
1691701264000,0.6838,0.6838,0.6838
1691701265000,0.6838,0.6838,0.6838
1691701266000,0.6839,0.6839,0.6839
1691701267000,0.6839,0.6839,0.6839
1691701268000,0.6839,0.6839,0.6839
1691701269000,0.6839,0.6839,0.6839
1691701270000,0.6839,0.6839,0.6839
1691701271000,0.6839,0.6839,0.6839
1691701272000,0.6839,0.6839,0.6839
1691701273000,0.6838,0.6838,0.6838
1691701274000,0.6838,0.6838,0.6838
1691701275000,0.6838,0.6838,0.6838
1691701276000,0.6838,0.6838,0.6838
1691701277000,0.6839,0.6839,0.6839
1691701278000,0.6839,0.6839,0.6839
1691701279000,0.6838,0.6838,0.6838
1691701280000,0.6839,0.6839,0.6839
1691701281000,0.6839,0.6839,0.6839
1691701282000,0.6839,0.6839,0.6839
1691701283000,0.6839,0.6839,0.6839
1691701284000,0.6839,0.6839,0.6839
1691701285000,0.6839,0.6839,0.6839
1691701286000,0.6839,0.6839,0.6839
1691701287000,0.684,0.684,0.684
1691701288000,0.684,0.684,0.684
1691701289000,0.6839,0.6839,0.6839
1691701290000,0.684,0.684,0.684
1691701291000,0.6839,0.6839,0.6839
1691701292000,0.684,0.684,0.684
1691701293000,0.684,0.684,0.684
1691701294000,0.684,0.684,0.684
1691701295000,0.684,0.684,0.684
1691701296000,0.6839,0.6839,0.6839
1691701297000,0.684,0.684,0.684
1691701298000,0.684,0.684,0.684
1691701299000,0.684,0.684,0.684
1691701300000,0.684,0.684,0.684
1691701301000,0.6839,0.6839,0.6839
1691701302000,0.6839,0.6839,0.6839
1691701303000,0.6839,0.6839,0.6839
1691701304000,0.6839,0.6839,0.6839
1691701305000,0.6839,0.6839,0.6839
1691701306000,0.6839,0.6839,0.6839
1691701307000,0.684,0.684,0.684
1691701308000,0.6839,0.6839,0.6839
1691701309000,0.6839,0.6839,0.6839
1691701310000,0.684,0.684,0.684
1691701311000,0.684,0.684,0.684
1691701312000,0.6839,0.6839,0.6839
1691701313000,0.6839,0.6839,0.6839
1691701314000,0.6839,0.6839,0.6839
1691701315000,0.6839,0.6839,0.6839
1691701316000,0.6839,0.6839,0.6839
1691701317000,0.684,0.684,0.684
1691701318000,0.684,0.684,0.684
1691701319000,0.684,0.684,0.684
1691701320000,0.684,0.684,0.684
1691701321000,0.684,0.684,0.684
1691701322000,0.684,0.684,0.684
1691701323000,0.6839,0.6839,0.6839
1691701324000,0.68385765,0.68385765,0.68385765
1691701325000,0.68385839,0.68385839,0.68385839
1691701326000,0.68385839,0.68385839,0.68385839
1691701327000,0.6838549,0.6838549,0.6838549
1691701328000,0.6838549,0.6838549,0.6838549
1691701329000,0.6838549,0.6838549,0.6838549
1691701330000,0.6839,0.6839,0.6839
1691701331000,0.6839,0.6839,0.6839
1691701332000,0.68385547,0.68385547,0.68385547
1691701333000,0.68385472,0.68385472,0.68385472
1691701334000,0.68385472,0.68385472,0.68385472
1691701335000,0.68385446,0.68385446,0.68385446
1691701336000,0.68385443,0.68385443,0.68385443
1691701337000,0.68385443,0.68385443,0.68385443
1691701338000,0.68385485,0.68385485,0.68385485
1691701339000,0.68388171,0.68388171,0.68388171
1691701340000,0.6839,0.6839,0.6839
1691701341000,0.6839,0.6839,0.6839
1691701342000,0.6839,0.6839,0.6839
1691701343000,0.6839,0.6839,0.6839
1691701344000,0.6839,0.6839,0.6839
1691701345000,0.6839,0.6839,0.6839
1691701346000,0.6839,0.6839,0.6839
1691701347000,0.684,0.684,0.684
1691701348000,0.6839,0.6839,0.6839
1691701349000,0.684,0.684,0.684
1691701350000,0.684,0.684,0.684
1691701351000,0.684,0.684,0.684
1691701352000,0.6839,0.6839,0.6839
1691701353000,0.6839,0.6839,0.6839
1691701354000,0.6839,0.6839,0.6839
1691701355000,0.6839,0.6839,0.6839
1691701356000,0.6839,0.6839,0.6839
1691701357000,0.6839,0.6839,0.6839
1691701358000,0.6839,0.6839,0.6839
1691701359000,0.6839,0.6839,0.6839
1691701360000,0.6839,0.6839,0.6839
1691701361000,0.684,0.684,0.684
1691701362000,0.684,0.684,0.684
1691701363000,0.6839,0.6839,0.6839
1691701364000,0.6839,0.6839,0.6839
1691701365000,0.6839,0.6839,0.6839
1691701366000,0.6839,0.6839,0.6839
1691701367000,0.684,0.684,0.684
1691701368000,0.6839,0.6839,0.6839
1691701369000,0.6839,0.6839,0.6839
1691701370000,0.684,0.684,0.684
1691701371000,0.684,0.684,0.684
1691701372000,0.684,0.684,0.684
1691701373000,0.684,0.684,0.684
1691701374000,0.684,0.684,0.684
1691701375000,0.684,0.684,0.684
1691701376000,0.6841,0.6841,0.6841
1691701377000,0.6841,0.6841,0.6841
1691701378000,0.684,0.684,0.684
1691701379000,0.684,0.684,0.684
1691701380000,0.684,0.684,0.684
1691701381000,0.6841,0.6841,0.6841
1691701382000,0.6842,0.6842,0.6842
1691701383000,0.6842,0.6842,0.6842
1691701384000,0.6842,0.6842,0.6842
1691701385000,0.6842,0.6842,0.6842
1691701386000,0.6842,0.6842,0.6842
1691701387000,0.6841,0.6841,0.6841
1691701388000,0.6841,0.6841,0.6841
1691701389000,0.6843,0.6843,0.6843
1691701390000,0.6843,0.6843,0.6843
1691701391000,0.68436491,0.68436491,0.68436491
1691701392000,0.6843,0.6843,0.6843
1691701393000,0.6842,0.6842,0.6842
1691701394000,0.6843,0.6843,0.6843
1691701395000,0.6842,0.6842,0.6842
1691701396000,0.6842,0.6842,0.6842
1691701397000,0.6842,0.6842,0.6842
1691701398000,0.6842,0.6842,0.6842
1691701399000,0.6842,0.6842,0.6842
1691701400000,0.6842,0.6842,0.6842
1691701401000,0.6843,0.6843,0.6843
1691701402000,0.6842,0.6842,0.6842
1691701403000,0.6842,0.6842,0.6842
1691701404000,0.6842,0.6842,0.6842
1691701405000,0.6842,0.6842,0.6842
1691701406000,0.6842,0.6842,0.6842
1691701407000,0.6843,0.6843,0.6843
1691701408000,0.6843,0.6843,0.6843
1691701409000,0.6843,0.6843,0.6843
1691701410000,0.6843,0.6843,0.6843
1691701411000,0.6843,0.6843,0.6843
1691701412000,0.6843,0.6843,0.6843
1691701413000,0.6842,0.6842,0.6842
1691701414000,0.6842,0.6842,0.6842
1691701415000,0.6842,0.6842,0.6842
1691701416000,0.6843,0.6843,0.6843
1691701417000,0.6843,0.6843,0.6843
1691701418000,0.6842,0.6842,0.6842
1691701419000,0.6842,0.6842,0.6842
1691701420000,0.6843,0.6843,0.6843
1691701421000,0.6843,0.6843,0.6843
1691701422000,0.6843,0.6843,0.6843
1691701423000,0.6842,0.6842,0.6842
1691701424000,0.6843,0.6843,0.6843
1691701425000,0.6842,0.6842,0.6842
1691701426000,0.6842,0.6842,0.6842
1691701427000,0.6843,0.6843,0.6843
1691701428000,0.6842,0.6842,0.6842
1691701429000,0.6842,0.6842,0.6842
1691701430000,0.6843,0.6843,0.6843
1691701431000,0.6843,0.6843,0.6843
1691701432000,0.6843,0.6843,0.6843
1691701433000,0.6842,0.6842,0.6842
1691701434000,0.6843,0.6843,0.6843
1691701435000,0.6843,0.6843,0.6843
1691701436000,0.6843,0.6843,0.6843
1691701437000,0.6843,0.6843,0.6843
1691701438000,0.6842,0.6842,0.6842
1691701439000,0.6842,0.6842,0.6842
1691701440000,0.6842,0.6842,0.6842
1691701441000,0.6843,0.6843,0.6843
1691701442000,0.6843,0.6843,0.6843
1691701443000,0.68420688,0.68420688,0.68420688
1691701444000,0.68420688,0.68420688,0.68420688
1691701445000,0.68420688,0.68420688,0.68420688
1691701446000,0.68421012,0.68421012,0.68421012
1691701447000,0.6843,0.6843,0.6843
1691701448000,0.68421015,0.68421015,0.68421015
1691701449000,0.68421015,0.68421015,0.68421015
1691701450000,0.6843,0.6843,0.6843
1691701451000,0.6843,0.6843,0.6843
1691701452000,0.6843,0.6843,0.6843
1691701453000,0.6842,0.6842,0.6842
1691701454000,0.6842,0.6842,0.6842
1691701455000,0.6842,0.6842,0.6842
1691701456000,0.6843,0.6843,0.6843
1691701457000,0.6843,0.6843,0.6843
1691701458000,0.6842,0.6842,0.6842
1691701459000,0.6842,0.6842,0.6842
1691701460000,0.6843,0.6843,0.6843
1691701461000,0.6843,0.6843,0.6843
1691701462000,0.6843,0.6843,0.6843
1691701463000,0.68423726,0.68423726,0.68423726
1691701464000,0.68423726,0.68423726,0.68423726
1691701465000,0.68423644,0.68423644,0.68423644
1691701466000,0.6843,0.6843,0.6843
1691701467000,0.68428059,0.68428059,0.68428059
1691701468000,0.68428091,0.68428091,0.68428091
1691701469000,0.68436094,0.68436094,0.68436094
1691701470000,0.68436094,0.68436094,0.68436094
1691701471000,0.68431091,0.68431091,0.68431091
1691701472000,0.68431091,0.68431091,0.68431091
1691701473000,0.68431091,0.68431091,0.68431091
1691701474000,0.68431288,0.68431288,0.68431288
1691701475000,0.68431288,0.68431288,0.68431288
1691701476000,0.68431202,0.68431202,0.68431202
1691701477000,0.68431202,0.68431202,0.68431202
1691701478000,0.68431202,0.68431202,0.68431202
1691701479000,0.68431206,0.68431206,0.68431206
1691701480000,0.68431397,0.68431397,0.68431397
1691701481000,0.68431397,0.68431397,0.68431397
1691701482000,0.68431397,0.68431397,0.68431397
1691701483000,0.68431397,0.68431397,0.68431397
1691701484000,0.68431397,0.68431397,0.68431397
1691701485000,0.68431296,0.68431296,0.68431296
1691701486000,0.68431296,0.68431296,0.68431296
1691701487000,0.68431381,0.68431381,0.68431381
1691701488000,0.68431381,0.68431381,0.68431381
1691701489000,0.68431385,0.68431385,0.68431385
1691701490000,0.68431385,0.68431385,0.68431385
1691701491000,0.68431435,0.68431435,0.68431435
1691701492000,0.68436435,0.68436435,0.68436435
1691701493000,0.68436435,0.68436435,0.68436435
1691701494000,0.68436435,0.68436435,0.68436435
1691701495000,0.68436435,0.68436435,0.68436435
1691701496000,0.68436381,0.68436381,0.68436381
1691701497000,0.6844,0.6844,0.6844
1691701498000,0.6844,0.6844,0.6844
1691701499000,0.68436377,0.68436377,0.68436377
1691701500000,0.6844,0.6844,0.6844
1691701501000,0.6844,0.6844,0.6844
1691701502000,0.6844,0.6844,0.6844
1691701503000,0.6844,0.6844,0.6844
1691701504000,0.68440849,0.68440849,0.68440849
1691701505000,0.68440849,0.68440849,0.68440849
1691701506000,0.68440934,0.68440934,0.68440934
1691701507000,0.68440925,0.68440925,0.68440925
1691701508000,0.68440925,0.68440925,0.68440925
1691701509000,0.68440925,0.68440925,0.68440925
1691701510000,0.68440921,0.68440921,0.68440921
1691701511000,0.68440921,0.68440921,0.68440921
1691701512000,0.68440921,0.68440921,0.68440921
1691701513000,0.68441017,0.68441017,0.68441017
1691701514000,0.68440932,0.68440932,0.68440932
1691701515000,0.68440932,0.68440932,0.68440932
1691701516000,0.68440932,0.68440932,0.68440932
1691701517000,0.68441017,0.68441017,0.68441017
1691701518000,0.68441233,0.68441233,0.68441233
1691701519000,0.68441233,0.68441233,0.68441233
1691701520000,0.68441229,0.68441229,0.68441229
1691701521000,0.68441229,0.68441229,0.68441229
1691701522000,0.68441233,0.68441233,0.68441233
1691701523000,0.68441233,0.68441233,0.68441233
1691701524000,0.68441357,0.68441357,0.68441357
1691701525000,0.68441357,0.68441357,0.68441357
1691701526000,0.68441353,0.68441353,0.68441353
1691701527000,0.68441357,0.68441357,0.68441357
1691701528000,0.68441357,0.68441357,0.68441357
1691701529000,0.68441479,0.68441479,0.68441479
1691701530000,0.68441479,0.68441479,0.68441479
1691701531000,0.68441393,0.68441393,0.68441393
1691701532000,0.68441397,0.68441397,0.68441397
1691701533000,0.68441393,0.68441393,0.68441393
1691701534000,0.68441479,0.68441479,0.68441479
1691701535000,0.68441668,0.68441668,0.68441668
1691701536000,0.68436668,0.68436668,0.68436668
1691701537000,0.6844,0.6844,0.6844
1691701538000,0.6844,0.6844,0.6844
1691701539000,0.68436671,0.68436671,0.68436671
1691701540000,0.6844,0.6844,0.6844
1691701541000,0.6844,0.6844,0.6844
1691701542000,0.6844,0.6844,0.6844
1691701543000,0.68436879,0.68436879,0.68436879
1691701544000,0.68436875,0.68436875,0.68436875
1691701545000,0.68435375,0.68435375,0.68435375
1691701546000,0.68440786,0.68440786,0.68440786
1691701547000,0.68428521,0.68428521,0.68428521
1691701548000,0.68428521,0.68428521,0.68428521
1691701549000,0.68428521,0.68428521,0.68428521
1691701550000,0.68428521,0.68428521,0.68428521
1691701551000,0.68428436,0.68428436,0.68428436
1691701552000,0.68428312,0.68428312,0.68428312
1691701553000,0.68428312,0.68428312,0.68428312
1691701554000,0.68428316,0.68428316,0.68428316
1691701555000,0.68428398,0.68428398,0.68428398
1691701556000,0.68428398,0.68428398,0.68428398
1691701557000,0.68428201,0.68428201,0.68428201
1691701558000,0.68428201,0.68428201,0.68428201
1691701559000,0.68428175,0.68428175,0.68428175
1691701560000,0.6842809,0.6842809,0.6842809
1691701561000,0.68428093,0.68428093,0.68428093
1691701562000,0.68428175,0.68428175,0.68428175
1691701563000,0.68427823,0.68427823,0.68427823
1691701564000,0.68427823,0.68427823,0.68427823
1691701565000,0.68427909,0.68427909,0.68427909
1691701566000,0.68427909,0.68427909,0.68427909
1691701567000,0.68427909,0.68427909,0.68427909
1691701568000,0.68427453,0.68427453,0.68427453
1691701569000,0.68427442,0.68427442,0.68427442
1691701570000,0.68427442,0.68427442,0.68427442
1691701571000,0.68427442,0.68427442,0.68427442
1691701572000,0.68422946,0.68422946,0.68422946
1691701573000,0.68422946,0.68422946,0.68422946
1691701574000,0.6842243,0.6842243,0.6842243
1691701575000,0.6842243,0.6842243,0.6842243
1691701576000,0.6842243,0.6842243,0.6842243
1691701577000,0.68422426,0.68422426,0.68422426
1691701578000,0.68422407,0.68422407,0.68422407
1691701579000,0.68422027,0.68422027,0.68422027
1691701580000,0.68422027,0.68422027,0.68422027
1691701581000,0.68422027,0.68422027,0.68422027
1691701582000,0.68422112,0.68422112,0.68422112
1691701583000,0.68422134,0.68422134,0.68422134
1691701584000,0.68422134,0.68422134,0.68422134
1691701585000,0.68421755,0.68421755,0.68421755
1691701586000,0.68421755,0.68421755,0.68421755
1691701587000,0.68421755,0.68421755,0.68421755
1691701588000,0.68421752,0.68421752,0.68421752
1691701589000,0.68421756,0.68421756,0.68421756
1691701590000,0.68421193,0.68421193,0.68421193
1691701591000,0.68421104,0.68421104,0.68421104
1691701592000,0.68421104,0.68421104,0.68421104
1691701593000,0.68416689,0.68416689,0.68416689
1691701594000,0.68416689,0.68416689,0.68416689
1691701595000,0.68416693,0.68416693,0.68416693
1691701596000,0.68416075,0.68416075,0.68416075
1691701597000,0.68416075,0.68416075,0.68416075
1691701598000,0.68419157,0.68419157,0.68419157
1691701599000,0.68419157,0.68419157,0.68419157
1691701600000,0.68419157,0.68419157,0.68419157
1691701601000,0.68418945,0.68418945,0.68418945
1691701602000,0.68418949,0.68418949,0.68418949
1691701603000,0.68418949,0.68418949,0.68418949
1691701604000,0.68423349,0.68423349,0.68423349
1691701605000,0.68423349,0.68423349,0.68423349
1691701606000,0.68423263,0.68423263,0.68423263
1691701607000,0.68422703,0.68422703,0.68422703
1691701608000,0.68422699,0.68422699,0.68422699
1691701609000,0.6842271,0.6842271,0.6842271
1691701610000,0.68422707,0.68422707,0.68422707
1691701611000,0.68422792,0.68422792,0.68422792
1691701612000,0.68422394,0.68422394,0.68422394
1691701613000,0.68417394,0.68417394,0.68417394
1691701614000,0.68417394,0.68417394,0.68417394
1691701615000,0.68417394,0.68417394,0.68417394
1691701616000,0.68417394,0.68417394,0.68417394
1691701617000,0.68417397,0.68417397,0.68417397
1691701618000,0.68417077,0.68417077,0.68417077
1691701619000,0.68417077,0.68417077,0.68417077
1691701620000,0.68417073,0.68417073,0.68417073
1691701621000,0.68417073,0.68417073,0.68417073
1691701622000,0.68417077,0.68417077,0.68417077
1691701623000,0.68416991,0.68416991,0.68416991
1691701624000,0.68416831,0.68416831,0.68416831
1691701625000,0.6841682,0.6841682,0.6841682
1691701626000,0.68416691,0.68416691,0.68416691
1691701627000,0.68416691,0.68416691,0.68416691
1691701628000,0.68416691,0.68416691,0.68416691
1691701629000,0.68416618,0.68416618,0.68416618
1691701630000,0.68421614,0.68421614,0.68421614
1691701631000,0.68421611,0.68421611,0.68421611
1691701632000,0.68421614,0.68421614,0.68421614
1691701633000,0.68421614,0.68421614,0.68421614
1691701634000,0.68421614,0.68421614,0.68421614
1691701635000,0.68421465,0.68421465,0.68421465
1691701636000,0.68421465,0.68421465,0.68421465
1691701637000,0.68421465,0.68421465,0.68421465
1691701638000,0.68421383,0.68421383,0.68421383
1691701639000,0.68421469,0.68421469,0.68421469
1691701640000,0.6842129,0.6842129,0.6842129
1691701641000,0.6842129,0.6842129,0.6842129
1691701642000,0.6842129,0.6842129,0.6842129
1691701643000,0.68421204,0.68421204,0.68421204
1691701644000,0.68421204,0.68421204,0.68421204
1691701645000,0.68421204,0.68421204,0.68421204
1691701646000,0.68421071,0.68421071,0.68421071
1691701647000,0.6842116,0.6842116,0.6842116
1691701648000,0.68421075,0.68421075,0.68421075
1691701649000,0.68428006,0.68428006,0.68428006
1691701650000,0.68428122,0.68428122,0.68428122
1691701651000,0.6842784,0.6842784,0.6842784
1691701652000,0.6842784,0.6842784,0.6842784
1691701653000,0.68427836,0.68427836,0.68427836
1691701654000,0.68427836,0.68427836,0.68427836
1691701655000,0.68427836,0.68427836,0.68427836
1691701656000,0.68427953,0.68427953,0.68427953
1691701657000,0.68427023,0.68427023,0.68427023
1691701658000,0.68427023,0.68427023,0.68427023
1691701659000,0.6843,0.6843,0.6843
1691701660000,0.6843,0.6843,0.6843
1691701661000,0.6843,0.6843,0.6843
1691701662000,0.6844,0.6844,0.6844
1691701663000,0.6844,0.6844,0.6844
1691701664000,0.6844,0.6844,0.6844
1691701665000,0.6843,0.6843,0.6843
1691701666000,0.6843,0.6843,0.6843
1691701667000,0.68432797,0.68432797,0.68432797
1691701668000,0.6844,0.6844,0.6844
1691701669000,0.6844,0.6844,0.6844
1691701670000,0.6844,0.6844,0.6844
1691701671000,0.6844,0.6844,0.6844
1691701672000,0.6846,0.6846,0.6846
1691701673000,0.6846,0.6846,0.6846
1691701674000,0.6846,0.6846,0.6846
1691701675000,0.6845,0.6845,0.6845
1691701676000,0.6845,0.6845,0.6845
1691701677000,0.6845,0.6845,0.6845
1691701678000,0.6845,0.6845,0.6845
1691701679000,0.6846,0.6846,0.6846
1691701680000,0.6845,0.6845,0.6845
1691701681000,0.6846,0.6846,0.6846
1691701682000,0.6846,0.6846,0.6846
1691701683000,0.6846,0.6846,0.6846
1691701684000,0.6846,0.6846,0.6846
1691701685000,0.6846,0.6846,0.6846
1691701686000,0.6845,0.6845,0.6845
1691701687000,0.6846,0.6846,0.6846
1691701688000,0.6846,0.6846,0.6846
1691701689000,0.6846,0.6846,0.6846
1691701690000,0.6846,0.6846,0.6846
1691701691000,0.6845,0.6845,0.6845
1691701692000,0.6845,0.6845,0.6845
1691701693000,0.6847,0.6847,0.6847
1691701694000,0.6847,0.6847,0.6847
1691701695000,0.6846,0.6846,0.6846
1691701696000,0.6847,0.6847,0.6847
1691701697000,0.6847,0.6847,0.6847
1691701698000,0.6847,0.6847,0.6847
1691701699000,0.68463,0.68463,0.68463
1691701700000,0.6847,0.6847,0.6847
1691701701000,0.68462829,0.68462829,0.68462829
1691701702000,0.68462829,0.68462829,0.68462829
1691701703000,0.68465911,0.68465911,0.68465911
1691701704000,0.68465911,0.68465911,0.68465911
1691701705000,0.6847,0.6847,0.6847
1691701706000,0.68465911,0.68465911,0.68465911
1691701707000,0.68465704,0.68465704,0.68465704
1691701708000,0.68465704,0.68465704,0.68465704
1691701709000,0.68465704,0.68465704,0.68465704
1691701710000,0.68465619,0.68465619,0.68465619
1691701711000,0.68460615,0.68460615,0.68460615
1691701712000,0.68460372,0.68460372,0.68460372
1691701713000,0.68465461,0.68465461,0.68465461
1691701714000,0.6847,0.6847,0.6847
1691701715000,0.6847,0.6847,0.6847
1691701716000,0.68461308,0.68461308,0.68461308
1691701717000,0.68465656,0.68465656,0.68465656
1691701718000,0.68466151,0.68466151,0.68466151
1691701719000,0.6847,0.6847,0.6847
1691701720000,0.68466148,0.68466148,0.68466148
1691701721000,0.68466148,0.68466148,0.68466148
1691701722000,0.68466151,0.68466151,0.68466151
1691701723000,0.684659,0.684659,0.684659
1691701724000,0.684659,0.684659,0.684659
1691701725000,0.684659,0.684659,0.684659
1691701726000,0.684659,0.684659,0.684659
1691701727000,0.684659,0.684659,0.684659
1691701728000,0.68461555,0.68461555,0.68461555
1691701729000,0.6847,0.6847,0.6847
1691701730000,0.6847,0.6847,0.6847
1691701731000,0.68461169,0.68461169,0.68461169
1691701732000,0.68461095,0.68461095,0.68461095
1691701733000,0.68461172,0.68461172,0.68461172
1691701734000,0.68460904,0.68460904,0.68460904
1691701735000,0.68460901,0.68460901,0.68460901
1691701736000,0.68460975,0.68460975,0.68460975
1691701737000,0.68460975,0.68460975,0.68460975
1691701738000,0.68460975,0.68460975,0.68460975
1691701739000,0.68460975,0.68460975,0.68460975
1691701740000,0.68460785,0.68460785,0.68460785
1691701741000,0.68460785,0.68460785,0.68460785
1691701742000,0.68460133,0.68460133,0.68460133
1691701743000,0.68460133,0.68460133,0.68460133
1691701744000,0.68451325,0.68451325,0.68451325
1691701745000,0.68451214,0.68451214,0.68451214
1691701746000,0.68451106,0.68451106,0.68451106
1691701747000,0.68448027,0.68448027,0.68448027
1691701748000,0.68448027,0.68448027,0.68448027
1691701749000,0.68448027,0.68448027,0.68448027
1691701750000,0.68448027,0.68448027,0.68448027
1691701751000,0.68447551,0.68447551,0.68447551
1691701752000,0.68447551,0.68447551,0.68447551
1691701753000,0.68447495,0.68447495,0.68447495
1691701754000,0.6844742,0.6844742,0.6844742
1691701755000,0.6844742,0.6844742,0.6844742
1691701756000,0.6845,0.6845,0.6845
1691701757000,0.6845,0.6845,0.6845
1691701758000,0.6845,0.6845,0.6845
1691701759000,0.6845,0.6845,0.6845
1691701760000,0.6845,0.6845,0.6845
1691701761000,0.68464464,0.68464464,0.68464464
1691701762000,0.68468673,0.68468673,0.68468673
1691701763000,0.68469042,0.68469042,0.68469042
1691701764000,0.68469042,0.68469042,0.68469042
1691701765000,0.6847339,0.6847339,0.6847339
1691701766000,0.6847339,0.6847339,0.6847339
1691701767000,0.6847339,0.6847339,0.6847339
1691701768000,0.68473082,0.68473082,0.68473082
1691701769000,0.68473082,0.68473082,0.68473082
1691701770000,0.68473082,0.68473082,0.68473082
1691701771000,0.68473082,0.68473082,0.68473082
1691701772000,0.68473082,0.68473082,0.68473082
1691701773000,0.68473069,0.68473069,0.68473069
1691701774000,0.68473069,0.68473069,0.68473069
1691701775000,0.68473069,0.68473069,0.68473069
1691701776000,0.68473069,0.68473069,0.68473069
1691701777000,0.68477417,0.68477417,0.68477417
1691701778000,0.68477544,0.68477544,0.68477544
1691701779000,0.68477364,0.68477364,0.68477364
1691701780000,0.68477364,0.68477364,0.68477364
1691701781000,0.68472942,0.68472942,0.68472942
1691701782000,0.68472942,0.68472942,0.68472942
1691701783000,0.68473082,0.68473082,0.68473082
1691701784000,0.68472733,0.68472733,0.68472733
1691701785000,0.68472733,0.68472733,0.68472733
1691701786000,0.68472733,0.68472733,0.68472733
1691701787000,0.68472658,0.68472658,0.68472658
1691701788000,0.68472681,0.68472681,0.68472681
1691701789000,0.68472606,0.68472606,0.68472606
1691701790000,0.68472254,0.68472254,0.68472254
1691701791000,0.68472254,0.68472254,0.68472254
1691701792000,0.68472907,0.68472907,0.68472907
1691701793000,0.68472907,0.68472907,0.68472907
1691701794000,0.68468533,0.68468533,0.68468533
1691701795000,0.68468184,0.68468184,0.68468184
1691701796000,0.68468184,0.68468184,0.68468184
1691701797000,0.68472603,0.68472603,0.68472603
1691701798000,0.68472695,0.68472695,0.68472695
1691701799000,0.68472695,0.68472695,0.68472695
1691701800000,0.68472695,0.68472695,0.68472695
1691701801000,0.68472167,0.68472167,0.68472167
1691701802000,0.68472167,0.68472167,0.68472167
1691701803000,0.68472092,0.68472092,0.68472092
1691701804000,0.68471606,0.68471606,0.68471606
1691701805000,0.68467258,0.68467258,0.68467258
1691701806000,0.68466882,0.68466882,0.68466882
1691701807000,0.68466957,0.68466957,0.68466957
1691701808000,0.68466957,0.68466957,0.68466957
1691701809000,0.68466957,0.68466957,0.68466957
1691701810000,0.68466957,0.68466957,0.68466957
1691701811000,0.68466957,0.68466957,0.68466957
1691701812000,0.68466395,0.68466395,0.68466395
1691701813000,0.68466395,0.68466395,0.68466395
1691701814000,0.6846647,0.6846647,0.6846647
1691701815000,0.68466395,0.68466395,0.68466395
1691701816000,0.68466395,0.68466395,0.68466395
1691701817000,0.68466109,0.68466109,0.68466109
1691701818000,0.68466106,0.68466106,0.68466106
1691701819000,0.68466106,0.68466106,0.68466106
1691701820000,0.68466106,0.68466106,0.68466106
1691701821000,0.68466106,0.68466106,0.68466106
1691701822000,0.68466183,0.68466183,0.68466183
1691701823000,0.68465892,0.68465892,0.68465892
1691701824000,0.68465892,0.68465892,0.68465892
1691701825000,0.68465892,0.68465892,0.68465892
1691701826000,0.68465821,0.68465821,0.68465821
1691701827000,0.68465821,0.68465821,0.68465821
1691701828000,0.68469876,0.68469876,0.68469876
1691701829000,0.68469876,0.68469876,0.68469876
1691701830000,0.68469951,0.68469951,0.68469951
1691701831000,0.6847,0.6847,0.6847
1691701832000,0.68471181,0.68471181,0.68471181
1691701833000,0.68471181,0.68471181,0.68471181
1691701834000,0.68470897,0.68470897,0.68470897
1691701835000,0.68470897,0.68470897,0.68470897
1691701836000,0.68470819,0.68470819,0.68470819
1691701837000,0.68470819,0.68470819,0.68470819
1691701838000,0.68470894,0.68470894,0.68470894
1691701839000,0.68470894,0.68470894,0.68470894
1691701840000,0.68470594,0.68470594,0.68470594
1691701841000,0.68470519,0.68470519,0.68470519
1691701842000,0.68470519,0.68470519,0.68470519
1691701843000,0.68470519,0.68470519,0.68470519
1691701844000,0.68470519,0.68470519,0.68470519
1691701845000,0.68467176,0.68467176,0.68467176
1691701846000,0.68467179,0.68467179,0.68467179
1691701847000,0.68471149,0.68471149,0.68471149
1691701848000,0.68470497,0.68470497,0.68470497
1691701849000,0.68470497,0.68470497,0.68470497
1691701850000,0.68470497,0.68470497,0.68470497
1691701851000,0.68470193,0.68470193,0.68470193
1691701852000,0.68470193,0.68470193,0.68470193
1691701853000,0.68470193,0.68470193,0.68470193
1691701854000,0.68470193,0.68470193,0.68470193
1691701855000,0.68470193,0.68470193,0.68470193
1691701856000,0.68470075,0.68470075,0.68470075
1691701857000,0.68470075,0.68470075,0.68470075
1691701858000,0.6847,0.6847,0.6847
1691701859000,0.68465655,0.68465655,0.68465655
1691701860000,0.6847,0.6847,0.6847
1691701861000,0.6847,0.6847,0.6847
1691701862000,0.68469707,0.68469707,0.68469707
1691701863000,0.68469707,0.68469707,0.68469707
1691701864000,0.68469707,0.68469707,0.68469707
1691701865000,0.68469707,0.68469707,0.68469707
1691701866000,0.68469707,0.68469707,0.68469707
1691701867000,0.68469512,0.68469512,0.68469512
1691701868000,0.68469512,0.68469512,0.68469512
1691701869000,0.68469515,0.68469515,0.68469515
1691701870000,0.68469515,0.68469515,0.68469515
1691701871000,0.68469512,0.68469512,0.68469512
1691701872000,0.68473354,0.68473354,0.68473354
1691701873000,0.68473239,0.68473239,0.68473239
1691701874000,0.68473242,0.68473242,0.68473242
1691701875000,0.68473242,0.68473242,0.68473242
1691701876000,0.68473239,0.68473239,0.68473239
1691701877000,0.68471935,0.68471935,0.68471935
1691701878000,0.68471683,0.68471683,0.68471683
1691701879000,0.68471683,0.68471683,0.68471683
1691701880000,0.68471683,0.68471683,0.68471683
1691701881000,0.68471683,0.68471683,0.68471683
1691701882000,0.68471683,0.68471683,0.68471683
1691701883000,0.68471683,0.68471683,0.68471683
1691701884000,0.68467098,0.68467098,0.68467098
1691701885000,0.68471446,0.68471446,0.68471446
1691701886000,0.68471446,0.68471446,0.68471446
1691701887000,0.68471446,0.68471446,0.68471446
1691701888000,0.68471449,0.68471449,0.68471449
1691701889000,0.68471217,0.68471217,0.68471217
1691701890000,0.68471143,0.68471143,0.68471143
1691701891000,0.68471143,0.68471143,0.68471143
1691701892000,0.6847114,0.6847114,0.6847114
1691701893000,0.6847114,0.6847114,0.6847114
1691701894000,0.68471143,0.68471143,0.68471143
1691701895000,0.68470908,0.68470908,0.68470908
1691701896000,0.68470908,0.68470908,0.68470908
1691701897000,0.68470911,0.68470911,0.68470911
1691701898000,0.68470908,0.68470908,0.68470908
1691701899000,0.68470908,0.68470908,0.68470908
1691701900000,0.68470611,0.68470611,0.68470611
1691701901000,0.68470611,0.68470611,0.68470611
1691701902000,0.68470685,0.68470685,0.68470685
1691701903000,0.68470611,0.68470611,0.68470611
1691701904000,0.68470608,0.68470608,0.68470608
1691701905000,0.68470608,0.68470608,0.68470608
1691701906000,0.68470424,0.68470424,0.68470424
1691701907000,0.68469772,0.68469772,0.68469772
1691701908000,0.68469772,0.68469772,0.68469772
1691701909000,0.68469775,0.68469775,0.68469775
1691701910000,0.68469846,0.68469846,0.68469846
1691701911000,0.68469846,0.68469846,0.68469846
1691701912000,0.68469417,0.68469417,0.68469417
1691701913000,0.68469417,0.68469417,0.68469417
1691701914000,0.68464995,0.68464995,0.68464995
1691701915000,0.68464995,0.68464995,0.68464995
1691701916000,0.68465069,0.68465069,0.68465069
1691701917000,0.68464814,0.68464814,0.68464814
1691701918000,0.68464814,0.68464814,0.68464814
1691701919000,0.68464814,0.68464814,0.68464814
1691701920000,0.68464817,0.68464817,0.68464817
1691701921000,0.68464817,0.68464817,0.68464817
1691701922000,0.68464817,0.68464817,0.68464817
1691701923000,0.68464636,0.68464636,0.68464636
1691701924000,0.68464633,0.68464633,0.68464633
1691701925000,0.68464636,0.68464636,0.68464636
1691701926000,0.68465383,0.68465383,0.68465383
1691701927000,0.68465386,0.68465386,0.68465386
1691701928000,0.68465206,0.68465206,0.68465206
1691701929000,0.6846528,0.6846528,0.6846528
1691701930000,0.6846528,0.6846528,0.6846528
1691701931000,0.68465203,0.68465203,0.68465203
1691701932000,0.68465203,0.68465203,0.68465203
1691701933000,0.68465202,0.68465202,0.68465202
1691701934000,0.68465089,0.68465089,0.68465089
1691701935000,0.68465086,0.68465086,0.68465086
1691701936000,0.68465086,0.68465086,0.68465086
1691701937000,0.68465109,0.68465109,0.68465109
1691701938000,0.68469457,0.68469457,0.68469457
1691701939000,0.68469345,0.68469345,0.68469345
1691701940000,0.68469348,0.68469348,0.68469348
1691701941000,0.68469345,0.68469345,0.68469345
1691701942000,0.68469345,0.68469345,0.68469345
1691701943000,0.68469361,0.68469361,0.68469361
1691701944000,0.68469361,0.68469361,0.68469361
1691701945000,0.68469176,0.68469176,0.68469176
1691701946000,0.68469176,0.68469176,0.68469176
1691701947000,0.68469176,0.68469176,0.68469176
1691701948000,0.68469179,0.68469179,0.68469179
1691701949000,0.68469179,0.68469179,0.68469179
1691701950000,0.6846907,0.6846907,0.6846907
1691701951000,0.6846907,0.6846907,0.6846907
1691701952000,0.68469093,0.68469093,0.68469093
1691701953000,0.68469093,0.68469093,0.68469093
1691701954000,0.68469093,0.68469093,0.68469093
1691701955000,0.68469096,0.68469096,0.68469096
1691701956000,0.68468515,0.68468515,0.68468515
1691701957000,0.68468515,0.68468515,0.68468515
1691701958000,0.6846859,0.6846859,0.6846859
1691701959000,0.6846859,0.6846859,0.6846859
1691701960000,0.68469245,0.68469245,0.68469245
1691701961000,0.68468667,0.68468667,0.68468667
1691701962000,0.68468634,0.68468634,0.68468634
1691701963000,0.68464789,0.68464789,0.68464789
1691701964000,0.684649,0.684649,0.684649
1691701965000,0.684649,0.684649,0.684649
1691701966000,0.684649,0.684649,0.684649
1691701967000,0.6846451,0.6846451,0.6846451
1691701968000,0.6846451,0.6846451,0.6846451
1691701969000,0.68464436,0.68464436,0.68464436
1691701970000,0.68464436,0.68464436,0.68464436
1691701971000,0.68464436,0.68464436,0.68464436
1691701972000,0.68460091,0.68460091,0.68460091
1691701973000,0.68464051,0.68464051,0.68464051
1691701974000,0.68464051,0.68464051,0.68464051
1691701975000,0.68467894,0.68467894,0.68467894
1691701976000,0.68467894,0.68467894,0.68467894
1691701977000,0.68463546,0.68463546,0.68463546
1691701978000,0.68463139,0.68463139,0.68463139
1691701979000,0.68463142,0.68463142,0.68463142
1691701980000,0.68467487,0.68467487,0.68467487
1691701981000,0.6846749,0.6846749,0.6846749
1691701982000,0.68467413,0.68467413,0.68467413
1691701983000,0.68467413,0.68467413,0.68467413
1691701984000,0.68467124,0.68467124,0.68467124
1691701985000,0.68467127,0.68467127,0.68467127
1691701986000,0.68467124,0.68467124,0.68467124
1691701987000,0.68467124,0.68467124,0.68467124
1691701988000,0.6847,0.6847,0.6847
1691701989000,0.6847,0.6847,0.6847
1691701990000,0.6847,0.6847,0.6847
1691701991000,0.6847,0.6847,0.6847
1691701992000,0.6847,0.6847,0.6847
1691701993000,0.68466684,0.68466684,0.68466684
1691701994000,0.68466649,0.68466649,0.68466649
1691701995000,0.68466251,0.68466251,0.68466251
1691701996000,0.6847,0.6847,0.6847
1691701997000,0.6847,0.6847,0.6847
1691701998000,0.68466251,0.68466251,0.68466251
1691701999000,0.68466248,0.68466248,0.68466248
1691702000000,0.68465757,0.68465757,0.68465757
1691702001000,0.68465757,0.68465757,0.68465757
1691702002000,0.68465834,0.68465834,0.68465834
1691702003000,0.68465135,0.68465135,0.68465135
1691702004000,0.68465023,0.68465023,0.68465023
1691702005000,0.68465023,0.68465023,0.68465023
1691702006000,0.68464453,0.68464453,0.68464453
1691702007000,0.68464379,0.68464379,0.68464379
1691702008000,0.68464297,0.68464297,0.68464297
1691702009000,0.68464297,0.68464297,0.68464297
1691702010000,0.68464294,0.68464294,0.68464294
1691702011000,0.68463797,0.68463797,0.68463797
1691702012000,0.68463797,0.68463797,0.68463797
1691702013000,0.68463726,0.68463726,0.68463726
1691702014000,0.68463787,0.68463787,0.68463787
1691702015000,0.68463787,0.68463787,0.68463787
1691702016000,0.68463784,0.68463784,0.68463784
1691702017000,0.68463305,0.68463305,0.68463305
1691702018000,0.68463305,0.68463305,0.68463305
1691702019000,0.68463305,0.68463305,0.68463305
1691702020000,0.68463214,0.68463214,0.68463214
1691702021000,0.68463214,0.68463214,0.68463214
1691702022000,0.68462821,0.68462821,0.68462821
1691702023000,0.68462821,0.68462821,0.68462821
1691702024000,0.68462821,0.68462821,0.68462821
1691702025000,0.68462811,0.68462811,0.68462811
1691702026000,0.68462811,0.68462811,0.68462811
1691702027000,0.68462811,0.68462811,0.68462811
1691702028000,0.68463722,0.68463722,0.68463722
1691702029000,0.68463703,0.68463703,0.68463703
1691702030000,0.68463703,0.68463703,0.68463703
1691702031000,0.68463703,0.68463703,0.68463703
1691702032000,0.68463703,0.68463703,0.68463703
1691702033000,0.68463777,0.68463777,0.68463777
1691702034000,0.68463277,0.68463277,0.68463277
1691702035000,0.68463199,0.68463199,0.68463199
1691702036000,0.68463202,0.68463202,0.68463202
1691702037000,0.68463199,0.68463199,0.68463199
1691702038000,0.68463199,0.68463199,0.68463199
1691702039000,0.68458363,0.68458363,0.68458363
1691702040000,0.68458363,0.68458363,0.68458363
1691702041000,0.68458366,0.68458366,0.68458366
1691702042000,0.68455249,0.68455249,0.68455249
1691702043000,0.68455249,0.68455249,0.68455249
1691702044000,0.68455827,0.68455827,0.68455827
1691702045000,0.68455409,0.68455409,0.68455409
1691702046000,0.68455376,0.68455376,0.68455376
1691702047000,0.68455376,0.68455376,0.68455376
1691702048000,0.68455376,0.68455376,0.68455376
1691702049000,0.68455379,0.68455379,0.68455379
1691702050000,0.6846,0.6846,0.6846
1691702051000,0.6846,0.6846,0.6846
1691702052000,0.6846,0.6846,0.6846
1691702053000,0.68455011,0.68455011,0.68455011
1691702054000,0.68455011,0.68455011,0.68455011
1691702055000,0.68450677,0.68450677,0.68450677
1691702056000,0.68450163,0.68450163,0.68450163
1691702057000,0.68450163,0.68450163,0.68450163
1691702058000,0.68450091,0.68450091,0.68450091
1691702059000,0.68450088,0.68450088,0.68450088
1691702060000,0.68450159,0.68450159,0.68450159
1691702061000,0.6845,0.6845,0.6845
1691702062000,0.6846,0.6846,0.6846
1691702063000,0.6845,0.6845,0.6845
1691702064000,0.6846,0.6846,0.6846
1691702065000,0.6846,0.6846,0.6846
1691702066000,0.6846,0.6846,0.6846
1691702067000,0.6846,0.6846,0.6846
1691702068000,0.6846,0.6846,0.6846
1691702069000,0.6846,0.6846,0.6846
1691702070000,0.6846,0.6846,0.6846
1691702071000,0.6846,0.6846,0.6846
1691702072000,0.6846,0.6846,0.6846
1691702073000,0.6847,0.6847,0.6847
1691702074000,0.6847,0.6847,0.6847
1691702075000,0.6847,0.6847,0.6847
1691702076000,0.6846,0.6846,0.6846
1691702077000,0.6848,0.6848,0.6848
1691702078000,0.6849,0.6849,0.6849
1691702079000,0.6849,0.6849,0.6849
1691702080000,0.6848,0.6848,0.6848
1691702081000,0.6848,0.6848,0.6848
1691702082000,0.6848,0.6848,0.6848
1691702083000,0.6848,0.6848,0.6848
1691702084000,0.6848,0.6848,0.6848
1691702085000,0.6848,0.6848,0.6848
1691702086000,0.6848,0.6848,0.6848
1691702087000,0.6849,0.6849,0.6849
1691702088000,0.6848,0.6848,0.6848
1691702089000,0.6849,0.6849,0.6849
1691702090000,0.6849,0.6849,0.6849
1691702091000,0.6849,0.6849,0.6849
1691702092000,0.6849,0.6849,0.6849
1691702093000,0.6848,0.6848,0.6848
1691702094000,0.6848,0.6848,0.6848
1691702095000,0.6849,0.6849,0.6849
1691702096000,0.6848,0.6848,0.6848
1691702097000,0.6848,0.6848,0.6848
1691702098000,0.6848,0.6848,0.6848
1691702099000,0.6848,0.6848,0.6848
1691702100000,0.6849,0.6849,0.6849
1691702101000,0.6848,0.6848,0.6848
1691702102000,0.6848,0.6848,0.6848
1691702103000,0.6848,0.6848,0.6848
1691702104000,0.6848,0.6848,0.6848
1691702105000,0.6848,0.6848,0.6848
1691702106000,0.6848,0.6848,0.6848
1691702107000,0.6848,0.6848,0.6848
1691702108000,0.6848,0.6848,0.6848
1691702109000,0.6848,0.6848,0.6848
1691702110000,0.6848,0.6848,0.6848
1691702111000,0.6848,0.6848,0.6848
1691702112000,0.6848,0.6848,0.6848
1691702113000,0.6847,0.6847,0.6847
1691702114000,0.6847,0.6847,0.6847
1691702115000,0.6847,0.6847,0.6847
1691702116000,0.6847,0.6847,0.6847
1691702117000,0.6847,0.6847,0.6847
1691702118000,0.6848,0.6848,0.6848
1691702119000,0.6848,0.6848,0.6848
1691702120000,0.6848,0.6848,0.6848
1691702121000,0.6848,0.6848,0.6848
1691702122000,0.6848,0.6848,0.6848
1691702123000,0.6847,0.6847,0.6847
1691702124000,0.6847,0.6847,0.6847
1691702125000,0.6847,0.6847,0.6847
1691702126000,0.6847,0.6847,0.6847
1691702127000,0.6847,0.6847,0.6847
1691702128000,0.6847,0.6847,0.6847
1691702129000,0.6847,0.6847,0.6847
1691702130000,0.6847,0.6847,0.6847
1691702131000,0.6847,0.6847,0.6847
1691702132000,0.6847,0.6847,0.6847
1691702133000,0.6847,0.6847,0.6847
1691702134000,0.6847,0.6847,0.6847
1691702135000,0.6847,0.6847,0.6847
1691702136000,0.6847,0.6847,0.6847
1691702137000,0.6847,0.6847,0.6847
1691702138000,0.6847,0.6847,0.6847
1691702139000,0.6847,0.6847,0.6847
1691702140000,0.6847,0.6847,0.6847
1691702141000,0.6847,0.6847,0.6847
1691702142000,0.6848,0.6848,0.6848
1691702143000,0.6847,0.6847,0.6847
1691702144000,0.6847,0.6847,0.6847
1691702145000,0.6847,0.6847,0.6847
1691702146000,0.6847,0.6847,0.6847
1691702147000,0.6847,0.6847,0.6847
1691702148000,0.6847,0.6847,0.6847
1691702149000,0.6848,0.6848,0.6848
1691702150000,0.6847,0.6847,0.6847
1691702151000,0.6848,0.6848,0.6848
1691702152000,0.6848,0.6848,0.6848
1691702153000,0.6847,0.6847,0.6847
1691702154000,0.6847,0.6847,0.6847
1691702155000,0.6847,0.6847,0.6847
1691702156000,0.6847,0.6847,0.6847
1691702157000,0.6847,0.6847,0.6847
1691702158000,0.6847,0.6847,0.6847
1691702159000,0.6847,0.6847,0.6847
1691702160000,0.6847,0.6847,0.6847
1691702161000,0.6847,0.6847,0.6847
1691702162000,0.6848,0.6848,0.6848
1691702163000,0.6847,0.6847,0.6847
1691702164000,0.6847,0.6847,0.6847
1691702165000,0.6847,0.6847,0.6847
1691702166000,0.6847,0.6847,0.6847
1691702167000,0.6847,0.6847,0.6847
1691702168000,0.6848,0.6848,0.6848
1691702169000,0.6848,0.6848,0.6848
1691702170000,0.6848,0.6848,0.6848
1691702171000,0.6848,0.6848,0.6848
1691702172000,0.6847,0.6847,0.6847
1691702173000,0.6847,0.6847,0.6847
1691702174000,0.6847,0.6847,0.6847
1691702175000,0.6847,0.6847,0.6847
1691702176000,0.6847,0.6847,0.6847
1691702177000,0.6847,0.6847,0.6847
1691702178000,0.6847,0.6847,0.6847
1691702179000,0.6847,0.6847,0.6847
1691702180000,0.6847,0.6847,0.6847
1691702181000,0.6847,0.6847,0.6847
1691702182000,0.6847,0.6847,0.6847
1691702183000,0.6847,0.6847,0.6847
1691702184000,0.6847,0.6847,0.6847
1691702185000,0.68470629,0.68470629,0.68470629
1691702186000,0.68470629,0.68470629,0.68470629
1691702187000,0.68470629,0.68470629,0.68470629
1691702188000,0.68470629,0.68470629,0.68470629
1691702189000,0.6848,0.6848,0.6848
1691702190000,0.6848,0.6848,0.6848
1691702191000,0.6848,0.6848,0.6848
1691702192000,0.6848,0.6848,0.6848
1691702193000,0.6848,0.6848,0.6848
1691702194000,0.6849,0.6849,0.6849
1691702195000,0.6849,0.6849,0.6849
1691702196000,0.6849,0.6849,0.6849
1691702197000,0.6849,0.6849,0.6849
1691702198000,0.6849,0.6849,0.6849
1691702199000,0.6849,0.6849,0.6849
1691702200000,0.6849,0.6849,0.6849
1691702201000,0.6849,0.6849,0.6849
1691702202000,0.6849,0.6849,0.6849
1691702203000,0.6849,0.6849,0.6849
1691702204000,0.685,0.685,0.685
1691702205000,0.685,0.685,0.685
1691702206000,0.6849,0.6849,0.6849
1691702207000,0.6849,0.6849,0.6849
1691702208000,0.6849,0.6849,0.6849
1691702209000,0.6849,0.6849,0.6849
1691702210000,0.685,0.685,0.685
1691702211000,0.685,0.685,0.685
1691702212000,0.685,0.685,0.685
1691702213000,0.685,0.685,0.685
1691702214000,0.685,0.685,0.685
1691702215000,0.685,0.685,0.685
1691702216000,0.6849,0.6849,0.6849
1691702217000,0.6849,0.6849,0.6849
1691702218000,0.6849,0.6849,0.6849
1691702219000,0.6849,0.6849,0.6849
1691702220000,0.6849,0.6849,0.6849
1691702221000,0.6849,0.6849,0.6849
1691702222000,0.6849,0.6849,0.6849
1691702223000,0.6849,0.6849,0.6849
1691702224000,0.6849,0.6849,0.6849
1691702225000,0.685,0.685,0.685
1691702226000,0.6849,0.6849,0.6849
1691702227000,0.6849,0.6849,0.6849
1691702228000,0.6849,0.6849,0.6849
1691702229000,0.6849,0.6849,0.6849
1691702230000,0.6849,0.6849,0.6849
1691702231000,0.6849,0.6849,0.6849
1691702232000,0.685,0.685,0.685
1691702233000,0.685,0.685,0.685
1691702234000,0.685,0.685,0.685
1691702235000,0.685,0.685,0.685
1691702236000,0.685,0.685,0.685
1691702237000,0.685,0.685,0.685
1691702238000,0.685,0.685,0.685
1691702239000,0.685,0.685,0.685
1691702240000,0.685,0.685,0.685
1691702241000,0.685,0.685,0.685
1691702242000,0.685,0.685,0.685
1691702243000,0.685,0.685,0.685
1691702244000,0.685,0.685,0.685
1691702245000,0.685,0.685,0.685
1691702246000,0.685,0.685,0.685
1691702247000,0.685,0.685,0.685
1691702248000,0.685,0.685,0.685
1691702249000,0.685,0.685,0.685
1691702250000,0.685,0.685,0.685
1691702251000,0.685,0.685,0.685
1691702252000,0.6849,0.6849,0.6849
1691702253000,0.6849,0.6849,0.6849
1691702254000,0.6849,0.6849,0.6849
1691702255000,0.6849,0.6849,0.6849
1691702256000,0.6849,0.6849,0.6849
1691702257000,0.685,0.685,0.685
1691702258000,0.685,0.685,0.685
1691702259000,0.685,0.685,0.685
1691702260000,0.68492982,0.68492982,0.68492982
1691702261000,0.685,0.685,0.685
1691702262000,0.685,0.685,0.685
1691702263000,0.685,0.685,0.685
1691702264000,0.685,0.685,0.685
1691702265000,0.685,0.685,0.685
1691702266000,0.68493773,0.68493773,0.68493773
1691702267000,0.6849,0.6849,0.6849
1691702268000,0.6849,0.6849,0.6849
1691702269000,0.6849,0.6849,0.6849
1691702270000,0.6849,0.6849,0.6849
1691702271000,0.6849,0.6849,0.6849
1691702272000,0.685,0.685,0.685
1691702273000,0.6852,0.6852,0.6852
1691702274000,0.6851,0.6851,0.6851
1691702275000,0.6851,0.6851,0.6851
1691702276000,0.6851,0.6851,0.6851
1691702277000,0.6851,0.6851,0.6851
1691702278000,0.6851,0.6851,0.6851
1691702279000,0.6851,0.6851,0.6851
1691702280000,0.6851,0.6851,0.6851
1691702281000,0.6851,0.6851,0.6851
1691702282000,0.6851,0.6851,0.6851
1691702283000,0.6851,0.6851,0.6851
1691702284000,0.6851,0.6851,0.6851
1691702285000,0.6851,0.6851,0.6851
1691702286000,0.6851,0.6851,0.6851
1691702287000,0.6851,0.6851,0.6851
1691702288000,0.6851,0.6851,0.6851
1691702289000,0.6851,0.6851,0.6851
1691702290000,0.6851,0.6851,0.6851
1691702291000,0.6851,0.6851,0.6851
1691702292000,0.6852,0.6852,0.6852
1691702293000,0.6852,0.6852,0.6852
1691702294000,0.6852,0.6852,0.6852
1691702295000,0.6852,0.6852,0.6852
1691702296000,0.6852,0.6852,0.6852
1691702297000,0.6852,0.6852,0.6852
1691702298000,0.6852,0.6852,0.6852
1691702299000,0.6852,0.6852,0.6852
1691702300000,0.6852,0.6852,0.6852
1691702301000,0.6852,0.6852,0.6852
1691702302000,0.6852,0.6852,0.6852
1691702303000,0.6852,0.6852,0.6852
1691702304000,0.6852,0.6852,0.6852
1691702305000,0.6851,0.6851,0.6851
1691702306000,0.6851,0.6851,0.6851
1691702307000,0.6851,0.6851,0.6851
1691702308000,0.6851,0.6851,0.6851
1691702309000,0.6851,0.6851,0.6851
1691702310000,0.6851,0.6851,0.6851
1691702311000,0.6851,0.6851,0.6851
1691702312000,0.6851,0.6851,0.6851
1691702313000,0.6851,0.6851,0.6851
1691702314000,0.6851,0.6851,0.6851
1691702315000,0.6851,0.6851,0.6851
1691702316000,0.6851,0.6851,0.6851
1691702317000,0.6851,0.6851,0.6851
1691702318000,0.6851,0.6851,0.6851
1691702319000,0.6851,0.6851,0.6851
1691702320000,0.6851,0.6851,0.6851
1691702321000,0.6851,0.6851,0.6851
1691702322000,0.6851,0.6851,0.6851
1691702323000,0.6852,0.6852,0.6852
1691702324000,0.6852,0.6852,0.6852
1691702325000,0.6852,0.6852,0.6852
1691702326000,0.6852,0.6852,0.6852
1691702327000,0.6852,0.6852,0.6852
1691702328000,0.6852,0.6852,0.6852
1691702329000,0.6852,0.6852,0.6852
1691702330000,0.6852,0.6852,0.6852
1691702331000,0.6852,0.6852,0.6852
1691702332000,0.6852,0.6852,0.6852
1691702333000,0.6852,0.6852,0.6852
1691702334000,0.6852,0.6852,0.6852
1691702335000,0.6852,0.6852,0.6852
1691702336000,0.6852,0.6852,0.6852
1691702337000,0.6852,0.6852,0.6852
1691702338000,0.6852,0.6852,0.6852
1691702339000,0.6851,0.6851,0.6851
1691702340000,0.6851,0.6851,0.6851
1691702341000,0.6851,0.6851,0.6851
1691702342000,0.6851,0.6851,0.6851
1691702343000,0.6851,0.6851,0.6851
1691702344000,0.6851,0.6851,0.6851
1691702345000,0.6851,0.6851,0.6851
1691702346000,0.6851,0.6851,0.6851
1691702347000,0.6851,0.6851,0.6851
1691702348000,0.6851,0.6851,0.6851
1691702349000,0.6851,0.6851,0.6851
1691702350000,0.6851,0.6851,0.6851
1691702351000,0.6851,0.6851,0.6851
1691702352000,0.6851,0.6851,0.6851
1691702353000,0.6851,0.6851,0.6851
1691702354000,0.68505695,0.68505695,0.68505695
1691702355000,0.68511045,0.68511045,0.68511045
1691702356000,0.68511042,0.68511042,0.68511042
1691702357000,0.68511042,0.68511042,0.68511042
1691702358000,0.68511045,0.68511045,0.68511045
1691702359000,0.68506042,0.68506042,0.68506042
1691702360000,0.68506246,0.68506246,0.68506246
1691702361000,0.6851,0.6851,0.6851
1691702362000,0.68506246,0.68506246,0.68506246
1691702363000,0.68506249,0.68506249,0.68506249
1691702364000,0.68506246,0.68506246,0.68506246
1691702365000,0.68506246,0.68506246,0.68506246
1691702366000,0.68511579,0.68511579,0.68511579
1691702367000,0.68511579,0.68511579,0.68511579
1691702368000,0.68511497,0.68511497,0.68511497
1691702369000,0.68511493,0.68511493,0.68511493
1691702370000,0.68511493,0.68511493,0.68511493
1691702371000,0.68511332,0.68511332,0.68511332
1691702372000,0.68511332,0.68511332,0.68511332
1691702373000,0.68506332,0.68506332,0.68506332
1691702374000,0.68506332,0.68506332,0.68506332
1691702375000,0.68506332,0.68506332,0.68506332
1691702376000,0.68506332,0.68506332,0.68506332
1691702377000,0.68506196,0.68506196,0.68506196
1691702378000,0.68506196,0.68506196,0.68506196
1691702379000,0.685062,0.685062,0.685062
1691702380000,0.685062,0.685062,0.685062
1691702381000,0.685062,0.685062,0.685062
1691702382000,0.685061,0.685061,0.685061
1691702383000,0.68506182,0.68506182,0.68506182
1691702384000,0.68506182,0.68506182,0.68506182
1691702385000,0.68506182,0.68506182,0.68506182
1691702386000,0.68506185,0.68506185,0.68506185
1691702387000,0.685061,0.685061,0.685061
1691702388000,0.68505996,0.68505996,0.68505996
1691702389000,0.68505999,0.68505999,0.68505999
1691702390000,0.68510999,0.68510999,0.68510999
1691702391000,0.6851,0.6851,0.6851
1691702392000,0.6851,0.6851,0.6851
1691702393000,0.6851,0.6851,0.6851
1691702394000,0.6851,0.6851,0.6851
1691702395000,0.6851,0.6851,0.6851
1691702396000,0.6851,0.6851,0.6851
1691702397000,0.6851,0.6851,0.6851
1691702398000,0.6851,0.6851,0.6851
1691702399000,0.68505818,0.68505818,0.68505818
1691702400000,0.68505818,0.68505818,0.68505818
1691702401000,0.68505818,0.68505818,0.68505818
1691702402000,0.68505729,0.68505729,0.68505729
1691702403000,0.68505732,0.68505732,0.68505732
1691702404000,0.68505732,0.68505732,0.68505732
1691702405000,0.6851,0.6851,0.6851
1691702406000,0.6851,0.6851,0.6851
1691702407000,0.6851,0.6851,0.6851
1691702408000,0.6851,0.6851,0.6851
1691702409000,0.68510226,0.68510226,0.68510226
1691702410000,0.68510227,0.68510227,0.68510227
1691702411000,0.68510227,0.68510227,0.68510227
1691702412000,0.6851023,0.6851023,0.6851023
1691702413000,0.6851023,0.6851023,0.6851023
1691702414000,0.6851023,0.6851023,0.6851023
1691702415000,0.6851023,0.6851023,0.6851023
1691702416000,0.6851033,0.6851033,0.6851033
1691702417000,0.6851033,0.6851033,0.6851033
1691702418000,0.6851027,0.6851027,0.6851027
1691702419000,0.6851027,0.6851027,0.6851027
1691702420000,0.6851027,0.6851027,0.6851027
1691702421000,0.68509858,0.68509858,0.68509858
1691702422000,0.68509855,0.68509855,0.68509855
1691702423000,0.68509855,0.68509855,0.68509855
1691702424000,0.68509777,0.68509777,0.68509777
1691702425000,0.68509773,0.68509773,0.68509773
1691702426000,0.68509773,0.68509773,0.68509773
1691702427000,0.68509618,0.68509618,0.68509618
1691702428000,0.68509618,0.68509618,0.68509618
1691702429000,0.68509603,0.68509603,0.68509603
1691702430000,0.68509603,0.68509603,0.68509603
1691702431000,0.68509603,0.68509603,0.68509603
1691702432000,0.68509439,0.68509439,0.68509439
1691702433000,0.68509442,0.68509442,0.68509442
1691702434000,0.68509449,0.68509449,0.68509449
1691702435000,0.68504446,0.68504446,0.68504446
1691702436000,0.68504449,0.68504449,0.68504449
1691702437000,0.68504446,0.68504446,0.68504446
1691702438000,0.68504373,0.68504373,0.68504373
1691702439000,0.68504373,0.68504373,0.68504373
1691702440000,0.68504373,0.68504373,0.68504373
1691702441000,0.68504373,0.68504373,0.68504373
1691702442000,0.68504462,0.68504462,0.68504462
1691702443000,0.68504396,0.68504396,0.68504396
1691702444000,0.68504399,0.68504399,0.68504399
1691702445000,0.68504399,0.68504399,0.68504399
1691702446000,0.68504399,0.68504399,0.68504399
1691702447000,0.68504399,0.68504399,0.68504399
1691702448000,0.68504399,0.68504399,0.68504399
1691702449000,0.68504573,0.68504573,0.68504573
1691702450000,0.68504577,0.68504577,0.68504577
1691702451000,0.68504573,0.68504573,0.68504573
1691702452000,0.68504573,0.68504573,0.68504573
1691702453000,0.68504577,0.68504577,0.68504577
1691702454000,0.6850475,0.6850475,0.6850475
1691702455000,0.6850475,0.6850475,0.6850475
1691702456000,0.68504535,0.68504535,0.68504535
1691702457000,0.68504621,0.68504621,0.68504621
1691702458000,0.6851,0.6851,0.6851
1691702459000,0.68504617,0.68504617,0.68504617
1691702460000,0.68504796,0.68504796,0.68504796
1691702461000,0.68504792,0.68504792,0.68504792
1691702462000,0.68504796,0.68504796,0.68504796
1691702463000,0.68504792,0.68504792,0.68504792
1691702464000,0.68504841,0.68504841,0.68504841
1691702465000,0.68505113,0.68505113,0.68505113
1691702466000,0.68505113,0.68505113,0.68505113
1691702467000,0.68505113,0.68505113,0.68505113
1691702468000,0.68505109,0.68505109,0.68505109
1691702469000,0.68505113,0.68505113,0.68505113
1691702470000,0.68505113,0.68505113,0.68505113
1691702471000,0.68505116,0.68505116,0.68505116
1691702472000,0.68505116,0.68505116,0.68505116
1691702473000,0.68505119,0.68505119,0.68505119
1691702474000,0.68505116,0.68505116,0.68505116
1691702475000,0.68505201,0.68505201,0.68505201
1691702476000,0.68505201,0.68505201,0.68505201
1691702477000,0.6851,0.6851,0.6851
1691702478000,0.6851,0.6851,0.6851
1691702479000,0.6850528,0.6850528,0.6850528
1691702480000,0.6850528,0.6850528,0.6850528
1691702481000,0.68510277,0.68510277,0.68510277
1691702482000,0.68510355,0.68510355,0.68510355
1691702483000,0.68510358,0.68510358,0.68510358
1691702484000,0.68510358,0.68510358,0.68510358
1691702485000,0.68510358,0.68510358,0.68510358
1691702486000,0.68510358,0.68510358,0.68510358
1691702487000,0.68510358,0.68510358,0.68510358
1691702488000,0.68510457,0.68510457,0.68510457
1691702489000,0.68510461,0.68510461,0.68510461
1691702490000,0.68510372,0.68510372,0.68510372
1691702491000,0.68510461,0.68510461,0.68510461
1691702492000,0.68510461,0.68510461,0.68510461
1691702493000,0.68510853,0.68510853,0.68510853
1691702494000,0.68510856,0.68510856,0.68510856
1691702495000,0.68510853,0.68510853,0.68510853
1691702496000,0.68510856,0.68510856,0.68510856
1691702497000,0.68510856,0.68510856,0.68510856
1691702498000,0.68510856,0.68510856,0.68510856
1691702499000,0.68510803,0.68510803,0.68510803
1691702500000,0.6851,0.6851,0.6851
1691702501000,0.6851,0.6851,0.6851
1691702502000,0.6852,0.6852,0.6852
1691702503000,0.6852,0.6852,0.6852
1691702504000,0.6851,0.6851,0.6851
1691702505000,0.68510269,0.68510269,0.68510269
1691702506000,0.68510272,0.68510272,0.68510272
1691702507000,0.68510272,0.68510272,0.68510272
1691702508000,0.68510272,0.68510272,0.68510272
1691702509000,0.6852,0.6852,0.6852
1691702510000,0.6852,0.6852,0.6852
1691702511000,0.6852,0.6852,0.6852
1691702512000,0.6852,0.6852,0.6852
1691702513000,0.6852,0.6852,0.6852
1691702514000,0.68510983,0.68510983,0.68510983
1691702515000,0.68511191,0.68511191,0.68511191
1691702516000,0.68511273,0.68511273,0.68511273
1691702517000,0.68511273,0.68511273,0.68511273
1691702518000,0.68511273,0.68511273,0.68511273
1691702519000,0.68511277,0.68511277,0.68511277
1691702520000,0.68511273,0.68511273,0.68511273
1691702521000,0.68511137,0.68511137,0.68511137
1691702522000,0.68511137,0.68511137,0.68511137
1691702523000,0.68511137,0.68511137,0.68511137
1691702524000,0.68511137,0.68511137,0.68511137
1691702525000,0.68511137,0.68511137,0.68511137
1691702526000,0.68506109,0.68506109,0.68506109
1691702527000,0.68506105,0.68506105,0.68506105
1691702528000,0.68511109,0.68511109,0.68511109
1691702529000,0.68511109,0.68511109,0.68511109
1691702530000,0.68511105,0.68511105,0.68511105
1691702531000,0.68511105,0.68511105,0.68511105
1691702532000,0.68510972,0.68510972,0.68510972
1691702533000,0.68510976,0.68510976,0.68510976
1691702534000,0.68511062,0.68511062,0.68511062
1691702535000,0.68511058,0.68511058,0.68511058
1691702536000,0.68511058,0.68511058,0.68511058
1691702537000,0.68511062,0.68511062,0.68511062
1691702538000,0.68511019,0.68511019,0.68511019
1691702539000,0.68511019,0.68511019,0.68511019
1691702540000,0.68511104,0.68511104,0.68511104
1691702541000,0.68511101,0.68511101,0.68511101
1691702542000,0.68511101,0.68511101,0.68511101
1691702543000,0.68511064,0.68511064,0.68511064
1691702544000,0.6851106,0.6851106,0.6851106
1691702545000,0.6851106,0.6851106,0.6851106
1691702546000,0.6851,0.6851,0.6851
1691702547000,0.6851,0.6851,0.6851
1691702548000,0.6851,0.6851,0.6851
1691702549000,0.68505967,0.68505967,0.68505967
1691702550000,0.68505878,0.68505878,0.68505878
1691702551000,0.68505963,0.68505963,0.68505963
1691702552000,0.6851,0.6851,0.6851
1691702553000,0.6851,0.6851,0.6851
1691702554000,0.6850601,0.6850601,0.6850601
1691702555000,0.6850601,0.6850601,0.6850601
1691702556000,0.6850601,0.6850601,0.6850601
1691702557000,0.6850601,0.6850601,0.6850601
1691702558000,0.68506013,0.68506013,0.68506013
1691702559000,0.68506013,0.68506013,0.68506013
1691702560000,0.6851,0.6851,0.6851
1691702561000,0.6851,0.6851,0.6851
1691702562000,0.68505971,0.68505971,0.68505971
1691702563000,0.68505974,0.68505974,0.68505974
1691702564000,0.68505974,0.68505974,0.68505974
1691702565000,0.68511103,0.68511103,0.68511103
1691702566000,0.68511103,0.68511103,0.68511103
1691702567000,0.68511099,0.68511099,0.68511099
1691702568000,0.68511099,0.68511099,0.68511099
1691702569000,0.68511103,0.68511103,0.68511103
1691702570000,0.68511103,0.68511103,0.68511103
1691702571000,0.68511217,0.68511217,0.68511217
1691702572000,0.68510467,0.68510467,0.68510467
1691702573000,0.68510467,0.68510467,0.68510467
1691702574000,0.68510467,0.68510467,0.68510467
1691702575000,0.68510464,0.68510464,0.68510464
1691702576000,0.68510102,0.68510102,0.68510102
1691702577000,0.68510106,0.68510106,0.68510106
1691702578000,0.68510106,0.68510106,0.68510106
1691702579000,0.68510063,0.68510063,0.68510063
1691702580000,0.68509981,0.68509981,0.68509981
1691702581000,0.68509981,0.68509981,0.68509981
1691702582000,0.68509552,0.68509552,0.68509552
1691702583000,0.6851,0.6851,0.6851
1691702584000,0.6851,0.6851,0.6851
1691702585000,0.6852,0.6852,0.6852
1691702586000,0.6853,0.6853,0.6853
1691702587000,0.6853,0.6853,0.6853
1691702588000,0.6853,0.6853,0.6853
1691702589000,0.6852,0.6852,0.6852
1691702590000,0.6852,0.6852,0.6852
1691702591000,0.6852,0.6852,0.6852
1691702592000,0.6852,0.6852,0.6852
1691702593000,0.6852,0.6852,0.6852
1691702594000,0.6852,0.6852,0.6852
1691702595000,0.6852,0.6852,0.6852
1691702596000,0.6852,0.6852,0.6852
1691702597000,0.6852,0.6852,0.6852
1691702598000,0.6852,0.6852,0.6852
1691702599000,0.6852,0.6852,0.6852
1691702600000,0.6852,0.6852,0.6852
1691702601000,0.6852,0.6852,0.6852
1691702602000,0.6852,0.6852,0.6852
1691702603000,0.6852,0.6852,0.6852
1691702604000,0.6852,0.6852,0.6852
1691702605000,0.6852,0.6852,0.6852
1691702606000,0.6852,0.6852,0.6852
1691702607000,0.6853,0.6853,0.6853
1691702608000,0.6853,0.6853,0.6853
1691702609000,0.6852,0.6852,0.6852
1691702610000,0.6852,0.6852,0.6852
1691702611000,0.6852,0.6852,0.6852
1691702612000,0.6852,0.6852,0.6852
1691702613000,0.6852,0.6852,0.6852
1691702614000,0.6852,0.6852,0.6852
1691702615000,0.6852,0.6852,0.6852
1691702616000,0.6852,0.6852,0.6852
1691702617000,0.6852,0.6852,0.6852
1691702618000,0.6852,0.6852,0.6852
1691702619000,0.6852,0.6852,0.6852
1691702620000,0.6852,0.6852,0.6852
1691702621000,0.6852,0.6852,0.6852
1691702622000,0.6852,0.6852,0.6852
1691702623000,0.6852,0.6852,0.6852
1691702624000,0.6852,0.6852,0.6852
1691702625000,0.6852,0.6852,0.6852
1691702626000,0.6852,0.6852,0.6852
1691702627000,0.6852,0.6852,0.6852
1691702628000,0.6852,0.6852,0.6852
1691702629000,0.68516703,0.68516703,0.68516703
1691702630000,0.68516703,0.68516703,0.68516703
1691702631000,0.68516699,0.68516699,0.68516699
1691702632000,0.6852,0.6852,0.6852
1691702633000,0.6852,0.6852,0.6852
1691702634000,0.68516615,0.68516615,0.68516615
1691702635000,0.68516619,0.68516619,0.68516619
1691702636000,0.68516619,0.68516619,0.68516619
1691702637000,0.68516386,0.68516386,0.68516386
1691702638000,0.68516334,0.68516334,0.68516334
1691702639000,0.68516334,0.68516334,0.68516334
1691702640000,0.6852,0.6852,0.6852
1691702641000,0.6852,0.6852,0.6852
1691702642000,0.6852,0.6852,0.6852
1691702643000,0.6852,0.6852,0.6852
1691702644000,0.6852,0.6852,0.6852
1691702645000,0.68517017,0.68517017,0.68517017
1691702646000,0.68517021,0.68517021,0.68517021
1691702647000,0.68517021,0.68517021,0.68517021
1691702648000,0.68516925,0.68516925,0.68516925
1691702649000,0.6851701,0.6851701,0.6851701
1691702650000,0.6851701,0.6851701,0.6851701
1691702651000,0.6851701,0.6851701,0.6851701
1691702652000,0.6852,0.6852,0.6852
1691702653000,0.6852,0.6852,0.6852
1691702654000,0.6852,0.6852,0.6852
1691702655000,0.68517008,0.68517008,0.68517008
1691702656000,0.68517005,0.68517005,0.68517005
1691702657000,0.68517005,0.68517005,0.68517005
1691702658000,0.68517005,0.68517005,0.68517005
1691702659000,0.6851707,0.6851707,0.6851707
1691702660000,0.6851707,0.6851707,0.6851707
1691702661000,0.6851707,0.6851707,0.6851707
1691702662000,0.6852,0.6852,0.6852
1691702663000,0.6852,0.6852,0.6852
1691702664000,0.6852,0.6852,0.6852
1691702665000,0.6852,0.6852,0.6852
1691702666000,0.68521969,0.68521969,0.68521969
1691702667000,0.68522719,0.68522719,0.68522719
1691702668000,0.68522719,0.68522719,0.68522719
1691702669000,0.68522719,0.68522719,0.68522719
1691702670000,0.68527844,0.68527844,0.68527844
1691702671000,0.68528008,0.68528008,0.68528008
1691702672000,0.68528008,0.68528008,0.68528008
1691702673000,0.6853,0.6853,0.6853
1691702674000,0.6853,0.6853,0.6853
1691702675000,0.68533133,0.68533133,0.68533133
1691702676000,0.68533101,0.68533101,0.68533101
1691702677000,0.6854,0.6854,0.6854
1691702678000,0.6854,0.6854,0.6854
1691702679000,0.6854,0.6854,0.6854
1691702680000,0.68533101,0.68533101,0.68533101
1691702681000,0.68533101,0.68533101,0.68533101
1691702682000,0.68533182,0.68533182,0.68533182
1691702683000,0.6854,0.6854,0.6854
1691702684000,0.6854,0.6854,0.6854
1691702685000,0.6854,0.6854,0.6854
1691702686000,0.6854,0.6854,0.6854
1691702687000,0.6854,0.6854,0.6854
1691702688000,0.6854,0.6854,0.6854
1691702689000,0.6854,0.6854,0.6854
1691702690000,0.6854,0.6854,0.6854
1691702691000,0.6854,0.6854,0.6854
1691702692000,0.6854,0.6854,0.6854
1691702693000,0.6854,0.6854,0.6854
1691702694000,0.6854,0.6854,0.6854
1691702695000,0.68534267,0.68534267,0.68534267
1691702696000,0.68534271,0.68534271,0.68534271
1691702697000,0.68534267,0.68534267,0.68534267
1691702698000,0.68534555,0.68534555,0.68534555
1691702699000,0.6854,0.6854,0.6854
1691702700000,0.6854,0.6854,0.6854
1691702701000,0.6854,0.6854,0.6854
1691702702000,0.68541055,0.68541055,0.68541055
1691702703000,0.6855,0.6855,0.6855
1691702704000,0.6855,0.6855,0.6855
1691702705000,0.68541861,0.68541861,0.68541861
1691702706000,0.68541861,0.68541861,0.68541861
1691702707000,0.68541857,0.68541857,0.68541857
1691702708000,0.68541775,0.68541775,0.68541775
1691702709000,0.6855,0.6855,0.6855
1691702710000,0.6854193,0.6854193,0.6854193
1691702711000,0.68541933,0.68541933,0.68541933
1691702712000,0.6854193,0.6854193,0.6854193
1691702713000,0.68541933,0.68541933,0.68541933
1691702714000,0.68541933,0.68541933,0.68541933
1691702715000,0.68542082,0.68542082,0.68542082
1691702716000,0.68542082,0.68542082,0.68542082
1691702717000,0.68552079,0.68552079,0.68552079
1691702718000,0.68552079,0.68552079,0.68552079
1691702719000,0.68552079,0.68552079,0.68552079
1691702720000,0.68547447,0.68547447,0.68547447
1691702721000,0.68547447,0.68547447,0.68547447
1691702722000,0.68547361,0.68547361,0.68547361
1691702723000,0.68547361,0.68547361,0.68547361
1691702724000,0.68552447,0.68552447,0.68552447
1691702725000,0.68552559,0.68552559,0.68552559
1691702726000,0.68553068,0.68553068,0.68553068
1691702727000,0.68553068,0.68553068,0.68553068
1691702728000,0.68553068,0.68553068,0.68553068
1691702729000,0.68553068,0.68553068,0.68553068
1691702730000,0.68553068,0.68553068,0.68553068
1691702731000,0.68553195,0.68553195,0.68553195
1691702732000,0.6856,0.6856,0.6856
1691702733000,0.6856,0.6856,0.6856
1691702734000,0.68554781,0.68554781,0.68554781
1691702735000,0.68554781,0.68554781,0.68554781
1691702736000,0.68554991,0.68554991,0.68554991
1691702737000,0.68555223,0.68555223,0.68555223
1691702738000,0.68555219,0.68555219,0.68555219
1691702739000,0.68555219,0.68555219,0.68555219
1691702740000,0.68555223,0.68555223,0.68555223
1691702741000,0.68550114,0.68550114,0.68550114
1691702742000,0.68553225,0.68553225,0.68553225
1691702743000,0.68558225,0.68558225,0.68558225
1691702744000,0.68558225,0.68558225,0.68558225
1691702745000,0.68558225,0.68558225,0.68558225
1691702746000,0.68558307,0.68558307,0.68558307
1691702747000,0.68558218,0.68558218,0.68558218
1691702748000,0.68558039,0.68558039,0.68558039
1691702749000,0.68558035,0.68558035,0.68558035
1691702750000,0.68558039,0.68558039,0.68558039
1691702751000,0.68558039,0.68558039,0.68558039
1691702752000,0.68558834,0.68558834,0.68558834
1691702753000,0.68558652,0.68558652,0.68558652
1691702754000,0.68558655,0.68558655,0.68558655
1691702755000,0.68558655,0.68558655,0.68558655
1691702756000,0.68558577,0.68558577,0.68558577
1691702757000,0.68558573,0.68558573,0.68558573
1691702758000,0.68558573,0.68558573,0.68558573
1691702759000,0.68558375,0.68558375,0.68558375
1691702760000,0.68559125,0.68559125,0.68559125
1691702761000,0.68559129,0.68559129,0.68559129
1691702762000,0.68559181,0.68559181,0.68559181
1691702763000,0.68559178,0.68559178,0.68559178
1691702764000,0.68559055,0.68559055,0.68559055
1691702765000,0.68559055,0.68559055,0.68559055
1691702766000,0.68559058,0.68559058,0.68559058
1691702767000,0.68562808,0.68562808,0.68562808
1691702768000,0.68562719,0.68562719,0.68562719
1691702769000,0.68562719,0.68562719,0.68562719
1691702770000,0.68562598,0.68562598,0.68562598
1691702771000,0.68557598,0.68557598,0.68557598
1691702772000,0.68557594,0.68557594,0.68557594
1691702773000,0.68557594,0.68557594,0.68557594
1691702774000,0.68557594,0.68557594,0.68557594
1691702775000,0.68557598,0.68557598,0.68557598
1691702776000,0.68557255,0.68557255,0.68557255
1691702777000,0.6855738,0.6855738,0.6855738
1691702778000,0.6855738,0.6855738,0.6855738
1691702779000,0.68557377,0.68557377,0.68557377
1691702780000,0.6855738,0.6855738,0.6855738
1691702781000,0.68562272,0.68562272,0.68562272
1691702782000,0.68562272,0.68562272,0.68562272
1691702783000,0.68562272,0.68562272,0.68562272
1691702784000,0.68562272,0.68562272,0.68562272
1691702785000,0.6857,0.6857,0.6857
1691702786000,0.6857,0.6857,0.6857
1691702787000,0.68563892,0.68563892,0.68563892
1691702788000,0.68563892,0.68563892,0.68563892
1691702789000,0.68563892,0.68563892,0.68563892
1691702790000,0.68563892,0.68563892,0.68563892
1691702791000,0.68563892,0.68563892,0.68563892
1691702792000,0.68563713,0.68563713,0.68563713
1691702793000,0.68563627,0.68563627,0.68563627
1691702794000,0.68563627,0.68563627,0.68563627
1691702795000,0.68563631,0.68563631,0.68563631
1691702796000,0.68563631,0.68563631,0.68563631
1691702797000,0.68563631,0.68563631,0.68563631
1691702798000,0.68563667,0.68563667,0.68563667
1691702799000,0.68563667,0.68563667,0.68563667
1691702800000,0.68563667,0.68563667,0.68563667
1691702801000,0.6856367,0.6856367,0.6856367
1691702802000,0.68563581,0.68563581,0.68563581
1691702803000,0.68563439,0.68563439,0.68563439
1691702804000,0.6857,0.6857,0.6857
1691702805000,0.68563525,0.68563525,0.68563525
1691702806000,0.68563521,0.68563521,0.68563521
1691702807000,0.6857,0.6857,0.6857
1691702808000,0.6857,0.6857,0.6857
1691702809000,0.6857,0.6857,0.6857
1691702810000,0.68564961,0.68564961,0.68564961
1691702811000,0.68564961,0.68564961,0.68564961
1691702812000,0.68564961,0.68564961,0.68564961
1691702813000,0.68564879,0.68564879,0.68564879
1691702814000,0.68564638,0.68564638,0.68564638
1691702815000,0.68564638,0.68564638,0.68564638
1691702816000,0.68564634,0.68564634,0.68564634
1691702817000,0.68564634,0.68564634,0.68564634
1691702818000,0.68564634,0.68564634,0.68564634
1691702819000,0.6856472,0.6856472,0.6856472
1691702820000,0.68564647,0.68564647,0.68564647
1691702821000,0.68564647,0.68564647,0.68564647
1691702822000,0.68564647,0.68564647,0.68564647
1691702823000,0.68564647,0.68564647,0.68564647
1691702824000,0.68564647,0.68564647,0.68564647
1691702825000,0.68564614,0.68564614,0.68564614
1691702826000,0.68564614,0.68564614,0.68564614
1691702827000,0.6857,0.6857,0.6857
1691702828000,0.6857,0.6857,0.6857
1691702829000,0.6857,0.6857,0.6857
1691702830000,0.6857,0.6857,0.6857
1691702831000,0.68565631,0.68565631,0.68565631
1691702832000,0.68565634,0.68565634,0.68565634
1691702833000,0.68566032,0.68566032,0.68566032
1691702834000,0.68566032,0.68566032,0.68566032
1691702835000,0.68561028,0.68561028,0.68561028
1691702836000,0.6857,0.6857,0.6857
1691702837000,0.6857,0.6857,0.6857
1691702838000,0.6857,0.6857,0.6857
1691702839000,0.6857,0.6857,0.6857
1691702840000,0.6857,0.6857,0.6857
1691702841000,0.6857,0.6857,0.6857
1691702842000,0.6857,0.6857,0.6857
1691702843000,0.6857,0.6857,0.6857
1691702844000,0.6857,0.6857,0.6857
1691702845000,0.6857,0.6857,0.6857
1691702846000,0.6858,0.6858,0.6858
1691702847000,0.68572329,0.68572329,0.68572329
1691702848000,0.68572329,0.68572329,0.68572329
1691702849000,0.68572332,0.68572332,0.68572332
1691702850000,0.68572332,0.68572332,0.68572332
1691702851000,0.68572332,0.68572332,0.68572332
1691702852000,0.6858,0.6858,0.6858
1691702853000,0.68572388,0.68572388,0.68572388
1691702854000,0.68572388,0.68572388,0.68572388
1691702855000,0.6858,0.6858,0.6858
1691702856000,0.68572474,0.68572474,0.68572474
1691702857000,0.6857247,0.6857247,0.6857247
1691702858000,0.68572474,0.68572474,0.68572474
1691702859000,0.68572526,0.68572526,0.68572526
1691702860000,0.68572526,0.68572526,0.68572526
1691702861000,0.68572526,0.68572526,0.68572526
1691702862000,0.68572526,0.68572526,0.68572526
1691702863000,0.68572526,0.68572526,0.68572526
1691702864000,0.68572499,0.68572499,0.68572499
1691702865000,0.68572496,0.68572496,0.68572496
1691702866000,0.68572499,0.68572499,0.68572499
1691702867000,0.68572499,0.68572499,0.68572499
1691702868000,0.68572499,0.68572499,0.68572499
1691702869000,0.68572496,0.68572496,0.68572496
1691702870000,0.68572635,0.68572635,0.68572635
1691702871000,0.68572638,0.68572638,0.68572638
1691702872000,0.68572638,0.68572638,0.68572638
1691702873000,0.68572724,0.68572724,0.68572724
1691702874000,0.6857272,0.6857272,0.6857272
1691702875000,0.68572693,0.68572693,0.68572693
1691702876000,0.68572693,0.68572693,0.68572693
1691702877000,0.68572696,0.68572696,0.68572696
1691702878000,0.68572693,0.68572693,0.68572693
1691702879000,0.68572693,0.68572693,0.68572693
1691702880000,0.68572693,0.68572693,0.68572693
1691702881000,0.68572651,0.68572651,0.68572651
1691702882000,0.68572651,0.68572651,0.68572651
1691702883000,0.68572736,0.68572736,0.68572736
1691702884000,0.68572748,0.68572748,0.68572748
1691702885000,0.68572748,0.68572748,0.68572748
1691702886000,0.68572366,0.68572366,0.68572366
1691702887000,0.68572366,0.68572366,0.68572366
1691702888000,0.68572366,0.68572366,0.68572366
1691702889000,0.68572366,0.68572366,0.68572366
1691702890000,0.6858,0.6858,0.6858
1691702891000,0.68572369,0.68572369,0.68572369
1691702892000,0.68572229,0.68572229,0.68572229
1691702893000,0.68572225,0.68572225,0.68572225
1691702894000,0.6857214,0.6857214,0.6857214
1691702895000,0.6857214,0.6857214,0.6857214
1691702896000,0.6858,0.6858,0.6858
1691702897000,0.6858,0.6858,0.6858
1691702898000,0.6858,0.6858,0.6858
1691702899000,0.6858,0.6858,0.6858
1691702900000,0.6858,0.6858,0.6858
1691702901000,0.6858,0.6858,0.6858
1691702902000,0.6858,0.6858,0.6858
1691702903000,0.6858,0.6858,0.6858
1691702904000,0.6858,0.6858,0.6858
1691702905000,0.6858,0.6858,0.6858
1691702906000,0.6858,0.6858,0.6858
1691702907000,0.6858,0.6858,0.6858
1691702908000,0.6858,0.6858,0.6858
1691702909000,0.6858,0.6858,0.6858
1691702910000,0.6858,0.6858,0.6858
1691702911000,0.686,0.686,0.686
1691702912000,0.686,0.686,0.686
1691702913000,0.686,0.686,0.686
1691702914000,0.686,0.686,0.686
1691702915000,0.6861,0.6861,0.6861
1691702916000,0.686,0.686,0.686
1691702917000,0.6861,0.6861,0.6861
1691702918000,0.686,0.686,0.686
1691702919000,0.686,0.686,0.686
1691702920000,0.6861,0.6861,0.6861
1691702921000,0.686,0.686,0.686
1691702922000,0.6861,0.6861,0.6861
1691702923000,0.686,0.686,0.686
1691702924000,0.686,0.686,0.686
1691702925000,0.686,0.686,0.686
1691702926000,0.686,0.686,0.686
1691702927000,0.686,0.686,0.686
1691702928000,0.686,0.686,0.686
1691702929000,0.686,0.686,0.686
1691702930000,0.6861,0.6861,0.6861
1691702931000,0.686,0.686,0.686
1691702932000,0.6861,0.6861,0.6861
1691702933000,0.6861,0.6861,0.6861
1691702934000,0.6861,0.6861,0.6861
1691702935000,0.6861,0.6861,0.6861
1691702936000,0.686,0.686,0.686
1691702937000,0.686,0.686,0.686
1691702938000,0.686,0.686,0.686
1691702939000,0.686,0.686,0.686
1691702940000,0.686,0.686,0.686
1691702941000,0.686,0.686,0.686
1691702942000,0.686,0.686,0.686
1691702943000,0.6861,0.6861,0.6861
1691702944000,0.6861,0.6861,0.6861
1691702945000,0.6861,0.6861,0.6861
1691702946000,0.6861,0.6861,0.6861
1691702947000,0.6861,0.6861,0.6861
1691702948000,0.6861,0.6861,0.6861
1691702949000,0.6861,0.6861,0.6861
1691702950000,0.6861,0.6861,0.6861
1691702951000,0.6861,0.6861,0.6861
1691702952000,0.6861,0.6861,0.6861
1691702953000,0.6861,0.6861,0.6861
1691702954000,0.6861,0.6861,0.6861
1691702955000,0.6862,0.6862,0.6862
1691702956000,0.6862,0.6862,0.6862
1691702957000,0.6862,0.6862,0.6862
1691702958000,0.6862,0.6862,0.6862
1691702959000,0.6862,0.6862,0.6862
1691702960000,0.6862,0.6862,0.6862
1691702961000,0.6862,0.6862,0.6862
1691702962000,0.6862,0.6862,0.6862
1691702963000,0.6863,0.6863,0.6863
1691702964000,0.6863,0.6863,0.6863
1691702965000,0.6863,0.6863,0.6863
1691702966000,0.6863,0.6863,0.6863
1691702967000,0.6863,0.6863,0.6863
1691702968000,0.6864,0.6864,0.6864
1691702969000,0.6863,0.6863,0.6863
1691702970000,0.6863,0.6863,0.6863
1691702971000,0.6863,0.6863,0.6863
1691702972000,0.6862,0.6862,0.6862
1691702973000,0.6862,0.6862,0.6862
1691702974000,0.6862,0.6862,0.6862
1691702975000,0.6863,0.6863,0.6863
1691702976000,0.6863,0.6863,0.6863
1691702977000,0.6862,0.6862,0.6862
1691702978000,0.6862,0.6862,0.6862
1691702979000,0.6862,0.6862,0.6862
1691702980000,0.6862,0.6862,0.6862
1691702981000,0.6862,0.6862,0.6862
1691702982000,0.6862,0.6862,0.6862
1691702983000,0.6862,0.6862,0.6862
1691702984000,0.6862,0.6862,0.6862
1691702985000,0.6862,0.6862,0.6862
1691702986000,0.6862,0.6862,0.6862
1691702987000,0.6862,0.6862,0.6862
1691702988000,0.6862,0.6862,0.6862
1691702989000,0.6862,0.6862,0.6862
1691702990000,0.6863,0.6863,0.6863
1691702991000,0.6863,0.6863,0.6863
1691702992000,0.6862,0.6862,0.6862
1691702993000,0.68618099,0.68618099,0.68618099
1691702994000,0.68618099,0.68618099,0.68618099
1691702995000,0.68618184,0.68618184,0.68618184
1691702996000,0.68618184,0.68618184,0.68618184
1691702997000,0.68618182,0.68618182,0.68618182
1691702998000,0.68618182,0.68618182,0.68618182
1691702999000,0.68618179,0.68618179,0.68618179
1691703000000,0.68613182,0.68613182,0.68613182
1691703001000,0.68613182,0.68613182,0.68613182
1691703002000,0.68613265,0.68613265,0.68613265
1691703003000,0.6862,0.6862,0.6862
1691703004000,0.6862,0.6862,0.6862
1691703005000,0.6862,0.6862,0.6862
1691703006000,0.6862,0.6862,0.6862
1691703007000,0.68614851,0.68614851,0.68614851
1691703008000,0.6862,0.6862,0.6862
1691703009000,0.6862,0.6862,0.6862
1691703010000,0.6862,0.6862,0.6862
1691703011000,0.6862,0.6862,0.6862
1691703012000,0.68619892,0.68619892,0.68619892
1691703013000,0.6862,0.6862,0.6862
1691703014000,0.6862,0.6862,0.6862
1691703015000,0.6862,0.6862,0.6862
1691703016000,0.6862,0.6862,0.6862
1691703017000,0.68619823,0.68619823,0.68619823
1691703018000,0.6863,0.6863,0.6863
1691703019000,0.68624881,0.68624881,0.68624881
1691703020000,0.6863,0.6863,0.6863
1691703021000,0.6863,0.6863,0.6863
1691703022000,0.68624966,0.68624966,0.68624966
1691703023000,0.68624966,0.68624966,0.68624966
1691703024000,0.6863,0.6863,0.6863
1691703025000,0.6863,0.6863,0.6863
1691703026000,0.6863,0.6863,0.6863
1691703027000,0.6863,0.6863,0.6863
1691703028000,0.6862,0.6862,0.6862
1691703029000,0.68624399,0.68624399,0.68624399
1691703030000,0.6862458,0.6862458,0.6862458
1691703031000,0.6862458,0.6862458,0.6862458
1691703032000,0.68624584,0.68624584,0.68624584
1691703033000,0.68625705,0.68625705,0.68625705
1691703034000,0.68625705,0.68625705,0.68625705
1691703035000,0.68625729,0.68625729,0.68625729
1691703036000,0.68625729,0.68625729,0.68625729
1691703037000,0.68625733,0.68625733,0.68625733
1691703038000,0.68625733,0.68625733,0.68625733
1691703039000,0.68625729,0.68625729,0.68625729
1691703040000,0.68625729,0.68625729,0.68625729
1691703041000,0.68625554,0.68625554,0.68625554
1691703042000,0.68614722,0.68614722,0.68614722
1691703043000,0.68624725,0.68624725,0.68624725
1691703044000,0.68624722,0.68624722,0.68624722
1691703045000,0.68624722,0.68624722,0.68624722
1691703046000,0.68624639,0.68624639,0.68624639
1691703047000,0.68624742,0.68624742,0.68624742
1691703048000,0.68624742,0.68624742,0.68624742
1691703049000,0.68624742,0.68624742,0.68624742
1691703050000,0.68624738,0.68624738,0.68624738
1691703051000,0.68624742,0.68624742,0.68624742
1691703052000,0.68624841,0.68624841,0.68624841
1691703053000,0.68624844,0.68624844,0.68624844
1691703054000,0.68624841,0.68624841,0.68624841
1691703055000,0.68624844,0.68624844,0.68624844
1691703056000,0.68624841,0.68624841,0.68624841
1691703057000,0.68624841,0.68624841,0.68624841
1691703058000,0.68624956,0.68624956,0.68624956
1691703059000,0.68624956,0.68624956,0.68624956
1691703060000,0.6862496,0.6862496,0.6862496
1691703061000,0.6862496,0.6862496,0.6862496
1691703062000,0.6862496,0.6862496,0.6862496
1691703063000,0.68625083,0.68625083,0.68625083
1691703064000,0.68625083,0.68625083,0.68625083
1691703065000,0.68625172,0.68625172,0.68625172
1691703066000,0.68625172,0.68625172,0.68625172
1691703067000,0.68625169,0.68625169,0.68625169
1691703068000,0.68625169,0.68625169,0.68625169
1691703069000,0.68625297,0.68625297,0.68625297
1691703070000,0.68625214,0.68625214,0.68625214
1691703071000,0.68625214,0.68625214,0.68625214
1691703072000,0.68625211,0.68625211,0.68625211
1691703073000,0.686253,0.686253,0.686253
1691703074000,0.68625492,0.68625492,0.68625492
1691703075000,0.68625492,0.68625492,0.68625492
1691703076000,0.68625492,0.68625492,0.68625492
1691703077000,0.68620406,0.68620406,0.68620406
1691703078000,0.68620406,0.68620406,0.68620406
1691703079000,0.68620403,0.68620403,0.68620403
1691703080000,0.68620513,0.68620513,0.68620513
1691703081000,0.6862051,0.6862051,0.6862051
1691703082000,0.6862051,0.6862051,0.6862051
1691703083000,0.68620599,0.68620599,0.68620599
1691703084000,0.68620599,0.68620599,0.68620599
1691703085000,0.68620788,0.68620788,0.68620788
1691703086000,0.68620788,0.68620788,0.68620788
1691703087000,0.68620702,0.68620702,0.68620702
1691703088000,0.68620705,0.68620705,0.68620705
1691703089000,0.68620788,0.68620788,0.68620788
1691703090000,0.68620788,0.68620788,0.68620788
1691703091000,0.68620825,0.68620825,0.68620825
1691703092000,0.68620947,0.68620947,0.68620947
1691703093000,0.68620947,0.68620947,0.68620947
1691703094000,0.68620947,0.68620947,0.68620947
1691703095000,0.68620947,0.68620947,0.68620947
1691703096000,0.68620915,0.68620915,0.68620915
1691703097000,0.68620912,0.68620912,0.68620912
1691703098000,0.68620912,0.68620912,0.68620912
1691703099000,0.68620912,0.68620912,0.68620912
1691703100000,0.6862083,0.6862083,0.6862083
1691703101000,0.6862083,0.6862083,0.6862083
1691703102000,0.68620694,0.68620694,0.68620694
1691703103000,0.68620694,0.68620694,0.68620694
1691703104000,0.68620694,0.68620694,0.68620694
1691703105000,0.68625694,0.68625694,0.68625694
1691703106000,0.68625694,0.68625694,0.68625694
1691703107000,0.68625581,0.68625581,0.68625581
1691703108000,0.68625667,0.68625667,0.68625667
1691703109000,0.68625667,0.68625667,0.68625667
1691703110000,0.68625667,0.68625667,0.68625667
1691703111000,0.68625663,0.68625663,0.68625663
1691703112000,0.68625578,0.68625578,0.68625578
1691703113000,0.68625485,0.68625485,0.68625485
1691703114000,0.68625485,0.68625485,0.68625485
1691703115000,0.68625485,0.68625485,0.68625485
1691703116000,0.68625485,0.68625485,0.68625485
1691703117000,0.68626985,0.68626985,0.68626985
1691703118000,0.6862707,0.6862707,0.6862707
1691703119000,0.68626977,0.68626977,0.68626977
1691703120000,0.68621981,0.68621981,0.68621981
1691703121000,0.68621977,0.68621977,0.68621977
1691703122000,0.68621977,0.68621977,0.68621977
1691703123000,0.68621895,0.68621895,0.68621895
1691703124000,0.68621857,0.68621857,0.68621857
1691703125000,0.68621942,0.68621942,0.68621942
1691703126000,0.68621942,0.68621942,0.68621942
1691703127000,0.68621946,0.68621946,0.68621946
1691703128000,0.68621857,0.68621857,0.68621857
1691703129000,0.68621857,0.68621857,0.68621857
1691703130000,0.68621626,0.68621626,0.68621626
1691703131000,0.68626133,0.68626133,0.68626133
1691703132000,0.68626133,0.68626133,0.68626133
1691703133000,0.68621626,0.68621626,0.68621626
1691703134000,0.68621626,0.68621626,0.68621626
1691703135000,0.68621441,0.68621441,0.68621441
1691703136000,0.6862153,0.6862153,0.6862153
1691703137000,0.68621441,0.68621441,0.68621441
1691703138000,0.68621441,0.68621441,0.68621441
1691703139000,0.68621441,0.68621441,0.68621441
1691703140000,0.68607401,0.68607401,0.68607401
1691703141000,0.68597074,0.68597074,0.68597074
1691703142000,0.68596328,0.68596328,0.68596328
1691703143000,0.68596328,0.68596328,0.68596328
1691703144000,0.68596328,0.68596328,0.68596328
1691703145000,0.68596328,0.68596328,0.68596328
1691703146000,0.68595887,0.68595887,0.68595887
1691703147000,0.68595887,0.68595887,0.68595887
1691703148000,0.68595887,0.68595887,0.68595887
1691703149000,0.68595887,0.68595887,0.68595887
1691703150000,0.68595887,0.68595887,0.68595887
1691703151000,0.68595891,0.68595891,0.68595891
1691703152000,0.68595537,0.68595537,0.68595537
1691703153000,0.68595537,0.68595537,0.68595537
1691703154000,0.68595541,0.68595541,0.68595541
1691703155000,0.68590537,0.68590537,0.68590537
1691703156000,0.68590537,0.68590537,0.68590537
1691703157000,0.68590457,0.68590457,0.68590457
1691703158000,0.68590457,0.68590457,0.68590457
1691703159000,0.68587457,0.68587457,0.68587457
1691703160000,0.68587457,0.68587457,0.68587457
1691703161000,0.68587457,0.68587457,0.68587457
1691703162000,0.68587454,0.68587454,0.68587454
1691703163000,0.68587423,0.68587423,0.68587423
1691703164000,0.68587423,0.68587423,0.68587423
1691703165000,0.68587423,0.68587423,0.68587423
1691703166000,0.68587423,0.68587423,0.68587423
1691703167000,0.6858742,0.6858742,0.6858742
1691703168000,0.6859,0.6859,0.6859
1691703169000,0.68592136,0.68592136,0.68592136
1691703170000,0.68592136,0.68592136,0.68592136
1691703171000,0.68592136,0.68592136,0.68592136
1691703172000,0.68590632,0.68590632,0.68590632
1691703173000,0.68590632,0.68590632,0.68590632
1691703174000,0.68590682,0.68590682,0.68590682
1691703175000,0.68590685,0.68590685,0.68590685
1691703176000,0.68590682,0.68590682,0.68590682
1691703177000,0.68590685,0.68590685,0.68590685
1691703178000,0.68590685,0.68590685,0.68590685
1691703179000,0.68590758,0.68590758,0.68590758
1691703180000,0.68590758,0.68590758,0.68590758
1691703181000,0.68590758,0.68590758,0.68590758
1691703182000,0.68590758,0.68590758,0.68590758
1691703183000,0.68590761,0.68590761,0.68590761
1691703184000,0.68590761,0.68590761,0.68590761
1691703185000,0.68590832,0.68590832,0.68590832
1691703186000,0.68585918,0.68585918,0.68585918
1691703187000,0.68585921,0.68585921,0.68585921
1691703188000,0.68585921,0.68585921,0.68585921
1691703189000,0.68585921,0.68585921,0.68585921
1691703190000,0.68585831,0.68585831,0.68585831
1691703191000,0.68585827,0.68585827,0.68585827
1691703192000,0.68585827,0.68585827,0.68585827
1691703193000,0.68585827,0.68585827,0.68585827
1691703194000,0.68585831,0.68585831,0.68585831
1691703195000,0.68585827,0.68585827,0.68585827
1691703196000,0.68588826,0.68588826,0.68588826
1691703197000,0.68588826,0.68588826,0.68588826
1691703198000,0.68588826,0.68588826,0.68588826
1691703199000,0.68588826,0.68588826,0.68588826
1691703200000,0.68588826,0.68588826,0.68588826
1691703201000,0.68588822,0.68588822,0.68588822
1691703202000,0.6859,0.6859,0.6859
1691703203000,0.6859,0.6859,0.6859
1691703204000,0.6859,0.6859,0.6859
1691703205000,0.6859,0.6859,0.6859
1691703206000,0.6859,0.6859,0.6859
1691703207000,0.6859,0.6859,0.6859
1691703208000,0.6859,0.6859,0.6859
1691703209000,0.6859,0.6859,0.6859
1691703210000,0.6859,0.6859,0.6859
1691703211000,0.6859,0.6859,0.6859
1691703212000,0.6859,0.6859,0.6859
1691703213000,0.6859,0.6859,0.6859
1691703214000,0.6859,0.6859,0.6859
1691703215000,0.6859,0.6859,0.6859
1691703216000,0.6859,0.6859,0.6859
1691703217000,0.6859,0.6859,0.6859
1691703218000,0.6859,0.6859,0.6859
1691703219000,0.6859,0.6859,0.6859
1691703220000,0.68587916,0.68587916,0.68587916
1691703221000,0.68592916,0.68592916,0.68592916
1691703222000,0.68592916,0.68592916,0.68592916
1691703223000,0.68592916,0.68592916,0.68592916
1691703224000,0.68592621,0.68592621,0.68592621
1691703225000,0.68592621,0.68592621,0.68592621
1691703226000,0.68592621,0.68592621,0.68592621
1691703227000,0.68592618,0.68592618,0.68592618
1691703228000,0.68592618,0.68592618,0.68592618
1691703229000,0.68592314,0.68592314,0.68592314
1691703230000,0.68592229,0.68592229,0.68592229
1691703231000,0.68592318,0.68592318,0.68592318
1691703232000,0.68587318,0.68587318,0.68587318
1691703233000,0.68587314,0.68587314,0.68587314
1691703234000,0.68587232,0.68587232,0.68587232
1691703235000,0.68586922,0.68586922,0.68586922
1691703236000,0.68587007,0.68587007,0.68587007
1691703237000,0.68587757,0.68587757,0.68587757
1691703238000,0.68587754,0.68587754,0.68587754
1691703239000,0.68587754,0.68587754,0.68587754
1691703240000,0.68591799,0.68591799,0.68591799
1691703241000,0.68591713,0.68591713,0.68591713
1691703242000,0.68591713,0.68591713,0.68591713
1691703243000,0.68591713,0.68591713,0.68591713
1691703244000,0.68591713,0.68591713,0.68591713
1691703245000,0.68591713,0.68591713,0.68591713
1691703246000,0.6859116,0.6859116,0.6859116
1691703247000,0.68591164,0.68591164,0.68591164
1691703248000,0.6859116,0.6859116,0.6859116
1691703249000,0.6859116,0.6859116,0.6859116
1691703250000,0.6859116,0.6859116,0.6859116
1691703251000,0.68590784,0.68590784,0.68590784
1691703252000,0.68590784,0.68590784,0.68590784
1691703253000,0.68590784,0.68590784,0.68590784
1691703254000,0.6859087,0.6859087,0.6859087
1691703255000,0.686,0.686,0.686
1691703256000,0.686,0.686,0.686
1691703257000,0.68590237,0.68590237,0.68590237
1691703258000,0.68590323,0.68590323,0.68590323
1691703259000,0.68590323,0.68590323,0.68590323
1691703260000,0.68590237,0.68590237,0.68590237
1691703261000,0.68590323,0.68590323,0.68590323
1691703262000,0.68590008,0.68590008,0.68590008
1691703263000,0.6859,0.6859,0.6859
1691703264000,0.6859,0.6859,0.6859
1691703265000,0.6859,0.6859,0.6859
1691703266000,0.6859,0.6859,0.6859
1691703267000,0.6859,0.6859,0.6859
1691703268000,0.6859,0.6859,0.6859
1691703269000,0.6859,0.6859,0.6859
1691703270000,0.6859,0.6859,0.6859
1691703271000,0.6859,0.6859,0.6859
1691703272000,0.6859,0.6859,0.6859
1691703273000,0.6859,0.6859,0.6859
1691703274000,0.6859,0.6859,0.6859
1691703275000,0.68589305,0.68589305,0.68589305
1691703276000,0.68589216,0.68589216,0.68589216
1691703277000,0.6858922,0.6858922,0.6858922
1691703278000,0.68589216,0.68589216,0.68589216
1691703279000,0.68588654,0.68588654,0.68588654
1691703280000,0.68588654,0.68588654,0.68588654
1691703281000,0.68588658,0.68588658,0.68588658
1691703282000,0.68583654,0.68583654,0.68583654
1691703283000,0.68583658,0.68583658,0.68583658
1691703284000,0.68583096,0.68583096,0.68583096
1691703285000,0.68583096,0.68583096,0.68583096
1691703286000,0.68583096,0.68583096,0.68583096
1691703287000,0.6858,0.6858,0.6858
1691703288000,0.68578596,0.68578596,0.68578596
1691703289000,0.68585096,0.68585096,0.68585096
1691703290000,0.68584617,0.68584617,0.68584617
1691703291000,0.68584614,0.68584614,0.68584614
1691703292000,0.68584614,0.68584614,0.68584614
1691703293000,0.68584617,0.68584617,0.68584617
1691703294000,0.6858,0.6858,0.6858
1691703295000,0.68579312,0.68579312,0.68579312
1691703296000,0.68579312,0.68579312,0.68579312
1691703297000,0.68579226,0.68579226,0.68579226
1691703298000,0.68579226,0.68579226,0.68579226
1691703299000,0.68579312,0.68579312,0.68579312
1691703300000,0.68579312,0.68579312,0.68579312
1691703301000,0.68574592,0.68574592,0.68574592
1691703302000,0.6858,0.6858,0.6858
1691703303000,0.6858,0.6858,0.6858
1691703304000,0.6858,0.6858,0.6858
1691703305000,0.6858,0.6858,0.6858
1691703306000,0.6858,0.6858,0.6858
1691703307000,0.6858,0.6858,0.6858
1691703308000,0.6858,0.6858,0.6858
1691703309000,0.6858,0.6858,0.6858
1691703310000,0.6859,0.6859,0.6859
1691703311000,0.6859,0.6859,0.6859
1691703312000,0.6859,0.6859,0.6859
1691703313000,0.6859,0.6859,0.6859
1691703314000,0.6858,0.6858,0.6858
1691703315000,0.6858,0.6858,0.6858
1691703316000,0.6861,0.6861,0.6861
1691703317000,0.6862,0.6862,0.6862
1691703318000,0.6862,0.6862,0.6862
1691703319000,0.6863,0.6863,0.6863
1691703320000,0.6863,0.6863,0.6863
1691703321000,0.6863,0.6863,0.6863
1691703322000,0.6863,0.6863,0.6863
1691703323000,0.6863,0.6863,0.6863
1691703324000,0.6863,0.6863,0.6863
1691703325000,0.6863,0.6863,0.6863
1691703326000,0.6863,0.6863,0.6863
1691703327000,0.6863,0.6863,0.6863
1691703328000,0.6863,0.6863,0.6863
1691703329000,0.6863,0.6863,0.6863
1691703330000,0.6863,0.6863,0.6863
1691703331000,0.6863,0.6863,0.6863
1691703332000,0.6863,0.6863,0.6863
1691703333000,0.6864,0.6864,0.6864
1691703334000,0.6864,0.6864,0.6864
1691703335000,0.6863,0.6863,0.6863
1691703336000,0.6863,0.6863,0.6863
1691703337000,0.6863,0.6863,0.6863
1691703338000,0.6863,0.6863,0.6863
1691703339000,0.6863,0.6863,0.6863
1691703340000,0.6863,0.6863,0.6863
1691703341000,0.6863,0.6863,0.6863
1691703342000,0.6863,0.6863,0.6863
1691703343000,0.6863,0.6863,0.6863
1691703344000,0.6863,0.6863,0.6863
1691703345000,0.6863,0.6863,0.6863
1691703346000,0.6863,0.6863,0.6863
1691703347000,0.6863,0.6863,0.6863
1691703348000,0.6863,0.6863,0.6863
1691703349000,0.6862,0.6862,0.6862
1691703350000,0.6862,0.6862,0.6862
1691703351000,0.6862,0.6862,0.6862
1691703352000,0.6862,0.6862,0.6862
1691703353000,0.6862,0.6862,0.6862
1691703354000,0.6862,0.6862,0.6862
1691703355000,0.6862,0.6862,0.6862
1691703356000,0.6862,0.6862,0.6862
1691703357000,0.6862,0.6862,0.6862
1691703358000,0.6862,0.6862,0.6862
1691703359000,0.6862,0.6862,0.6862
1691703360000,0.6862,0.6862,0.6862
1691703361000,0.6862,0.6862,0.6862
1691703362000,0.6862,0.6862,0.6862
1691703363000,0.6862,0.6862,0.6862
1691703364000,0.6863,0.6863,0.6863
1691703365000,0.68620254,0.68620254,0.68620254
1691703366000,0.68620366,0.68620366,0.68620366
1691703367000,0.68620529,0.68620529,0.68620529
1691703368000,0.68620529,0.68620529,0.68620529
1691703369000,0.6864,0.6864,0.6864
1691703370000,0.6864,0.6864,0.6864
1691703371000,0.6864,0.6864,0.6864
1691703372000,0.6864,0.6864,0.6864
1691703373000,0.6864,0.6864,0.6864
1691703374000,0.6864,0.6864,0.6864
1691703375000,0.6864,0.6864,0.6864
1691703376000,0.6864,0.6864,0.6864
1691703377000,0.6864,0.6864,0.6864
1691703378000,0.6864,0.6864,0.6864
1691703379000,0.6864,0.6864,0.6864
1691703380000,0.6864,0.6864,0.6864
1691703381000,0.6864,0.6864,0.6864
1691703382000,0.6864,0.6864,0.6864
1691703383000,0.6864,0.6864,0.6864
1691703384000,0.6865,0.6865,0.6865
1691703385000,0.6865,0.6865,0.6865
1691703386000,0.6865,0.6865,0.6865
1691703387000,0.6865,0.6865,0.6865
1691703388000,0.6865,0.6865,0.6865
1691703389000,0.6865,0.6865,0.6865
1691703390000,0.6864,0.6864,0.6864
1691703391000,0.6864,0.6864,0.6864
1691703392000,0.6864,0.6864,0.6864
1691703393000,0.6864,0.6864,0.6864
1691703394000,0.6864,0.6864,0.6864
1691703395000,0.6864,0.6864,0.6864
1691703396000,0.6864,0.6864,0.6864
1691703397000,0.6864,0.6864,0.6864
1691703398000,0.6864,0.6864,0.6864
1691703399000,0.6864,0.6864,0.6864
1691703400000,0.6864,0.6864,0.6864
1691703401000,0.6864,0.6864,0.6864
1691703402000,0.6864,0.6864,0.6864
1691703403000,0.6864,0.6864,0.6864
1691703404000,0.6864,0.6864,0.6864
1691703405000,0.6864,0.6864,0.6864
1691703406000,0.6864,0.6864,0.6864
1691703407000,0.6864,0.6864,0.6864
1691703408000,0.6864,0.6864,0.6864
1691703409000,0.6864,0.6864,0.6864
1691703410000,0.6864,0.6864,0.6864
1691703411000,0.6864,0.6864,0.6864
1691703412000,0.6864,0.6864,0.6864
1691703413000,0.6864,0.6864,0.6864
1691703414000,0.6864,0.6864,0.6864
1691703415000,0.6864,0.6864,0.6864
1691703416000,0.6865,0.6865,0.6865
1691703417000,0.6865,0.6865,0.6865
1691703418000,0.6865,0.6865,0.6865
1691703419000,0.6865,0.6865,0.6865
1691703420000,0.6865,0.6865,0.6865
1691703421000,0.6865,0.6865,0.6865
1691703422000,0.6864,0.6864,0.6864
1691703423000,0.6864,0.6864,0.6864
1691703424000,0.6864,0.6864,0.6864
1691703425000,0.6864,0.6864,0.6864
1691703426000,0.6864,0.6864,0.6864
1691703427000,0.6864,0.6864,0.6864
1691703428000,0.6864,0.6864,0.6864
1691703429000,0.6864,0.6864,0.6864
1691703430000,0.6864,0.6864,0.6864
1691703431000,0.6864,0.6864,0.6864
1691703432000,0.6864,0.6864,0.6864
1691703433000,0.6864,0.6864,0.6864
1691703434000,0.68640063,0.68640063,0.68640063
1691703435000,0.68640067,0.68640067,0.68640067
1691703436000,0.68640067,0.68640067,0.68640067
1691703437000,0.6864,0.6864,0.6864
1691703438000,0.6864,0.6864,0.6864
1691703439000,0.68640282,0.68640282,0.68640282
1691703440000,0.68640368,0.68640368,0.68640368
1691703441000,0.6864,0.6864,0.6864
1691703442000,0.6864,0.6864,0.6864
1691703443000,0.6865,0.6865,0.6865
1691703444000,0.6865,0.6865,0.6865
1691703445000,0.6865,0.6865,0.6865
1691703446000,0.6865,0.6865,0.6865
1691703447000,0.6865,0.6865,0.6865
1691703448000,0.6865,0.6865,0.6865
1691703449000,0.6865,0.6865,0.6865
1691703450000,0.6865,0.6865,0.6865
1691703451000,0.6866,0.6866,0.6866
1691703452000,0.68654274,0.68654274,0.68654274
1691703453000,0.68654274,0.68654274,0.68654274
1691703454000,0.68654528,0.68654528,0.68654528
1691703455000,0.68654439,0.68654439,0.68654439
1691703456000,0.686552,0.686552,0.686552
1691703457000,0.686552,0.686552,0.686552
1691703458000,0.68655219,0.68655219,0.68655219
1691703459000,0.6865,0.6865,0.6865
1691703460000,0.68645219,0.68645219,0.68645219
1691703461000,0.68645095,0.68645095,0.68645095
1691703462000,0.68645095,0.68645095,0.68645095
1691703463000,0.6865,0.6865,0.6865
1691703464000,0.6865,0.6865,0.6865
1691703465000,0.6865,0.6865,0.6865
1691703466000,0.6865,0.6865,0.6865
1691703467000,0.6865,0.6865,0.6865
1691703468000,0.6865,0.6865,0.6865
1691703469000,0.6865,0.6865,0.6865
1691703470000,0.6865,0.6865,0.6865
1691703471000,0.68645382,0.68645382,0.68645382
1691703472000,0.68643264,0.68643264,0.68643264
1691703473000,0.68643264,0.68643264,0.68643264
1691703474000,0.68643259,0.68643259,0.68643259
1691703475000,0.68643259,0.68643259,0.68643259
1691703476000,0.68643259,0.68643259,0.68643259
1691703477000,0.68643259,0.68643259,0.68643259
1691703478000,0.6864305,0.6864305,0.6864305
1691703479000,0.6864305,0.6864305,0.6864305
1691703480000,0.68643047,0.68643047,0.68643047
1691703481000,0.68642964,0.68642964,0.68642964
1691703482000,0.68642964,0.68642964,0.68642964
1691703483000,0.68637214,0.68637214,0.68637214
1691703484000,0.68637192,0.68637192,0.68637192
1691703485000,0.68635659,0.68635659,0.68635659
1691703486000,0.68635659,0.68635659,0.68635659
1691703487000,0.68635659,0.68635659,0.68635659
1691703488000,0.68635659,0.68635659,0.68635659
1691703489000,0.68635593,0.68635593,0.68635593
1691703490000,0.68635682,0.68635682,0.68635682
1691703491000,0.68635682,0.68635682,0.68635682
1691703492000,0.68635596,0.68635596,0.68635596
1691703493000,0.68635593,0.68635593,0.68635593
1691703494000,0.68635593,0.68635593,0.68635593
1691703495000,0.68630322,0.68630322,0.68630322
1691703496000,0.68630404,0.68630404,0.68630404
1691703497000,0.68630404,0.68630404,0.68630404
1691703498000,0.68630404,0.68630404,0.68630404
1691703499000,0.68630408,0.68630408,0.68630408
1691703500000,0.68630342,0.68630342,0.68630342
1691703501000,0.68630342,0.68630342,0.68630342
1691703502000,0.68635342,0.68635342,0.68635342
1691703503000,0.68635345,0.68635345,0.68635345
1691703504000,0.68635342,0.68635342,0.68635342
1691703505000,0.68635342,0.68635342,0.68635342
1691703506000,0.68635408,0.68635408,0.68635408
1691703507000,0.68635408,0.68635408,0.68635408
1691703508000,0.68635408,0.68635408,0.68635408
1691703509000,0.68635408,0.68635408,0.68635408
1691703510000,0.68635408,0.68635408,0.68635408
1691703511000,0.68635307,0.68635307,0.68635307
1691703512000,0.68635307,0.68635307,0.68635307
1691703513000,0.68635307,0.68635307,0.68635307
1691703514000,0.68635304,0.68635304,0.68635304
1691703515000,0.68635304,0.68635304,0.68635304
1691703516000,0.68635307,0.68635307,0.68635307
1691703517000,0.68635037,0.68635037,0.68635037
1691703518000,0.68632662,0.68632662,0.68632662
1691703519000,0.68632662,0.68632662,0.68632662
1691703520000,0.68634908,0.68634908,0.68634908
1691703521000,0.68634908,0.68634908,0.68634908
1691703522000,0.68634895,0.68634895,0.68634895
1691703523000,0.68634895,0.68634895,0.68634895
1691703524000,0.68634895,0.68634895,0.68634895
1691703525000,0.68634895,0.68634895,0.68634895
1691703526000,0.68634809,0.68634809,0.68634809
1691703527000,0.68634809,0.68634809,0.68634809
1691703528000,0.68634802,0.68634802,0.68634802
1691703529000,0.68634802,0.68634802,0.68634802
1691703530000,0.6863,0.6863,0.6863
1691703531000,0.68634802,0.68634802,0.68634802
1691703532000,0.68634799,0.68634799,0.68634799
1691703533000,0.68634874,0.68634874,0.68634874
1691703534000,0.68634874,0.68634874,0.68634874
1691703535000,0.68634874,0.68634874,0.68634874
1691703536000,0.6863487,0.6863487,0.6863487
1691703537000,0.68634874,0.68634874,0.68634874
1691703538000,0.68634874,0.68634874,0.68634874
1691703539000,0.68634862,0.68634862,0.68634862
1691703540000,0.68634777,0.68634777,0.68634777
1691703541000,0.68634866,0.68634866,0.68634866
1691703542000,0.68634862,0.68634862,0.68634862
1691703543000,0.68634862,0.68634862,0.68634862
1691703544000,0.68634852,0.68634852,0.68634852
1691703545000,0.68634852,0.68634852,0.68634852
1691703546000,0.68634736,0.68634736,0.68634736
1691703547000,0.68634736,0.68634736,0.68634736
1691703548000,0.68634736,0.68634736,0.68634736
1691703549000,0.68634736,0.68634736,0.68634736
1691703550000,0.68634777,0.68634777,0.68634777
1691703551000,0.68634777,0.68634777,0.68634777
1691703552000,0.68634773,0.68634773,0.68634773
1691703553000,0.68634777,0.68634777,0.68634777
1691703554000,0.68634777,0.68634777,0.68634777
1691703555000,0.68634667,0.68634667,0.68634667
1691703556000,0.68634667,0.68634667,0.68634667
1691703557000,0.68634585,0.68634585,0.68634585
1691703558000,0.68634585,0.68634585,0.68634585
1691703559000,0.68634585,0.68634585,0.68634585
1691703560000,0.68634585,0.68634585,0.68634585
1691703561000,0.68634356,0.68634356,0.68634356
1691703562000,0.68634353,0.68634353,0.68634353
1691703563000,0.68634356,0.68634356,0.68634356
1691703564000,0.68634356,0.68634356,0.68634356
1691703565000,0.68634356,0.68634356,0.68634356
1691703566000,0.68634285,0.68634285,0.68634285
1691703567000,0.68633955,0.68633955,0.68633955
1691703568000,0.68633955,0.68633955,0.68633955
1691703569000,0.68633955,0.68633955,0.68633955
1691703570000,0.68633955,0.68633955,0.68633955
1691703571000,0.68634078,0.68634078,0.68634078
1691703572000,0.68633902,0.68633902,0.68633902
1691703573000,0.68633902,0.68633902,0.68633902
1691703574000,0.68633813,0.68633813,0.68633813
1691703575000,0.68633813,0.68633813,0.68633813
1691703576000,0.68633817,0.68633817,0.68633817
1691703577000,0.68633944,0.68633944,0.68633944
1691703578000,0.68634106,0.68634106,0.68634106
1691703579000,0.68634106,0.68634106,0.68634106
1691703580000,0.68634106,0.68634106,0.68634106
1691703581000,0.68634042,0.68634042,0.68634042
1691703582000,0.68634039,0.68634039,0.68634039
1691703583000,0.6863261,0.6863261,0.6863261
1691703584000,0.68632613,0.68632613,0.68632613
1691703585000,0.68632613,0.68632613,0.68632613
1691703586000,0.68632553,0.68632553,0.68632553
1691703587000,0.68632639,0.68632639,0.68632639
1691703588000,0.68632643,0.68632643,0.68632643
1691703589000,0.68632743,0.68632743,0.68632743
1691703590000,0.6863274,0.6863274,0.6863274
1691703591000,0.68632665,0.68632665,0.68632665
1691703592000,0.68632665,0.68632665,0.68632665
1691703593000,0.68632579,0.68632579,0.68632579
1691703594000,0.68632713,0.68632713,0.68632713
1691703595000,0.68632798,0.68632798,0.68632798
1691703596000,0.68632798,0.68632798,0.68632798
1691703597000,0.68632802,0.68632802,0.68632802
1691703598000,0.68632716,0.68632716,0.68632716
1691703599000,0.68632713,0.68632713,0.68632713
1691703600000,0.68632599,0.68632599,0.68632599
1691703601000,0.68632599,0.68632599,0.68632599
1691703602000,0.68631871,0.68631871,0.68631871
1691703603000,0.68631957,0.68631957,0.68631957
1691703604000,0.68631957,0.68631957,0.68631957
1691703605000,0.68631767,0.68631767,0.68631767
1691703606000,0.68631737,0.68631737,0.68631737
1691703607000,0.68631651,0.68631651,0.68631651
1691703608000,0.68631651,0.68631651,0.68631651
1691703609000,0.68631651,0.68631651,0.68631651
1691703610000,0.68631651,0.68631651,0.68631651
1691703611000,0.68631408,0.68631408,0.68631408
1691703612000,0.6863217,0.6863217,0.6863217
1691703613000,0.6863217,0.6863217,0.6863217
1691703614000,0.6863217,0.6863217,0.6863217
1691703615000,0.6863217,0.6863217,0.6863217
1691703616000,0.68631425,0.68631425,0.68631425
1691703617000,0.68631395,0.68631395,0.68631395
1691703618000,0.68631395,0.68631395,0.68631395
1691703619000,0.68631391,0.68631391,0.68631391
1691703620000,0.68631306,0.68631306,0.68631306
1691703621000,0.68631306,0.68631306,0.68631306
1691703622000,0.68630411,0.68630411,0.68630411
1691703623000,0.68630411,0.68630411,0.68630411
1691703624000,0.68630411,0.68630411,0.68630411
1691703625000,0.68630411,0.68630411,0.68630411
1691703626000,0.68630411,0.68630411,0.68630411
1691703627000,0.68629742,0.68629742,0.68629742
1691703628000,0.68629742,0.68629742,0.68629742
1691703629000,0.68629828,0.68629828,0.68629828
1691703630000,0.68629078,0.68629078,0.68629078
1691703631000,0.68629078,0.68629078,0.68629078
1691703632000,0.68628988,0.68628988,0.68628988
1691703633000,0.68628385,0.68628385,0.68628385
1691703634000,0.68628385,0.68628385,0.68628385
1691703635000,0.68628471,0.68628471,0.68628471
1691703636000,0.68628471,0.68628471,0.68628471
1691703637000,0.68628475,0.68628475,0.68628475
1691703638000,0.68628374,0.68628374,0.68628374
1691703639000,0.68627855,0.68627855,0.68627855
1691703640000,0.68627941,0.68627941,0.68627941
1691703641000,0.68627941,0.68627941,0.68627941
1691703642000,0.68627858,0.68627858,0.68627858
1691703643000,0.68627817,0.68627817,0.68627817
1691703644000,0.68627343,0.68627343,0.68627343
1691703645000,0.68627346,0.68627346,0.68627346
1691703646000,0.68627346,0.68627346,0.68627346
1691703647000,0.68627365,0.68627365,0.68627365
1691703648000,0.68627365,0.68627365,0.68627365
1691703649000,0.68627365,0.68627365,0.68627365
1691703650000,0.68626897,0.68626897,0.68626897
1691703651000,0.68626897,0.68626897,0.68626897
1691703652000,0.68626897,0.68626897,0.68626897
1691703653000,0.68626912,0.68626912,0.68626912
1691703654000,0.68626912,0.68626912,0.68626912
1691703655000,0.68626615,0.68626615,0.68626615
1691703656000,0.68627361,0.68627361,0.68627361
1691703657000,0.68627361,0.68627361,0.68627361
1691703658000,0.68627361,0.68627361,0.68627361
1691703659000,0.68625842,0.68625842,0.68625842
1691703660000,0.68625932,0.68625932,0.68625932
1691703661000,0.68625348,0.68625348,0.68625348
1691703662000,0.68625345,0.68625345,0.68625345
1691703663000,0.68625345,0.68625345,0.68625345
1691703664000,0.6862521,0.6862521,0.6862521
1691703665000,0.6862521,0.6862521,0.6862521
1691703666000,0.68624922,0.68624922,0.68624922
1691703667000,0.68619922,0.68619922,0.68619922
1691703668000,0.68619945,0.68619945,0.68619945
1691703669000,0.68619948,0.68619948,0.68619948
1691703670000,0.68619945,0.68619945,0.68619945
1691703671000,0.68619945,0.68619945,0.68619945
1691703672000,0.68619415,0.68619415,0.68619415
1691703673000,0.68619415,0.68619415,0.68619415
1691703674000,0.68619373,0.68619373,0.68619373
1691703675000,0.6861937,0.6861937,0.6861937
1691703676000,0.6861937,0.6861937,0.6861937
1691703677000,0.6862,0.6862,0.6862
1691703678000,0.68624068,0.68624068,0.68624068
1691703679000,0.68624071,0.68624071,0.68624071
1691703680000,0.68624157,0.68624157,0.68624157
1691703681000,0.68624157,0.68624157,0.68624157
1691703682000,0.68624153,0.68624153,0.68624153
1691703683000,0.68623662,0.68623662,0.68623662
1691703684000,0.68623665,0.68623665,0.68623665
1691703685000,0.68623665,0.68623665,0.68623665
1691703686000,0.68623576,0.68623576,0.68623576
1691703687000,0.6862358,0.6862358,0.6862358
1691703688000,0.6862314,0.6862314,0.6862314
1691703689000,0.6862314,0.6862314,0.6862314
1691703690000,0.6862314,0.6862314,0.6862314
1691703691000,0.6862314,0.6862314,0.6862314
1691703692000,0.68623144,0.68623144,0.68623144
1691703693000,0.68623308,0.68623308,0.68623308
1691703694000,0.68623046,0.68623046,0.68623046
1691703695000,0.68623131,0.68623131,0.68623131
1691703696000,0.68623131,0.68623131,0.68623131
1691703697000,0.6865,0.6865,0.6865
1691703698000,0.6864,0.6864,0.6864
1691703699000,0.6864,0.6864,0.6864
1691703700000,0.6864,0.6864,0.6864
1691703701000,0.6864,0.6864,0.6864
1691703702000,0.6864,0.6864,0.6864
1691703703000,0.6864,0.6864,0.6864
1691703704000,0.6864,0.6864,0.6864
1691703705000,0.6863,0.6863,0.6863
1691703706000,0.6863,0.6863,0.6863
1691703707000,0.6864,0.6864,0.6864
1691703708000,0.6864,0.6864,0.6864
1691703709000,0.6864,0.6864,0.6864
1691703710000,0.6863,0.6863,0.6863
1691703711000,0.6863,0.6863,0.6863
1691703712000,0.6864,0.6864,0.6864
1691703713000,0.6864,0.6864,0.6864
1691703714000,0.6864,0.6864,0.6864
1691703715000,0.6864,0.6864,0.6864
1691703716000,0.6864,0.6864,0.6864
1691703717000,0.6864,0.6864,0.6864
1691703718000,0.6864,0.6864,0.6864
1691703719000,0.686301,0.686301,0.686301
1691703720000,0.68630163,0.68630163,0.68630163
1691703721000,0.68630163,0.68630163,0.68630163
1691703722000,0.68630023,0.68630023,0.68630023
1691703723000,0.68630105,0.68630105,0.68630105
1691703724000,0.68630105,0.68630105,0.68630105
1691703725000,0.6865,0.6865,0.6865
1691703726000,0.6865,0.6865,0.6865
1691703727000,0.6865,0.6865,0.6865
1691703728000,0.6865,0.6865,0.6865
1691703729000,0.6865,0.6865,0.6865
1691703730000,0.6864,0.6864,0.6864
1691703731000,0.6865,0.6865,0.6865
1691703732000,0.6864,0.6864,0.6864
1691703733000,0.6864,0.6864,0.6864
1691703734000,0.6864,0.6864,0.6864
1691703735000,0.6864,0.6864,0.6864
1691703736000,0.6864,0.6864,0.6864
1691703737000,0.6864,0.6864,0.6864
1691703738000,0.6864,0.6864,0.6864
1691703739000,0.6865,0.6865,0.6865
1691703740000,0.6865,0.6865,0.6865
1691703741000,0.6865,0.6865,0.6865
1691703742000,0.6865,0.6865,0.6865
1691703743000,0.6865,0.6865,0.6865
1691703744000,0.6865,0.6865,0.6865
1691703745000,0.6865,0.6865,0.6865
1691703746000,0.6865,0.6865,0.6865
1691703747000,0.6865,0.6865,0.6865
1691703748000,0.6865,0.6865,0.6865
1691703749000,0.6864,0.6864,0.6864
1691703750000,0.6864,0.6864,0.6864
1691703751000,0.6864,0.6864,0.6864
1691703752000,0.6864,0.6864,0.6864
1691703753000,0.6864,0.6864,0.6864
1691703754000,0.6864,0.6864,0.6864
1691703755000,0.6864,0.6864,0.6864
1691703756000,0.6864,0.6864,0.6864
1691703757000,0.6864,0.6864,0.6864
1691703758000,0.6864,0.6864,0.6864
1691703759000,0.6864,0.6864,0.6864
1691703760000,0.6864,0.6864,0.6864
1691703761000,0.6864,0.6864,0.6864
1691703762000,0.6864,0.6864,0.6864
1691703763000,0.6864,0.6864,0.6864
1691703764000,0.6865,0.6865,0.6865
1691703765000,0.6865,0.6865,0.6865
1691703766000,0.6865,0.6865,0.6865
1691703767000,0.6865,0.6865,0.6865
1691703768000,0.6864,0.6864,0.6864
1691703769000,0.6864,0.6864,0.6864
1691703770000,0.6864,0.6864,0.6864
1691703771000,0.6864,0.6864,0.6864
1691703772000,0.6864,0.6864,0.6864
1691703773000,0.6864,0.6864,0.6864
1691703774000,0.6864,0.6864,0.6864
1691703775000,0.6864,0.6864,0.6864
1691703776000,0.6864,0.6864,0.6864
1691703777000,0.6864,0.6864,0.6864
1691703778000,0.6864,0.6864,0.6864
1691703779000,0.6864,0.6864,0.6864
1691703780000,0.6865,0.6865,0.6865
1691703781000,0.6865,0.6865,0.6865
1691703782000,0.6865,0.6865,0.6865
1691703783000,0.6865,0.6865,0.6865
1691703784000,0.6865,0.6865,0.6865
1691703785000,0.6865,0.6865,0.6865
1691703786000,0.6865,0.6865,0.6865
1691703787000,0.6864,0.6864,0.6864
1691703788000,0.6864,0.6864,0.6864
1691703789000,0.6864,0.6864,0.6864
1691703790000,0.6864,0.6864,0.6864
1691703791000,0.6864,0.6864,0.6864
1691703792000,0.6864,0.6864,0.6864
1691703793000,0.6864,0.6864,0.6864
1691703794000,0.6864,0.6864,0.6864
1691703795000,0.6864,0.6864,0.6864
1691703796000,0.6864,0.6864,0.6864
1691703797000,0.6864,0.6864,0.6864
1691703798000,0.6864,0.6864,0.6864
1691703799000,0.6864,0.6864,0.6864
1691703800000,0.68630542,0.68630542,0.68630542
1691703801000,0.68630542,0.68630542,0.68630542
1691703802000,0.68630437,0.68630437,0.68630437
1691703803000,0.68630433,0.68630433,0.68630433
1691703804000,0.68630348,0.68630348,0.68630348
1691703805000,0.68630369,0.68630369,0.68630369
1691703806000,0.6864,0.6864,0.6864
1691703807000,0.6864,0.6864,0.6864
1691703808000,0.6864,0.6864,0.6864
1691703809000,0.68630376,0.68630376,0.68630376
1691703810000,0.68630165,0.68630165,0.68630165
1691703811000,0.68630165,0.68630165,0.68630165
1691703812000,0.68635128,0.68635128,0.68635128
1691703813000,0.68635128,0.68635128,0.68635128
1691703814000,0.68635128,0.68635128,0.68635128
1691703815000,0.68635128,0.68635128,0.68635128
1691703816000,0.68634619,0.68634619,0.68634619
1691703817000,0.68634663,0.68634663,0.68634663
1691703818000,0.68634663,0.68634663,0.68634663
1691703819000,0.68634663,0.68634663,0.68634663
1691703820000,0.68634577,0.68634577,0.68634577
1691703821000,0.68634627,0.68634627,0.68634627
1691703822000,0.6864,0.6864,0.6864
1691703823000,0.6864,0.6864,0.6864
1691703824000,0.6864,0.6864,0.6864
1691703825000,0.6864,0.6864,0.6864
1691703826000,0.6864,0.6864,0.6864
1691703827000,0.6864,0.6864,0.6864
1691703828000,0.6864,0.6864,0.6864
1691703829000,0.6864,0.6864,0.6864
1691703830000,0.6864,0.6864,0.6864
1691703831000,0.6864,0.6864,0.6864
1691703832000,0.6864,0.6864,0.6864
1691703833000,0.6864,0.6864,0.6864
1691703834000,0.6864,0.6864,0.6864
1691703835000,0.6864,0.6864,0.6864
1691703836000,0.6864,0.6864,0.6864
1691703837000,0.6864,0.6864,0.6864
1691703838000,0.6864,0.6864,0.6864
1691703839000,0.6864,0.6864,0.6864
1691703840000,0.6864,0.6864,0.6864
1691703841000,0.6865,0.6865,0.6865
1691703842000,0.6865,0.6865,0.6865
1691703843000,0.6865,0.6865,0.6865
1691703844000,0.6865,0.6865,0.6865
1691703845000,0.6865,0.6865,0.6865
1691703846000,0.6864,0.6864,0.6864
1691703847000,0.6864,0.6864,0.6864
1691703848000,0.6864,0.6864,0.6864
1691703849000,0.6865,0.6865,0.6865
1691703850000,0.6865,0.6865,0.6865
1691703851000,0.6865,0.6865,0.6865
1691703852000,0.6865,0.6865,0.6865
1691703853000,0.6865,0.6865,0.6865
1691703854000,0.6865,0.6865,0.6865
1691703855000,0.6864,0.6864,0.6864
1691703856000,0.6864,0.6864,0.6864
1691703857000,0.6864,0.6864,0.6864
1691703858000,0.6864,0.6864,0.6864
1691703859000,0.6864,0.6864,0.6864
1691703860000,0.68640931,0.68640931,0.68640931
1691703861000,0.68640931,0.68640931,0.68640931
1691703862000,0.68640942,0.68640942,0.68640942
1691703863000,0.6864,0.6864,0.6864
1691703864000,0.6864,0.6864,0.6864
1691703865000,0.6864,0.6864,0.6864
1691703866000,0.6864,0.6864,0.6864
1691703867000,0.6864,0.6864,0.6864
1691703868000,0.6864,0.6864,0.6864
1691703869000,0.6864,0.6864,0.6864
1691703870000,0.6864,0.6864,0.6864
1691703871000,0.6864,0.6864,0.6864
1691703872000,0.6864,0.6864,0.6864
1691703873000,0.6864,0.6864,0.6864
1691703874000,0.6864,0.6864,0.6864
1691703875000,0.6864,0.6864,0.6864
1691703876000,0.6864,0.6864,0.6864
1691703877000,0.6865,0.6865,0.6865
1691703878000,0.6865,0.6865,0.6865
1691703879000,0.6865,0.6865,0.6865
1691703880000,0.6865,0.6865,0.6865
1691703881000,0.6865,0.6865,0.6865
1691703882000,0.6865,0.6865,0.6865
1691703883000,0.6865,0.6865,0.6865
1691703884000,0.6865,0.6865,0.6865
1691703885000,0.6864,0.6864,0.6864
1691703886000,0.6864,0.6864,0.6864
1691703887000,0.6864,0.6864,0.6864
1691703888000,0.6864,0.6864,0.6864
1691703889000,0.6865,0.6865,0.6865
1691703890000,0.6864,0.6864,0.6864
1691703891000,0.6864,0.6864,0.6864
1691703892000,0.6864,0.6864,0.6864
1691703893000,0.6864,0.6864,0.6864
1691703894000,0.6864,0.6864,0.6864
1691703895000,0.6864,0.6864,0.6864
1691703896000,0.6864,0.6864,0.6864
1691703897000,0.6864,0.6864,0.6864
1691703898000,0.6864,0.6864,0.6864
1691703899000,0.68645052,0.68645052,0.68645052
1691703900000,0.68645049,0.68645049,0.68645049
1691703901000,0.68640052,0.68640052,0.68640052
1691703902000,0.68640049,0.68640049,0.68640049
1691703903000,0.68645049,0.68645049,0.68645049
1691703904000,0.68645257,0.68645257,0.68645257
1691703905000,0.68640205,0.68640205,0.68640205
1691703906000,0.68640291,0.68640291,0.68640291
1691703907000,0.6865,0.6865,0.6865
1691703908000,0.6865,0.6865,0.6865
1691703909000,0.6865,0.6865,0.6865
1691703910000,0.6865,0.6865,0.6865
1691703911000,0.6865,0.6865,0.6865
1691703912000,0.6865,0.6865,0.6865
1691703913000,0.6865,0.6865,0.6865
1691703914000,0.6865,0.6865,0.6865
1691703915000,0.6865,0.6865,0.6865
1691703916000,0.6865,0.6865,0.6865
1691703917000,0.6865,0.6865,0.6865
1691703918000,0.6865,0.6865,0.6865
1691703919000,0.6865,0.6865,0.6865
1691703920000,0.6865,0.6865,0.6865
1691703921000,0.6865,0.6865,0.6865
1691703922000,0.6865,0.6865,0.6865
1691703923000,0.6865,0.6865,0.6865
1691703924000,0.6865,0.6865,0.6865
1691703925000,0.6865,0.6865,0.6865
1691703926000,0.6865,0.6865,0.6865
1691703927000,0.6865,0.6865,0.6865
1691703928000,0.6865,0.6865,0.6865
1691703929000,0.6865,0.6865,0.6865
1691703930000,0.6865,0.6865,0.6865
1691703931000,0.6865,0.6865,0.6865
1691703932000,0.6865,0.6865,0.6865
1691703933000,0.6865,0.6865,0.6865
1691703934000,0.6865,0.6865,0.6865
1691703935000,0.6865,0.6865,0.6865
1691703936000,0.6865,0.6865,0.6865
1691703937000,0.6865,0.6865,0.6865
1691703938000,0.6865,0.6865,0.6865
1691703939000,0.6865,0.6865,0.6865
1691703940000,0.6865,0.6865,0.6865
1691703941000,0.6865,0.6865,0.6865
1691703942000,0.6865,0.6865,0.6865
1691703943000,0.6865,0.6865,0.6865
1691703944000,0.6865,0.6865,0.6865
1691703945000,0.6865,0.6865,0.6865
1691703946000,0.6865,0.6865,0.6865
1691703947000,0.6864633,0.6864633,0.6864633
1691703948000,0.6865,0.6865,0.6865
1691703949000,0.6865,0.6865,0.6865
1691703950000,0.6865,0.6865,0.6865
1691703951000,0.6865,0.6865,0.6865
1691703952000,0.6865,0.6865,0.6865
1691703953000,0.6865,0.6865,0.6865
1691703954000,0.6865,0.6865,0.6865
1691703955000,0.6865,0.6865,0.6865
1691703956000,0.6864672,0.6864672,0.6864672
1691703957000,0.6864672,0.6864672,0.6864672
1691703958000,0.6865,0.6865,0.6865
1691703959000,0.6866,0.6866,0.6866
1691703960000,0.6866,0.6866,0.6866
1691703961000,0.6866,0.6866,0.6866
1691703962000,0.6865,0.6865,0.6865
1691703963000,0.6865,0.6865,0.6865
1691703964000,0.6865,0.6865,0.6865
1691703965000,0.6865,0.6865,0.6865
1691703966000,0.6865,0.6865,0.6865
1691703967000,0.6865,0.6865,0.6865
1691703968000,0.6865,0.6865,0.6865
1691703969000,0.6865,0.6865,0.6865
1691703970000,0.6865,0.6865,0.6865
1691703971000,0.6865,0.6865,0.6865
1691703972000,0.6865,0.6865,0.6865
1691703973000,0.6865,0.6865,0.6865
1691703974000,0.6865,0.6865,0.6865
1691703975000,0.6865,0.6865,0.6865
1691703976000,0.6865,0.6865,0.6865
1691703977000,0.6865,0.6865,0.6865
1691703978000,0.6865,0.6865,0.6865
1691703979000,0.6865,0.6865,0.6865
1691703980000,0.6865,0.6865,0.6865
1691703981000,0.6865,0.6865,0.6865
1691703982000,0.6865,0.6865,0.6865
1691703983000,0.68652109,0.68652109,0.68652109
1691703984000,0.68652109,0.68652109,0.68652109
1691703985000,0.68652109,0.68652109,0.68652109
1691703986000,0.68652132,0.68652132,0.68652132
1691703987000,0.68652435,0.68652435,0.68652435
1691703988000,0.68655435,0.68655435,0.68655435
1691703989000,0.68655521,0.68655521,0.68655521
1691703990000,0.68655521,0.68655521,0.68655521
1691703991000,0.6866,0.6866,0.6866
1691703992000,0.6866,0.6866,0.6866
1691703993000,0.6866,0.6866,0.6866
1691703994000,0.6866,0.6866,0.6866
1691703995000,0.6866,0.6866,0.6866
1691703996000,0.6866,0.6866,0.6866
1691703997000,0.6866,0.6866,0.6866
1691703998000,0.6866,0.6866,0.6866
1691703999000,0.6866,0.6866,0.6866
1691704000000,0.68655642,0.68655642,0.68655642
1691704001000,0.6865574,0.6865574,0.6865574
1691704002000,0.6865574,0.6865574,0.6865574
1691704003000,0.6865574,0.6865574,0.6865574
1691704004000,0.68655747,0.68655747,0.68655747
1691704005000,0.68655747,0.68655747,0.68655747
1691704006000,0.68655687,0.68655687,0.68655687
1691704007000,0.68655683,0.68655683,0.68655683
1691704008000,0.68655687,0.68655687,0.68655687
1691704009000,0.68655683,0.68655683,0.68655683
1691704010000,0.68655687,0.68655687,0.68655687
1691704011000,0.68655816,0.68655816,0.68655816
1691704012000,0.6866,0.6866,0.6866
1691704013000,0.68655868,0.68655868,0.68655868
1691704014000,0.68655868,0.68655868,0.68655868
1691704015000,0.68655747,0.68655747,0.68655747
1691704016000,0.68655747,0.68655747,0.68655747
1691704017000,0.68650762,0.68650762,0.68650762
1691704018000,0.68650762,0.68650762,0.68650762
1691704019000,0.6865,0.6865,0.6865
1691704020000,0.6865,0.6865,0.6865
1691704021000,0.6865,0.6865,0.6865
1691704022000,0.6865,0.6865,0.6865
1691704023000,0.6865,0.6865,0.6865
1691704024000,0.6865,0.6865,0.6865
1691704025000,0.6865,0.6865,0.6865
1691704026000,0.6865,0.6865,0.6865
1691704027000,0.6865,0.6865,0.6865
1691704028000,0.6865,0.6865,0.6865
1691704029000,0.6865,0.6865,0.6865
1691704030000,0.6865,0.6865,0.6865
1691704031000,0.6865,0.6865,0.6865
1691704032000,0.6865,0.6865,0.6865
1691704033000,0.6865,0.6865,0.6865
1691704034000,0.6865,0.6865,0.6865
1691704035000,0.68651718,0.68651718,0.68651718
1691704036000,0.68651718,0.68651718,0.68651718
1691704037000,0.68651775,0.68651775,0.68651775
1691704038000,0.68651775,0.68651775,0.68651775
1691704039000,0.6866,0.6866,0.6866
1691704040000,0.6866,0.6866,0.6866
1691704041000,0.6866,0.6866,0.6866
1691704042000,0.6866,0.6866,0.6866
1691704043000,0.6866,0.6866,0.6866
1691704044000,0.6866,0.6866,0.6866
1691704045000,0.6866,0.6866,0.6866
1691704046000,0.6866,0.6866,0.6866
1691704047000,0.6866,0.6866,0.6866
1691704048000,0.6866,0.6866,0.6866
1691704049000,0.6866,0.6866,0.6866
1691704050000,0.6866,0.6866,0.6866
1691704051000,0.6866,0.6866,0.6866
1691704052000,0.6866,0.6866,0.6866
1691704053000,0.6866,0.6866,0.6866
1691704054000,0.6866,0.6866,0.6866
1691704055000,0.6866,0.6866,0.6866
1691704056000,0.6866,0.6866,0.6866
1691704057000,0.6866,0.6866,0.6866
1691704058000,0.6865,0.6865,0.6865
1691704059000,0.6865,0.6865,0.6865
1691704060000,0.6865,0.6865,0.6865
1691704061000,0.6865,0.6865,0.6865
1691704062000,0.6866,0.6866,0.6866
1691704063000,0.6866,0.6866,0.6866
1691704064000,0.6866,0.6866,0.6866
1691704065000,0.68652717,0.68652717,0.68652717
1691704066000,0.68652717,0.68652717,0.68652717
1691704067000,0.68657177,0.68657177,0.68657177
1691704068000,0.68657177,0.68657177,0.68657177
1691704069000,0.68657177,0.68657177,0.68657177
1691704070000,0.68653431,0.68653431,0.68653431
1691704071000,0.68653439,0.68653439,0.68653439
1691704072000,0.68653413,0.68653413,0.68653413
1691704073000,0.68653417,0.68653417,0.68653417
1691704074000,0.68653417,0.68653417,0.68653417
1691704075000,0.68653413,0.68653413,0.68653413
1691704076000,0.68653353,0.68653353,0.68653353
1691704077000,0.68653356,0.68653356,0.68653356
1691704078000,0.68653353,0.68653353,0.68653353
1691704079000,0.68653353,0.68653353,0.68653353
1691704080000,0.68653353,0.68653353,0.68653353
1691704081000,0.68653353,0.68653353,0.68653353
1691704082000,0.68653324,0.68653324,0.68653324
1691704083000,0.6867,0.6867,0.6867
1691704084000,0.6866,0.6866,0.6866
1691704085000,0.68663294,0.68663294,0.68663294
1691704086000,0.68663297,0.68663297,0.68663297
1691704087000,0.68663243,0.68663243,0.68663243
1691704088000,0.68663509,0.68663509,0.68663509
1691704089000,0.68663509,0.68663509,0.68663509
1691704090000,0.6866,0.6866,0.6866
1691704091000,0.6866,0.6866,0.6866
1691704092000,0.6866,0.6866,0.6866
1691704093000,0.6866,0.6866,0.6866
1691704094000,0.6866,0.6866,0.6866
1691704095000,0.6866,0.6866,0.6866
1691704096000,0.6866,0.6866,0.6866
1691704097000,0.6866,0.6866,0.6866
1691704098000,0.6866,0.6866,0.6866
1691704099000,0.6866,0.6866,0.6866
1691704100000,0.68654458,0.68654458,0.68654458
1691704101000,0.68654458,0.68654458,0.68654458
1691704102000,0.68654458,0.68654458,0.68654458
1691704103000,0.686545,0.686545,0.686545
1691704104000,0.68654579,0.68654579,0.68654579
1691704105000,0.68659576,0.68659576,0.68659576
1691704106000,0.68659579,0.68659579,0.68659579
1691704107000,0.68660993,0.68660993,0.68660993
1691704108000,0.68660997,0.68660997,0.68660997
1691704109000,0.6866099,0.6866099,0.6866099
1691704110000,0.6866099,0.6866099,0.6866099
1691704111000,0.6866099,0.6866099,0.6866099
1691704112000,0.6866099,0.6866099,0.6866099
1691704113000,0.68660967,0.68660967,0.68660967
1691704114000,0.68660971,0.68660971,0.68660971
1691704115000,0.68660931,0.68660931,0.68660931
1691704116000,0.68660931,0.68660931,0.68660931
1691704117000,0.68660934,0.68660934,0.68660934
1691704118000,0.68655934,0.68655934,0.68655934
1691704119000,0.68655934,0.68655934,0.68655934
1691704120000,0.68656071,0.68656071,0.68656071
1691704121000,0.68656074,0.68656074,0.68656074
1691704122000,0.68661071,0.68661071,0.68661071
1691704123000,0.68661071,0.68661071,0.68661071
1691704124000,0.68661097,0.68661097,0.68661097
1691704125000,0.68661101,0.68661101,0.68661101
1691704126000,0.6866127,0.6866127,0.6866127
1691704127000,0.6866127,0.6866127,0.6866127
1691704128000,0.68661266,0.68661266,0.68661266
1691704129000,0.6866124,0.6866124,0.6866124
1691704130000,0.68661236,0.68661236,0.68661236
1691704131000,0.68661356,0.68661356,0.68661356
1691704132000,0.68661356,0.68661356,0.68661356
1691704133000,0.68661356,0.68661356,0.68661356
1691704134000,0.6866139,0.6866139,0.6866139
1691704135000,0.6866139,0.6866139,0.6866139
1691704136000,0.6866139,0.6866139,0.6866139
1691704137000,0.68656931,0.68656931,0.68656931
1691704138000,0.68656934,0.68656934,0.68656934
1691704139000,0.68661151,0.68661151,0.68661151
1691704140000,0.68661151,0.68661151,0.68661151
1691704141000,0.68661151,0.68661151,0.68661151
1691704142000,0.68661151,0.68661151,0.68661151
1691704143000,0.68661022,0.68661022,0.68661022
1691704144000,0.68660948,0.68660948,0.68660948
1691704145000,0.68660948,0.68660948,0.68660948
1691704146000,0.68660951,0.68660951,0.68660951
1691704147000,0.68661037,0.68661037,0.68661037
1691704148000,0.68660834,0.68660834,0.68660834
1691704149000,0.68660837,0.68660837,0.68660837
1691704150000,0.68660748,0.68660748,0.68660748
1691704151000,0.68660748,0.68660748,0.68660748
1691704152000,0.68660748,0.68660748,0.68660748
1691704153000,0.68660834,0.68660834,0.68660834
1691704154000,0.68660551,0.68660551,0.68660551
1691704155000,0.68660636,0.68660636,0.68660636
1691704156000,0.68660636,0.68660636,0.68660636
1691704157000,0.6866064,0.6866064,0.6866064
1691704158000,0.6866064,0.6866064,0.6866064
1691704159000,0.68660508,0.68660508,0.68660508
1691704160000,0.68660512,0.68660512,0.68660512
1691704161000,0.68660512,0.68660512,0.68660512
1691704162000,0.68660508,0.68660508,0.68660508
1691704163000,0.68660512,0.68660512,0.68660512
1691704164000,0.6867,0.6867,0.6867
1691704165000,0.6867,0.6867,0.6867
1691704166000,0.6867,0.6867,0.6867
1691704167000,0.6867,0.6867,0.6867
1691704168000,0.6867,0.6867,0.6867
1691704169000,0.6867,0.6867,0.6867
1691704170000,0.6867,0.6867,0.6867
1691704171000,0.68660424,0.68660424,0.68660424
1691704172000,0.68660424,0.68660424,0.68660424
1691704173000,0.6867,0.6867,0.6867
1691704174000,0.6867,0.6867,0.6867
1691704175000,0.6867,0.6867,0.6867
1691704176000,0.6867,0.6867,0.6867
1691704177000,0.6867,0.6867,0.6867
1691704178000,0.6867,0.6867,0.6867
1691704179000,0.6867,0.6867,0.6867
1691704180000,0.6867,0.6867,0.6867
1691704181000,0.6867,0.6867,0.6867
1691704182000,0.6867,0.6867,0.6867
1691704183000,0.6867,0.6867,0.6867
1691704184000,0.6867,0.6867,0.6867
1691704185000,0.6867,0.6867,0.6867
1691704186000,0.6867,0.6867,0.6867
1691704187000,0.6867,0.6867,0.6867
1691704188000,0.6867,0.6867,0.6867
1691704189000,0.6867,0.6867,0.6867
1691704190000,0.6867,0.6867,0.6867
1691704191000,0.6867,0.6867,0.6867
1691704192000,0.68661454,0.68661454,0.68661454
1691704193000,0.68661368,0.68661368,0.68661368
1691704194000,0.68661368,0.68661368,0.68661368
1691704195000,0.68661365,0.68661365,0.68661365
1691704196000,0.68661365,0.68661365,0.68661365
1691704197000,0.68661365,0.68661365,0.68661365
1691704198000,0.68661436,0.68661436,0.68661436
1691704199000,0.68661436,0.68661436,0.68661436
1691704200000,0.68661436,0.68661436,0.68661436
1691704201000,0.68667439,0.68667439,0.68667439
1691704202000,0.68662436,0.68662436,0.68662436
1691704203000,0.6867,0.6867,0.6867
1691704204000,0.6868,0.6868,0.6868
1691704205000,0.6867,0.6867,0.6867
1691704206000,0.6867,0.6867,0.6867
1691704207000,0.6867,0.6867,0.6867
1691704208000,0.6867,0.6867,0.6867
1691704209000,0.6867,0.6867,0.6867
1691704210000,0.68667928,0.68667928,0.68667928
1691704211000,0.6867,0.6867,0.6867
1691704212000,0.68673021,0.68673021,0.68673021
1691704213000,0.68673021,0.68673021,0.68673021
1691704214000,0.68673021,0.68673021,0.68673021
1691704215000,0.68673073,0.68673073,0.68673073
1691704216000,0.68673077,0.68673077,0.68673077
1691704217000,0.68673077,0.68673077,0.68673077
1691704218000,0.68672991,0.68672991,0.68672991
1691704219000,0.68672987,0.68672987,0.68672987
1691704220000,0.68672954,0.68672954,0.68672954
1691704221000,0.6867304,0.6867304,0.6867304
1691704222000,0.6867304,0.6867304,0.6867304
1691704223000,0.6867304,0.6867304,0.6867304
1691704224000,0.68673129,0.68673129,0.68673129
1691704225000,0.68673129,0.68673129,0.68673129
1691704226000,0.68673197,0.68673197,0.68673197
1691704227000,0.68673216,0.68673216,0.68673216
1691704228000,0.68673216,0.68673216,0.68673216
1691704229000,0.68673216,0.68673216,0.68673216
1691704230000,0.68673216,0.68673216,0.68673216
1691704231000,0.68673226,0.68673226,0.68673226
1691704232000,0.68673226,0.68673226,0.68673226
1691704233000,0.68673226,0.68673226,0.68673226
1691704234000,0.68673226,0.68673226,0.68673226
1691704235000,0.6867323,0.6867323,0.6867323
1691704236000,0.68677646,0.68677646,0.68677646
1691704237000,0.68677375,0.68677375,0.68677375
1691704238000,0.68678039,0.68678039,0.68678039
1691704239000,0.68678039,0.68678039,0.68678039
1691704240000,0.68678039,0.68678039,0.68678039
1691704241000,0.68678039,0.68678039,0.68678039
1691704242000,0.68672685,0.68672685,0.68672685
1691704243000,0.68672682,0.68672682,0.68672682
1691704244000,0.68672682,0.68672682,0.68672682
1691704245000,0.68677685,0.68677685,0.68677685
1691704246000,0.68677685,0.68677685,0.68677685
1691704247000,0.68677756,0.68677756,0.68677756
1691704248000,0.68678961,0.68678961,0.68678961
1691704249000,0.68678961,0.68678961,0.68678961
1691704250000,0.68678961,0.68678961,0.68678961
1691704251000,0.68678961,0.68678961,0.68678961
1691704252000,0.68678845,0.68678845,0.68678845
1691704253000,0.6868,0.6868,0.6868
1691704254000,0.6868,0.6868,0.6868
1691704255000,0.6867873,0.6867873,0.6867873
1691704256000,0.6867873,0.6867873,0.6867873
1691704257000,0.68668734,0.68668734,0.68668734
1691704258000,0.68673771,0.68673771,0.68673771
1691704259000,0.68673449,0.68673449,0.68673449
1691704260000,0.6872,0.6872,0.6872
1691704261000,0.68729023,0.68729023,0.68729023
1691704262000,0.6876,0.6876,0.6876
1691704263000,0.6877,0.6877,0.6877
1691704264000,0.68753215,0.68753215,0.68753215
1691704265000,0.68748867,0.68748867,0.68748867
1691704266000,0.68748867,0.68748867,0.68748867
1691704267000,0.68748867,0.68748867,0.68748867
1691704268000,0.6874,0.6874,0.6874
1691704269000,0.68747752,0.68747752,0.68747752
1691704270000,0.6874741,0.6874741,0.6874741
1691704271000,0.68746833,0.68746833,0.68746833
1691704272000,0.68746833,0.68746833,0.68746833
1691704273000,0.68746615,0.68746615,0.68746615
1691704274000,0.68746615,0.68746615,0.68746615
1691704275000,0.68746295,0.68746295,0.68746295
1691704276000,0.68741947,0.68741947,0.68741947
1691704277000,0.68741944,0.68741944,0.68741944
1691704278000,0.68741944,0.68741944,0.68741944
1691704279000,0.68742596,0.68742596,0.68742596
1691704280000,0.68742524,0.68742524,0.68742524
1691704281000,0.68742091,0.68742091,0.68742091
1691704282000,0.68746076,0.68746076,0.68746076
1691704283000,0.68746004,0.68746004,0.68746004
1691704284000,0.68746001,0.68746001,0.68746001
1691704285000,0.68746001,0.68746001,0.68746001
1691704286000,0.68746004,0.68746004,0.68746004
1691704287000,0.68750007,0.68750007,0.68750007
1691704288000,0.68750004,0.68750004,0.68750004
1691704289000,0.6875066,0.6875066,0.6875066
1691704290000,0.6875066,0.6875066,0.6875066
1691704291000,0.68750657,0.68750657,0.68750657
1691704292000,0.68750399,0.68750399,0.68750399
1691704293000,0.68750402,0.68750402,0.68750402
1691704294000,0.68750402,0.68750402,0.68750402
1691704295000,0.68750399,0.68750399,0.68750399
1691704296000,0.68750399,0.68750399,0.68750399
1691704297000,0.68750399,0.68750399,0.68750399
1691704298000,0.68748832,0.68748832,0.68748832
1691704299000,0.68748832,0.68748832,0.68748832
1691704300000,0.68748832,0.68748832,0.68748832
1691704301000,0.68748832,0.68748832,0.68748832
1691704302000,0.68744989,0.68744989,0.68744989
1691704303000,0.68744749,0.68744749,0.68744749
1691704304000,0.68744749,0.68744749,0.68744749
1691704305000,0.68744749,0.68744749,0.68744749
1691704306000,0.68744749,0.68744749,0.68744749
1691704307000,0.68744752,0.68744752,0.68744752
1691704308000,0.68744749,0.68744749,0.68744749
1691704309000,0.68744575,0.68744575,0.68744575
1691704310000,0.68744578,0.68744578,0.68744578
1691704311000,0.68744649,0.68744649,0.68744649
1691704312000,0.68744649,0.68744649,0.68744649
1691704313000,0.68744649,0.68744649,0.68744649
1691704314000,0.6874013,0.6874013,0.6874013
1691704315000,0.68740127,0.68740127,0.68740127
1691704316000,0.68740127,0.68740127,0.68740127
1691704317000,0.6874013,0.6874013,0.6874013
1691704318000,0.68740055,0.68740055,0.68740055
1691704319000,0.68740055,0.68740055,0.68740055
1691704320000,0.68739953,0.68739953,0.68739953
1691704321000,0.6873995,0.6873995,0.6873995
1691704322000,0.68739953,0.68739953,0.68739953
1691704323000,0.68739953,0.68739953,0.68739953
1691704324000,0.68739953,0.68739953,0.68739953
1691704325000,0.68739696,0.68739696,0.68739696
1691704326000,0.68739587,0.68739587,0.68739587
1691704327000,0.6874,0.6874,0.6874
1691704328000,0.6874,0.6874,0.6874
1691704329000,0.6874,0.6874,0.6874
1691704330000,0.6874,0.6874,0.6874
1691704331000,0.6874,0.6874,0.6874
1691704332000,0.6874,0.6874,0.6874
1691704333000,0.6874,0.6874,0.6874
1691704334000,0.68741536,0.68741536,0.68741536
1691704335000,0.68741536,0.68741536,0.68741536
1691704336000,0.6874136,0.6874136,0.6874136
1691704337000,0.6874136,0.6874136,0.6874136
1691704338000,0.6874136,0.6874136,0.6874136
1691704339000,0.6874,0.6874,0.6874
1691704340000,0.6874,0.6874,0.6874
1691704341000,0.6874,0.6874,0.6874
1691704342000,0.6874,0.6874,0.6874
1691704343000,0.6874,0.6874,0.6874
1691704344000,0.6874,0.6874,0.6874
1691704345000,0.6874,0.6874,0.6874
1691704346000,0.6874,0.6874,0.6874
1691704347000,0.6874,0.6874,0.6874
1691704348000,0.6874,0.6874,0.6874
1691704349000,0.6874,0.6874,0.6874
1691704350000,0.6874,0.6874,0.6874
1691704351000,0.6874,0.6874,0.6874
1691704352000,0.68741092,0.68741092,0.68741092
1691704353000,0.68741038,0.68741038,0.68741038
1691704354000,0.68741038,0.68741038,0.68741038
1691704355000,0.68741041,0.68741041,0.68741041
1691704356000,0.68741041,0.68741041,0.68741041
1691704357000,0.68741041,0.68741041,0.68741041
1691704358000,0.68741041,0.68741041,0.68741041
1691704359000,0.68740755,0.68740755,0.68740755
1691704360000,0.68736404,0.68736404,0.68736404
1691704361000,0.68736404,0.68736404,0.68736404
1691704362000,0.68736407,0.68736407,0.68736407
1691704363000,0.68736407,0.68736407,0.68736407
1691704364000,0.68736193,0.68736193,0.68736193
1691704365000,0.68736193,0.68736193,0.68736193
1691704366000,0.68736193,0.68736193,0.68736193
1691704367000,0.68736193,0.68736193,0.68736193
1691704368000,0.6874,0.6874,0.6874
1691704369000,0.6874,0.6874,0.6874
1691704370000,0.6874,0.6874,0.6874
1691704371000,0.6874,0.6874,0.6874
1691704372000,0.6874,0.6874,0.6874
1691704373000,0.6874,0.6874,0.6874
1691704374000,0.6874,0.6874,0.6874
1691704375000,0.6874,0.6874,0.6874
1691704376000,0.6874,0.6874,0.6874
1691704377000,0.6874,0.6874,0.6874
1691704378000,0.6874,0.6874,0.6874
1691704379000,0.6874,0.6874,0.6874
1691704380000,0.68735939,0.68735939,0.68735939
1691704381000,0.68735565,0.68735565,0.68735565
1691704382000,0.68735565,0.68735565,0.68735565
1691704383000,0.68735568,0.68735568,0.68735568
1691704384000,0.6874,0.6874,0.6874
1691704385000,0.6874,0.6874,0.6874
1691704386000,0.6874,0.6874,0.6874
1691704387000,0.6874,0.6874,0.6874
1691704388000,0.6874,0.6874,0.6874
1691704389000,0.6874,0.6874,0.6874
1691704390000,0.6874,0.6874,0.6874
1691704391000,0.6874,0.6874,0.6874
1691704392000,0.6874,0.6874,0.6874
1691704393000,0.6874,0.6874,0.6874
1691704394000,0.6874,0.6874,0.6874
1691704395000,0.6874,0.6874,0.6874
1691704396000,0.6874,0.6874,0.6874
1691704397000,0.6874,0.6874,0.6874
1691704398000,0.68739899,0.68739899,0.68739899
1691704399000,0.68739899,0.68739899,0.68739899
1691704400000,0.6874,0.6874,0.6874
1691704401000,0.68739896,0.68739896,0.68739896
1691704402000,0.68739896,0.68739896,0.68739896
1691704403000,0.68739785,0.68739785,0.68739785
1691704404000,0.68739785,0.68739785,0.68739785
1691704405000,0.6873971,0.6873971,0.6873971
1691704406000,0.68739707,0.68739707,0.68739707
1691704407000,0.6873971,0.6873971,0.6873971
1691704408000,0.68739605,0.68739605,0.68739605
1691704409000,0.68739605,0.68739605,0.68739605
1691704410000,0.68739605,0.68739605,0.68739605
1691704411000,0.68739602,0.68739602,0.68739602
1691704412000,0.68739602,0.68739602,0.68739602
1691704413000,0.68739605,0.68739605,0.68739605
1691704414000,0.68739524,0.68739524,0.68739524
1691704415000,0.68739524,0.68739524,0.68739524
1691704416000,0.68739524,0.68739524,0.68739524
1691704417000,0.68739599,0.68739599,0.68739599
1691704418000,0.68739599,0.68739599,0.68739599
1691704419000,0.68739439,0.68739439,0.68739439
1691704420000,0.68739439,0.68739439,0.68739439
1691704421000,0.68739514,0.68739514,0.68739514
1691704422000,0.68739514,0.68739514,0.68739514
1691704423000,0.6875,0.6875,0.6875
1691704424000,0.6875,0.6875,0.6875
1691704425000,0.68743702,0.68743702,0.68743702
1691704426000,0.6874,0.6874,0.6874
1691704427000,0.6874,0.6874,0.6874
1691704428000,0.6874,0.6874,0.6874
1691704429000,0.6874,0.6874,0.6874
1691704430000,0.6874,0.6874,0.6874
1691704431000,0.68734762,0.68734762,0.68734762
1691704432000,0.68734762,0.68734762,0.68734762
1691704433000,0.68734766,0.68734766,0.68734766
1691704434000,0.6874,0.6874,0.6874
1691704435000,0.6874,0.6874,0.6874
1691704436000,0.6874,0.6874,0.6874
1691704437000,0.6874,0.6874,0.6874
1691704438000,0.6874,0.6874,0.6874
1691704439000,0.68738539,0.68738539,0.68738539
1691704440000,0.68738539,0.68738539,0.68738539
1691704441000,0.68738542,0.68738542,0.68738542
1691704442000,0.68738465,0.68738465,0.68738465
1691704443000,0.68737813,0.68737813,0.68737813
1691704444000,0.68730709,0.68730709,0.68730709
1691704445000,0.68730712,0.68730712,0.68730712
1691704446000,0.68730712,0.68730712,0.68730712
1691704447000,0.68729654,0.68729654,0.68729654
1691704448000,0.68729657,0.68729657,0.68729657
1691704449000,0.68729657,0.68729657,0.68729657
1691704450000,0.68729657,0.68729657,0.68729657
1691704451000,0.68729731,0.68729731,0.68729731
1691704452000,0.68729731,0.68729731,0.68729731
1691704453000,0.68729464,0.68729464,0.68729464
1691704454000,0.68729464,0.68729464,0.68729464
1691704455000,0.68729464,0.68729464,0.68729464
1691704456000,0.68729461,0.68729461,0.68729461
1691704457000,0.68729461,0.68729461,0.68729461
1691704458000,0.68729195,0.68729195,0.68729195
1691704459000,0.68729195,0.68729195,0.68729195
1691704460000,0.68729198,0.68729198,0.68729198
1691704461000,0.68729198,0.68729198,0.68729198
1691704462000,0.68729198,0.68729198,0.68729198
1691704463000,0.68729198,0.68729198,0.68729198
1691704464000,0.68733277,0.68733277,0.68733277
1691704465000,0.68733277,0.68733277,0.68733277
1691704466000,0.6873328,0.6873328,0.6873328
1691704467000,0.6873328,0.6873328,0.6873328
1691704468000,0.6873328,0.6873328,0.6873328
1691704469000,0.68732772,0.68732772,0.68732772
1691704470000,0.687327,0.687327,0.687327
1691704471000,0.687327,0.687327,0.687327
1691704472000,0.68732045,0.68732045,0.68732045
1691704473000,0.68723346,0.68723346,0.68723346
1691704474000,0.68723346,0.68723346,0.68723346
1691704475000,0.68722841,0.68722841,0.68722841
1691704476000,0.68722841,0.68722841,0.68722841
1691704477000,0.68722841,0.68722841,0.68722841
1691704478000,0.68722841,0.68722841,0.68722841
1691704479000,0.68722841,0.68722841,0.68722841
1691704480000,0.68722491,0.68722491,0.68722491
1691704481000,0.68722491,0.68722491,0.68722491
1691704482000,0.68722491,0.68722491,0.68722491
1691704483000,0.68719883,0.68719883,0.68719883
1691704484000,0.68719957,0.68719957,0.68719957
1691704485000,0.68719957,0.68719957,0.68719957
1691704486000,0.68719313,0.68719313,0.68719313
1691704487000,0.68719313,0.68719313,0.68719313
1691704488000,0.68719313,0.68719313,0.68719313
1691704489000,0.68719316,0.68719316,0.68719316
1691704490000,0.68719316,0.68719316,0.68719316
1691704491000,0.68718847,0.68718847,0.68718847
1691704492000,0.68718198,0.68718198,0.68718198
1691704493000,0.68718195,0.68718195,0.68718195
1691704494000,0.68718195,0.68718195,0.68718195
1691704495000,0.68718195,0.68718195,0.68718195
1691704496000,0.68718195,0.68718195,0.68718195
1691704497000,0.68717515,0.68717515,0.68717515
1691704498000,0.68717589,0.68717589,0.68717589
1691704499000,0.68717515,0.68717515,0.68717515
1691704500000,0.68717515,0.68717515,0.68717515
1691704501000,0.68717515,0.68717515,0.68717515
1691704502000,0.68717166,0.68717166,0.68717166
1691704503000,0.68715861,0.68715861,0.68715861
1691704504000,0.6871061,0.6871061,0.6871061
1691704505000,0.6871061,0.6871061,0.6871061
1691704506000,0.68706187,0.68706187,0.68706187
1691704507000,0.68706187,0.68706187,0.68706187
1691704508000,0.68705271,0.68705271,0.68705271
1691704509000,0.68705274,0.68705274,0.68705274
1691704510000,0.68705274,0.68705274,0.68705274
1691704511000,0.68705271,0.68705271,0.68705271
1691704512000,0.68705271,0.68705271,0.68705271
1691704513000,0.68705271,0.68705271,0.68705271
1691704514000,0.68704608,0.68704608,0.68704608
1691704515000,0.68704608,0.68704608,0.68704608
1691704516000,0.68704608,0.68704608,0.68704608
1691704517000,0.68704608,0.68704608,0.68704608
1691704518000,0.68704608,0.68704608,0.68704608
1691704519000,0.6870403,0.6870403,0.6870403
1691704520000,0.6870403,0.6870403,0.6870403
1691704521000,0.68704105,0.68704105,0.68704105
1691704522000,0.68704105,0.68704105,0.68704105
1691704523000,0.68704108,0.68704108,0.68704108
1691704524000,0.68704105,0.68704105,0.68704105
1691704525000,0.68703526,0.68703526,0.68703526
1691704526000,0.68703526,0.68703526,0.68703526
1691704527000,0.68703526,0.68703526,0.68703526
1691704528000,0.68703526,0.68703526,0.68703526
1691704529000,0.68703526,0.68703526,0.68703526
1691704530000,0.6869903,0.6869903,0.6869903
1691704531000,0.6869903,0.6869903,0.6869903
1691704532000,0.6869903,0.6869903,0.6869903
1691704533000,0.68699033,0.68699033,0.68699033
1691704534000,0.68699033,0.68699033,0.68699033
1691704535000,0.6869903,0.6869903,0.6869903
1691704536000,0.68698472,0.68698472,0.68698472
1691704537000,0.68698472,0.68698472,0.68698472
1691704538000,0.68698472,0.68698472,0.68698472
1691704539000,0.68698472,0.68698472,0.68698472
1691704540000,0.68698475,0.68698475,0.68698475
1691704541000,0.68698207,0.68698207,0.68698207
1691704542000,0.6868886,0.6868886,0.6868886
1691704543000,0.6868886,0.6868886,0.6868886
1691704544000,0.68688863,0.68688863,0.68688863
1691704545000,0.68688863,0.68688863,0.68688863
1691704546000,0.68688934,0.68688934,0.68688934
1691704547000,0.68688275,0.68688275,0.68688275
1691704548000,0.68688275,0.68688275,0.68688275
1691704549000,0.68686971,0.68686971,0.68686971
1691704550000,0.68686896,0.68686896,0.68686896
1691704551000,0.68686896,0.68686896,0.68686896
1691704552000,0.68686675,0.68686675,0.68686675
1691704553000,0.68686672,0.68686672,0.68686672
1691704554000,0.68686672,0.68686672,0.68686672
1691704555000,0.6869102,0.6869102,0.6869102
1691704556000,0.6869102,0.6869102,0.6869102
1691704557000,0.6869102,0.6869102,0.6869102
1691704558000,0.68690725,0.68690725,0.68690725
1691704559000,0.68686377,0.68686377,0.68686377
1691704560000,0.6868638,0.6868638,0.6868638
1691704561000,0.6868638,0.6868638,0.6868638
1691704562000,0.68686377,0.68686377,0.68686377
1691704563000,0.68684524,0.68684524,0.68684524
1691704564000,0.68673779,0.68673779,0.68673779
1691704565000,0.68673779,0.68673779,0.68673779
1691704566000,0.68666263,0.68666263,0.68666263
1691704567000,0.68666263,0.68666263,0.68666263
1691704568000,0.68666263,0.68666263,0.68666263
1691704569000,0.68662109,0.68662109,0.68662109
1691704570000,0.68662109,0.68662109,0.68662109
1691704571000,0.68662109,0.68662109,0.68662109
1691704572000,0.68662106,0.68662106,0.68662106
1691704573000,0.68657833,0.68657833,0.68657833
1691704574000,0.68657623,0.68657623,0.68657623
1691704575000,0.68657545,0.68657545,0.68657545
1691704576000,0.6865762,0.6865762,0.6865762
1691704577000,0.6865762,0.6865762,0.6865762
1691704578000,0.68653089,0.68653089,0.68653089
1691704579000,0.68653089,0.68653089,0.68653089
1691704580000,0.68652768,0.68652768,0.68652768
1691704581000,0.68652768,0.68652768,0.68652768
1691704582000,0.68652768,0.68652768,0.68652768
1691704583000,0.68652768,0.68652768,0.68652768
1691704584000,0.68652768,0.68652768,0.68652768
1691704585000,0.68652337,0.68652337,0.68652337
1691704586000,0.68652337,0.68652337,0.68652337
1691704587000,0.68652337,0.68652337,0.68652337
1691704588000,0.68652337,0.68652337,0.68652337
1691704589000,0.68643641,0.68643641,0.68643641
1691704590000,0.68640477,0.68640477,0.68640477
1691704591000,0.68640141,0.68640141,0.68640141
1691704592000,0.68640144,0.68640144,0.68640144
1691704593000,0.68640144,0.68640144,0.68640144
1691704594000,0.68640141,0.68640141,0.68640141
1691704595000,0.68640141,0.68640141,0.68640141
1691704596000,0.68640144,0.68640144,0.68640144
1691704597000,0.68639842,0.68639842,0.68639842
1691704598000,0.68639842,0.68639842,0.68639842
1691704599000,0.68639839,0.68639839,0.68639839
1691704600000,0.68639842,0.68639842,0.68639842
1691704601000,0.68639842,0.68639842,0.68639842
1691704602000,0.68638943,0.68638943,0.68638943
1691704603000,0.6863894,0.6863894,0.6863894
1691704604000,0.68638943,0.68638943,0.68638943
1691704605000,0.68630322,0.68630322,0.68630322
1691704606000,0.68630322,0.68630322,0.68630322
1691704607000,0.68630245,0.68630245,0.68630245
1691704608000,0.68629673,0.68629673,0.68629673
1691704609000,0.68629747,0.68629747,0.68629747
1691704610000,0.68629673,0.68629673,0.68629673
1691704611000,0.68629673,0.68629673,0.68629673
1691704612000,0.68629455,0.68629455,0.68629455
1691704613000,0.68628886,0.68628886,0.68628886
1691704614000,0.68628889,0.68628889,0.68628889
1691704615000,0.68628889,0.68628889,0.68628889
1691704616000,0.68628889,0.68628889,0.68628889
1691704617000,0.68628889,0.68628889,0.68628889
1691704618000,0.6862628,0.6862628,0.6862628
1691704619000,0.68619117,0.68619117,0.68619117
1691704620000,0.68623468,0.68623468,0.68623468
1691704621000,0.68623468,0.68623468,0.68623468
1691704622000,0.6864,0.6864,0.6864
1691704623000,0.6864,0.6864,0.6864
1691704624000,0.6864,0.6864,0.6864
1691704625000,0.6864,0.6864,0.6864
1691704626000,0.6864,0.6864,0.6864
1691704627000,0.6864,0.6864,0.6864
1691704628000,0.6864,0.6864,0.6864
1691704629000,0.6863,0.6863,0.6863
1691704630000,0.6864,0.6864,0.6864
1691704631000,0.6864,0.6864,0.6864
1691704632000,0.6864,0.6864,0.6864
1691704633000,0.6864,0.6864,0.6864
1691704634000,0.6863,0.6863,0.6863
1691704635000,0.6863,0.6863,0.6863
1691704636000,0.6864,0.6864,0.6864
1691704637000,0.6864,0.6864,0.6864
1691704638000,0.6864,0.6864,0.6864
1691704639000,0.6864,0.6864,0.6864
1691704640000,0.6864,0.6864,0.6864
1691704641000,0.6864,0.6864,0.6864
1691704642000,0.6864,0.6864,0.6864
1691704643000,0.6864,0.6864,0.6864
1691704644000,0.6864,0.6864,0.6864
1691704645000,0.6864,0.6864,0.6864
1691704646000,0.6864,0.6864,0.6864
1691704647000,0.6864,0.6864,0.6864
1691704648000,0.6864,0.6864,0.6864
1691704649000,0.6864,0.6864,0.6864
1691704650000,0.6864,0.6864,0.6864
1691704651000,0.6864,0.6864,0.6864
1691704652000,0.6864,0.6864,0.6864
1691704653000,0.6864,0.6864,0.6864
1691704654000,0.6864,0.6864,0.6864
1691704655000,0.6864,0.6864,0.6864
1691704656000,0.6864,0.6864,0.6864
1691704657000,0.6864,0.6864,0.6864
1691704658000,0.6863,0.6863,0.6863
1691704659000,0.6863,0.6863,0.6863
1691704660000,0.6864,0.6864,0.6864
1691704661000,0.6864,0.6864,0.6864
1691704662000,0.6864,0.6864,0.6864
1691704663000,0.6864,0.6864,0.6864
1691704664000,0.6864,0.6864,0.6864
1691704665000,0.6864,0.6864,0.6864
1691704666000,0.6864,0.6864,0.6864
1691704667000,0.6864,0.6864,0.6864
1691704668000,0.6864,0.6864,0.6864
1691704669000,0.6864,0.6864,0.6864
1691704670000,0.6864,0.6864,0.6864
1691704671000,0.6864,0.6864,0.6864
1691704672000,0.6864,0.6864,0.6864
1691704673000,0.6864,0.6864,0.6864
1691704674000,0.6864,0.6864,0.6864
1691704675000,0.6865,0.6865,0.6865
1691704676000,0.6865,0.6865,0.6865
1691704677000,0.6865,0.6865,0.6865
1691704678000,0.6865,0.6865,0.6865
1691704679000,0.6865,0.6865,0.6865
1691704680000,0.6865,0.6865,0.6865
1691704681000,0.6865,0.6865,0.6865
1691704682000,0.6865,0.6865,0.6865
1691704683000,0.6864,0.6864,0.6864
1691704684000,0.6864,0.6864,0.6864
1691704685000,0.6864,0.6864,0.6864
1691704686000,0.6864,0.6864,0.6864
1691704687000,0.6864,0.6864,0.6864
1691704688000,0.6864,0.6864,0.6864
1691704689000,0.6864,0.6864,0.6864
1691704690000,0.6864,0.6864,0.6864
1691704691000,0.6864,0.6864,0.6864
1691704692000,0.6864,0.6864,0.6864
1691704693000,0.6864,0.6864,0.6864
1691704694000,0.6864,0.6864,0.6864
1691704695000,0.6864,0.6864,0.6864
1691704696000,0.6864,0.6864,0.6864
1691704697000,0.6865,0.6865,0.6865
1691704698000,0.6864,0.6864,0.6864
1691704699000,0.6864,0.6864,0.6864
1691704700000,0.6864,0.6864,0.6864
1691704701000,0.6864,0.6864,0.6864
1691704702000,0.6864,0.6864,0.6864
1691704703000,0.6864,0.6864,0.6864
1691704704000,0.6864,0.6864,0.6864
1691704705000,0.6864,0.6864,0.6864
1691704706000,0.6864,0.6864,0.6864
1691704707000,0.6864,0.6864,0.6864
1691704708000,0.6864,0.6864,0.6864
1691704709000,0.6864,0.6864,0.6864
1691704710000,0.6864,0.6864,0.6864
1691704711000,0.6864,0.6864,0.6864
1691704712000,0.6864,0.6864,0.6864
1691704713000,0.6864,0.6864,0.6864
1691704714000,0.6864,0.6864,0.6864
1691704715000,0.6864,0.6864,0.6864
1691704716000,0.6864,0.6864,0.6864
1691704717000,0.6864,0.6864,0.6864
1691704718000,0.6864,0.6864,0.6864
1691704719000,0.6864,0.6864,0.6864
1691704720000,0.6864,0.6864,0.6864
1691704721000,0.6864,0.6864,0.6864
1691704722000,0.6864,0.6864,0.6864
1691704723000,0.6864,0.6864,0.6864
1691704724000,0.6864,0.6864,0.6864
1691704725000,0.6864,0.6864,0.6864
1691704726000,0.6864,0.6864,0.6864
1691704727000,0.6864,0.6864,0.6864
1691704728000,0.6864,0.6864,0.6864
1691704729000,0.6864,0.6864,0.6864
1691704730000,0.6864,0.6864,0.6864
1691704731000,0.6864,0.6864,0.6864
1691704732000,0.6864,0.6864,0.6864
1691704733000,0.6864,0.6864,0.6864
1691704734000,0.6864,0.6864,0.6864
1691704735000,0.6864,0.6864,0.6864
1691704736000,0.6864,0.6864,0.6864
1691704737000,0.6864,0.6864,0.6864
1691704738000,0.6864,0.6864,0.6864
1691704739000,0.6864,0.6864,0.6864
1691704740000,0.6864,0.6864,0.6864
1691704741000,0.6864,0.6864,0.6864
1691704742000,0.6864,0.6864,0.6864
1691704743000,0.6864,0.6864,0.6864
1691704744000,0.6864,0.6864,0.6864
1691704745000,0.6864,0.6864,0.6864
1691704746000,0.6864,0.6864,0.6864
1691704747000,0.6864,0.6864,0.6864
1691704748000,0.6863179,0.6863179,0.6863179
1691704749000,0.68632364,0.68632364,0.68632364
1691704750000,0.6864,0.6864,0.6864
1691704751000,0.6864,0.6864,0.6864
1691704752000,0.6864,0.6864,0.6864
1691704753000,0.6864,0.6864,0.6864
1691704754000,0.6864,0.6864,0.6864
1691704755000,0.6864,0.6864,0.6864
1691704756000,0.68632321,0.68632321,0.68632321
1691704757000,0.68632278,0.68632278,0.68632278
1691704758000,0.68632278,0.68632278,0.68632278
1691704759000,0.68632281,0.68632281,0.68632281
1691704760000,0.68632281,0.68632281,0.68632281
1691704761000,0.68632278,0.68632278,0.68632278
1691704762000,0.68632278,0.68632278,0.68632278
1691704763000,0.68632235,0.68632235,0.68632235
1691704764000,0.68632235,0.68632235,0.68632235
1691704765000,0.68632238,0.68632238,0.68632238
1691704766000,0.68632238,0.68632238,0.68632238
1691704767000,0.68632238,0.68632238,0.68632238
1691704768000,0.68632267,0.68632267,0.68632267
1691704769000,0.6864,0.6864,0.6864
1691704770000,0.6864,0.6864,0.6864
1691704771000,0.6864,0.6864,0.6864
1691704772000,0.68632264,0.68632264,0.68632264
1691704773000,0.6864,0.6864,0.6864
1691704774000,0.6864,0.6864,0.6864
1691704775000,0.6864,0.6864,0.6864
1691704776000,0.6864,0.6864,0.6864
1691704777000,0.6864,0.6864,0.6864
1691704778000,0.6864,0.6864,0.6864
1691704779000,0.6865,0.6865,0.6865
1691704780000,0.6865,0.6865,0.6865
1691704781000,0.6865,0.6865,0.6865
1691704782000,0.6865,0.6865,0.6865
1691704783000,0.6865,0.6865,0.6865
1691704784000,0.6864,0.6864,0.6864
1691704785000,0.6864,0.6864,0.6864
1691704786000,0.6864,0.6864,0.6864
1691704787000,0.6864,0.6864,0.6864
1691704788000,0.6864,0.6864,0.6864
1691704789000,0.6864,0.6864,0.6864
1691704790000,0.6864,0.6864,0.6864
1691704791000,0.6864,0.6864,0.6864
1691704792000,0.6864,0.6864,0.6864
1691704793000,0.6864,0.6864,0.6864
1691704794000,0.6864,0.6864,0.6864
1691704795000,0.6865,0.6865,0.6865
1691704796000,0.6865,0.6865,0.6865
1691704797000,0.6865,0.6865,0.6865
1691704798000,0.6865,0.6865,0.6865
1691704799000,0.6865,0.6865,0.6865
1691704800000,0.6865,0.6865,0.6865
1691704801000,0.6864,0.6864,0.6864
1691704802000,0.6864,0.6864,0.6864
1691704803000,0.6866,0.6866,0.6866
1691704804000,0.6868,0.6868,0.6868
1691704805000,0.6868,0.6868,0.6868
1691704806000,0.6868,0.6868,0.6868
1691704807000,0.6867,0.6867,0.6867
1691704808000,0.6868,0.6868,0.6868
1691704809000,0.6868,0.6868,0.6868
1691704810000,0.6868,0.6868,0.6868
1691704811000,0.6868,0.6868,0.6868
1691704812000,0.6866,0.6866,0.6866
1691704813000,0.6867,0.6867,0.6867
1691704814000,0.6867,0.6867,0.6867
1691704815000,0.6867,0.6867,0.6867
1691704816000,0.6867,0.6867,0.6867
1691704817000,0.6868,0.6868,0.6868
1691704818000,0.6868,0.6868,0.6868
1691704819000,0.6868,0.6868,0.6868
1691704820000,0.6868,0.6868,0.6868
1691704821000,0.6868,0.6868,0.6868
1691704822000,0.6868,0.6868,0.6868
1691704823000,0.6867,0.6867,0.6867
1691704824000,0.6867,0.6867,0.6867
1691704825000,0.6867,0.6867,0.6867
1691704826000,0.6867,0.6867,0.6867
1691704827000,0.6867,0.6867,0.6867
1691704828000,0.6867,0.6867,0.6867
1691704829000,0.6867,0.6867,0.6867
1691704830000,0.6867,0.6867,0.6867
1691704831000,0.6867,0.6867,0.6867
1691704832000,0.6867,0.6867,0.6867
1691704833000,0.6867,0.6867,0.6867
1691704834000,0.6866,0.6866,0.6866
1691704835000,0.6867,0.6867,0.6867
1691704836000,0.6867,0.6867,0.6867
1691704837000,0.6867,0.6867,0.6867
1691704838000,0.6867,0.6867,0.6867
1691704839000,0.6866,0.6866,0.6866
1691704840000,0.6866,0.6866,0.6866
1691704841000,0.6866,0.6866,0.6866
1691704842000,0.6865,0.6865,0.6865
1691704843000,0.6865,0.6865,0.6865
1691704844000,0.6865,0.6865,0.6865
1691704845000,0.6865,0.6865,0.6865
1691704846000,0.6866,0.6866,0.6866
1691704847000,0.6866,0.6866,0.6866
1691704848000,0.6866,0.6866,0.6866
1691704849000,0.6866,0.6866,0.6866
1691704850000,0.6866,0.6866,0.6866
1691704851000,0.6866,0.6866,0.6866
1691704852000,0.6866,0.6866,0.6866
1691704853000,0.6866,0.6866,0.6866
1691704854000,0.6866,0.6866,0.6866
1691704855000,0.6866,0.6866,0.6866
1691704856000,0.6866,0.6866,0.6866
1691704857000,0.6866,0.6866,0.6866
1691704858000,0.6866,0.6866,0.6866
1691704859000,0.6866,0.6866,0.6866
1691704860000,0.6866,0.6866,0.6866
1691704861000,0.68650124,0.68650124,0.68650124
1691704862000,0.68650497,0.68650497,0.68650497
1691704863000,0.6866,0.6866,0.6866
1691704864000,0.6866,0.6866,0.6866
1691704865000,0.6866,0.6866,0.6866
1691704866000,0.6866,0.6866,0.6866
1691704867000,0.6866,0.6866,0.6866
1691704868000,0.6865,0.6865,0.6865
1691704869000,0.6865,0.6865,0.6865
1691704870000,0.6865,0.6865,0.6865
1691704871000,0.6865,0.6865,0.6865
1691704872000,0.6864145,0.6864145,0.6864145
1691704873000,0.68641512,0.68641512,0.68641512
1691704874000,0.68641435,0.68641435,0.68641435
1691704875000,0.68641435,0.68641435,0.68641435
1691704876000,0.68641512,0.68641512,0.68641512
1691704877000,0.68641512,0.68641512,0.68641512
1691704878000,0.68641509,0.68641509,0.68641509
1691704879000,0.68641591,0.68641591,0.68641591
1691704880000,0.68641594,0.68641594,0.68641594
1691704881000,0.68641594,0.68641594,0.68641594
1691704882000,0.68641594,0.68641594,0.68641594
1691704883000,0.68641163,0.68641163,0.68641163
1691704884000,0.68641172,0.68641172,0.68641172
1691704885000,0.68641098,0.68641098,0.68641098
1691704886000,0.68641095,0.68641095,0.68641095
1691704887000,0.68641098,0.68641098,0.68641098
1691704888000,0.68641098,0.68641098,0.68641098
1691704889000,0.68641098,0.68641098,0.68641098
1691704890000,0.68641275,0.68641275,0.68641275
1691704891000,0.68641353,0.68641353,0.68641353
1691704892000,0.6864133,0.6864133,0.6864133
1691704893000,0.68641256,0.68641256,0.68641256
1691704894000,0.68641256,0.68641256,0.68641256
1691704895000,0.68641406,0.68641406,0.68641406
1691704896000,0.68641406,0.68641406,0.68641406
1691704897000,0.68641406,0.68641406,0.68641406
1691704898000,0.68640118,0.68640118,0.68640118
1691704899000,0.68640118,0.68640118,0.68640118
1691704900000,0.68640118,0.68640118,0.68640118
1691704901000,0.68640871,0.68640871,0.68640871
1691704902000,0.68640202,0.68640202,0.68640202
1691704903000,0.68630306,0.68630306,0.68630306
1691704904000,0.6864,0.6864,0.6864
1691704905000,0.6864,0.6864,0.6864
1691704906000,0.68630021,0.68630021,0.68630021
1691704907000,0.68616347,0.68616347,0.68616347
1691704908000,0.68616347,0.68616347,0.68616347
1691704909000,0.68616347,0.68616347,0.68616347
1691704910000,0.68616347,0.68616347,0.68616347
1691704911000,0.68616347,0.68616347,0.68616347
1691704912000,0.68616225,0.68616225,0.68616225
1691704913000,0.68616225,0.68616225,0.68616225
1691704914000,0.68616299,0.68616299,0.68616299
1691704915000,0.68616299,0.68616299,0.68616299
1691704916000,0.68616299,0.68616299,0.68616299
1691704917000,0.68616222,0.68616222,0.68616222
1691704918000,0.68615992,0.68615992,0.68615992
1691704919000,0.68615989,0.68615989,0.68615989
1691704920000,0.68615992,0.68615992,0.68615992
1691704921000,0.68615992,0.68615992,0.68615992
1691704922000,0.6866,0.6866,0.6866
1691704923000,0.6867,0.6867,0.6867
1691704924000,0.6867,0.6867,0.6867
1691704925000,0.6866,0.6866,0.6866
1691704926000,0.68656127,0.68656127,0.68656127
1691704927000,0.68646361,0.68646361,0.68646361
1691704928000,0.68646361,0.68646361,0.68646361
1691704929000,0.68647143,0.68647143,0.68647143
1691704930000,0.68647143,0.68647143,0.68647143
1691704931000,0.68643227,0.68643227,0.68643227
1691704932000,0.68643227,0.68643227,0.68643227
1691704933000,0.68637249,0.68637249,0.68637249
1691704934000,0.68637211,0.68637211,0.68637211
1691704935000,0.68637214,0.68637214,0.68637214
1691704936000,0.68637214,0.68637214,0.68637214
1691704937000,0.6864,0.6864,0.6864
1691704938000,0.6864,0.6864,0.6864
1691704939000,0.6864,0.6864,0.6864
1691704940000,0.6864,0.6864,0.6864
1691704941000,0.6864,0.6864,0.6864
1691704942000,0.6864,0.6864,0.6864
1691704943000,0.6864,0.6864,0.6864
1691704944000,0.6864,0.6864,0.6864
1691704945000,0.6864,0.6864,0.6864
1691704946000,0.6864,0.6864,0.6864
1691704947000,0.6864,0.6864,0.6864
1691704948000,0.6864,0.6864,0.6864
1691704949000,0.6864,0.6864,0.6864
1691704950000,0.6864,0.6864,0.6864
1691704951000,0.6864,0.6864,0.6864
1691704952000,0.6864,0.6864,0.6864
1691704953000,0.6864,0.6864,0.6864
1691704954000,0.6864,0.6864,0.6864
1691704955000,0.6864,0.6864,0.6864
1691704956000,0.6864,0.6864,0.6864
1691704957000,0.6864,0.6864,0.6864
1691704958000,0.6864,0.6864,0.6864
1691704959000,0.6864,0.6864,0.6864
1691704960000,0.6864,0.6864,0.6864
1691704961000,0.6864,0.6864,0.6864
1691704962000,0.6864,0.6864,0.6864
1691704963000,0.6864,0.6864,0.6864
1691704964000,0.6864,0.6864,0.6864
1691704965000,0.6864,0.6864,0.6864
1691704966000,0.6864,0.6864,0.6864
1691704967000,0.68640691,0.68640691,0.68640691
1691704968000,0.6865,0.6865,0.6865
1691704969000,0.68640691,0.68640691,0.68640691
1691704970000,0.68640101,0.68640101,0.68640101
1691704971000,0.68640101,0.68640101,0.68640101
1691704972000,0.68640101,0.68640101,0.68640101
1691704973000,0.6863993,0.6863993,0.6863993
1691704974000,0.6863993,0.6863993,0.6863993
1691704975000,0.68637324,0.68637324,0.68637324
1691704976000,0.6863668,0.6863668,0.6863668
1691704977000,0.6863668,0.6863668,0.6863668
1691704978000,0.68636555,0.68636555,0.68636555
1691704979000,0.68632207,0.68632207,0.68632207
1691704980000,0.68632207,0.68632207,0.68632207
1691704981000,0.68632207,0.68632207,0.68632207
1691704982000,0.68632133,0.68632133,0.68632133
1691704983000,0.68632133,0.68632133,0.68632133
1691704984000,0.68632001,0.68632001,0.68632001
1691704985000,0.68632001,0.68632001,0.68632001
1691704986000,0.68632073,0.68632073,0.68632073
1691704987000,0.68632073,0.68632073,0.68632073
1691704988000,0.6863,0.6863,0.6863
1691704989000,0.68629335,0.68629335,0.68629335
1691704990000,0.6862499,0.6862499,0.6862499
1691704991000,0.68624602,0.68624602,0.68624602
1691704992000,0.68624602,0.68624602,0.68624602
1691704993000,0.68624602,0.68624602,0.68624602
1691704994000,0.68624599,0.68624599,0.68624599
1691704995000,0.68624418,0.68624418,0.68624418
1691704996000,0.68624418,0.68624418,0.68624418
1691704997000,0.68624418,0.68624418,0.68624418
1691704998000,0.68620073,0.68620073,0.68620073
1691704999000,0.68620073,0.68620073,0.68620073
1691705000000,0.6862007,0.6862007,0.6862007
1691705001000,0.68619855,0.68619855,0.68619855
1691705002000,0.6863,0.6863,0.6863
1691705003000,0.6862,0.6862,0.6862
1691705004000,0.68624206,0.68624206,0.68624206
1691705005000,0.68623318,0.68623318,0.68623318
1691705006000,0.68623204,0.68623204,0.68623204
1691705007000,0.68623201,0.68623201,0.68623201
1691705008000,0.6862,0.6862,0.6862
1691705009000,0.6862,0.6862,0.6862
1691705010000,0.6862,0.6862,0.6862
1691705011000,0.6862,0.6862,0.6862
1691705012000,0.6862,0.6862,0.6862
1691705013000,0.6862,0.6862,0.6862
1691705014000,0.6862,0.6862,0.6862
1691705015000,0.6862,0.6862,0.6862
1691705016000,0.6862,0.6862,0.6862
1691705017000,0.6862,0.6862,0.6862
1691705018000,0.6862,0.6862,0.6862
1691705019000,0.6862,0.6862,0.6862
1691705020000,0.6862,0.6862,0.6862
1691705021000,0.6862,0.6862,0.6862
1691705022000,0.6862,0.6862,0.6862
1691705023000,0.6862,0.6862,0.6862
1691705024000,0.6862,0.6862,0.6862
1691705025000,0.68620982,0.68620982,0.68620982
1691705026000,0.68620985,0.68620985,0.68620985
1691705027000,0.6863,0.6863,0.6863
1691705028000,0.6863,0.6863,0.6863
1691705029000,0.6863,0.6863,0.6863
1691705030000,0.68621043,0.68621043,0.68621043
1691705031000,0.68620969,0.68620969,0.68620969
1691705032000,0.6862,0.6862,0.6862
1691705033000,0.6862,0.6862,0.6862
1691705034000,0.6862,0.6862,0.6862
1691705035000,0.6862,0.6862,0.6862
1691705036000,0.6862,0.6862,0.6862
1691705037000,0.6862,0.6862,0.6862
1691705038000,0.6862,0.6862,0.6862
1691705039000,0.6862,0.6862,0.6862
1691705040000,0.68616819,0.68616819,0.68616819
1691705041000,0.68616819,0.68616819,0.68616819
1691705042000,0.68616819,0.68616819,0.68616819
1691705043000,0.68616819,0.68616819,0.68616819
1691705044000,0.68616894,0.68616894,0.68616894
1691705045000,0.68612348,0.68612348,0.68612348
1691705046000,0.68612348,0.68612348,0.68612348
1691705047000,0.68612348,0.68612348,0.68612348
1691705048000,0.68612348,0.68612348,0.68612348
1691705049000,0.68612348,0.68612348,0.68612348
1691705050000,0.68612315,0.68612315,0.68612315
1691705051000,0.68612124,0.68612124,0.68612124
1691705052000,0.68612046,0.68612046,0.68612046
1691705053000,0.68612121,0.68612121,0.68612121
1691705054000,0.68611468,0.68611468,0.68611468
1691705055000,0.68611468,0.68611468,0.68611468
1691705056000,0.6861148,0.6861148,0.6861148
1691705057000,0.6861148,0.6861148,0.6861148
1691705058000,0.6861148,0.6861148,0.6861148
1691705059000,0.6861148,0.6861148,0.6861148
1691705060000,0.6861148,0.6861148,0.6861148
1691705061000,0.68611477,0.68611477,0.68611477
1691705062000,0.6861147,0.6861147,0.6861147
1691705063000,0.68611545,0.68611545,0.68611545
1691705064000,0.6861,0.6861,0.6861
1691705065000,0.68607123,0.68607123,0.68607123
1691705066000,0.6861147,0.6861147,0.6861147
1691705067000,0.68611359,0.68611359,0.68611359
1691705068000,0.6861,0.6861,0.6861
1691705069000,0.6861,0.6861,0.6861
1691705070000,0.68607008,0.68607008,0.68607008
1691705071000,0.6861,0.6861,0.6861
1691705072000,0.6861,0.6861,0.6861
1691705073000,0.6861,0.6861,0.6861
1691705074000,0.68607074,0.68607074,0.68607074
1691705075000,0.68607074,0.68607074,0.68607074
1691705076000,0.68607074,0.68607074,0.68607074
1691705077000,0.68607074,0.68607074,0.68607074
1691705078000,0.6861,0.6861,0.6861
1691705079000,0.6861,0.6861,0.6861
1691705080000,0.68611491,0.68611491,0.68611491
1691705081000,0.68611491,0.68611491,0.68611491
1691705082000,0.6862,0.6862,0.6862
1691705083000,0.6862,0.6862,0.6862
1691705084000,0.68611482,0.68611482,0.68611482
1691705085000,0.68611482,0.68611482,0.68611482
1691705086000,0.68611482,0.68611482,0.68611482
1691705087000,0.68611485,0.68611485,0.68611485
1691705088000,0.6862,0.6862,0.6862
1691705089000,0.6862,0.6862,0.6862
1691705090000,0.6862,0.6862,0.6862
1691705091000,0.6865,0.6865,0.6865
1691705092000,0.6865,0.6865,0.6865
1691705093000,0.6865,0.6865,0.6865
1691705094000,0.6865,0.6865,0.6865
1691705095000,0.6865,0.6865,0.6865
1691705096000,0.6864,0.6864,0.6864
1691705097000,0.6864,0.6864,0.6864
1691705098000,0.6864,0.6864,0.6864
1691705099000,0.6864,0.6864,0.6864
1691705100000,0.6865,0.6865,0.6865
1691705101000,0.6865,0.6865,0.6865
1691705102000,0.6865,0.6865,0.6865
1691705103000,0.6865,0.6865,0.6865
1691705104000,0.6865,0.6865,0.6865
1691705105000,0.6865,0.6865,0.6865
1691705106000,0.6864,0.6864,0.6864
1691705107000,0.6864,0.6864,0.6864
1691705108000,0.6865,0.6865,0.6865
1691705109000,0.6865,0.6865,0.6865
1691705110000,0.6865,0.6865,0.6865
1691705111000,0.6864,0.6864,0.6864
1691705112000,0.6865,0.6865,0.6865
1691705113000,0.6866,0.6866,0.6866
1691705114000,0.6866,0.6866,0.6866
1691705115000,0.6866,0.6866,0.6866
1691705116000,0.6866,0.6866,0.6866
1691705117000,0.6865,0.6865,0.6865
1691705118000,0.6865,0.6865,0.6865
1691705119000,0.6866,0.6866,0.6866
1691705120000,0.6865,0.6865,0.6865
1691705121000,0.6865,0.6865,0.6865
1691705122000,0.6866,0.6866,0.6866
1691705123000,0.6866,0.6866,0.6866
1691705124000,0.6866,0.6866,0.6866
1691705125000,0.6865,0.6865,0.6865
1691705126000,0.6865,0.6865,0.6865
1691705127000,0.6865,0.6865,0.6865
1691705128000,0.6866,0.6866,0.6866
1691705129000,0.6865,0.6865,0.6865
1691705130000,0.6866,0.6866,0.6866
1691705131000,0.6865,0.6865,0.6865
1691705132000,0.6865,0.6865,0.6865
1691705133000,0.6865,0.6865,0.6865
1691705134000,0.6865,0.6865,0.6865
1691705135000,0.6865,0.6865,0.6865
1691705136000,0.6865,0.6865,0.6865
1691705137000,0.6865,0.6865,0.6865
1691705138000,0.6865,0.6865,0.6865
1691705139000,0.6865,0.6865,0.6865
1691705140000,0.6865,0.6865,0.6865
1691705141000,0.6865,0.6865,0.6865
1691705142000,0.6865,0.6865,0.6865
1691705143000,0.6865,0.6865,0.6865
1691705144000,0.6865,0.6865,0.6865
1691705145000,0.6865,0.6865,0.6865
1691705146000,0.6865,0.6865,0.6865
1691705147000,0.6865,0.6865,0.6865
1691705148000,0.6865,0.6865,0.6865
1691705149000,0.6865,0.6865,0.6865
1691705150000,0.6865,0.6865,0.6865
1691705151000,0.6866,0.6866,0.6866
1691705152000,0.6866,0.6866,0.6866
1691705153000,0.6866,0.6866,0.6866
1691705154000,0.6865,0.6865,0.6865
1691705155000,0.6866,0.6866,0.6866
1691705156000,0.6865,0.6865,0.6865
1691705157000,0.6865,0.6865,0.6865
1691705158000,0.6865,0.6865,0.6865
1691705159000,0.6866,0.6866,0.6866
1691705160000,0.6866,0.6866,0.6866
1691705161000,0.6865,0.6865,0.6865
1691705162000,0.6865,0.6865,0.6865
1691705163000,0.6865,0.6865,0.6865
1691705164000,0.6865,0.6865,0.6865
1691705165000,0.6865,0.6865,0.6865
1691705166000,0.6865,0.6865,0.6865
1691705167000,0.6865,0.6865,0.6865
1691705168000,0.6866,0.6866,0.6866
1691705169000,0.6866,0.6866,0.6866
1691705170000,0.6866,0.6866,0.6866
1691705171000,0.6865,0.6865,0.6865
1691705172000,0.6866,0.6866,0.6866
1691705173000,0.6866,0.6866,0.6866
1691705174000,0.6865,0.6865,0.6865
1691705175000,0.6865,0.6865,0.6865
1691705176000,0.6865,0.6865,0.6865
1691705177000,0.6866,0.6866,0.6866
1691705178000,0.6866,0.6866,0.6866
1691705179000,0.6866,0.6866,0.6866
1691705180000,0.6866,0.6866,0.6866
1691705181000,0.6865,0.6865,0.6865
1691705182000,0.6865,0.6865,0.6865
1691705183000,0.6865,0.6865,0.6865
1691705184000,0.6865,0.6865,0.6865
1691705185000,0.6866,0.6866,0.6866
1691705186000,0.6865,0.6865,0.6865
1691705187000,0.6865,0.6865,0.6865
1691705188000,0.6865,0.6865,0.6865
1691705189000,0.6866,0.6866,0.6866
1691705190000,0.6866,0.6866,0.6866
1691705191000,0.6866,0.6866,0.6866
1691705192000,0.6865,0.6865,0.6865
1691705193000,0.6866,0.6866,0.6866
1691705194000,0.6866,0.6866,0.6866
1691705195000,0.6866,0.6866,0.6866
1691705196000,0.6866,0.6866,0.6866
1691705197000,0.6865,0.6865,0.6865
1691705198000,0.6865,0.6865,0.6865
1691705199000,0.6865,0.6865,0.6865
1691705200000,0.6865,0.6865,0.6865
1691705201000,0.6865,0.6865,0.6865
1691705202000,0.6865,0.6865,0.6865
1691705203000,0.6865,0.6865,0.6865
1691705204000,0.6866,0.6866,0.6866
1691705205000,0.6866,0.6866,0.6866
1691705206000,0.6866,0.6866,0.6866
1691705207000,0.6865,0.6865,0.6865
1691705208000,0.6865,0.6865,0.6865
1691705209000,0.6865,0.6865,0.6865
1691705210000,0.6865,0.6865,0.6865
1691705211000,0.6865,0.6865,0.6865
1691705212000,0.6865,0.6865,0.6865
1691705213000,0.6865,0.6865,0.6865
1691705214000,0.6865,0.6865,0.6865
1691705215000,0.6865,0.6865,0.6865
1691705216000,0.6865,0.6865,0.6865
1691705217000,0.6865,0.6865,0.6865
1691705218000,0.6866,0.6866,0.6866
1691705219000,0.6866,0.6866,0.6866
1691705220000,0.6866,0.6866,0.6866
1691705221000,0.6866,0.6866,0.6866
1691705222000,0.6865,0.6865,0.6865
1691705223000,0.6866,0.6866,0.6866
1691705224000,0.6866,0.6866,0.6866
1691705225000,0.6866,0.6866,0.6866
1691705226000,0.6866,0.6866,0.6866
1691705227000,0.6865,0.6865,0.6865
1691705228000,0.6865,0.6865,0.6865
1691705229000,0.6865,0.6865,0.6865
1691705230000,0.6865,0.6865,0.6865
1691705231000,0.6865,0.6865,0.6865
1691705232000,0.6865,0.6865,0.6865
1691705233000,0.68650048,0.68650048,0.68650048
1691705234000,0.68650044,0.68650044,0.68650044
1691705235000,0.68650044,0.68650044,0.68650044
1691705236000,0.68654463,0.68654463,0.68654463
1691705237000,0.68654466,0.68654466,0.68654466
1691705238000,0.68654466,0.68654466,0.68654466
1691705239000,0.68654833,0.68654833,0.68654833
1691705240000,0.68654833,0.68654833,0.68654833
1691705241000,0.6865483,0.6865483,0.6865483
1691705242000,0.6865483,0.6865483,0.6865483
1691705243000,0.68654833,0.68654833,0.68654833
1691705244000,0.6866,0.6866,0.6866
1691705245000,0.6866,0.6866,0.6866
1691705246000,0.6866,0.6866,0.6866
1691705247000,0.6866,0.6866,0.6866
1691705248000,0.68654617,0.68654617,0.68654617
1691705249000,0.68654617,0.68654617,0.68654617
1691705250000,0.68654651,0.68654651,0.68654651
1691705251000,0.68654651,0.68654651,0.68654651
1691705252000,0.68654647,0.68654647,0.68654647
1691705253000,0.68654651,0.68654651,0.68654651
1691705254000,0.68654651,0.68654651,0.68654651
1691705255000,0.68654613,0.68654613,0.68654613
1691705256000,0.6866,0.6866,0.6866
1691705257000,0.6866,0.6866,0.6866
1691705258000,0.68654617,0.68654617,0.68654617
1691705259000,0.68654617,0.68654617,0.68654617
1691705260000,0.68654527,0.68654527,0.68654527
1691705261000,0.68654452,0.68654452,0.68654452
1691705262000,0.6866,0.6866,0.6866
1691705263000,0.68654452,0.68654452,0.68654452
1691705264000,0.68654452,0.68654452,0.68654452
1691705265000,0.68654452,0.68654452,0.68654452
1691705266000,0.68654452,0.68654452,0.68654452
1691705267000,0.68654473,0.68654473,0.68654473
1691705268000,0.68654473,0.68654473,0.68654473
1691705269000,0.68654473,0.68654473,0.68654473
1691705270000,0.68654473,0.68654473,0.68654473
1691705271000,0.6865,0.6865,0.6865
1691705272000,0.6865,0.6865,0.6865
1691705273000,0.6865,0.6865,0.6865
1691705274000,0.6865,0.6865,0.6865
1691705275000,0.6865,0.6865,0.6865
1691705276000,0.6865,0.6865,0.6865
1691705277000,0.6866,0.6866,0.6866
1691705278000,0.68650083,0.68650083,0.68650083
1691705279000,0.6866,0.6866,0.6866
1691705280000,0.6866,0.6866,0.6866
1691705281000,0.6866,0.6866,0.6866
1691705282000,0.6866,0.6866,0.6866
1691705283000,0.6866,0.6866,0.6866
1691705284000,0.68650443,0.68650443,0.68650443
1691705285000,0.68650443,0.68650443,0.68650443
1691705286000,0.68650477,0.68650477,0.68650477
1691705287000,0.68650477,0.68650477,0.68650477
1691705288000,0.6865048,0.6865048,0.6865048
1691705289000,0.68650843,0.68650843,0.68650843
1691705290000,0.68650843,0.68650843,0.68650843
1691705291000,0.68650843,0.68650843,0.68650843
1691705292000,0.68650821,0.68650821,0.68650821
1691705293000,0.68650821,0.68650821,0.68650821
1691705294000,0.68651234,0.68651234,0.68651234
1691705295000,0.68651238,0.68651238,0.68651238
1691705296000,0.68651238,0.68651238,0.68651238
1691705297000,0.68651238,0.68651238,0.68651238
1691705298000,0.6866,0.6866,0.6866
1691705299000,0.68651523,0.68651523,0.68651523
1691705300000,0.6865193,0.6865193,0.6865193
1691705301000,0.6866,0.6866,0.6866
1691705302000,0.6866,0.6866,0.6866
1691705303000,0.6866,0.6866,0.6866
1691705304000,0.68653164,0.68653164,0.68653164
1691705305000,0.6865358,0.6865358,0.6865358
1691705306000,0.6865349,0.6865349,0.6865349
1691705307000,0.6866,0.6866,0.6866
1691705308000,0.6866,0.6866,0.6866
1691705309000,0.6867,0.6867,0.6867
1691705310000,0.6867,0.6867,0.6867
1691705311000,0.6867,0.6867,0.6867
1691705312000,0.6868,0.6868,0.6868
1691705313000,0.6868,0.6868,0.6868
1691705314000,0.6867,0.6867,0.6867
1691705315000,0.6867,0.6867,0.6867
1691705316000,0.6867,0.6867,0.6867
1691705317000,0.6868,0.6868,0.6868
1691705318000,0.6868,0.6868,0.6868
1691705319000,0.6867,0.6867,0.6867
1691705320000,0.68698689,0.68698689,0.68698689
1691705321000,0.6869,0.6869,0.6869
1691705322000,0.6869,0.6869,0.6869
1691705323000,0.6869,0.6869,0.6869
1691705324000,0.6869,0.6869,0.6869
1691705325000,0.6869,0.6869,0.6869
1691705326000,0.687,0.687,0.687
1691705327000,0.6869,0.6869,0.6869
1691705328000,0.6869,0.6869,0.6869
1691705329000,0.6868,0.6868,0.6868
1691705330000,0.6868,0.6868,0.6868
1691705331000,0.6868,0.6868,0.6868
1691705332000,0.6868,0.6868,0.6868
1691705333000,0.6868,0.6868,0.6868
1691705334000,0.6868,0.6868,0.6868
1691705335000,0.6868,0.6868,0.6868
1691705336000,0.6869,0.6869,0.6869
1691705337000,0.6869,0.6869,0.6869
1691705338000,0.6869,0.6869,0.6869
1691705339000,0.6869,0.6869,0.6869
1691705340000,0.6868,0.6868,0.6868
1691705341000,0.6868,0.6868,0.6868
1691705342000,0.6868,0.6868,0.6868
1691705343000,0.68670615,0.68670615,0.68670615
1691705344000,0.68665826,0.68665826,0.68665826
1691705345000,0.68665826,0.68665826,0.68665826
1691705346000,0.68665826,0.68665826,0.68665826
1691705347000,0.68665826,0.68665826,0.68665826
1691705348000,0.68665796,0.68665796,0.68665796
1691705349000,0.68665796,0.68665796,0.68665796
1691705350000,0.68665902,0.68665902,0.68665902
1691705351000,0.68665902,0.68665902,0.68665902
1691705352000,0.68665902,0.68665902,0.68665902
1691705353000,0.68665531,0.68665531,0.68665531
1691705354000,0.68665531,0.68665531,0.68665531
1691705355000,0.68665544,0.68665544,0.68665544
1691705356000,0.68665458,0.68665458,0.68665458
1691705357000,0.68665458,0.68665458,0.68665458
1691705358000,0.68665458,0.68665458,0.68665458
1691705359000,0.68667794,0.68667794,0.68667794
1691705360000,0.68667794,0.68667794,0.68667794
1691705361000,0.68668164,0.68668164,0.68668164
1691705362000,0.68668168,0.68668168,0.68668168
1691705363000,0.68668168,0.68668168,0.68668168
1691705364000,0.68668168,0.68668168,0.68668168
1691705365000,0.68668168,0.68668168,0.68668168
1691705366000,0.68667017,0.68667017,0.68667017
1691705367000,0.68667017,0.68667017,0.68667017
1691705368000,0.68666892,0.68666892,0.68666892
1691705369000,0.68666892,0.68666892,0.68666892
1691705370000,0.68666892,0.68666892,0.68666892
1691705371000,0.68666807,0.68666807,0.68666807
1691705372000,0.68667055,0.68667055,0.68667055
1691705373000,0.68666388,0.68666388,0.68666388
1691705374000,0.68666474,0.68666474,0.68666474
1691705375000,0.68666474,0.68666474,0.68666474
1691705376000,0.6867,0.6867,0.6867
1691705377000,0.6867,0.6867,0.6867
1691705378000,0.6867,0.6867,0.6867
1691705379000,0.6867,0.6867,0.6867
1691705380000,0.6867,0.6867,0.6867
1691705381000,0.68666734,0.68666734,0.68666734
1691705382000,0.68666734,0.68666734,0.68666734
1691705383000,0.68663899,0.68663899,0.68663899
1691705384000,0.68663899,0.68663899,0.68663899
1691705385000,0.68663903,0.68663903,0.68663903
1691705386000,0.68663899,0.68663899,0.68663899
1691705387000,0.68663899,0.68663899,0.68663899
1691705388000,0.68669119,0.68669119,0.68669119
1691705389000,0.68669119,0.68669119,0.68669119
1691705390000,0.68669115,0.68669115,0.68669115
1691705391000,0.68669115,0.68669115,0.68669115
1691705392000,0.68669029,0.68669029,0.68669029
1691705393000,0.6867,0.6867,0.6867
1691705394000,0.6867,0.6867,0.6867
1691705395000,0.6867,0.6867,0.6867
1691705396000,0.68669081,0.68669081,0.68669081
1691705397000,0.68664081,0.68664081,0.68664081
1691705398000,0.68664081,0.68664081,0.68664081
1691705399000,0.68668873,0.68668873,0.68668873
1691705400000,0.6867,0.6867,0.6867
1691705401000,0.68668873,0.68668873,0.68668873
1691705402000,0.68668959,0.68668959,0.68668959
1691705403000,0.68668959,0.68668959,0.68668959
1691705404000,0.68668873,0.68668873,0.68668873
1691705405000,0.68670329,0.68670329,0.68670329
1691705406000,0.68670325,0.68670325,0.68670325
1691705407000,0.68670325,0.68670325,0.68670325
1691705408000,0.68670329,0.68670329,0.68670329
1691705409000,0.68670411,0.68670411,0.68670411
1691705410000,0.68670411,0.68670411,0.68670411
1691705411000,0.6868,0.6868,0.6868
1691705412000,0.6868,0.6868,0.6868
1691705413000,0.6869,0.6869,0.6869
1691705414000,0.6869,0.6869,0.6869
1691705415000,0.6869,0.6869,0.6869
1691705416000,0.6868,0.6868,0.6868
1691705417000,0.6868,0.6868,0.6868
1691705418000,0.6868,0.6868,0.6868
1691705419000,0.6868,0.6868,0.6868
1691705420000,0.6868,0.6868,0.6868
1691705421000,0.6868,0.6868,0.6868
1691705422000,0.6868,0.6868,0.6868
1691705423000,0.6869,0.6869,0.6869
1691705424000,0.6868,0.6868,0.6868
1691705425000,0.68686061,0.68686061,0.68686061
1691705426000,0.68685972,0.68685972,0.68685972
1691705427000,0.68685787,0.68685787,0.68685787
1691705428000,0.6868587,0.6868587,0.6868587
1691705429000,0.6868587,0.6868587,0.6868587
1691705430000,0.6868587,0.6868587,0.6868587
1691705431000,0.68685784,0.68685784,0.68685784
1691705432000,0.68685784,0.68685784,0.68685784
1691705433000,0.68685681,0.68685681,0.68685681
1691705434000,0.68685678,0.68685678,0.68685678
1691705435000,0.68685678,0.68685678,0.68685678
1691705436000,0.68685678,0.68685678,0.68685678
1691705437000,0.68685678,0.68685678,0.68685678
1691705438000,0.6868548,0.6868548,0.6868548
1691705439000,0.68685569,0.68685569,0.68685569
1691705440000,0.68685565,0.68685565,0.68685565
1691705441000,0.6868548,0.6868548,0.6868548
1691705442000,0.6868548,0.6868548,0.6868548
1691705443000,0.6868548,0.6868548,0.6868548
1691705444000,0.68685284,0.68685284,0.68685284
1691705445000,0.6868528,0.6868528,0.6868528
1691705446000,0.6868528,0.6868528,0.6868528
1691705447000,0.68685284,0.68685284,0.68685284
1691705448000,0.6868528,0.6868528,0.6868528
1691705449000,0.68684999,0.68684999,0.68684999
1691705450000,0.68685085,0.68685085,0.68685085
1691705451000,0.68685088,0.68685088,0.68685088
1691705452000,0.68686588,0.68686588,0.68686588
1691705453000,0.68686588,0.68686588,0.68686588
1691705454000,0.68686585,0.68686585,0.68686585
1691705455000,0.68686394,0.68686394,0.68686394
1691705456000,0.68686394,0.68686394,0.68686394
1691705457000,0.68686394,0.68686394,0.68686394
1691705458000,0.6869,0.6869,0.6869
1691705459000,0.687,0.687,0.687
1691705460000,0.687,0.687,0.687
1691705461000,0.687,0.687,0.687
1691705462000,0.6869,0.6869,0.6869
1691705463000,0.6869,0.6869,0.6869
1691705464000,0.6869,0.6869,0.6869
1691705465000,0.68691686,0.68691686,0.68691686
1691705466000,0.68691726,0.68691726,0.68691726
1691705467000,0.68691723,0.68691723,0.68691723
1691705468000,0.68691641,0.68691641,0.68691641
1691705469000,0.68691723,0.68691723,0.68691723
1691705470000,0.687,0.687,0.687
1691705471000,0.687,0.687,0.687
1691705472000,0.687,0.687,0.687
1691705473000,0.68691734,0.68691734,0.68691734
1691705474000,0.68691734,0.68691734,0.68691734
1691705475000,0.687,0.687,0.687
1691705476000,0.687,0.687,0.687
1691705477000,0.687,0.687,0.687
1691705478000,0.68691689,0.68691689,0.68691689
1691705479000,0.68691689,0.68691689,0.68691689
1691705480000,0.687,0.687,0.687
1691705481000,0.687,0.687,0.687
1691705482000,0.687,0.687,0.687
1691705483000,0.68691644,0.68691644,0.68691644
1691705484000,0.68693894,0.68693894,0.68693894
1691705485000,0.68693894,0.68693894,0.68693894
1691705486000,0.68693894,0.68693894,0.68693894
1691705487000,0.68693894,0.68693894,0.68693894
1691705488000,0.687,0.687,0.687
1691705489000,0.687,0.687,0.687
1691705490000,0.687,0.687,0.687
1691705491000,0.687,0.687,0.687
1691705492000,0.687,0.687,0.687
1691705493000,0.687,0.687,0.687
1691705494000,0.687,0.687,0.687
1691705495000,0.687,0.687,0.687
1691705496000,0.687,0.687,0.687
1691705497000,0.687,0.687,0.687
1691705498000,0.687,0.687,0.687
1691705499000,0.687,0.687,0.687
1691705500000,0.687,0.687,0.687
1691705501000,0.687,0.687,0.687
1691705502000,0.687,0.687,0.687
1691705503000,0.687,0.687,0.687
1691705504000,0.687,0.687,0.687
1691705505000,0.687,0.687,0.687
1691705506000,0.687,0.687,0.687
1691705507000,0.687,0.687,0.687
1691705508000,0.687,0.687,0.687
1691705509000,0.687,0.687,0.687
1691705510000,0.687,0.687,0.687
1691705511000,0.687,0.687,0.687
1691705512000,0.687,0.687,0.687
1691705513000,0.687,0.687,0.687
1691705514000,0.6871,0.6871,0.6871
1691705515000,0.6871,0.6871,0.6871
1691705516000,0.6871,0.6871,0.6871
1691705517000,0.6871,0.6871,0.6871
1691705518000,0.6871,0.6871,0.6871
1691705519000,0.6869825,0.6869825,0.6869825
1691705520000,0.68693193,0.68693193,0.68693193
1691705521000,0.68692627,0.68692627,0.68692627
1691705522000,0.68692344,0.68692344,0.68692344
1691705523000,0.68692344,0.68692344,0.68692344
1691705524000,0.68692344,0.68692344,0.68692344
1691705525000,0.68687344,0.68687344,0.68687344
1691705526000,0.6869,0.6869,0.6869
1691705527000,0.6869,0.6869,0.6869
1691705528000,0.6869,0.6869,0.6869
1691705529000,0.68687929,0.68687929,0.68687929
1691705530000,0.68687323,0.68687323,0.68687323
1691705531000,0.68692309,0.68692309,0.68692309
1691705532000,0.68692263,0.68692263,0.68692263
1691705533000,0.68692192,0.68692192,0.68692192
1691705534000,0.68692192,0.68692192,0.68692192
1691705535000,0.68687109,0.68687109,0.68687109
1691705536000,0.68687109,0.68687109,0.68687109
1691705537000,0.68687162,0.68687162,0.68687162
1691705538000,0.68687192,0.68687192,0.68687192
1691705539000,0.68686442,0.68686442,0.68686442
1691705540000,0.68686442,0.68686442,0.68686442
1691705541000,0.68686442,0.68686442,0.68686442
1691705542000,0.68686506,0.68686506,0.68686506
1691705543000,0.68686551,0.68686551,0.68686551
1691705544000,0.68686551,0.68686551,0.68686551
1691705545000,0.68686547,0.68686547,0.68686547
1691705546000,0.68686547,0.68686547,0.68686547
1691705547000,0.68686547,0.68686547,0.68686547
1691705548000,0.68686401,0.68686401,0.68686401
1691705549000,0.68671079,0.68671079,0.68671079
1691705550000,0.68671079,0.68671079,0.68671079
1691705551000,0.6867,0.6867,0.6867
1691705552000,0.6867,0.6867,0.6867
1691705553000,0.6867,0.6867,0.6867
1691705554000,0.6867,0.6867,0.6867
1691705555000,0.6867,0.6867,0.6867
1691705556000,0.6867,0.6867,0.6867
1691705557000,0.6867,0.6867,0.6867
1691705558000,0.6867,0.6867,0.6867
1691705559000,0.68671174,0.68671174,0.68671174
1691705560000,0.68671373,0.68671373,0.68671373
1691705561000,0.68671373,0.68671373,0.68671373
1691705562000,0.68671373,0.68671373,0.68671373
1691705563000,0.6868,0.6868,0.6868
1691705564000,0.68670604,0.68670604,0.68670604
1691705565000,0.68670604,0.68670604,0.68670604
1691705566000,0.68670798,0.68670798,0.68670798
1691705567000,0.68670798,0.68670798,0.68670798
1691705568000,0.68670601,0.68670601,0.68670601
1691705569000,0.68670601,0.68670601,0.68670601
1691705570000,0.68670601,0.68670601,0.68670601
1691705571000,0.68670572,0.68670572,0.68670572
1691705572000,0.68670359,0.68670359,0.68670359
1691705573000,0.68670251,0.68670251,0.68670251
1691705574000,0.68670248,0.68670248,0.68670248
1691705575000,0.6867,0.6867,0.6867
1691705576000,0.6867,0.6867,0.6867
1691705577000,0.6867,0.6867,0.6867
1691705578000,0.6867,0.6867,0.6867
1691705579000,0.6867,0.6867,0.6867
1691705580000,0.68665113,0.68665113,0.68665113
1691705581000,0.68665113,0.68665113,0.68665113
1691705582000,0.68665095,0.68665095,0.68665095
1691705583000,0.68665095,0.68665095,0.68665095
1691705584000,0.68665059,0.68665059,0.68665059
1691705585000,0.68665059,0.68665059,0.68665059
1691705586000,0.68665062,0.68665062,0.68665062
1691705587000,0.68665062,0.68665062,0.68665062
1691705588000,0.68665042,0.68665042,0.68665042
1691705589000,0.68665042,0.68665042,0.68665042
1691705590000,0.68665042,0.68665042,0.68665042
1691705591000,0.68665042,0.68665042,0.68665042
1691705592000,0.68665042,0.68665042,0.68665042
1691705593000,0.68665025,0.68665025,0.68665025
1691705594000,0.68665025,0.68665025,0.68665025
1691705595000,0.68664887,0.68664887,0.68664887
1691705596000,0.68664887,0.68664887,0.68664887
1691705597000,0.68664887,0.68664887,0.68664887
1691705598000,0.68664887,0.68664887,0.68664887
1691705599000,0.68664873,0.68664873,0.68664873
1691705600000,0.68664668,0.68664668,0.68664668
1691705601000,0.68664356,0.68664356,0.68664356
1691705602000,0.68664356,0.68664356,0.68664356
1691705603000,0.68664356,0.68664356,0.68664356
1691705604000,0.6866435,0.6866435,0.6866435
1691705605000,0.68664314,0.68664314,0.68664314
1691705606000,0.68664311,0.68664311,0.68664311
1691705607000,0.68664311,0.68664311,0.68664311
1691705608000,0.68664314,0.68664314,0.68664314
1691705609000,0.68664311,0.68664311,0.68664311
1691705610000,0.68664241,0.68664241,0.68664241
1691705611000,0.68664241,0.68664241,0.68664241
1691705612000,0.68664241,0.68664241,0.68664241
1691705613000,0.68664241,0.68664241,0.68664241
1691705614000,0.68664335,0.68664335,0.68664335
1691705615000,0.68664106,0.68664106,0.68664106
1691705616000,0.68664106,0.68664106,0.68664106
1691705617000,0.68664106,0.68664106,0.68664106
1691705618000,0.68664106,0.68664106,0.68664106
1691705619000,0.6867,0.6867,0.6867
1691705620000,0.6867,0.6867,0.6867
1691705621000,0.68663463,0.68663463,0.68663463
1691705622000,0.68663466,0.68663466,0.68663466
1691705623000,0.68663466,0.68663466,0.68663466
1691705624000,0.68663489,0.68663489,0.68663489
1691705625000,0.68663489,0.68663489,0.68663489
1691705626000,0.68663489,0.68663489,0.68663489
1691705627000,0.6867628,0.6867628,0.6867628
1691705628000,0.6867628,0.6867628,0.6867628
1691705629000,0.68676251,0.68676251,0.68676251
1691705630000,0.68676248,0.68676248,0.68676248
1691705631000,0.68676248,0.68676248,0.68676248
1691705632000,0.68675921,0.68675921,0.68675921
1691705633000,0.68675921,0.68675921,0.68675921
1691705634000,0.68675921,0.68675921,0.68675921
1691705635000,0.68675843,0.68675843,0.68675843
1691705636000,0.68675843,0.68675843,0.68675843
1691705637000,0.68675843,0.68675843,0.68675843
1691705638000,0.6867552,0.6867552,0.6867552
1691705639000,0.6867552,0.6867552,0.6867552
1691705640000,0.6868,0.6868,0.6868
1691705641000,0.6868,0.6868,0.6868
1691705642000,0.6869,0.6869,0.6869
1691705643000,0.6869,0.6869,0.6869
1691705644000,0.6869,0.6869,0.6869
1691705645000,0.6869,0.6869,0.6869
1691705646000,0.6869,0.6869,0.6869
1691705647000,0.6869,0.6869,0.6869
1691705648000,0.6869,0.6869,0.6869
1691705649000,0.687,0.687,0.687
1691705650000,0.68680933,0.68680933,0.68680933
1691705651000,0.6869,0.6869,0.6869
1691705652000,0.6869,0.6869,0.6869
1691705653000,0.6869,0.6869,0.6869
1691705654000,0.6869,0.6869,0.6869
1691705655000,0.6869,0.6869,0.6869
1691705656000,0.6869,0.6869,0.6869
1691705657000,0.68681757,0.68681757,0.68681757
1691705658000,0.68681829,0.68681829,0.68681829
1691705659000,0.68681829,0.68681829,0.68681829
1691705660000,0.68682363,0.68682363,0.68682363
1691705661000,0.68682285,0.68682285,0.68682285
1691705662000,0.68682288,0.68682288,0.68682288
1691705663000,0.68682285,0.68682285,0.68682285
1691705664000,0.68682285,0.68682285,0.68682285
1691705665000,0.68682687,0.68682687,0.68682687
1691705666000,0.6868695,0.6868695,0.6868695
1691705667000,0.68682602,0.68682602,0.68682602
1691705668000,0.6869,0.6869,0.6869
1691705669000,0.6869,0.6869,0.6869
1691705670000,0.6869,0.6869,0.6869
1691705671000,0.68683069,0.68683069,0.68683069
1691705672000,0.68683069,0.68683069,0.68683069
1691705673000,0.68683069,0.68683069,0.68683069
1691705674000,0.68683072,0.68683072,0.68683072
1691705675000,0.6869,0.6869,0.6869
1691705676000,0.68683114,0.68683114,0.68683114
1691705677000,0.68683136,0.68683136,0.68683136
1691705678000,0.68683136,0.68683136,0.68683136
1691705679000,0.68683136,0.68683136,0.68683136
1691705680000,0.68683136,0.68683136,0.68683136
1691705681000,0.68683091,0.68683091,0.68683091
1691705682000,0.68683166,0.68683166,0.68683166
1691705683000,0.6869,0.6869,0.6869
1691705684000,0.6869,0.6869,0.6869
1691705685000,0.6869,0.6869,0.6869
1691705686000,0.6869,0.6869,0.6869
1691705687000,0.68683206,0.68683206,0.68683206
1691705688000,0.68687554,0.68687554,0.68687554
1691705689000,0.68687554,0.68687554,0.68687554
1691705690000,0.68683206,0.68683206,0.68683206
1691705691000,0.68683212,0.68683212,0.68683212
1691705692000,0.68683212,0.68683212,0.68683212
1691705693000,0.68683215,0.68683215,0.68683215
1691705694000,0.68683215,0.68683215,0.68683215
1691705695000,0.68683215,0.68683215,0.68683215
1691705696000,0.68683215,0.68683215,0.68683215
1691705697000,0.68683202,0.68683202,0.68683202
1691705698000,0.6868755,0.6868755,0.6868755
1691705699000,0.68687628,0.68687628,0.68687628
1691705700000,0.6868328,0.6868328,0.6868328
1691705701000,0.68683283,0.68683283,0.68683283
1691705702000,0.68683313,0.68683313,0.68683313
1691705703000,0.68683313,0.68683313,0.68683313
1691705704000,0.6868339,0.6868339,0.6868339
1691705705000,0.687,0.687,0.687
1691705706000,0.687,0.687,0.687
1691705707000,0.687,0.687,0.687
1691705708000,0.687,0.687,0.687
1691705709000,0.6871,0.6871,0.6871
1691705710000,0.6871,0.6871,0.6871
1691705711000,0.6871,0.6871,0.6871
1691705712000,0.6871,0.6871,0.6871
1691705713000,0.68694155,0.68694155,0.68694155
1691705714000,0.68694155,0.68694155,0.68694155
1691705715000,0.68690148,0.68690148,0.68690148
1691705716000,0.68690148,0.68690148,0.68690148
1691705717000,0.68690253,0.68690253,0.68690253
1691705718000,0.68694601,0.68694601,0.68694601
1691705719000,0.68694601,0.68694601,0.68694601
1691705720000,0.68694601,0.68694601,0.68694601
1691705721000,0.68694234,0.68694234,0.68694234
1691705722000,0.68694234,0.68694234,0.68694234
1691705723000,0.68694237,0.68694237,0.68694237
1691705724000,0.68694162,0.68694162,0.68694162
1691705725000,0.68694162,0.68694162,0.68694162
1691705726000,0.68694019,0.68694019,0.68694019
1691705727000,0.68694094,0.68694094,0.68694094
1691705728000,0.68692712,0.68692712,0.68692712
1691705729000,0.68692712,0.68692712,0.68692712
1691705730000,0.68692712,0.68692712,0.68692712
1691705731000,0.68692712,0.68692712,0.68692712
1691705732000,0.68692779,0.68692779,0.68692779
1691705733000,0.68692779,0.68692779,0.68692779
1691705734000,0.68692782,0.68692782,0.68692782
1691705735000,0.68692779,0.68692779,0.68692779
1691705736000,0.68692779,0.68692779,0.68692779
1691705737000,0.68692995,0.68692995,0.68692995
1691705738000,0.68692995,0.68692995,0.68692995
1691705739000,0.68697491,0.68697491,0.68697491
1691705740000,0.68697491,0.68697491,0.68697491
1691705741000,0.68697491,0.68697491,0.68697491
1691705742000,0.68697491,0.68697491,0.68697491
1691705743000,0.68697705,0.68697705,0.68697705
1691705744000,0.68697705,0.68697705,0.68697705
1691705745000,0.68697705,0.68697705,0.68697705
1691705746000,0.68697631,0.68697631,0.68697631
1691705747000,0.6869336,0.6869336,0.6869336
1691705748000,0.68693422,0.68693422,0.68693422
1691705749000,0.68693422,0.68693422,0.68693422
1691705750000,0.686935,0.686935,0.686935
1691705751000,0.68693425,0.68693425,0.68693425
1691705752000,0.68693497,0.68693497,0.68693497
1691705753000,0.68693497,0.68693497,0.68693497
1691705754000,0.68693711,0.68693711,0.68693711
1691705755000,0.68693711,0.68693711,0.68693711
1691705756000,0.68693711,0.68693711,0.68693711
1691705757000,0.68693711,0.68693711,0.68693711
1691705758000,0.68693714,0.68693714,0.68693714
1691705759000,0.68693782,0.68693782,0.68693782
1691705760000,0.6871,0.6871,0.6871
1691705761000,0.6871,0.6871,0.6871
1691705762000,0.6871,0.6871,0.6871
1691705763000,0.6871,0.6871,0.6871
1691705764000,0.687,0.687,0.687
1691705765000,0.687,0.687,0.687
1691705766000,0.687,0.687,0.687
1691705767000,0.687,0.687,0.687
1691705768000,0.687,0.687,0.687
1691705769000,0.6869378,0.6869378,0.6869378
1691705770000,0.68693854,0.68693854,0.68693854
1691705771000,0.68693828,0.68693828,0.68693828
1691705772000,0.68693831,0.68693831,0.68693831
1691705773000,0.68693828,0.68693828,0.68693828
1691705774000,0.68693828,0.68693828,0.68693828
1691705775000,0.68693828,0.68693828,0.68693828
1691705776000,0.68693825,0.68693825,0.68693825
1691705777000,0.68693825,0.68693825,0.68693825
1691705778000,0.68689477,0.68689477,0.68689477
1691705779000,0.68689403,0.68689403,0.68689403
1691705780000,0.6869,0.6869,0.6869
1691705781000,0.6869,0.6869,0.6869
1691705782000,0.6868916,0.6868916,0.6868916
1691705783000,0.6868916,0.6868916,0.6868916
1691705784000,0.6868916,0.6868916,0.6868916
1691705785000,0.6868916,0.6868916,0.6868916
1691705786000,0.68689054,0.68689054,0.68689054
1691705787000,0.68688827,0.68688827,0.68688827
1691705788000,0.68688827,0.68688827,0.68688827
1691705789000,0.68688827,0.68688827,0.68688827
1691705790000,0.68688827,0.68688827,0.68688827
1691705791000,0.68688827,0.68688827,0.68688827
1691705792000,0.68688827,0.68688827,0.68688827
1691705793000,0.68688437,0.68688437,0.68688437
1691705794000,0.6868844,0.6868844,0.6868844
1691705795000,0.6868844,0.6868844,0.6868844
1691705796000,0.68688437,0.68688437,0.68688437
1691705797000,0.68688437,0.68688437,0.68688437
1691705798000,0.68688125,0.68688125,0.68688125
1691705799000,0.68688122,0.68688122,0.68688122
1691705800000,0.68688122,0.68688122,0.68688122
1691705801000,0.68688122,0.68688122,0.68688122
1691705802000,0.68688122,0.68688122,0.68688122
1691705803000,0.68688197,0.68688197,0.68688197
1691705804000,0.68687882,0.68687882,0.68687882
1691705805000,0.6869223,0.6869223,0.6869223
1691705806000,0.6869223,0.6869223,0.6869223
1691705807000,0.6869223,0.6869223,0.6869223
1691705808000,0.68692158,0.68692158,0.68692158
1691705809000,0.68691841,0.68691841,0.68691841
1691705810000,0.68691841,0.68691841,0.68691841
1691705811000,0.68691841,0.68691841,0.68691841
1691705812000,0.68691844,0.68691844,0.68691844
1691705813000,0.68691841,0.68691841,0.68691841
1691705814000,0.68691841,0.68691841,0.68691841
1691705815000,0.68691619,0.68691619,0.68691619
1691705816000,0.68691619,0.68691619,0.68691619
1691705817000,0.68691619,0.68691619,0.68691619
1691705818000,0.68691619,0.68691619,0.68691619
1691705819000,0.68691513,0.68691513,0.68691513
1691705820000,0.68691287,0.68691287,0.68691287
1691705821000,0.68691287,0.68691287,0.68691287
1691705822000,0.68691287,0.68691287,0.68691287
1691705823000,0.68691212,0.68691212,0.68691212
1691705824000,0.68691287,0.68691287,0.68691287
1691705825000,0.68691287,0.68691287,0.68691287
1691705826000,0.68690827,0.68690827,0.68690827
1691705827000,0.68690827,0.68690827,0.68690827
1691705828000,0.68690827,0.68690827,0.68690827
1691705829000,0.68690908,0.68690908,0.68690908
1691705830000,0.68690905,0.68690905,0.68690905
1691705831000,0.68690746,0.68690746,0.68690746
1691705832000,0.68690674,0.68690674,0.68690674
1691705833000,0.68690674,0.68690674,0.68690674
1691705834000,0.68690681,0.68690681,0.68690681
1691705835000,0.68690684,0.68690684,0.68690684
1691705836000,0.68690681,0.68690681,0.68690681
1691705837000,0.68690617,0.68690617,0.68690617
1691705838000,0.68690617,0.68690617,0.68690617
1691705839000,0.68690617,0.68690617,0.68690617
1691705840000,0.68690735,0.68690735,0.68690735
1691705841000,0.68690732,0.68690732,0.68690732
1691705842000,0.68690654,0.68690654,0.68690654
1691705843000,0.68690654,0.68690654,0.68690654
1691705844000,0.68690654,0.68690654,0.68690654
1691705845000,0.68690553,0.68690553,0.68690553
1691705846000,0.68690553,0.68690553,0.68690553
1691705847000,0.6869055,0.6869055,0.6869055
1691705848000,0.68690642,0.68690642,0.68690642
1691705849000,0.68690645,0.68690645,0.68690645
1691705850000,0.68690645,0.68690645,0.68690645
1691705851000,0.68690714,0.68690714,0.68690714
1691705852000,0.68690639,0.68690639,0.68690639
1691705853000,0.68690639,0.68690639,0.68690639
1691705854000,0.6869048,0.6869048,0.6869048
1691705855000,0.6869048,0.6869048,0.6869048
1691705856000,0.68691778,0.68691778,0.68691778
1691705857000,0.68691778,0.68691778,0.68691778
1691705858000,0.68691778,0.68691778,0.68691778
1691705859000,0.68691706,0.68691706,0.68691706
1691705860000,0.68691658,0.68691658,0.68691658
1691705861000,0.68691661,0.68691661,0.68691661
1691705862000,0.68691661,0.68691661,0.68691661
1691705863000,0.6869,0.6869,0.6869
1691705864000,0.6869,0.6869,0.6869
1691705865000,0.6869,0.6869,0.6869
1691705866000,0.6869,0.6869,0.6869
1691705867000,0.687,0.687,0.687
1691705868000,0.687,0.687,0.687
1691705869000,0.6869,0.6869,0.6869
1691705870000,0.68684802,0.68684802,0.68684802
1691705871000,0.68684802,0.68684802,0.68684802
1691705872000,0.68684802,0.68684802,0.68684802
1691705873000,0.68684802,0.68684802,0.68684802
1691705874000,0.68684805,0.68684805,0.68684805
1691705875000,0.68689163,0.68689163,0.68689163
1691705876000,0.68689078,0.68689078,0.68689078
1691705877000,0.68689078,0.68689078,0.68689078
1691705878000,0.68689078,0.68689078,0.68689078
1691705879000,0.68687774,0.68687774,0.68687774
1691705880000,0.68687774,0.68687774,0.68687774
1691705881000,0.68687519,0.68687519,0.68687519
1691705882000,0.6868747,0.6868747,0.6868747
1691705883000,0.68687548,0.68687548,0.68687548
1691705884000,0.68687548,0.68687548,0.68687548
1691705885000,0.68687545,0.68687545,0.68687545
1691705886000,0.68687486,0.68687486,0.68687486
1691705887000,0.68687051,0.68687051,0.68687051
1691705888000,0.68687051,0.68687051,0.68687051
1691705889000,0.68687051,0.68687051,0.68687051
1691705890000,0.68682628,0.68682628,0.68682628
1691705891000,0.68682609,0.68682609,0.68682609
1691705892000,0.68682457,0.68682457,0.68682457
1691705893000,0.68682457,0.68682457,0.68682457
1691705894000,0.6867869,0.6867869,0.6867869
1691705895000,0.68678615,0.68678615,0.68678615
1691705896000,0.68678527,0.68678527,0.68678527
1691705897000,0.68678527,0.68678527,0.68678527
1691705898000,0.68678267,0.68678267,0.68678267
1691705899000,0.68678267,0.68678267,0.68678267
1691705900000,0.68678267,0.68678267,0.68678267
1691705901000,0.68678195,0.68678195,0.68678195
1691705902000,0.68678195,0.68678195,0.68678195
1691705903000,0.68677937,0.68677937,0.68677937
1691705904000,0.6867794,0.6867794,0.6867794
1691705905000,0.6867794,0.6867794,0.6867794
1691705906000,0.68677927,0.68677927,0.68677927
1691705907000,0.68677927,0.68677927,0.68677927
1691705908000,0.68678005,0.68678005,0.68678005
1691705909000,0.68677741,0.68677741,0.68677741
1691705910000,0.68677738,0.68677738,0.68677738
1691705911000,0.68677602,0.68677602,0.68677602
1691705912000,0.68677676,0.68677676,0.68677676
1691705913000,0.68677676,0.68677676,0.68677676
1691705914000,0.68677676,0.68677676,0.68677676
1691705915000,0.68677415,0.68677415,0.68677415
1691705916000,0.68677415,0.68677415,0.68677415
1691705917000,0.68671678,0.68671678,0.68671678
1691705918000,0.68675594,0.68675594,0.68675594
1691705919000,0.68675594,0.68675594,0.68675594
1691705920000,0.68675331,0.68675331,0.68675331
1691705921000,0.68675331,0.68675331,0.68675331
1691705922000,0.68675197,0.68675197,0.68675197
1691705923000,0.68675063,0.68675063,0.68675063
1691705924000,0.68675063,0.68675063,0.68675063
1691705925000,0.6867506,0.6867506,0.6867506
1691705926000,0.68670244,0.68670244,0.68670244
1691705927000,0.68670244,0.68670244,0.68670244
1691705928000,0.68670718,0.68670718,0.68670718
1691705929000,0.68670721,0.68670721,0.68670721
1691705930000,0.68670721,0.68670721,0.68670721
1691705931000,0.6867061,0.6867061,0.6867061
1691705932000,0.68670576,0.68670576,0.68670576
1691705933000,0.68670576,0.68670576,0.68670576
1691705934000,0.68669451,0.68669451,0.68669451
1691705935000,0.68669451,0.68669451,0.68669451
1691705936000,0.68669451,0.68669451,0.68669451
1691705937000,0.68669012,0.68669012,0.68669012
1691705938000,0.68669012,0.68669012,0.68669012
1691705939000,0.6867,0.6867,0.6867
1691705940000,0.6867,0.6867,0.6867
1691705941000,0.6867,0.6867,0.6867
1691705942000,0.6867,0.6867,0.6867
1691705943000,0.6867,0.6867,0.6867
1691705944000,0.6867,0.6867,0.6867
1691705945000,0.6867,0.6867,0.6867
1691705946000,0.6867,0.6867,0.6867
1691705947000,0.6867,0.6867,0.6867
1691705948000,0.6867,0.6867,0.6867
1691705949000,0.6867,0.6867,0.6867
1691705950000,0.6867,0.6867,0.6867
1691705951000,0.6867,0.6867,0.6867
1691705952000,0.6867,0.6867,0.6867
1691705953000,0.6867,0.6867,0.6867
1691705954000,0.6867,0.6867,0.6867
1691705955000,0.6867,0.6867,0.6867
1691705956000,0.6868,0.6868,0.6868
1691705957000,0.6868,0.6868,0.6868
1691705958000,0.6868,0.6868,0.6868
1691705959000,0.6869,0.6869,0.6869
1691705960000,0.6869,0.6869,0.6869
1691705961000,0.6869,0.6869,0.6869
1691705962000,0.6869,0.6869,0.6869
1691705963000,0.6868,0.6868,0.6868
1691705964000,0.6868,0.6868,0.6868
1691705965000,0.6868,0.6868,0.6868
1691705966000,0.6868,0.6868,0.6868
1691705967000,0.6868,0.6868,0.6868
1691705968000,0.6868,0.6868,0.6868
1691705969000,0.6868,0.6868,0.6868
1691705970000,0.68680594,0.68680594,0.68680594
1691705971000,0.68680591,0.68680591,0.68680591
1691705972000,0.68680591,0.68680591,0.68680591
1691705973000,0.68680591,0.68680591,0.68680591
1691705974000,0.68680591,0.68680591,0.68680591
1691705975000,0.68680561,0.68680561,0.68680561
1691705976000,0.68680561,0.68680561,0.68680561
1691705977000,0.68680561,0.68680561,0.68680561
1691705978000,0.68680561,0.68680561,0.68680561
1691705979000,0.6869,0.6869,0.6869
1691705980000,0.6869,0.6869,0.6869
1691705981000,0.6869,0.6869,0.6869
1691705982000,0.6869,0.6869,0.6869
1691705983000,0.6869,0.6869,0.6869
1691705984000,0.68680425,0.68680425,0.68680425
1691705985000,0.6868,0.6868,0.6868
1691705986000,0.6868,0.6868,0.6868
1691705987000,0.6868,0.6868,0.6868
1691705988000,0.6868,0.6868,0.6868
1691705989000,0.6869,0.6869,0.6869
1691705990000,0.6869,0.6869,0.6869
1691705991000,0.6869,0.6869,0.6869
1691705992000,0.68675608,0.68675608,0.68675608
1691705993000,0.68675611,0.68675611,0.68675611
1691705994000,0.6868,0.6868,0.6868
1691705995000,0.6868,0.6868,0.6868
1691705996000,0.6868,0.6868,0.6868
1691705997000,0.6868,0.6868,0.6868
1691705998000,0.6868,0.6868,0.6868
1691705999000,0.68675863,0.68675863,0.68675863
1691706000000,0.68675863,0.68675863,0.68675863
1691706001000,0.68675863,0.68675863,0.68675863
1691706002000,0.68675866,0.68675866,0.68675866
1691706003000,0.68676492,0.68676492,0.68676492
1691706004000,0.68676492,0.68676492,0.68676492
1691706005000,0.68676492,0.68676492,0.68676492
1691706006000,0.68676496,0.68676496,0.68676496
1691706007000,0.68676496,0.68676496,0.68676496
1691706008000,0.68676578,0.68676578,0.68676578
1691706009000,0.68676055,0.68676055,0.68676055
1691706010000,0.68676055,0.68676055,0.68676055
1691706011000,0.6868,0.6868,0.6868
1691706012000,0.6868,0.6868,0.6868
1691706013000,0.6868,0.6868,0.6868
1691706014000,0.68675712,0.68675712,0.68675712
1691706015000,0.68675712,0.68675712,0.68675712
1691706016000,0.68675712,0.68675712,0.68675712
1691706017000,0.68676462,0.68676462,0.68676462
1691706018000,0.68676462,0.68676462,0.68676462
1691706019000,0.68676459,0.68676459,0.68676459
1691706020000,0.68676425,0.68676425,0.68676425
1691706021000,0.68676425,0.68676425,0.68676425
1691706022000,0.68676425,0.68676425,0.68676425
1691706023000,0.68676425,0.68676425,0.68676425
1691706024000,0.68676252,0.68676252,0.68676252
1691706025000,0.68675947,0.68675947,0.68675947
1691706026000,0.68675944,0.68675944,0.68675944
1691706027000,0.68675944,0.68675944,0.68675944
1691706028000,0.68675944,0.68675944,0.68675944
1691706029000,0.68675944,0.68675944,0.68675944
1691706030000,0.68675936,0.68675936,0.68675936
1691706031000,0.68675313,0.68675313,0.68675313
1691706032000,0.68675313,0.68675313,0.68675313
1691706033000,0.68675402,0.68675402,0.68675402
1691706034000,0.6867026,0.6867026,0.6867026
1691706035000,0.68670264,0.68670264,0.68670264
1691706036000,0.68669514,0.68669514,0.68669514
1691706037000,0.68669514,0.68669514,0.68669514
1691706038000,0.68669517,0.68669517,0.68669517
1691706039000,0.68669536,0.68669536,0.68669536
1691706040000,0.68669536,0.68669536,0.68669536
1691706041000,0.6866954,0.6866954,0.6866954
1691706042000,0.68669207,0.68669207,0.68669207
1691706043000,0.68669203,0.68669203,0.68669203
1691706044000,0.6866911,0.6866911,0.6866911
1691706045000,0.6866911,0.6866911,0.6866911
1691706046000,0.68669195,0.68669195,0.68669195
1691706047000,0.68668865,0.68668865,0.68668865
1691706048000,0.68668865,0.68668865,0.68668865
1691706049000,0.68668876,0.68668876,0.68668876
1691706050000,0.6866888,0.6866888,0.6866888
1691706051000,0.6866888,0.6866888,0.6866888
1691706052000,0.68668876,0.68668876,0.68668876
1691706053000,0.68668472,0.68668472,0.68668472
1691706054000,0.68668472,0.68668472,0.68668472
1691706055000,0.68668472,0.68668472,0.68668472
1691706056000,0.68673259,0.68673259,0.68673259
1691706057000,0.68673262,0.68673262,0.68673262
1691706058000,0.68672778,0.68672778,0.68672778
1691706059000,0.68672775,0.68672775,0.68672775
1691706060000,0.68672771,0.68672771,0.68672771
1691706061000,0.68672771,0.68672771,0.68672771
1691706062000,0.68672685,0.68672685,0.68672685
1691706063000,0.68672771,0.68672771,0.68672771
1691706064000,0.68672119,0.68672119,0.68672119
1691706065000,0.68672115,0.68672115,0.68672115
1691706066000,0.6868,0.6868,0.6868
1691706067000,0.6868,0.6868,0.6868
1691706068000,0.6868,0.6868,0.6868
1691706069000,0.6868,0.6868,0.6868
1691706070000,0.68676877,0.68676877,0.68676877
1691706071000,0.68676877,0.68676877,0.68676877
1691706072000,0.68676877,0.68676877,0.68676877
1691706073000,0.6868,0.6868,0.6868
1691706074000,0.6868,0.6868,0.6868
1691706075000,0.6868,0.6868,0.6868
1691706076000,0.68676645,0.68676645,0.68676645
1691706077000,0.68676645,0.68676645,0.68676645
1691706078000,0.68676645,0.68676645,0.68676645
1691706079000,0.68676731,0.68676731,0.68676731
1691706080000,0.6868,0.6868,0.6868
1691706081000,0.6867655,0.6867655,0.6867655
1691706082000,0.68676438,0.68676438,0.68676438
1691706083000,0.68676438,0.68676438,0.68676438
1691706084000,0.68676438,0.68676438,0.68676438
1691706085000,0.68676352,0.68676352,0.68676352
1691706086000,0.6868,0.6868,0.6868
1691706087000,0.68676353,0.68676353,0.68676353
1691706088000,0.68676181,0.68676181,0.68676181
1691706089000,0.68676181,0.68676181,0.68676181
1691706090000,0.68676185,0.68676185,0.68676185
1691706091000,0.68676181,0.68676181,0.68676181
1691706092000,0.68676045,0.68676045,0.68676045
1691706093000,0.68676045,0.68676045,0.68676045
1691706094000,0.68676131,0.68676131,0.68676131
1691706095000,0.68676131,0.68676131,0.68676131
1691706096000,0.68676131,0.68676131,0.68676131
1691706097000,0.68675907,0.68675907,0.68675907
1691706098000,0.68675961,0.68675961,0.68675961
1691706099000,0.68675957,0.68675957,0.68675957
1691706100000,0.68675957,0.68675957,0.68675957
1691706101000,0.68675872,0.68675872,0.68675872
1691706102000,0.68675872,0.68675872,0.68675872
1691706103000,0.68675738,0.68675738,0.68675738
1691706104000,0.68675738,0.68675738,0.68675738
1691706105000,0.68675738,0.68675738,0.68675738
1691706106000,0.68675734,0.68675734,0.68675734
1691706107000,0.68675734,0.68675734,0.68675734
1691706108000,0.6868,0.6868,0.6868
1691706109000,0.68675672,0.68675672,0.68675672
1691706110000,0.68675672,0.68675672,0.68675672
1691706111000,0.68675761,0.68675761,0.68675761
1691706112000,0.68675761,0.68675761,0.68675761
1691706113000,0.68675758,0.68675758,0.68675758
1691706114000,0.68675695,0.68675695,0.68675695
1691706115000,0.68675695,0.68675695,0.68675695
1691706116000,0.68674945,0.68674945,0.68674945
1691706117000,0.68674945,0.68674945,0.68674945
1691706118000,0.68674949,0.68674949,0.68674949
1691706119000,0.68674897,0.68674897,0.68674897
1691706120000,0.68674812,0.68674812,0.68674812
1691706121000,0.68674812,0.68674812,0.68674812
1691706122000,0.68674812,0.68674812,0.68674812
1691706123000,0.68674812,0.68674812,0.68674812
1691706124000,0.68674812,0.68674812,0.68674812
1691706125000,0.6868,0.6868,0.6868
1691706126000,0.6868,0.6868,0.6868
1691706127000,0.68674996,0.68674996,0.68674996
1691706128000,0.68674996,0.68674996,0.68674996
1691706129000,0.6868,0.6868,0.6868
1691706130000,0.6868,0.6868,0.6868
1691706131000,0.6868,0.6868,0.6868
1691706132000,0.6868,0.6868,0.6868
1691706133000,0.6868,0.6868,0.6868
1691706134000,0.6867498,0.6867498,0.6867498
1691706135000,0.6868,0.6868,0.6868
1691706136000,0.6868,0.6868,0.6868
1691706137000,0.68674847,0.68674847,0.68674847
1691706138000,0.68675004,0.68675004,0.68675004
1691706139000,0.68675004,0.68675004,0.68675004
1691706140000,0.68675001,0.68675001,0.68675001
1691706141000,0.6867494,0.6867494,0.6867494
1691706142000,0.6867494,0.6867494,0.6867494
1691706143000,0.68674914,0.68674914,0.68674914
1691706144000,0.68674914,0.68674914,0.68674914
1691706145000,0.68674914,0.68674914,0.68674914
1691706146000,0.68674914,0.68674914,0.68674914
1691706147000,0.6867474,0.6867474,0.6867474
1691706148000,0.68674737,0.68674737,0.68674737
1691706149000,0.6867474,0.6867474,0.6867474
1691706150000,0.687,0.687,0.687
1691706151000,0.687,0.687,0.687
1691706152000,0.6869,0.6869,0.6869
1691706153000,0.6869,0.6869,0.6869
1691706154000,0.6869,0.6869,0.6869
1691706155000,0.6869,0.6869,0.6869
1691706156000,0.6869,0.6869,0.6869
1691706157000,0.6869,0.6869,0.6869
1691706158000,0.687,0.687,0.687
1691706159000,0.687,0.687,0.687
1691706160000,0.687,0.687,0.687
1691706161000,0.687,0.687,0.687
1691706162000,0.687,0.687,0.687
1691706163000,0.687,0.687,0.687
1691706164000,0.687,0.687,0.687
1691706165000,0.687,0.687,0.687
1691706166000,0.687,0.687,0.687
1691706167000,0.687,0.687,0.687
1691706168000,0.687,0.687,0.687
1691706169000,0.687,0.687,0.687
1691706170000,0.687,0.687,0.687
1691706171000,0.687,0.687,0.687
1691706172000,0.687,0.687,0.687
1691706173000,0.687,0.687,0.687
1691706174000,0.687,0.687,0.687
1691706175000,0.687,0.687,0.687
1691706176000,0.687,0.687,0.687
1691706177000,0.687,0.687,0.687
1691706178000,0.6871,0.6871,0.6871
1691706179000,0.6871,0.6871,0.6871
1691706180000,0.6871,0.6871,0.6871
1691706181000,0.6871,0.6871,0.6871
1691706182000,0.6872,0.6872,0.6872
1691706183000,0.6871,0.6871,0.6871
1691706184000,0.6871,0.6871,0.6871
1691706185000,0.6872,0.6872,0.6872
1691706186000,0.6872,0.6872,0.6872
1691706187000,0.6872,0.6872,0.6872
1691706188000,0.6872,0.6872,0.6872
1691706189000,0.6873,0.6873,0.6873
1691706190000,0.6873,0.6873,0.6873
1691706191000,0.6873,0.6873,0.6873
1691706192000,0.6873,0.6873,0.6873
1691706193000,0.6873,0.6873,0.6873
1691706194000,0.6873,0.6873,0.6873
1691706195000,0.6873,0.6873,0.6873
1691706196000,0.6873,0.6873,0.6873
1691706197000,0.6873,0.6873,0.6873
1691706198000,0.6874,0.6874,0.6874
1691706199000,0.6874,0.6874,0.6874
1691706200000,0.6874,0.6874,0.6874
1691706201000,0.6874,0.6874,0.6874
1691706202000,0.6874,0.6874,0.6874
1691706203000,0.6874,0.6874,0.6874
1691706204000,0.6874,0.6874,0.6874
1691706205000,0.6874,0.6874,0.6874
1691706206000,0.6874,0.6874,0.6874
1691706207000,0.6874,0.6874,0.6874
1691706208000,0.6875,0.6875,0.6875
1691706209000,0.6875,0.6875,0.6875
1691706210000,0.6874,0.6874,0.6874
1691706211000,0.6874,0.6874,0.6874
1691706212000,0.6874,0.6874,0.6874
1691706213000,0.6874,0.6874,0.6874
1691706214000,0.6874,0.6874,0.6874
1691706215000,0.6875,0.6875,0.6875
1691706216000,0.6874,0.6874,0.6874
1691706217000,0.6874,0.6874,0.6874
1691706218000,0.6874,0.6874,0.6874
1691706219000,0.6874,0.6874,0.6874
1691706220000,0.6874,0.6874,0.6874
1691706221000,0.6874,0.6874,0.6874
1691706222000,0.6874,0.6874,0.6874
1691706223000,0.6875,0.6875,0.6875
1691706224000,0.6875,0.6875,0.6875
1691706225000,0.6875,0.6875,0.6875
1691706226000,0.6875,0.6875,0.6875
1691706227000,0.6874,0.6874,0.6874
1691706228000,0.6874,0.6874,0.6874
1691706229000,0.6874,0.6874,0.6874
1691706230000,0.6874,0.6874,0.6874
1691706231000,0.6874,0.6874,0.6874
1691706232000,0.6874,0.6874,0.6874
1691706233000,0.6875,0.6875,0.6875
1691706234000,0.6875,0.6875,0.6875
1691706235000,0.6875,0.6875,0.6875
1691706236000,0.68730217,0.68730217,0.68730217
1691706237000,0.68723717,0.68723717,0.68723717
1691706238000,0.68723713,0.68723713,0.68723713
1691706239000,0.68725,0.68725,0.68725
1691706240000,0.6874,0.6874,0.6874
1691706241000,0.6874,0.6874,0.6874
1691706242000,0.6873,0.6873,0.6873
1691706243000,0.6873,0.6873,0.6873
1691706244000,0.6873,0.6873,0.6873
1691706245000,0.6873,0.6873,0.6873
1691706246000,0.6873,0.6873,0.6873
1691706247000,0.6873,0.6873,0.6873
1691706248000,0.6873,0.6873,0.6873
1691706249000,0.6873,0.6873,0.6873
1691706250000,0.6873,0.6873,0.6873
1691706251000,0.6874,0.6874,0.6874
1691706252000,0.6874,0.6874,0.6874
1691706253000,0.6874,0.6874,0.6874
1691706254000,0.6874,0.6874,0.6874
1691706255000,0.6874,0.6874,0.6874
1691706256000,0.6874,0.6874,0.6874
1691706257000,0.6874,0.6874,0.6874
1691706258000,0.6873,0.6873,0.6873
1691706259000,0.6873,0.6873,0.6873
1691706260000,0.6873,0.6873,0.6873
1691706261000,0.6873,0.6873,0.6873
1691706262000,0.6873,0.6873,0.6873
1691706263000,0.6874,0.6874,0.6874
1691706264000,0.6874,0.6874,0.6874
1691706265000,0.6874,0.6874,0.6874
1691706266000,0.6874,0.6874,0.6874
1691706267000,0.6874,0.6874,0.6874
1691706268000,0.6873,0.6873,0.6873
1691706269000,0.6873,0.6873,0.6873
1691706270000,0.6873,0.6873,0.6873
1691706271000,0.6874,0.6874,0.6874
1691706272000,0.6874,0.6874,0.6874
1691706273000,0.6873,0.6873,0.6873
1691706274000,0.6874,0.6874,0.6874
1691706275000,0.6874,0.6874,0.6874
1691706276000,0.6875,0.6875,0.6875
1691706277000,0.6874,0.6874,0.6874
1691706278000,0.6874,0.6874,0.6874
1691706279000,0.6874,0.6874,0.6874
1691706280000,0.6874,0.6874,0.6874
1691706281000,0.6874,0.6874,0.6874
1691706282000,0.6874,0.6874,0.6874
1691706283000,0.6874,0.6874,0.6874
1691706284000,0.6874,0.6874,0.6874
1691706285000,0.6874,0.6874,0.6874
1691706286000,0.6874,0.6874,0.6874
1691706287000,0.6874,0.6874,0.6874
1691706288000,0.6874,0.6874,0.6874
1691706289000,0.6874,0.6874,0.6874
1691706290000,0.6874,0.6874,0.6874
1691706291000,0.6874,0.6874,0.6874
1691706292000,0.6875,0.6875,0.6875
1691706293000,0.6874,0.6874,0.6874
1691706294000,0.6874,0.6874,0.6874
1691706295000,0.6874,0.6874,0.6874
1691706296000,0.6874,0.6874,0.6874
1691706297000,0.6874,0.6874,0.6874
1691706298000,0.6874,0.6874,0.6874
1691706299000,0.6874,0.6874,0.6874
1691706300000,0.6874,0.6874,0.6874
1691706301000,0.6874,0.6874,0.6874
1691706302000,0.6874,0.6874,0.6874
1691706303000,0.6874,0.6874,0.6874
1691706304000,0.6874,0.6874,0.6874
1691706305000,0.6875,0.6875,0.6875
1691706306000,0.6875,0.6875,0.6875
1691706307000,0.6875,0.6875,0.6875
1691706308000,0.6875,0.6875,0.6875
1691706309000,0.6874,0.6874,0.6874
1691706310000,0.6875,0.6875,0.6875
1691706311000,0.6875,0.6875,0.6875
1691706312000,0.6875,0.6875,0.6875
1691706313000,0.6875,0.6875,0.6875
1691706314000,0.6874,0.6874,0.6874
1691706315000,0.6874,0.6874,0.6874
1691706316000,0.6874,0.6874,0.6874
1691706317000,0.6875,0.6875,0.6875
1691706318000,0.6875,0.6875,0.6875
1691706319000,0.6874,0.6874,0.6874
1691706320000,0.6875,0.6875,0.6875
1691706321000,0.6875,0.6875,0.6875
1691706322000,0.6875,0.6875,0.6875
1691706323000,0.6875,0.6875,0.6875
1691706324000,0.6874,0.6874,0.6874
1691706325000,0.6874,0.6874,0.6874
1691706326000,0.6874,0.6874,0.6874
1691706327000,0.6875,0.6875,0.6875
1691706328000,0.6875,0.6875,0.6875
1691706329000,0.6874,0.6874,0.6874
1691706330000,0.6874,0.6874,0.6874
1691706331000,0.6874,0.6874,0.6874
1691706332000,0.68736032,0.68736032,0.68736032
1691706333000,0.68736032,0.68736032,0.68736032
1691706334000,0.68736032,0.68736032,0.68736032
1691706335000,0.68736582,0.68736582,0.68736582
1691706336000,0.68736605,0.68736605,0.68736605
1691706337000,0.6874,0.6874,0.6874
1691706338000,0.6874,0.6874,0.6874
1691706339000,0.68736608,0.68736608,0.68736608
1691706340000,0.6874,0.6874,0.6874
1691706341000,0.6874,0.6874,0.6874
1691706342000,0.6874,0.6874,0.6874
1691706343000,0.68732868,0.68732868,0.68732868
1691706344000,0.68732864,0.68732864,0.68732864
1691706345000,0.68732864,0.68732864,0.68732864
1691706346000,0.68733169,0.68733169,0.68733169
1691706347000,0.68733169,0.68733169,0.68733169
1691706348000,0.6873315,0.6873315,0.6873315
1691706349000,0.6873,0.6873,0.6873
1691706350000,0.6873,0.6873,0.6873
1691706351000,0.6873,0.6873,0.6873
1691706352000,0.6873,0.6873,0.6873
1691706353000,0.6873,0.6873,0.6873
1691706354000,0.6873,0.6873,0.6873
1691706355000,0.68733636,0.68733636,0.68733636
1691706356000,0.6874,0.6874,0.6874
1691706357000,0.6874,0.6874,0.6874
1691706358000,0.6874,0.6874,0.6874
1691706359000,0.6874,0.6874,0.6874
1691706360000,0.6874,0.6874,0.6874
1691706361000,0.6874,0.6874,0.6874
1691706362000,0.6874,0.6874,0.6874
1691706363000,0.6874,0.6874,0.6874
1691706364000,0.6874,0.6874,0.6874
1691706365000,0.6874,0.6874,0.6874
1691706366000,0.6874,0.6874,0.6874
1691706367000,0.6874,0.6874,0.6874
1691706368000,0.6874,0.6874,0.6874
1691706369000,0.6874,0.6874,0.6874
1691706370000,0.6874,0.6874,0.6874
1691706371000,0.6874,0.6874,0.6874
1691706372000,0.6875,0.6875,0.6875
1691706373000,0.6875,0.6875,0.6875
1691706374000,0.6875,0.6875,0.6875
1691706375000,0.6874,0.6874,0.6874
1691706376000,0.6875,0.6875,0.6875
1691706377000,0.6875,0.6875,0.6875
1691706378000,0.6875,0.6875,0.6875
1691706379000,0.6875,0.6875,0.6875
1691706380000,0.6874,0.6874,0.6874
1691706381000,0.6874,0.6874,0.6874
1691706382000,0.6874,0.6874,0.6874
1691706383000,0.6874,0.6874,0.6874
1691706384000,0.6874,0.6874,0.6874
1691706385000,0.6874,0.6874,0.6874
1691706386000,0.6874,0.6874,0.6874
1691706387000,0.6874,0.6874,0.6874
1691706388000,0.6874,0.6874,0.6874
1691706389000,0.6874,0.6874,0.6874
1691706390000,0.6874,0.6874,0.6874
1691706391000,0.6874,0.6874,0.6874
1691706392000,0.6874,0.6874,0.6874
1691706393000,0.6874,0.6874,0.6874
1691706394000,0.6874,0.6874,0.6874
1691706395000,0.6874,0.6874,0.6874
1691706396000,0.6874,0.6874,0.6874
1691706397000,0.6874,0.6874,0.6874
1691706398000,0.6874,0.6874,0.6874
1691706399000,0.6874,0.6874,0.6874
1691706400000,0.6874,0.6874,0.6874
1691706401000,0.6874,0.6874,0.6874
1691706402000,0.6875,0.6875,0.6875
1691706403000,0.6876,0.6876,0.6876
1691706404000,0.6875,0.6875,0.6875
1691706405000,0.6875,0.6875,0.6875
1691706406000,0.6875,0.6875,0.6875
1691706407000,0.6875,0.6875,0.6875
1691706408000,0.6875,0.6875,0.6875
1691706409000,0.6876,0.6876,0.6876
1691706410000,0.6876,0.6876,0.6876
1691706411000,0.6876,0.6876,0.6876
1691706412000,0.6876,0.6876,0.6876
1691706413000,0.6876,0.6876,0.6876
1691706414000,0.6876,0.6876,0.6876
1691706415000,0.6876,0.6876,0.6876
1691706416000,0.6876,0.6876,0.6876
1691706417000,0.6876,0.6876,0.6876
1691706418000,0.6875,0.6875,0.6875
1691706419000,0.6875,0.6875,0.6875
1691706420000,0.6875,0.6875,0.6875
1691706421000,0.6875,0.6875,0.6875
1691706422000,0.6875,0.6875,0.6875
1691706423000,0.6875,0.6875,0.6875
1691706424000,0.6875,0.6875,0.6875
1691706425000,0.6876,0.6876,0.6876
1691706426000,0.6876,0.6876,0.6876
1691706427000,0.6876,0.6876,0.6876
1691706428000,0.6876,0.6876,0.6876
1691706429000,0.6876,0.6876,0.6876
1691706430000,0.6877,0.6877,0.6877
1691706431000,0.6877,0.6877,0.6877
1691706432000,0.6877,0.6877,0.6877
1691706433000,0.6877,0.6877,0.6877
1691706434000,0.6877,0.6877,0.6877
1691706435000,0.6877,0.6877,0.6877
1691706436000,0.6877,0.6877,0.6877
1691706437000,0.6877,0.6877,0.6877
1691706438000,0.6877,0.6877,0.6877
1691706439000,0.6877,0.6877,0.6877
1691706440000,0.6877,0.6877,0.6877
1691706441000,0.68779778,0.68779778,0.68779778
1691706442000,0.6877,0.6877,0.6877
1691706443000,0.6877,0.6877,0.6877
1691706444000,0.6877,0.6877,0.6877
1691706445000,0.6877,0.6877,0.6877
1691706446000,0.6877,0.6877,0.6877
1691706447000,0.6877,0.6877,0.6877
1691706448000,0.6877,0.6877,0.6877
1691706449000,0.6877,0.6877,0.6877
1691706450000,0.6877,0.6877,0.6877
1691706451000,0.68779689,0.68779689,0.68779689
1691706452000,0.6877,0.6877,0.6877
1691706453000,0.6877,0.6877,0.6877
1691706454000,0.6877,0.6877,0.6877
1691706455000,0.6877,0.6877,0.6877
1691706456000,0.6877,0.6877,0.6877
1691706457000,0.6877,0.6877,0.6877
1691706458000,0.6877,0.6877,0.6877
1691706459000,0.6877,0.6877,0.6877
1691706460000,0.6877,0.6877,0.6877
1691706461000,0.6877,0.6877,0.6877
1691706462000,0.6877,0.6877,0.6877
1691706463000,0.6877,0.6877,0.6877
1691706464000,0.68763132,0.68763132,0.68763132
1691706465000,0.68763132,0.68763132,0.68763132
1691706466000,0.68763132,0.68763132,0.68763132
1691706467000,0.6876301,0.6876301,0.6876301
1691706468000,0.6876319,0.6876319,0.6876319
1691706469000,0.68758344,0.68758344,0.68758344
1691706470000,0.68758348,0.68758348,0.68758348
1691706471000,0.68758348,0.68758348,0.68758348
1691706472000,0.68758344,0.68758344,0.68758344
1691706473000,0.68758344,0.68758344,0.68758344
1691706474000,0.68758112,0.68758112,0.68758112
1691706475000,0.68758112,0.68758112,0.68758112
1691706476000,0.68758116,0.68758116,0.68758116
1691706477000,0.68758112,0.68758112,0.68758112
1691706478000,0.68758112,0.68758112,0.68758112
1691706479000,0.68757882,0.68757882,0.68757882
1691706480000,0.68757882,0.68757882,0.68757882
1691706481000,0.68757882,0.68757882,0.68757882
1691706482000,0.68757886,0.68757886,0.68757886
1691706483000,0.68757886,0.68757886,0.68757886
1691706484000,0.68737632,0.68737632,0.68737632
1691706485000,0.68737265,0.68737265,0.68737265
1691706486000,0.68737265,0.68737265,0.68737265
1691706487000,0.68737269,0.68737269,0.68737269
1691706488000,0.68737265,0.68737265,0.68737265
1691706489000,0.68737265,0.68737265,0.68737265
1691706490000,0.68736904,0.68736904,0.68736904
1691706491000,0.68735741,0.68735741,0.68735741
1691706492000,0.68735741,0.68735741,0.68735741
1691706493000,0.68735741,0.68735741,0.68735741
1691706494000,0.68735244,0.68735244,0.68735244
1691706495000,0.68735244,0.68735244,0.68735244
1691706496000,0.6872891,0.6872891,0.6872891
1691706497000,0.6872891,0.6872891,0.6872891
1691706498000,0.6872799,0.6872799,0.6872799
1691706499000,0.6872799,0.6872799,0.6872799
1691706500000,0.68728016,0.68728016,0.68728016
1691706501000,0.68727476,0.68727476,0.68727476
1691706502000,0.68727476,0.68727476,0.68727476
1691706503000,0.68727472,0.68727472,0.68727472
1691706504000,0.68727476,0.68727476,0.68727476
1691706505000,0.68727476,0.68727476,0.68727476
1691706506000,0.68727311,0.68727311,0.68727311
1691706507000,0.68727112,0.68727112,0.68727112
1691706508000,0.68727116,0.68727116,0.68727116
1691706509000,0.68727116,0.68727116,0.68727116
1691706510000,0.68726996,0.68726996,0.68726996
1691706511000,0.68726996,0.68726996,0.68726996
1691706512000,0.68726847,0.68726847,0.68726847
1691706513000,0.68726847,0.68726847,0.68726847
1691706514000,0.68726936,0.68726936,0.68726936
1691706515000,0.68726936,0.68726936,0.68726936
1691706516000,0.68726936,0.68726936,0.68726936
1691706517000,0.68726926,0.68726926,0.68726926
1691706518000,0.68727538,0.68727538,0.68727538
1691706519000,0.68727538,0.68727538,0.68727538
1691706520000,0.68727538,0.68727538,0.68727538
1691706521000,0.68727436,0.68727436,0.68727436
1691706522000,0.68727436,0.68727436,0.68727436
1691706523000,0.68727433,0.68727433,0.68727433
1691706524000,0.68727286,0.68727286,0.68727286
1691706525000,0.68727372,0.68727372,0.68727372
1691706526000,0.68723742,0.68723742,0.68723742
1691706527000,0.68723742,0.68723742,0.68723742
1691706528000,0.68723742,0.68723742,0.68723742
1691706529000,0.68723595,0.68723595,0.68723595
1691706530000,0.68723595,0.68723595,0.68723595
1691706531000,0.68723415,0.68723415,0.68723415
1691706532000,0.68723415,0.68723415,0.68723415
1691706533000,0.68723329,0.68723329,0.68723329
1691706534000,0.68723329,0.68723329,0.68723329
1691706535000,0.68723327,0.68723327,0.68723327
1691706536000,0.68723327,0.68723327,0.68723327
1691706537000,0.68723364,0.68723364,0.68723364
1691706538000,0.68723364,0.68723364,0.68723364
1691706539000,0.6872345,0.6872345,0.6872345
1691706540000,0.68723618,0.68723618,0.68723618
1691706541000,0.68723618,0.68723618,0.68723618
1691706542000,0.6872363,0.6872363,0.6872363
1691706543000,0.6872363,0.6872363,0.6872363
1691706544000,0.6872363,0.6872363,0.6872363
1691706545000,0.6873,0.6873,0.6873
1691706546000,0.6873,0.6873,0.6873
1691706547000,0.6873,0.6873,0.6873
1691706548000,0.6873,0.6873,0.6873
1691706549000,0.6873,0.6873,0.6873
1691706550000,0.6873,0.6873,0.6873
1691706551000,0.6873,0.6873,0.6873
1691706552000,0.6873,0.6873,0.6873
1691706553000,0.6873,0.6873,0.6873
1691706554000,0.6873,0.6873,0.6873
1691706555000,0.6873,0.6873,0.6873
1691706556000,0.6873,0.6873,0.6873
1691706557000,0.6873,0.6873,0.6873
1691706558000,0.6873,0.6873,0.6873
1691706559000,0.6873,0.6873,0.6873
1691706560000,0.68723874,0.68723874,0.68723874
1691706561000,0.68723878,0.68723878,0.68723878
1691706562000,0.68723789,0.68723789,0.68723789
1691706563000,0.68723789,0.68723789,0.68723789
1691706564000,0.6872,0.6872,0.6872
1691706565000,0.6872,0.6872,0.6872
1691706566000,0.6872,0.6872,0.6872
1691706567000,0.6872,0.6872,0.6872
1691706568000,0.6872,0.6872,0.6872
1691706569000,0.6872,0.6872,0.6872
1691706570000,0.6872,0.6872,0.6872
1691706571000,0.68718699,0.68718699,0.68718699
1691706572000,0.68718702,0.68718702,0.68718702
1691706573000,0.68718676,0.68718676,0.68718676
1691706574000,0.68718676,0.68718676,0.68718676
1691706575000,0.68723762,0.68723762,0.68723762
1691706576000,0.68723762,0.68723762,0.68723762
1691706577000,0.68718759,0.68718759,0.68718759
1691706578000,0.68718762,0.68718762,0.68718762
1691706579000,0.687184,0.687184,0.687184
1691706580000,0.68718396,0.68718396,0.68718396
1691706581000,0.687234,0.687234,0.687234
1691706582000,0.687234,0.687234,0.687234
1691706583000,0.68723396,0.68723396,0.68723396
1691706584000,0.68722931,0.68722931,0.68722931
1691706585000,0.68722931,0.68722931,0.68722931
1691706586000,0.68722935,0.68722935,0.68722935
1691706587000,0.68722931,0.68722931,0.68722931
1691706588000,0.68722931,0.68722931,0.68722931
1691706589000,0.68722935,0.68722935,0.68722935
1691706590000,0.68722723,0.68722723,0.68722723
1691706591000,0.68722723,0.68722723,0.68722723
1691706592000,0.6872,0.6872,0.6872
1691706593000,0.6872,0.6872,0.6872
1691706594000,0.6872,0.6872,0.6872
1691706595000,0.68717805,0.68717805,0.68717805
1691706596000,0.68717433,0.68717433,0.68717433
1691706597000,0.68717437,0.68717437,0.68717437
1691706598000,0.68717433,0.68717433,0.68717433
1691706599000,0.68717433,0.68717433,0.68717433
1691706600000,0.68717433,0.68717433,0.68717433
1691706601000,0.68717318,0.68717318,0.68717318
1691706602000,0.68717318,0.68717318,0.68717318
1691706603000,0.6872,0.6872,0.6872
1691706604000,0.68722403,0.68722403,0.68722403
1691706605000,0.687224,0.687224,0.687224
1691706606000,0.687224,0.687224,0.687224
1691706607000,0.68727164,0.68727164,0.68727164
1691706608000,0.68722191,0.68722191,0.68722191
1691706609000,0.68722191,0.68722191,0.68722191
1691706610000,0.68722191,0.68722191,0.68722191
1691706611000,0.68722105,0.68722105,0.68722105
1691706612000,0.6872198,0.6872198,0.6872198
1691706613000,0.68722025,0.68722025,0.68722025
1691706614000,0.68722025,0.68722025,0.68722025
1691706615000,0.68722028,0.68722028,0.68722028
1691706616000,0.68722028,0.68722028,0.68722028
1691706617000,0.68722028,0.68722028,0.68722028
1691706618000,0.68721906,0.68721906,0.68721906
1691706619000,0.68721861,0.68721861,0.68721861
1691706620000,0.68726861,0.68726861,0.68726861
1691706621000,0.68726861,0.68726861,0.68726861
1691706622000,0.68726861,0.68726861,0.68726861
1691706623000,0.68728202,0.68728202,0.68728202
1691706624000,0.68728202,0.68728202,0.68728202
1691706625000,0.68728202,0.68728202,0.68728202
1691706626000,0.68728202,0.68728202,0.68728202
1691706627000,0.68728202,0.68728202,0.68728202
1691706628000,0.68728987,0.68728987,0.68728987
1691706629000,0.68728849,0.68728849,0.68728849
1691706630000,0.68728849,0.68728849,0.68728849
1691706631000,0.68728759,0.68728759,0.68728759
1691706632000,0.68728763,0.68728763,0.68728763
1691706633000,0.68728804,0.68728804,0.68728804
1691706634000,0.68728558,0.68728558,0.68728558
1691706635000,0.68728558,0.68728558,0.68728558
1691706636000,0.68728644,0.68728644,0.68728644
1691706637000,0.68728647,0.68728647,0.68728647
1691706638000,0.68728576,0.68728576,0.68728576
1691706639000,0.68728576,0.68728576,0.68728576
1691706640000,0.68728499,0.68728499,0.68728499
1691706641000,0.68728499,0.68728499,0.68728499
1691706642000,0.68728499,0.68728499,0.68728499
1691706643000,0.68728495,0.68728495,0.68728495
1691706644000,0.68728495,0.68728495,0.68728495
1691706645000,0.68728419,0.68728419,0.68728419
1691706646000,0.68728416,0.68728416,0.68728416
1691706647000,0.68728419,0.68728419,0.68728419
1691706648000,0.68728416,0.68728416,0.68728416
1691706649000,0.68728423,0.68728423,0.68728423
1691706650000,0.68728423,0.68728423,0.68728423
1691706651000,0.68728264,0.68728264,0.68728264
1691706652000,0.68728264,0.68728264,0.68728264
1691706653000,0.68728264,0.68728264,0.68728264
1691706654000,0.68728245,0.68728245,0.68728245
1691706655000,0.68728245,0.68728245,0.68728245
1691706656000,0.68728249,0.68728249,0.68728249
1691706657000,0.68727713,0.68727713,0.68727713
1691706658000,0.68727713,0.68727713,0.68727713
1691706659000,0.68727773,0.68727773,0.68727773
1691706660000,0.68727773,0.68727773,0.68727773
1691706661000,0.68727769,0.68727769,0.68727769
1691706662000,0.68727373,0.68727373,0.68727373
1691706663000,0.6872737,0.6872737,0.6872737
1691706664000,0.68723039,0.68723039,0.68723039
1691706665000,0.68723039,0.68723039,0.68723039
1691706666000,0.6872295,0.6872295,0.6872295
1691706667000,0.6872295,0.6872295,0.6872295
1691706668000,0.68722876,0.68722876,0.68722876
1691706669000,0.68722876,0.68722876,0.68722876
1691706670000,0.68722813,0.68722813,0.68722813
1691706671000,0.68722813,0.68722813,0.68722813
1691706672000,0.68722813,0.68722813,0.68722813
1691706673000,0.68722654,0.68722654,0.68722654
1691706674000,0.68721187,0.68721187,0.68721187
1691706675000,0.68721187,0.68721187,0.68721187
1691706676000,0.68716191,0.68716191,0.68716191
1691706677000,0.68716191,0.68716191,0.68716191
1691706678000,0.68721191,0.68721191,0.68721191
1691706679000,0.68720806,0.68720806,0.68720806
1691706680000,0.68720645,0.68720645,0.68720645
1691706681000,0.68715645,0.68715645,0.68715645
1691706682000,0.68715645,0.68715645,0.68715645
1691706683000,0.68716918,0.68716918,0.68716918
1691706684000,0.68716452,0.68716452,0.68716452
1691706685000,0.68721411,0.68721411,0.68721411
1691706686000,0.68721411,0.68721411,0.68721411
1691706687000,0.68721415,0.68721415,0.68721415
1691706688000,0.68721411,0.68721411,0.68721411
1691706689000,0.68722025,0.68722025,0.68722025
1691706690000,0.68721462,0.68721462,0.68721462
1691706691000,0.68721462,0.68721462,0.68721462
1691706692000,0.6872224,0.6872224,0.6872224
1691706693000,0.68722155,0.68722155,0.68722155
1691706694000,0.68722158,0.68722158,0.68722158
1691706695000,0.68722069,0.68722069,0.68722069
1691706696000,0.68722069,0.68722069,0.68722069
1691706697000,0.68722073,0.68722073,0.68722073
1691706698000,0.68722069,0.68722069,0.68722069
1691706699000,0.68721984,0.68721984,0.68721984
1691706700000,0.68721935,0.68721935,0.68721935
1691706701000,0.68721356,0.68721356,0.68721356
1691706702000,0.68721356,0.68721356,0.68721356
1691706703000,0.68721352,0.68721352,0.68721352
1691706704000,0.68721352,0.68721352,0.68721352
1691706705000,0.6872142,0.6872142,0.6872142
1691706706000,0.68720931,0.68720931,0.68720931
1691706707000,0.68722285,0.68722285,0.68722285
1691706708000,0.68722281,0.68722281,0.68722281
1691706709000,0.68722416,0.68722416,0.68722416
1691706710000,0.68722416,0.68722416,0.68722416
1691706711000,0.6872,0.6872,0.6872
1691706712000,0.68721808,0.68721808,0.68721808
1691706713000,0.68721718,0.68721718,0.68721718
1691706714000,0.687,0.687,0.687
1691706715000,0.68698429,0.68698429,0.68698429
1691706716000,0.68698429,0.68698429,0.68698429
1691706717000,0.68697331,0.68697331,0.68697331
1691706718000,0.68697331,0.68697331,0.68697331
1691706719000,0.68697242,0.68697242,0.68697242
1691706720000,0.68697174,0.68697174,0.68697174
1691706721000,0.68697174,0.68697174,0.68697174
1691706722000,0.68697174,0.68697174,0.68697174
1691706723000,0.687,0.687,0.687
1691706724000,0.68696916,0.68696916,0.68696916
1691706725000,0.68696919,0.68696919,0.68696919
1691706726000,0.68696919,0.68696919,0.68696919
1691706727000,0.68696916,0.68696916,0.68696916
1691706728000,0.68696916,0.68696916,0.68696916
1691706729000,0.68695714,0.68695714,0.68695714
1691706730000,0.68695714,0.68695714,0.68695714
1691706731000,0.68695714,0.68695714,0.68695714
1691706732000,0.68695247,0.68695247,0.68695247
1691706733000,0.6869525,0.6869525,0.6869525
1691706734000,0.68694622,0.68694622,0.68694622
1691706735000,0.68694622,0.68694622,0.68694622
1691706736000,0.68694626,0.68694626,0.68694626
1691706737000,0.68694622,0.68694622,0.68694622
1691706738000,0.68694622,0.68694622,0.68694622
1691706739000,0.68694622,0.68694622,0.68694622
1691706740000,0.68689007,0.68689007,0.68689007
1691706741000,0.68689007,0.68689007,0.68689007
1691706742000,0.68689096,0.68689096,0.68689096
1691706743000,0.68694093,0.68694093,0.68694093
1691706744000,0.68694096,0.68694096,0.68694096
1691706745000,0.68693568,0.68693568,0.68693568
1691706746000,0.68693564,0.68693564,0.68693564
1691706747000,0.68693568,0.68693568,0.68693568
1691706748000,0.68693564,0.68693564,0.68693564
1691706749000,0.68693564,0.68693564,0.68693564
1691706750000,0.68693564,0.68693564,0.68693564
1691706751000,0.68692463,0.68692463,0.68692463
1691706752000,0.68692463,0.68692463,0.68692463
1691706753000,0.68692381,0.68692381,0.68692381
1691706754000,0.68692381,0.68692381,0.68692381
1691706755000,0.68692377,0.68692377,0.68692377
1691706756000,0.68691806,0.68691806,0.68691806
1691706757000,0.68686806,0.68686806,0.68686806
1691706758000,0.6868681,0.6868681,0.6868681
1691706759000,0.6869,0.6869,0.6869
1691706760000,0.6869,0.6869,0.6869
1691706761000,0.6869,0.6869,0.6869
1691706762000,0.6869,0.6869,0.6869
1691706763000,0.6869,0.6869,0.6869
1691706764000,0.68686594,0.68686594,0.68686594
1691706765000,0.68686594,0.68686594,0.68686594
1691706766000,0.6868659,0.6868659,0.6868659
1691706767000,0.6868629,0.6868629,0.6868629
1691706768000,0.68684915,0.68684915,0.68684915
1691706769000,0.68684915,0.68684915,0.68684915
1691706770000,0.6869,0.6869,0.6869
1691706771000,0.6869,0.6869,0.6869
1691706772000,0.6869,0.6869,0.6869
1691706773000,0.6869,0.6869,0.6869
1691706774000,0.6869,0.6869,0.6869
1691706775000,0.6869,0.6869,0.6869
1691706776000,0.68690221,0.68690221,0.68690221
1691706777000,0.68690221,0.68690221,0.68690221
1691706778000,0.68690527,0.68690527,0.68690527
1691706779000,0.68690527,0.68690527,0.68690527
1691706780000,0.68690531,0.68690531,0.68690531
1691706781000,0.68690531,0.68690531,0.68690531
1691706782000,0.68690527,0.68690527,0.68690527
1691706783000,0.68690527,0.68690527,0.68690527
1691706784000,0.68690584,0.68690584,0.68690584
1691706785000,0.68690584,0.68690584,0.68690584
1691706786000,0.68690587,0.68690587,0.68690587
1691706787000,0.6869,0.6869,0.6869
1691706788000,0.6869,0.6869,0.6869
1691706789000,0.6869,0.6869,0.6869
1691706790000,0.6869,0.6869,0.6869
1691706791000,0.6869,0.6869,0.6869
1691706792000,0.6869,0.6869,0.6869
1691706793000,0.6869,0.6869,0.6869
1691706794000,0.6869,0.6869,0.6869
1691706795000,0.68690593,0.68690593,0.68690593
1691706796000,0.68690593,0.68690593,0.68690593
1691706797000,0.68690593,0.68690593,0.68690593
1691706798000,0.68690548,0.68690548,0.68690548
1691706799000,0.68690459,0.68690459,0.68690459
1691706800000,0.68690459,0.68690459,0.68690459
1691706801000,0.68690486,0.68690486,0.68690486
1691706802000,0.68690351,0.68690351,0.68690351
1691706803000,0.68690351,0.68690351,0.68690351
1691706804000,0.6869,0.6869,0.6869
1691706805000,0.68690437,0.68690437,0.68690437
1691706806000,0.68690349,0.68690349,0.68690349
1691706807000,0.68690263,0.68690263,0.68690263
1691706808000,0.68690094,0.68690094,0.68690094
1691706809000,0.6869168,0.6869168,0.6869168
1691706810000,0.6869168,0.6869168,0.6869168
1691706811000,0.6869168,0.6869168,0.6869168
1691706812000,0.68686481,0.68686481,0.68686481
1691706813000,0.68686447,0.68686447,0.68686447
1691706814000,0.68686362,0.68686362,0.68686362
1691706815000,0.68686362,0.68686362,0.68686362
1691706816000,0.68686362,0.68686362,0.68686362
1691706817000,0.68686172,0.68686172,0.68686172
1691706818000,0.68686355,0.68686355,0.68686355
1691706819000,0.6868323,0.6868323,0.6868323
1691706820000,0.6868323,0.6868323,0.6868323
1691706821000,0.6868323,0.6868323,0.6868323
1691706822000,0.6868323,0.6868323,0.6868323
1691706823000,0.68682835,0.68682835,0.68682835
1691706824000,0.68682835,0.68682835,0.68682835
1691706825000,0.68682835,0.68682835,0.68682835
1691706826000,0.68682835,0.68682835,0.68682835
1691706827000,0.68682835,0.68682835,0.68682835
1691706828000,0.6869,0.6869,0.6869
1691706829000,0.6869,0.6869,0.6869
1691706830000,0.6869,0.6869,0.6869
1691706831000,0.6869,0.6869,0.6869
1691706832000,0.6869,0.6869,0.6869
1691706833000,0.6869,0.6869,0.6869
1691706834000,0.6869,0.6869,0.6869
1691706835000,0.6869,0.6869,0.6869
1691706836000,0.6869,0.6869,0.6869
1691706837000,0.6869,0.6869,0.6869
1691706838000,0.68688241,0.68688241,0.68688241
1691706839000,0.68686622,0.68686622,0.68686622
1691706840000,0.68686622,0.68686622,0.68686622
1691706841000,0.68686622,0.68686622,0.68686622
1691706842000,0.68686625,0.68686625,0.68686625
1691706843000,0.68686622,0.68686622,0.68686622
1691706844000,0.68686753,0.68686753,0.68686753
1691706845000,0.68686663,0.68686663,0.68686663
1691706846000,0.68686663,0.68686663,0.68686663
1691706847000,0.68686663,0.68686663,0.68686663
1691706848000,0.68686667,0.68686667,0.68686667
1691706849000,0.68686667,0.68686667,0.68686667
1691706850000,0.68686408,0.68686408,0.68686408
1691706851000,0.68686408,0.68686408,0.68686408
1691706852000,0.68686405,0.68686405,0.68686405
1691706853000,0.68686405,0.68686405,0.68686405
1691706854000,0.68686405,0.68686405,0.68686405
1691706855000,0.68685555,0.68685555,0.68685555
1691706856000,0.68684882,0.68684882,0.68684882
1691706857000,0.68684968,0.68684968,0.68684968
1691706858000,0.68684968,0.68684968,0.68684968
1691706859000,0.6869,0.6869,0.6869
1691706860000,0.6869,0.6869,0.6869
1691706861000,0.6869,0.6869,0.6869
1691706862000,0.6869,0.6869,0.6869
1691706863000,0.6869,0.6869,0.6869
1691706864000,0.6869,0.6869,0.6869
1691706865000,0.68681888,0.68681888,0.68681888
1691706866000,0.6868,0.6868,0.6868
1691706867000,0.6868,0.6868,0.6868
1691706868000,0.68670791,0.68670791,0.68670791
1691706869000,0.68670719,0.68670719,0.68670719
1691706870000,0.68670719,0.68670719,0.68670719
1691706871000,0.68670719,0.68670719,0.68670719
1691706872000,0.68670719,0.68670719,0.68670719
1691706873000,0.68670453,0.68670453,0.68670453
1691706874000,0.68670453,0.68670453,0.68670453
1691706875000,0.6867,0.6867,0.6867
1691706876000,0.6867,0.6867,0.6867
1691706877000,0.6867,0.6867,0.6867
1691706878000,0.6867,0.6867,0.6867
1691706879000,0.68669802,0.68669802,0.68669802
1691706880000,0.68669802,0.68669802,0.68669802
1691706881000,0.68674147,0.68674147,0.68674147
1691706882000,0.68674147,0.68674147,0.68674147
1691706883000,0.68674147,0.68674147,0.68674147
1691706884000,0.68674073,0.68674073,0.68674073
1691706885000,0.68674073,0.68674073,0.68674073
1691706886000,0.68674151,0.68674151,0.68674151
1691706887000,0.68674148,0.68674148,0.68674148
1691706888000,0.68674151,0.68674151,0.68674151
1691706889000,0.68674075,0.68674075,0.68674075
1691706890000,0.68674072,0.68674072,0.68674072
1691706891000,0.68674075,0.68674075,0.68674075
1691706892000,0.68674072,0.68674072,0.68674072
1691706893000,0.68674072,0.68674072,0.68674072
1691706894000,0.68674072,0.68674072,0.68674072
1691706895000,0.68673996,0.68673996,0.68673996
1691706896000,0.68673996,0.68673996,0.68673996
1691706897000,0.68674651,0.68674651,0.68674651
1691706898000,0.68670303,0.68670303,0.68670303
1691706899000,0.686703,0.686703,0.686703
1691706900000,0.68670067,0.68670067,0.68670067
1691706901000,0.68670067,0.68670067,0.68670067
1691706902000,0.6868,0.6868,0.6868
1691706903000,0.6868,0.6868,0.6868
1691706904000,0.68674493,0.68674493,0.68674493
1691706905000,0.68674352,0.68674352,0.68674352
1691706906000,0.68677999,0.68677999,0.68677999
1691706907000,0.6868,0.6868,0.6868
1691706908000,0.6868,0.6868,0.6868
1691706909000,0.68677273,0.68677273,0.68677273
1691706910000,0.6868,0.6868,0.6868
1691706911000,0.68677106,0.68677106,0.68677106
1691706912000,0.68677106,0.68677106,0.68677106
1691706913000,0.68677106,0.68677106,0.68677106
1691706914000,0.68677103,0.68677103,0.68677103
1691706915000,0.68677165,0.68677165,0.68677165
1691706916000,0.68677237,0.68677237,0.68677237
1691706917000,0.68676991,0.68676991,0.68676991
1691706918000,0.68676991,0.68676991,0.68676991
1691706919000,0.68676991,0.68676991,0.68676991
1691706920000,0.68676994,0.68676994,0.68676994
1691706921000,0.6867692,0.6867692,0.6867692
1691706922000,0.68676871,0.68676871,0.68676871
1691706923000,0.68676868,0.68676868,0.68676868
1691706924000,0.68672595,0.68672595,0.68672595
1691706925000,0.68672552,0.68672552,0.68672552
1691706926000,0.68672552,0.68672552,0.68672552
1691706927000,0.68672478,0.68672478,0.68672478
1691706928000,0.68672357,0.68672357,0.68672357
1691706929000,0.68672357,0.68672357,0.68672357
1691706930000,0.68672277,0.68672277,0.68672277
1691706931000,0.68672277,0.68672277,0.68672277
1691706932000,0.686722,0.686722,0.686722
1691706933000,0.68672095,0.68672095,0.68672095
1691706934000,0.68672095,0.68672095,0.68672095
1691706935000,0.68672172,0.68672172,0.68672172
1691706936000,0.68672111,0.68672111,0.68672111
1691706937000,0.68672114,0.68672114,0.68672114
1691706938000,0.68672111,0.68672111,0.68672111
1691706939000,0.68672009,0.68672009,0.68672009
1691706940000,0.68672012,0.68672012,0.68672012
1691706941000,0.68671901,0.68671901,0.68671901
1691706942000,0.68671901,0.68671901,0.68671901
1691706943000,0.68671898,0.68671898,0.68671898
1691706944000,0.6867187,0.6867187,0.6867187
1691706945000,0.6867187,0.6867187,0.6867187
1691706946000,0.6867187,0.6867187,0.6867187
1691706947000,0.68671827,0.68671827,0.68671827
1691706948000,0.68671827,0.68671827,0.68671827
1691706949000,0.68671827,0.68671827,0.68671827
1691706950000,0.68671722,0.68671722,0.68671722
1691706951000,0.68671722,0.68671722,0.68671722
1691706952000,0.68671605,0.68671605,0.68671605
1691706953000,0.68671605,0.68671605,0.68671605
1691706954000,0.68671605,0.68671605,0.68671605
1691706955000,0.68671533,0.68671533,0.68671533
1691706956000,0.68671294,0.68671294,0.68671294
1691706957000,0.68671297,0.68671297,0.68671297
1691706958000,0.68671294,0.68671294,0.68671294
1691706959000,0.68671294,0.68671294,0.68671294
1691706960000,0.68671371,0.68671371,0.68671371
1691706961000,0.68671096,0.68671096,0.68671096
1691706962000,0.68671093,0.68671093,0.68671093
1691706963000,0.68671096,0.68671096,0.68671096
1691706964000,0.68671096,0.68671096,0.68671096
1691706965000,0.68671096,0.68671096,0.68671096
1691706966000,0.68671096,0.68671096,0.68671096
1691706967000,0.68670323,0.68670323,0.68670323
1691706968000,0.68665975,0.68665975,0.68665975
1691706969000,0.68665897,0.68665897,0.68665897
1691706970000,0.686659,0.686659,0.686659
1691706971000,0.68670245,0.68670245,0.68670245
1691706972000,0.68669981,0.68669981,0.68669981
1691706973000,0.68669981,0.68669981,0.68669981
1691706974000,0.68669978,0.68669978,0.68669978
1691706975000,0.68669978,0.68669978,0.68669978
1691706976000,0.68669981,0.68669981,0.68669981
1691706977000,0.68669981,0.68669981,0.68669981
1691706978000,0.68669702,0.68669702,0.68669702
1691706979000,0.68669702,0.68669702,0.68669702
1691706980000,0.68669699,0.68669699,0.68669699
1691706981000,0.68669699,0.68669699,0.68669699
1691706982000,0.68669699,0.68669699,0.68669699
1691706983000,0.68669501,0.68669501,0.68669501
1691706984000,0.68669501,0.68669501,0.68669501
1691706985000,0.68669501,0.68669501,0.68669501
1691706986000,0.68669501,0.68669501,0.68669501
1691706987000,0.68669501,0.68669501,0.68669501
1691706988000,0.68669501,0.68669501,0.68669501
1691706989000,0.68669326,0.68669326,0.68669326
1691706990000,0.68669326,0.68669326,0.68669326
1691706991000,0.68669323,0.68669323,0.68669323
1691706992000,0.68669323,0.68669323,0.68669323
1691706993000,0.68669323,0.68669323,0.68669323
1691706994000,0.68668988,0.68668988,0.68668988
1691706995000,0.68668335,0.68668335,0.68668335
1691706996000,0.68668338,0.68668338,0.68668338
1691706997000,0.68668338,0.68668338,0.68668338
1691706998000,0.68668338,0.68668338,0.68668338
1691706999000,0.68663988,0.68663988,0.68663988
1691707000000,0.68663682,0.68663682,0.68663682
1691707001000,0.68663753,0.68663753,0.68663753
1691707002000,0.68659408,0.68659408,0.68659408
1691707003000,0.68659405,0.68659405,0.68659405
1691707004000,0.68663753,0.68663753,0.68663753
1691707005000,0.68662621,0.68662621,0.68662621
1691707006000,0.68662621,0.68662621,0.68662621
1691707007000,0.68662698,0.68662698,0.68662698
1691707008000,0.68662698,0.68662698,0.68662698
1691707009000,0.68661316,0.68661316,0.68661316
1691707010000,0.68661391,0.68661391,0.68661391
1691707011000,0.68660828,0.68660828,0.68660828
1691707012000,0.68660828,0.68660828,0.68660828
1691707013000,0.68660828,0.68660828,0.68660828
1691707014000,0.68660754,0.68660754,0.68660754
1691707015000,0.68660754,0.68660754,0.68660754
1691707016000,0.68660088,0.68660088,0.68660088
1691707017000,0.68660088,0.68660088,0.68660088
1691707018000,0.68660085,0.68660085,0.68660085
1691707019000,0.68660085,0.68660085,0.68660085
1691707020000,0.68660088,0.68660088,0.68660088
1691707021000,0.6867,0.6867,0.6867
1691707022000,0.6867,0.6867,0.6867
1691707023000,0.6867,0.6867,0.6867
1691707024000,0.6867,0.6867,0.6867
1691707025000,0.68664005,0.68664005,0.68664005
1691707026000,0.68663934,0.68663934,0.68663934
1691707027000,0.68663931,0.68663931,0.68663931
1691707028000,0.6867,0.6867,0.6867
1691707029000,0.6867,0.6867,0.6867
1691707030000,0.68663814,0.68663814,0.68663814
1691707031000,0.6866004,0.6866004,0.6866004
1691707032000,0.6866004,0.6866004,0.6866004
1691707033000,0.68659834,0.68659834,0.68659834
1691707034000,0.68659834,0.68659834,0.68659834
1691707035000,0.68655483,0.68655483,0.68655483
1691707036000,0.68655558,0.68655558,0.68655558
1691707037000,0.68655558,0.68655558,0.68655558
1691707038000,0.68655372,0.68655372,0.68655372
1691707039000,0.68655327,0.68655327,0.68655327
1691707040000,0.68655327,0.68655327,0.68655327
1691707041000,0.68655256,0.68655256,0.68655256
1691707042000,0.68655253,0.68655253,0.68655253
1691707043000,0.68655226,0.68655226,0.68655226
1691707044000,0.68659451,0.68659451,0.68659451
1691707045000,0.68656914,0.68656914,0.68656914
1691707046000,0.68656839,0.68656839,0.68656839
1691707047000,0.68656839,0.68656839,0.68656839
1691707048000,0.68656839,0.68656839,0.68656839
1691707049000,0.68656852,0.68656852,0.68656852
1691707050000,0.68656612,0.68656612,0.68656612
1691707051000,0.68656612,0.68656612,0.68656612
1691707052000,0.68656612,0.68656612,0.68656612
1691707053000,0.68656534,0.68656534,0.68656534
1691707054000,0.68656537,0.68656537,0.68656537
1691707055000,0.68656302,0.68656302,0.68656302
1691707056000,0.68656299,0.68656299,0.68656299
1691707057000,0.68651951,0.68651951,0.68651951
1691707058000,0.68635805,0.68635805,0.68635805
1691707059000,0.68635805,0.68635805,0.68635805
1691707060000,0.68623361,0.68623361,0.68623361
1691707061000,0.68622987,0.68622987,0.68622987
1691707062000,0.68622987,0.68622987,0.68622987
1691707063000,0.68622955,0.68622955,0.68622955
1691707064000,0.68622955,0.68622955,0.68622955
1691707065000,0.68622955,0.68622955,0.68622955
1691707066000,0.68622513,0.68622513,0.68622513
1691707067000,0.68622513,0.68622513,0.68622513
1691707068000,0.6862251,0.6862251,0.6862251
1691707069000,0.68622513,0.68622513,0.68622513
1691707070000,0.68622401,0.68622401,0.68622401
1691707071000,0.68622401,0.68622401,0.68622401
1691707072000,0.68617475,0.68617475,0.68617475
1691707073000,0.68617475,0.68617475,0.68617475
1691707074000,0.68617472,0.68617472,0.68617472
1691707075000,0.6862,0.6862,0.6862
1691707076000,0.68617398,0.68617398,0.68617398
1691707077000,0.6862,0.6862,0.6862
1691707078000,0.6862,0.6862,0.6862
1691707079000,0.6862,0.6862,0.6862
1691707080000,0.6862,0.6862,0.6862
1691707081000,0.68617093,0.68617093,0.68617093
1691707082000,0.68617093,0.68617093,0.68617093
1691707083000,0.6862,0.6862,0.6862
1691707084000,0.6863,0.6863,0.6863
1691707085000,0.6863,0.6863,0.6863
1691707086000,0.6863,0.6863,0.6863
1691707087000,0.6863,0.6863,0.6863
1691707088000,0.68621366,0.68621366,0.68621366
1691707089000,0.68625684,0.68625684,0.68625684
1691707090000,0.6863,0.6863,0.6863
1691707091000,0.6863,0.6863,0.6863
1691707092000,0.6863,0.6863,0.6863
1691707093000,0.68621989,0.68621989,0.68621989
1691707094000,0.6863,0.6863,0.6863
1691707095000,0.6863,0.6863,0.6863
1691707096000,0.68621792,0.68621792,0.68621792
1691707097000,0.68621792,0.68621792,0.68621792
1691707098000,0.68621792,0.68621792,0.68621792
1691707099000,0.68626062,0.68626062,0.68626062
1691707100000,0.68626012,0.68626012,0.68626012
1691707101000,0.68626012,0.68626012,0.68626012
1691707102000,0.68626086,0.68626086,0.68626086
1691707103000,0.68626086,0.68626086,0.68626086
1691707104000,0.68626086,0.68626086,0.68626086
1691707105000,0.68625961,0.68625961,0.68625961
1691707106000,0.68625957,0.68625957,0.68625957
1691707107000,0.68621613,0.68621613,0.68621613
1691707108000,0.68621613,0.68621613,0.68621613
1691707109000,0.68621613,0.68621613,0.68621613
1691707110000,0.68621613,0.68621613,0.68621613
1691707111000,0.68621389,0.68621389,0.68621389
1691707112000,0.68621389,0.68621389,0.68621389
1691707113000,0.68621389,0.68621389,0.68621389
1691707114000,0.68621389,0.68621389,0.68621389
1691707115000,0.6863,0.6863,0.6863
1691707116000,0.6863,0.6863,0.6863
1691707117000,0.6863,0.6863,0.6863
1691707118000,0.6863,0.6863,0.6863
1691707119000,0.6863,0.6863,0.6863
1691707120000,0.6863,0.6863,0.6863
1691707121000,0.6863,0.6863,0.6863
1691707122000,0.6863,0.6863,0.6863
1691707123000,0.68626808,0.68626808,0.68626808
1691707124000,0.68626808,0.68626808,0.68626808
1691707125000,0.68626156,0.68626156,0.68626156
1691707126000,0.68626159,0.68626159,0.68626159
1691707127000,0.68626078,0.68626078,0.68626078
1691707128000,0.68626078,0.68626078,0.68626078
1691707129000,0.6863,0.6863,0.6863
1691707130000,0.6863,0.6863,0.6863
1691707131000,0.68626007,0.68626007,0.68626007
1691707132000,0.68626004,0.68626004,0.68626004
1691707133000,0.68625854,0.68625854,0.68625854
1691707134000,0.68625854,0.68625854,0.68625854
1691707135000,0.68625854,0.68625854,0.68625854
1691707136000,0.68625857,0.68625857,0.68625857
1691707137000,0.68625857,0.68625857,0.68625857
1691707138000,0.68625707,0.68625707,0.68625707
1691707139000,0.68625707,0.68625707,0.68625707
1691707140000,0.68625782,0.68625782,0.68625782
1691707141000,0.68625782,0.68625782,0.68625782
1691707142000,0.6863,0.6863,0.6863
1691707143000,0.6863,0.6863,0.6863
1691707144000,0.6864,0.6864,0.6864
1691707145000,0.6865,0.6865,0.6865
1691707146000,0.6865,0.6865,0.6865
1691707147000,0.6865,0.6865,0.6865
1691707148000,0.6865,0.6865,0.6865
1691707149000,0.6866,0.6866,0.6866
1691707150000,0.6865,0.6865,0.6865
1691707151000,0.6865,0.6865,0.6865
1691707152000,0.6865,0.6865,0.6865
1691707153000,0.6865,0.6865,0.6865
1691707154000,0.6865,0.6865,0.6865
1691707155000,0.6865,0.6865,0.6865
1691707156000,0.6865,0.6865,0.6865
1691707157000,0.6865,0.6865,0.6865
1691707158000,0.6865,0.6865,0.6865
1691707159000,0.6865,0.6865,0.6865
1691707160000,0.6865,0.6865,0.6865
1691707161000,0.6865,0.6865,0.6865
1691707162000,0.6865,0.6865,0.6865
1691707163000,0.6865,0.6865,0.6865
1691707164000,0.6865,0.6865,0.6865
1691707165000,0.6865,0.6865,0.6865
1691707166000,0.6865,0.6865,0.6865
1691707167000,0.6865,0.6865,0.6865
1691707168000,0.6865,0.6865,0.6865
1691707169000,0.6865,0.6865,0.6865
1691707170000,0.6865,0.6865,0.6865
1691707171000,0.6865,0.6865,0.6865
1691707172000,0.6865,0.6865,0.6865
1691707173000,0.6864,0.6864,0.6864
1691707174000,0.6865,0.6865,0.6865
1691707175000,0.6865,0.6865,0.6865
1691707176000,0.6865,0.6865,0.6865
1691707177000,0.6864,0.6864,0.6864
1691707178000,0.6864,0.6864,0.6864
1691707179000,0.6864,0.6864,0.6864
1691707180000,0.6864,0.6864,0.6864
1691707181000,0.6864,0.6864,0.6864
1691707182000,0.6864,0.6864,0.6864
1691707183000,0.6864,0.6864,0.6864
1691707184000,0.6864,0.6864,0.6864
1691707185000,0.6864,0.6864,0.6864
1691707186000,0.6864,0.6864,0.6864
1691707187000,0.6864,0.6864,0.6864
1691707188000,0.6864,0.6864,0.6864
1691707189000,0.6864,0.6864,0.6864
1691707190000,0.6864,0.6864,0.6864
1691707191000,0.6864,0.6864,0.6864
1691707192000,0.6864,0.6864,0.6864
1691707193000,0.6864,0.6864,0.6864
1691707194000,0.6864,0.6864,0.6864
1691707195000,0.6865,0.6865,0.6865
1691707196000,0.6865,0.6865,0.6865
1691707197000,0.6865,0.6865,0.6865
1691707198000,0.6864,0.6864,0.6864
1691707199000,0.6864,0.6864,0.6864
1691707200000,0.6865,0.6865,0.6865
1691707201000,0.6865,0.6865,0.6865
1691707202000,0.6864,0.6864,0.6864
1691707203000,0.6864,0.6864,0.6864
1691707204000,0.6864,0.6864,0.6864
1691707205000,0.6864,0.6864,0.6864
1691707206000,0.6864,0.6864,0.6864
1691707207000,0.6864,0.6864,0.6864
1691707208000,0.6864,0.6864,0.6864
1691707209000,0.6865,0.6865,0.6865
1691707210000,0.6865,0.6865,0.6865
1691707211000,0.6865,0.6865,0.6865
1691707212000,0.6865,0.6865,0.6865
1691707213000,0.6865,0.6865,0.6865
1691707214000,0.6865,0.6865,0.6865
1691707215000,0.6865,0.6865,0.6865
1691707216000,0.6865,0.6865,0.6865
1691707217000,0.6865,0.6865,0.6865
1691707218000,0.6866,0.6866,0.6866
1691707219000,0.6866,0.6866,0.6866
1691707220000,0.6865,0.6865,0.6865
1691707221000,0.6865,0.6865,0.6865
1691707222000,0.6865,0.6865,0.6865
1691707223000,0.6865,0.6865,0.6865
1691707224000,0.6865,0.6865,0.6865
1691707225000,0.6865,0.6865,0.6865
1691707226000,0.6865,0.6865,0.6865
1691707227000,0.6865,0.6865,0.6865
1691707228000,0.6865,0.6865,0.6865
1691707229000,0.6865,0.6865,0.6865
1691707230000,0.6866,0.6866,0.6866
1691707231000,0.6866,0.6866,0.6866
1691707232000,0.6866,0.6866,0.6866
1691707233000,0.6865,0.6865,0.6865
1691707234000,0.6865,0.6865,0.6865
1691707235000,0.6865,0.6865,0.6865
1691707236000,0.6865,0.6865,0.6865
1691707237000,0.6865,0.6865,0.6865
1691707238000,0.6865,0.6865,0.6865
1691707239000,0.6865,0.6865,0.6865
1691707240000,0.6865,0.6865,0.6865
1691707241000,0.6865,0.6865,0.6865
1691707242000,0.6865,0.6865,0.6865
1691707243000,0.6865,0.6865,0.6865
1691707244000,0.6865,0.6865,0.6865
1691707245000,0.6866,0.6866,0.6866
1691707246000,0.6865,0.6865,0.6865
1691707247000,0.6866,0.6866,0.6866
1691707248000,0.6866,0.6866,0.6866
1691707249000,0.6866,0.6866,0.6866
1691707250000,0.6866,0.6866,0.6866
1691707251000,0.6866,0.6866,0.6866
1691707252000,0.6866,0.6866,0.6866
1691707253000,0.6866,0.6866,0.6866
1691707254000,0.6866,0.6866,0.6866
1691707255000,0.6866,0.6866,0.6866
1691707256000,0.6866,0.6866,0.6866
1691707257000,0.6866,0.6866,0.6866
1691707258000,0.6866,0.6866,0.6866
1691707259000,0.6866,0.6866,0.6866
1691707260000,0.6866,0.6866,0.6866
1691707261000,0.6866,0.6866,0.6866
1691707262000,0.6866,0.6866,0.6866
1691707263000,0.6866,0.6866,0.6866
1691707264000,0.6864,0.6864,0.6864
1691707265000,0.6864,0.6864,0.6864
1691707266000,0.6864,0.6864,0.6864
1691707267000,0.68632618,0.68632618,0.68632618
1691707268000,0.68631868,0.68631868,0.68631868
1691707269000,0.68631936,0.68631936,0.68631936
1691707270000,0.68631936,0.68631936,0.68631936
1691707271000,0.68632136,0.68632136,0.68632136
1691707272000,0.68632136,0.68632136,0.68632136
1691707273000,0.68632136,0.68632136,0.68632136
1691707274000,0.68632139,0.68632139,0.68632139
1691707275000,0.68632139,0.68632139,0.68632139
1691707276000,0.68632255,0.68632255,0.68632255
1691707277000,0.68632597,0.68632597,0.68632597
1691707278000,0.6864,0.6864,0.6864
1691707279000,0.68632597,0.68632597,0.68632597
1691707280000,0.68632597,0.68632597,0.68632597
1691707281000,0.68632597,0.68632597,0.68632597
1691707282000,0.68632597,0.68632597,0.68632597
1691707283000,0.68632777,0.68632777,0.68632777
1691707284000,0.68632777,0.68632777,0.68632777
1691707285000,0.6864,0.6864,0.6864
1691707286000,0.6864,0.6864,0.6864
1691707287000,0.68632774,0.68632774,0.68632774
1691707288000,0.68633041,0.68633041,0.68633041
1691707289000,0.68633041,0.68633041,0.68633041
1691707290000,0.68633126,0.68633126,0.68633126
1691707291000,0.68633126,0.68633126,0.68633126
1691707292000,0.6863013,0.6863013,0.6863013
1691707293000,0.68630126,0.68630126,0.68630126
1691707294000,0.68630392,0.68630392,0.68630392
1691707295000,0.68630392,0.68630392,0.68630392
1691707296000,0.68630392,0.68630392,0.68630392
1691707297000,0.68630306,0.68630306,0.68630306
1691707298000,0.68632365,0.68632365,0.68632365
1691707299000,0.6863267,0.6863267,0.6863267
1691707300000,0.6863267,0.6863267,0.6863267
1691707301000,0.68632673,0.68632673,0.68632673
1691707302000,0.6863267,0.6863267,0.6863267
1691707303000,0.6863267,0.6863267,0.6863267
1691707304000,0.6863267,0.6863267,0.6863267
1691707305000,0.68632959,0.68632959,0.68632959
1691707306000,0.68632955,0.68632955,0.68632955
1691707307000,0.6863,0.6863,0.6863
1691707308000,0.68622373,0.68622373,0.68622373
1691707309000,0.68621094,0.68621094,0.68621094
1691707310000,0.68620528,0.68620528,0.68620528
1691707311000,0.68620528,0.68620528,0.68620528
1691707312000,0.68620528,0.68620528,0.68620528
1691707313000,0.68620528,0.68620528,0.68620528
1691707314000,0.68621153,0.68621153,0.68621153
1691707315000,0.6862,0.6862,0.6862
1691707316000,0.68616751,0.68616751,0.68616751
1691707317000,0.68616751,0.68616751,0.68616751
1691707318000,0.68616751,0.68616751,0.68616751
1691707319000,0.68616751,0.68616751,0.68616751
1691707320000,0.68616639,0.68616639,0.68616639
1691707321000,0.68616926,0.68616926,0.68616926
1691707322000,0.68616922,0.68616922,0.68616922
1691707323000,0.6862,0.6862,0.6862
1691707324000,0.68616922,0.68616922,0.68616922
1691707325000,0.68621929,0.68621929,0.68621929
1691707326000,0.68621926,0.68621926,0.68621926
1691707327000,0.6863,0.6863,0.6863
1691707328000,0.6863,0.6863,0.6863
1691707329000,0.68621832,0.68621832,0.68621832
1691707330000,0.68621858,0.68621858,0.68621858
1691707331000,0.68621854,0.68621854,0.68621854
1691707332000,0.68621854,0.68621854,0.68621854
1691707333000,0.6862205,0.6862205,0.6862205
1691707334000,0.6862205,0.6862205,0.6862205
1691707335000,0.6862205,0.6862205,0.6862205
1691707336000,0.6862205,0.6862205,0.6862205
1691707337000,0.68622139,0.68622139,0.68622139
1691707338000,0.68622105,0.68622105,0.68622105
1691707339000,0.68622105,0.68622105,0.68622105
1691707340000,0.68622105,0.68622105,0.68622105
1691707341000,0.68627105,0.68627105,0.68627105
1691707342000,0.68627105,0.68627105,0.68627105
1691707343000,0.68627105,0.68627105,0.68627105
1691707344000,0.68626988,0.68626988,0.68626988
1691707345000,0.68626903,0.68626903,0.68626903
1691707346000,0.68626903,0.68626903,0.68626903
1691707347000,0.68626903,0.68626903,0.68626903
1691707348000,0.68626903,0.68626903,0.68626903
1691707349000,0.68615682,0.68615682,0.68615682
1691707350000,0.68614782,0.68614782,0.68614782
1691707351000,0.68613265,0.68613265,0.68613265
1691707352000,0.68613347,0.68613347,0.68613347
1691707353000,0.68613347,0.68613347,0.68613347
1691707354000,0.68613347,0.68613347,0.68613347
1691707355000,0.68613462,0.68613462,0.68613462
1691707356000,0.68618462,0.68618462,0.68618462
1691707357000,0.68618462,0.68618462,0.68618462
1691707358000,0.68613462,0.68613462,0.68613462
1691707359000,0.6861338,0.6861338,0.6861338
1691707360000,0.68613516,0.68613516,0.68613516
1691707361000,0.68613516,0.68613516,0.68613516
1691707362000,0.68613516,0.68613516,0.68613516
1691707363000,0.68613516,0.68613516,0.68613516
1691707364000,0.6861352,0.6861352,0.6861352
1691707365000,0.6861352,0.6861352,0.6861352
1691707366000,0.68613928,0.68613928,0.68613928
1691707367000,0.68613928,0.68613928,0.68613928
1691707368000,0.68613928,0.68613928,0.68613928
1691707369000,0.68613928,0.68613928,0.68613928
1691707370000,0.68614675,0.68614675,0.68614675
1691707371000,0.68614767,0.68614767,0.68614767
1691707372000,0.68614853,0.68614853,0.68614853
1691707373000,0.6861485,0.6861485,0.6861485
1691707374000,0.68614853,0.68614853,0.68614853
1691707375000,0.6861485,0.6861485,0.6861485
1691707376000,0.6861485,0.6861485,0.6861485
1691707377000,0.68614687,0.68614687,0.68614687
1691707378000,0.68614687,0.68614687,0.68614687
1691707379000,0.68614687,0.68614687,0.68614687
1691707380000,0.68614687,0.68614687,0.68614687
1691707381000,0.68614687,0.68614687,0.68614687
1691707382000,0.68614689,0.68614689,0.68614689
1691707383000,0.68610267,0.68610267,0.68610267
1691707384000,0.68610267,0.68610267,0.68610267
1691707385000,0.6861027,0.6861027,0.6861027
1691707386000,0.6861027,0.6861027,0.6861027
1691707387000,0.6861027,0.6861027,0.6861027
1691707388000,0.68610239,0.68610239,0.68610239
1691707389000,0.68610239,0.68610239,0.68610239
1691707390000,0.68615153,0.68615153,0.68615153
1691707391000,0.68615153,0.68615153,0.68615153
1691707392000,0.68615153,0.68615153,0.68615153
1691707393000,0.68615124,0.68615124,0.68615124
1691707394000,0.6861521,0.6861521,0.6861521
1691707395000,0.68615128,0.68615128,0.68615128
1691707396000,0.68615128,0.68615128,0.68615128
1691707397000,0.68615124,0.68615124,0.68615124
1691707398000,0.68615124,0.68615124,0.68615124
1691707399000,0.68615035,0.68615035,0.68615035
1691707400000,0.68610035,0.68610035,0.68610035
1691707401000,0.68610035,0.68610035,0.68610035
1691707402000,0.68610035,0.68610035,0.68610035
1691707403000,0.68610785,0.68610785,0.68610785
1691707404000,0.68610785,0.68610785,0.68610785
1691707405000,0.68610851,0.68610851,0.68610851
1691707406000,0.68610851,0.68610851,0.68610851
1691707407000,0.68610851,0.68610851,0.68610851
1691707408000,0.68610851,0.68610851,0.68610851
1691707409000,0.68610854,0.68610854,0.68610854
1691707410000,0.68610908,0.68610908,0.68610908
1691707411000,0.68610908,0.68610908,0.68610908
1691707412000,0.6861,0.6861,0.6861
1691707413000,0.68608655,0.68608655,0.68608655
1691707414000,0.6860874,0.6860874,0.6860874
1691707415000,0.6860874,0.6860874,0.6860874
1691707416000,0.68608645,0.68608645,0.68608645
1691707417000,0.68608638,0.68608638,0.68608638
1691707418000,0.68608638,0.68608638,0.68608638
1691707419000,0.68608638,0.68608638,0.68608638
1691707420000,0.68608552,0.68608552,0.68608552
1691707421000,0.68608242,0.68608242,0.68608242
1691707422000,0.68608242,0.68608242,0.68608242
1691707423000,0.68608242,0.68608242,0.68608242
1691707424000,0.68608328,0.68608328,0.68608328
1691707425000,0.68608328,0.68608328,0.68608328
1691707426000,0.68608328,0.68608328,0.68608328
1691707427000,0.68607945,0.68607945,0.68607945
1691707428000,0.68607945,0.68607945,0.68607945
1691707429000,0.68607949,0.68607949,0.68607949
1691707430000,0.68607945,0.68607945,0.68607945
1691707431000,0.68607949,0.68607949,0.68607949
1691707432000,0.68607869,0.68607869,0.68607869
1691707433000,0.68607869,0.68607869,0.68607869
1691707434000,0.68602872,0.68602872,0.68602872
1691707435000,0.68602869,0.68602869,0.68602869
1691707436000,0.68607872,0.68607872,0.68607872
1691707437000,0.68607872,0.68607872,0.68607872
1691707438000,0.6860788,0.6860788,0.6860788
1691707439000,0.68607876,0.68607876,0.68607876
1691707440000,0.68607876,0.68607876,0.68607876
1691707441000,0.68607876,0.68607876,0.68607876
1691707442000,0.68607876,0.68607876,0.68607876
1691707443000,0.68604801,0.68604801,0.68604801
1691707444000,0.68604805,0.68604805,0.68604805
1691707445000,0.68604801,0.68604801,0.68604801
1691707446000,0.68604801,0.68604801,0.68604801
1691707447000,0.68604887,0.68604887,0.68604887
1691707448000,0.68604887,0.68604887,0.68604887
1691707449000,0.68604619,0.68604619,0.68604619
1691707450000,0.68604619,0.68604619,0.68604619
1691707451000,0.68604619,0.68604619,0.68604619
1691707452000,0.68604619,0.68604619,0.68604619
1691707453000,0.68604533,0.68604533,0.68604533
1691707454000,0.68598886,0.68598886,0.68598886
1691707455000,0.68598886,0.68598886,0.68598886
1691707456000,0.6859389,0.6859389,0.6859389
1691707457000,0.68598975,0.68598975,0.68598975
1691707458000,0.68598975,0.68598975,0.68598975
1691707459000,0.68598972,0.68598972,0.68598972
1691707460000,0.68598714,0.68598714,0.68598714
1691707461000,0.68598629,0.68598629,0.68598629
1691707462000,0.68598625,0.68598625,0.68598625
1691707463000,0.68593629,0.68593629,0.68593629
1691707464000,0.68593629,0.68593629,0.68593629
1691707465000,0.68593284,0.68593284,0.68593284
1691707466000,0.68593366,0.68593366,0.68593366
1691707467000,0.68593366,0.68593366,0.68593366
1691707468000,0.68593366,0.68593366,0.68593366
1691707469000,0.68593366,0.68593366,0.68593366
1691707470000,0.68598366,0.68598366,0.68598366
1691707471000,0.68598087,0.68598087,0.68598087
1691707472000,0.68598087,0.68598087,0.68598087
1691707473000,0.68598087,0.68598087,0.68598087
1691707474000,0.68598084,0.68598084,0.68598084
1691707475000,0.68598084,0.68598084,0.68598084
1691707476000,0.68598084,0.68598084,0.68598084
1691707477000,0.68597784,0.68597784,0.68597784
1691707478000,0.68597784,0.68597784,0.68597784
1691707479000,0.68597784,0.68597784,0.68597784
1691707480000,0.68597787,0.68597787,0.68597787
1691707481000,0.68597869,0.68597869,0.68597869
1691707482000,0.68597443,0.68597443,0.68597443
1691707483000,0.68595861,0.68595861,0.68595861
1691707484000,0.68595861,0.68595861,0.68595861
1691707485000,0.68595861,0.68595861,0.68595861
1691707486000,0.68595861,0.68595861,0.68595861
1691707487000,0.68595857,0.68595857,0.68595857
1691707488000,0.6859567,0.6859567,0.6859567
1691707489000,0.68595674,0.68595674,0.68595674
1691707490000,0.68595674,0.68595674,0.68595674
1691707491000,0.68595674,0.68595674,0.68595674
1691707492000,0.68595674,0.68595674,0.68595674
1691707493000,0.68595351,0.68595351,0.68595351
1691707494000,0.68595351,0.68595351,0.68595351
1691707495000,0.68595433,0.68595433,0.68595433
1691707496000,0.68595433,0.68595433,0.68595433
1691707497000,0.686,0.686,0.686
1691707498000,0.686,0.686,0.686
1691707499000,0.686,0.686,0.686
1691707500000,0.686,0.686,0.686
1691707501000,0.686,0.686,0.686
1691707502000,0.686,0.686,0.686
1691707503000,0.6861,0.6861,0.6861
1691707504000,0.6861,0.6861,0.6861
1691707505000,0.6861,0.6861,0.6861
1691707506000,0.6861,0.6861,0.6861
1691707507000,0.6859472,0.6859472,0.6859472
1691707508000,0.68594717,0.68594717,0.68594717
1691707509000,0.68594717,0.68594717,0.68594717
1691707510000,0.68599653,0.68599653,0.68599653
1691707511000,0.68599656,0.68599656,0.68599656
1691707512000,0.6859,0.6859,0.6859
1691707513000,0.6858,0.6858,0.6858
1691707514000,0.68571981,0.68571981,0.68571981
1691707515000,0.68571753,0.68571753,0.68571753
1691707516000,0.68572503,0.68572503,0.68572503
1691707517000,0.6858,0.6858,0.6858
1691707518000,0.68577506,0.68577506,0.68577506
1691707519000,0.68577756,0.68577756,0.68577756
1691707520000,0.68581673,0.68581673,0.68581673
1691707521000,0.68580906,0.68580906,0.68580906
1691707522000,0.68580906,0.68580906,0.68580906
1691707523000,0.68580906,0.68580906,0.68580906
1691707524000,0.68580906,0.68580906,0.68580906
1691707525000,0.68580991,0.68580991,0.68580991
1691707526000,0.68580624,0.68580624,0.68580624
1691707527000,0.68575538,0.68575538,0.68575538
1691707528000,0.68575538,0.68575538,0.68575538
1691707529000,0.68575538,0.68575538,0.68575538
1691707530000,0.68575475,0.68575475,0.68575475
1691707531000,0.68575478,0.68575478,0.68575478
1691707532000,0.68575211,0.68575211,0.68575211
1691707533000,0.68575208,0.68575208,0.68575208
1691707534000,0.68575208,0.68575208,0.68575208
1691707535000,0.68574867,0.68574867,0.68574867
1691707536000,0.68574867,0.68574867,0.68574867
1691707537000,0.68574525,0.68574525,0.68574525
1691707538000,0.68574525,0.68574525,0.68574525
1691707539000,0.68574607,0.68574607,0.68574607
1691707540000,0.68574641,0.68574641,0.68574641
1691707541000,0.68574641,0.68574641,0.68574641
1691707542000,0.68574641,0.68574641,0.68574641
1691707543000,0.68574294,0.68574294,0.68574294
1691707544000,0.68574297,0.68574297,0.68574297
1691707545000,0.68574297,0.68574297,0.68574297
1691707546000,0.68574222,0.68574222,0.68574222
1691707547000,0.68574219,0.68574219,0.68574219
1691707548000,0.68574219,0.68574219,0.68574219
1691707549000,0.68573956,0.68573956,0.68573956
1691707550000,0.6857378,0.6857378,0.6857378
1691707551000,0.68573698,0.68573698,0.68573698
1691707552000,0.68573698,0.68573698,0.68573698
1691707553000,0.68573694,0.68573694,0.68573694
1691707554000,0.6857329,0.6857329,0.6857329
1691707555000,0.6857341,0.6857341,0.6857341
1691707556000,0.6857341,0.6857341,0.6857341
1691707557000,0.6857341,0.6857341,0.6857341
1691707558000,0.6857341,0.6857341,0.6857341
1691707559000,0.6857116,0.6857116,0.6857116
1691707560000,0.68570676,0.68570676,0.68570676
1691707561000,0.6857057,0.6857057,0.6857057
1691707562000,0.68570656,0.68570656,0.68570656
1691707563000,0.68570656,0.68570656,0.68570656
1691707564000,0.68570656,0.68570656,0.68570656
1691707565000,0.6858,0.6858,0.6858
1691707566000,0.6858,0.6858,0.6858
1691707567000,0.68570222,0.68570222,0.68570222
1691707568000,0.68570218,0.68570218,0.68570218
1691707569000,0.68570218,0.68570218,0.68570218
1691707570000,0.68570222,0.68570222,0.68570222
1691707571000,0.68570069,0.68570069,0.68570069
1691707572000,0.68570069,0.68570069,0.68570069
1691707573000,0.68570065,0.68570065,0.68570065
1691707574000,0.68570065,0.68570065,0.68570065
1691707575000,0.68570154,0.68570154,0.68570154
1691707576000,0.6856,0.6856,0.6856
1691707577000,0.6856,0.6856,0.6856
1691707578000,0.6856,0.6856,0.6856
1691707579000,0.6856,0.6856,0.6856
1691707580000,0.6856,0.6856,0.6856
1691707581000,0.6855919,0.6855919,0.6855919
1691707582000,0.6855,0.6855,0.6855
1691707583000,0.68547661,0.68547661,0.68547661
1691707584000,0.68547661,0.68547661,0.68547661
1691707585000,0.68547161,0.68547161,0.68547161
1691707586000,0.68547161,0.68547161,0.68547161
1691707587000,0.68546992,0.68546992,0.68546992
1691707588000,0.68552078,0.68552078,0.68552078
1691707589000,0.68552082,0.68552082,0.68552082
1691707590000,0.68551992,0.68551992,0.68551992
1691707591000,0.68551992,0.68551992,0.68551992
1691707592000,0.6855,0.6855,0.6855
1691707593000,0.6855,0.6855,0.6855
1691707594000,0.6855,0.6855,0.6855
1691707595000,0.6855,0.6855,0.6855
1691707596000,0.6855,0.6855,0.6855
1691707597000,0.68551828,0.68551828,0.68551828
1691707598000,0.68551611,0.68551611,0.68551611
1691707599000,0.68551548,0.68551548,0.68551548
1691707600000,0.68551548,0.68551548,0.68551548
1691707601000,0.68545359,0.68545359,0.68545359
1691707602000,0.6854501,0.6854501,0.6854501
1691707603000,0.68545095,0.68545095,0.68545095
1691707604000,0.6854493,0.6854493,0.6854493
1691707605000,0.68544845,0.68544845,0.68544845
1691707606000,0.68544845,0.68544845,0.68544845
1691707607000,0.68544845,0.68544845,0.68544845
1691707608000,0.68544845,0.68544845,0.68544845
1691707609000,0.68544845,0.68544845,0.68544845
1691707610000,0.68544773,0.68544773,0.68544773
1691707611000,0.68544773,0.68544773,0.68544773
1691707612000,0.68544773,0.68544773,0.68544773
1691707613000,0.68544773,0.68544773,0.68544773
1691707614000,0.68544687,0.68544687,0.68544687
1691707615000,0.68544485,0.68544485,0.68544485
1691707616000,0.68544485,0.68544485,0.68544485
1691707617000,0.68544485,0.68544485,0.68544485
1691707618000,0.6854,0.6854,0.6854
1691707619000,0.6854,0.6854,0.6854
1691707620000,0.68539574,0.68539574,0.68539574
1691707621000,0.68539088,0.68539088,0.68539088
1691707622000,0.6854,0.6854,0.6854
1691707623000,0.6854,0.6854,0.6854
1691707624000,0.68539091,0.68539091,0.68539091
1691707625000,0.68539088,0.68539088,0.68539088
1691707626000,0.68538977,0.68538977,0.68538977
1691707627000,0.6853898,0.6853898,0.6853898
1691707628000,0.6853898,0.6853898,0.6853898
1691707629000,0.68539066,0.68539066,0.68539066
1691707630000,0.68539066,0.68539066,0.68539066
1691707631000,0.68538977,0.68538977,0.68538977
1691707632000,0.68538635,0.68538635,0.68538635
1691707633000,0.6854,0.6854,0.6854
1691707634000,0.6854,0.6854,0.6854
1691707635000,0.6854,0.6854,0.6854
1691707636000,0.6854,0.6854,0.6854
1691707637000,0.68543444,0.68543444,0.68543444
1691707638000,0.68543412,0.68543412,0.68543412
1691707639000,0.68543412,0.68543412,0.68543412
1691707640000,0.68543412,0.68543412,0.68543412
1691707641000,0.68543412,0.68543412,0.68543412
1691707642000,0.68543416,0.68543416,0.68543416
1691707643000,0.6854331,0.6854331,0.6854331
1691707644000,0.68541807,0.68541807,0.68541807
1691707645000,0.68541807,0.68541807,0.68541807
1691707646000,0.68541807,0.68541807,0.68541807
1691707647000,0.68542557,0.68542557,0.68542557
1691707648000,0.68542475,0.68542475,0.68542475
1691707649000,0.68542478,0.68542478,0.68542478
1691707650000,0.68542475,0.68542475,0.68542475
1691707651000,0.68542475,0.68542475,0.68542475
1691707652000,0.68542475,0.68542475,0.68542475
1691707653000,0.68542475,0.68542475,0.68542475
1691707654000,0.68542343,0.68542343,0.68542343
1691707655000,0.68542343,0.68542343,0.68542343
1691707656000,0.6854,0.6854,0.6854
1691707657000,0.6854,0.6854,0.6854
1691707658000,0.6854,0.6854,0.6854
1691707659000,0.6854,0.6854,0.6854
1691707660000,0.6854,0.6854,0.6854
1691707661000,0.6856,0.6856,0.6856
1691707662000,0.6856,0.6856,0.6856
1691707663000,0.6856,0.6856,0.6856
1691707664000,0.6856,0.6856,0.6856
1691707665000,0.6856,0.6856,0.6856
1691707666000,0.6856,0.6856,0.6856
1691707667000,0.6857,0.6857,0.6857
1691707668000,0.6857,0.6857,0.6857
1691707669000,0.6857,0.6857,0.6857
1691707670000,0.6857,0.6857,0.6857
1691707671000,0.6856,0.6856,0.6856
1691707672000,0.6856,0.6856,0.6856
1691707673000,0.6856,0.6856,0.6856
1691707674000,0.6856,0.6856,0.6856
1691707675000,0.6857,0.6857,0.6857
1691707676000,0.6857,0.6857,0.6857
1691707677000,0.6857,0.6857,0.6857
1691707678000,0.6857,0.6857,0.6857
1691707679000,0.6857,0.6857,0.6857
1691707680000,0.6857,0.6857,0.6857
1691707681000,0.6856,0.6856,0.6856
1691707682000,0.6856,0.6856,0.6856
1691707683000,0.6856,0.6856,0.6856
1691707684000,0.6855437,0.6855437,0.6855437
1691707685000,0.6855,0.6855,0.6855
1691707686000,0.68544856,0.68544856,0.68544856
1691707687000,0.6854497,0.6854497,0.6854497
1691707688000,0.68544967,0.68544967,0.68544967
1691707689000,0.68549389,0.68549389,0.68549389
1691707690000,0.6855,0.6855,0.6855
1691707691000,0.6855,0.6855,0.6855
1691707692000,0.6855,0.6855,0.6855
1691707693000,0.6855,0.6855,0.6855
1691707694000,0.6855,0.6855,0.6855
1691707695000,0.6855,0.6855,0.6855
1691707696000,0.6855,0.6855,0.6855
1691707697000,0.6855,0.6855,0.6855
1691707698000,0.6855,0.6855,0.6855
1691707699000,0.6855,0.6855,0.6855
1691707700000,0.6855,0.6855,0.6855
1691707701000,0.6855,0.6855,0.6855
1691707702000,0.6855,0.6855,0.6855
1691707703000,0.6855,0.6855,0.6855
1691707704000,0.6855,0.6855,0.6855
1691707705000,0.6855,0.6855,0.6855
1691707706000,0.68548414,0.68548414,0.68548414
1691707707000,0.6854834,0.6854834,0.6854834
1691707708000,0.6854834,0.6854834,0.6854834
1691707709000,0.6855,0.6855,0.6855
1691707710000,0.6854829,0.6854829,0.6854829
1691707711000,0.68548287,0.68548287,0.68548287
1691707712000,0.68548287,0.68548287,0.68548287
1691707713000,0.68548287,0.68548287,0.68548287
1691707714000,0.68548287,0.68548287,0.68548287
1691707715000,0.68548084,0.68548084,0.68548084
1691707716000,0.68548084,0.68548084,0.68548084
1691707717000,0.68548084,0.68548084,0.68548084
1691707718000,0.68548159,0.68548159,0.68548159
1691707719000,0.68543811,0.68543811,0.68543811
1691707720000,0.68543815,0.68543815,0.68543815
1691707721000,0.68543818,0.68543818,0.68543818
1691707722000,0.6855,0.6855,0.6855
1691707723000,0.6855,0.6855,0.6855
1691707724000,0.68543815,0.68543815,0.68543815
1691707725000,0.68548163,0.68548163,0.68548163
1691707726000,0.68548295,0.68548295,0.68548295
1691707727000,0.6855,0.6855,0.6855
1691707728000,0.6855,0.6855,0.6855
1691707729000,0.6855,0.6855,0.6855
1691707730000,0.6855,0.6855,0.6855
1691707731000,0.6855,0.6855,0.6855
1691707732000,0.6855,0.6855,0.6855
1691707733000,0.6855,0.6855,0.6855
1691707734000,0.6855,0.6855,0.6855
1691707735000,0.6855,0.6855,0.6855
1691707736000,0.6855,0.6855,0.6855
1691707737000,0.6855,0.6855,0.6855
1691707738000,0.6855,0.6855,0.6855
1691707739000,0.6855,0.6855,0.6855
1691707740000,0.6855,0.6855,0.6855
1691707741000,0.6855,0.6855,0.6855
1691707742000,0.6855,0.6855,0.6855
1691707743000,0.68547524,0.68547524,0.68547524
1691707744000,0.68547524,0.68547524,0.68547524
1691707745000,0.68547778,0.68547778,0.68547778
1691707746000,0.68547778,0.68547778,0.68547778
1691707747000,0.68547775,0.68547775,0.68547775
1691707748000,0.68547733,0.68547733,0.68547733
1691707749000,0.68547736,0.68547736,0.68547736
1691707750000,0.68547736,0.68547736,0.68547736
1691707751000,0.6854776,0.6854776,0.6854776
1691707752000,0.6854776,0.6854776,0.6854776
1691707753000,0.6854776,0.6854776,0.6854776
1691707754000,0.68547719,0.68547719,0.68547719
1691707755000,0.68547715,0.68547715,0.68547715
1691707756000,0.68547715,0.68547715,0.68547715
1691707757000,0.6855,0.6855,0.6855
1691707758000,0.6855,0.6855,0.6855
1691707759000,0.6855,0.6855,0.6855
1691707760000,0.6855,0.6855,0.6855
1691707761000,0.6856,0.6856,0.6856
1691707762000,0.6856,0.6856,0.6856
1691707763000,0.6856,0.6856,0.6856
1691707764000,0.6856,0.6856,0.6856
1691707765000,0.6856,0.6856,0.6856
1691707766000,0.6856,0.6856,0.6856
1691707767000,0.6856,0.6856,0.6856
1691707768000,0.6856,0.6856,0.6856
1691707769000,0.6856,0.6856,0.6856
1691707770000,0.6856,0.6856,0.6856
1691707771000,0.6856,0.6856,0.6856
1691707772000,0.6856,0.6856,0.6856
1691707773000,0.6856,0.6856,0.6856
1691707774000,0.6856,0.6856,0.6856
1691707775000,0.6856,0.6856,0.6856
1691707776000,0.6856,0.6856,0.6856
1691707777000,0.6856,0.6856,0.6856
1691707778000,0.6856,0.6856,0.6856
1691707779000,0.6856,0.6856,0.6856
1691707780000,0.6856,0.6856,0.6856
1691707781000,0.6856,0.6856,0.6856
1691707782000,0.6856,0.6856,0.6856
1691707783000,0.6856,0.6856,0.6856
1691707784000,0.6856,0.6856,0.6856
1691707785000,0.6856,0.6856,0.6856
1691707786000,0.6856,0.6856,0.6856
1691707787000,0.6856,0.6856,0.6856
1691707788000,0.6856,0.6856,0.6856
1691707789000,0.6856,0.6856,0.6856
1691707790000,0.6856,0.6856,0.6856
1691707791000,0.6856,0.6856,0.6856
1691707792000,0.6855,0.6855,0.6855
1691707793000,0.6855,0.6855,0.6855
1691707794000,0.6855,0.6855,0.6855
1691707795000,0.6855,0.6855,0.6855
1691707796000,0.6855,0.6855,0.6855
1691707797000,0.6855,0.6855,0.6855
1691707798000,0.6855,0.6855,0.6855
1691707799000,0.6855,0.6855,0.6855
1691707800000,0.6855,0.6855,0.6855
1691707801000,0.6855,0.6855,0.6855
1691707802000,0.6855,0.6855,0.6855
1691707803000,0.6855,0.6855,0.6855
1691707804000,0.6855,0.6855,0.6855
1691707805000,0.6855,0.6855,0.6855
1691707806000,0.6855,0.6855,0.6855
1691707807000,0.6855,0.6855,0.6855
1691707808000,0.6855,0.6855,0.6855
1691707809000,0.6855,0.6855,0.6855
1691707810000,0.6856,0.6856,0.6856
1691707811000,0.6856,0.6856,0.6856
1691707812000,0.6856,0.6856,0.6856
1691707813000,0.6856,0.6856,0.6856
1691707814000,0.6856,0.6856,0.6856
1691707815000,0.6856,0.6856,0.6856
1691707816000,0.6856,0.6856,0.6856
1691707817000,0.6855,0.6855,0.6855
1691707818000,0.6855,0.6855,0.6855
1691707819000,0.6855,0.6855,0.6855
1691707820000,0.6855,0.6855,0.6855
1691707821000,0.6855,0.6855,0.6855
1691707822000,0.6855,0.6855,0.6855
1691707823000,0.6855,0.6855,0.6855
1691707824000,0.6855,0.6855,0.6855
1691707825000,0.6855,0.6855,0.6855
1691707826000,0.68550016,0.68550016,0.68550016
1691707827000,0.68550016,0.68550016,0.68550016
1691707828000,0.6855,0.6855,0.6855
1691707829000,0.6855,0.6855,0.6855
1691707830000,0.6855,0.6855,0.6855
1691707831000,0.68543756,0.68543756,0.68543756
1691707832000,0.68543756,0.68543756,0.68543756
1691707833000,0.68543756,0.68543756,0.68543756
1691707834000,0.68543756,0.68543756,0.68543756
1691707835000,0.68543759,0.68543759,0.68543759
1691707836000,0.68548107,0.68548107,0.68548107
1691707837000,0.6854808,0.6854808,0.6854808
1691707838000,0.6854808,0.6854808,0.6854808
1691707839000,0.6854808,0.6854808,0.6854808
1691707840000,0.6854808,0.6854808,0.6854808
1691707841000,0.6854808,0.6854808,0.6854808
1691707842000,0.6857,0.6857,0.6857
1691707843000,0.6857,0.6857,0.6857
1691707844000,0.6857,0.6857,0.6857
1691707845000,0.6856,0.6856,0.6856
1691707846000,0.6856,0.6856,0.6856
1691707847000,0.6856,0.6856,0.6856
1691707848000,0.6856,0.6856,0.6856
1691707849000,0.6856,0.6856,0.6856
1691707850000,0.6856,0.6856,0.6856
1691707851000,0.6856,0.6856,0.6856
1691707852000,0.6856,0.6856,0.6856
1691707853000,0.6856,0.6856,0.6856
1691707854000,0.6856,0.6856,0.6856
1691707855000,0.6856,0.6856,0.6856
1691707856000,0.6856,0.6856,0.6856
1691707857000,0.6856,0.6856,0.6856
1691707858000,0.6856,0.6856,0.6856
1691707859000,0.6856,0.6856,0.6856
1691707860000,0.6856,0.6856,0.6856
1691707861000,0.6856,0.6856,0.6856
1691707862000,0.68557343,0.68557343,0.68557343
1691707863000,0.68557343,0.68557343,0.68557343
1691707864000,0.68553242,0.68553242,0.68553242
1691707865000,0.68553242,0.68553242,0.68553242
1691707866000,0.68553242,0.68553242,0.68553242
1691707867000,0.68553242,0.68553242,0.68553242
1691707868000,0.68553242,0.68553242,0.68553242
1691707869000,0.68553053,0.68553053,0.68553053
1691707870000,0.68552982,0.68552982,0.68552982
1691707871000,0.68552982,0.68552982,0.68552982
1691707872000,0.68552985,0.68552985,0.68552985
1691707873000,0.68552985,0.68552985,0.68552985
1691707874000,0.68552969,0.68552969,0.68552969
1691707875000,0.68552969,0.68552969,0.68552969
1691707876000,0.6855331,0.6855331,0.6855331
1691707877000,0.6855331,0.6855331,0.6855331
1691707878000,0.6855331,0.6855331,0.6855331
1691707879000,0.68553272,0.68553272,0.68553272
1691707880000,0.68553272,0.68553272,0.68553272
1691707881000,0.68553364,0.68553364,0.68553364
1691707882000,0.68553364,0.68553364,0.68553364
1691707883000,0.68540831,0.68540831,0.68540831
1691707884000,0.68540831,0.68540831,0.68540831
1691707885000,0.68540831,0.68540831,0.68540831
1691707886000,0.68540831,0.68540831,0.68540831
1691707887000,0.68540796,0.68540796,0.68540796
1691707888000,0.68540558,0.68540558,0.68540558
1691707889000,0.68540558,0.68540558,0.68540558
1691707890000,0.68540558,0.68540558,0.68540558
1691707891000,0.68540558,0.68540558,0.68540558
1691707892000,0.68540583,0.68540583,0.68540583
1691707893000,0.68540619,0.68540619,0.68540619
1691707894000,0.68540696,0.68540696,0.68540696
1691707895000,0.68540696,0.68540696,0.68540696
1691707896000,0.68540622,0.68540622,0.68540622
1691707897000,0.68540622,0.68540622,0.68540622
1691707898000,0.6854056,0.6854056,0.6854056
1691707899000,0.6854056,0.6854056,0.6854056
1691707900000,0.68540485,0.68540485,0.68540485
1691707901000,0.68540559,0.68540559,0.68540559
1691707902000,0.68540485,0.68540485,0.68540485
1691707903000,0.68540574,0.68540574,0.68540574
1691707904000,0.68540464,0.68540464,0.68540464
1691707905000,0.68540467,0.68540467,0.68540467
1691707906000,0.68540467,0.68540467,0.68540467
1691707907000,0.68539163,0.68539163,0.68539163
1691707908000,0.68534886,0.68534886,0.68534886
1691707909000,0.68534933,0.68534933,0.68534933
1691707910000,0.68534858,0.68534858,0.68534858
1691707911000,0.68534858,0.68534858,0.68534858
1691707912000,0.68534861,0.68534861,0.68534861
1691707913000,0.68534861,0.68534861,0.68534861
1691707914000,0.68535043,0.68535043,0.68535043
1691707915000,0.6853503,0.6853503,0.6853503
1691707916000,0.6853503,0.6853503,0.6853503
1691707917000,0.6853503,0.6853503,0.6853503
1691707918000,0.6853503,0.6853503,0.6853503
1691707919000,0.6853502,0.6853502,0.6853502
1691707920000,0.68535034,0.68535034,0.68535034
1691707921000,0.68535034,0.68535034,0.68535034
1691707922000,0.68535034,0.68535034,0.68535034
1691707923000,0.68535031,0.68535031,0.68535031
1691707924000,0.68535031,0.68535031,0.68535031
1691707925000,0.68534875,0.68534875,0.68534875
1691707926000,0.68534872,0.68534872,0.68534872
1691707927000,0.68534872,0.68534872,0.68534872
1691707928000,0.68534872,0.68534872,0.68534872
1691707929000,0.68534872,0.68534872,0.68534872
1691707930000,0.6854,0.6854,0.6854
1691707931000,0.6854,0.6854,0.6854
1691707932000,0.6854,0.6854,0.6854
1691707933000,0.6854,0.6854,0.6854
1691707934000,0.6854,0.6854,0.6854
1691707935000,0.68530652,0.68530652,0.68530652
1691707936000,0.68530652,0.68530652,0.68530652
1691707937000,0.68530822,0.68530822,0.68530822
1691707938000,0.68530822,0.68530822,0.68530822
1691707939000,0.68530822,0.68530822,0.68530822
1691707940000,0.68530822,0.68530822,0.68530822
1691707941000,0.68530822,0.68530822,0.68530822
1691707942000,0.68531076,0.68531076,0.68531076
1691707943000,0.68530641,0.68530641,0.68530641
1691707944000,0.68530641,0.68530641,0.68530641
1691707945000,0.68530641,0.68530641,0.68530641
1691707946000,0.6854,0.6854,0.6854
1691707947000,0.6854,0.6854,0.6854
1691707948000,0.6854,0.6854,0.6854
1691707949000,0.6854,0.6854,0.6854
1691707950000,0.6854,0.6854,0.6854
1691707951000,0.6854,0.6854,0.6854
1691707952000,0.6854,0.6854,0.6854
1691707953000,0.6854,0.6854,0.6854
1691707954000,0.6854,0.6854,0.6854
1691707955000,0.6854,0.6854,0.6854
1691707956000,0.6854,0.6854,0.6854
1691707957000,0.6854,0.6854,0.6854
1691707958000,0.6854,0.6854,0.6854
1691707959000,0.6854,0.6854,0.6854
1691707960000,0.68530073,0.68530073,0.68530073
1691707961000,0.68530073,0.68530073,0.68530073
1691707962000,0.6854,0.6854,0.6854
1691707963000,0.6854,0.6854,0.6854
1691707964000,0.6854,0.6854,0.6854
1691707965000,0.6854,0.6854,0.6854
1691707966000,0.6854,0.6854,0.6854
1691707967000,0.6854,0.6854,0.6854
1691707968000,0.6854,0.6854,0.6854
1691707969000,0.6854,0.6854,0.6854
1691707970000,0.6854,0.6854,0.6854
1691707971000,0.6854,0.6854,0.6854
1691707972000,0.6854,0.6854,0.6854
1691707973000,0.6854,0.6854,0.6854
1691707974000,0.6854,0.6854,0.6854
1691707975000,0.6854,0.6854,0.6854
1691707976000,0.6854,0.6854,0.6854
1691707977000,0.6854,0.6854,0.6854
1691707978000,0.6854,0.6854,0.6854
1691707979000,0.6854,0.6854,0.6854
1691707980000,0.6854,0.6854,0.6854
1691707981000,0.6854,0.6854,0.6854
1691707982000,0.6854,0.6854,0.6854
1691707983000,0.6854,0.6854,0.6854
1691707984000,0.6854,0.6854,0.6854
1691707985000,0.6854,0.6854,0.6854
1691707986000,0.6854,0.6854,0.6854
1691707987000,0.6854,0.6854,0.6854
1691707988000,0.6854,0.6854,0.6854
1691707989000,0.6854,0.6854,0.6854
1691707990000,0.6854,0.6854,0.6854
1691707991000,0.6854,0.6854,0.6854
1691707992000,0.6854,0.6854,0.6854
1691707993000,0.6854,0.6854,0.6854
1691707994000,0.6854,0.6854,0.6854
1691707995000,0.6854,0.6854,0.6854
1691707996000,0.6854,0.6854,0.6854
1691707997000,0.6854,0.6854,0.6854
1691707998000,0.6854,0.6854,0.6854
1691707999000,0.6854,0.6854,0.6854
1691708000000,0.6854,0.6854,0.6854
1691708001000,0.6854,0.6854,0.6854
1691708002000,0.68530047,0.68530047,0.68530047
1691708003000,0.68530174,0.68530174,0.68530174
1691708004000,0.68530174,0.68530174,0.68530174
1691708005000,0.68530171,0.68530171,0.68530171
1691708006000,0.68530171,0.68530171,0.68530171
1691708007000,0.68530171,0.68530171,0.68530171
1691708008000,0.68530359,0.68530359,0.68530359
1691708009000,0.68530359,0.68530359,0.68530359
1691708010000,0.68530362,0.68530362,0.68530362
1691708011000,0.68530359,0.68530359,0.68530359
1691708012000,0.68530287,0.68530287,0.68530287
1691708013000,0.68530287,0.68530287,0.68530287
1691708014000,0.68530473,0.68530473,0.68530473
1691708015000,0.68530476,0.68530476,0.68530476
1691708016000,0.68530473,0.68530473,0.68530473
1691708017000,0.68530473,0.68530473,0.68530473
1691708018000,0.68530473,0.68530473,0.68530473
1691708019000,0.68530473,0.68530473,0.68530473
1691708020000,0.68530661,0.68530661,0.68530661
1691708021000,0.68530664,0.68530664,0.68530664
1691708022000,0.68530664,0.68530664,0.68530664
1691708023000,0.68530012,0.68530012,0.68530012
1691708024000,0.68530012,0.68530012,0.68530012
1691708025000,0.68530129,0.68530129,0.68530129
1691708026000,0.68530203,0.68530203,0.68530203
1691708027000,0.68530203,0.68530203,0.68530203
1691708028000,0.68530203,0.68530203,0.68530203
1691708029000,0.68530203,0.68530203,0.68530203
1691708030000,0.685302,0.685302,0.685302
1691708031000,0.68530525,0.68530525,0.68530525
1691708032000,0.68530525,0.68530525,0.68530525
1691708033000,0.68530453,0.68530453,0.68530453
1691708034000,0.68530453,0.68530453,0.68530453
1691708035000,0.68530453,0.68530453,0.68530453
1691708036000,0.68530798,0.68530798,0.68530798
1691708037000,0.68530798,0.68530798,0.68530798
1691708038000,0.68530798,0.68530798,0.68530798
1691708039000,0.68530801,0.68530801,0.68530801
1691708040000,0.68535075,0.68535075,0.68535075
1691708041000,0.68535075,0.68535075,0.68535075
1691708042000,0.68535189,0.68535189,0.68535189
1691708043000,0.68535192,0.68535192,0.68535192
1691708044000,0.68535192,0.68535192,0.68535192
1691708045000,0.68535844,0.68535844,0.68535844
1691708046000,0.68535841,0.68535841,0.68535841
1691708047000,0.68536023,0.68536023,0.68536023
1691708048000,0.68536023,0.68536023,0.68536023
1691708049000,0.68536023,0.68536023,0.68536023
1691708050000,0.68536023,0.68536023,0.68536023
1691708051000,0.68536023,0.68536023,0.68536023
1691708052000,0.68536023,0.68536023,0.68536023
1691708053000,0.6854,0.6854,0.6854
1691708054000,0.68536074,0.68536074,0.68536074
1691708055000,0.6854,0.6854,0.6854
1691708056000,0.6854,0.6854,0.6854
1691708057000,0.6854,0.6854,0.6854
1691708058000,0.6854,0.6854,0.6854
1691708059000,0.6854,0.6854,0.6854
1691708060000,0.6854,0.6854,0.6854
1691708061000,0.6854,0.6854,0.6854
1691708062000,0.6854,0.6854,0.6854
1691708063000,0.6854,0.6854,0.6854
1691708064000,0.6854,0.6854,0.6854
1691708065000,0.68531747,0.68531747,0.68531747
1691708066000,0.68531747,0.68531747,0.68531747
1691708067000,0.68531747,0.68531747,0.68531747
1691708068000,0.68531825,0.68531825,0.68531825
1691708069000,0.68531861,0.68531861,0.68531861
1691708070000,0.68519355,0.68519355,0.68519355
1691708071000,0.68519355,0.68519355,0.68519355
1691708072000,0.68519352,0.68519352,0.68519352
1691708073000,0.68519352,0.68519352,0.68519352
1691708074000,0.68516943,0.68516943,0.68516943
1691708075000,0.68516686,0.68516686,0.68516686
1691708076000,0.68510412,0.68510412,0.68510412
1691708077000,0.68510412,0.68510412,0.68510412
1691708078000,0.68510148,0.68510148,0.68510148
1691708079000,0.68510148,0.68510148,0.68510148
1691708080000,0.68509847,0.68509847,0.68509847
1691708081000,0.68509847,0.68509847,0.68509847
1691708082000,0.68509195,0.68509195,0.68509195
1691708083000,0.68504789,0.68504789,0.68504789
1691708084000,0.68504789,0.68504789,0.68504789
1691708085000,0.68504789,0.68504789,0.68504789
1691708086000,0.68504354,0.68504354,0.68504354
1691708087000,0.68504354,0.68504354,0.68504354
1691708088000,0.68504354,0.68504354,0.68504354
1691708089000,0.68504258,0.68504258,0.68504258
1691708090000,0.68504258,0.68504258,0.68504258
1691708091000,0.68503876,0.68503876,0.68503876
1691708092000,0.68503876,0.68503876,0.68503876
1691708093000,0.68503876,0.68503876,0.68503876
1691708094000,0.68503605,0.68503605,0.68503605
1691708095000,0.68503608,0.68503608,0.68503608
1691708096000,0.68503608,0.68503608,0.68503608
1691708097000,0.68503234,0.68503234,0.68503234
1691708098000,0.68503185,0.68503185,0.68503185
1691708099000,0.68500577,0.68500577,0.68500577
1691708100000,0.68500574,0.68500574,0.68500574
1691708101000,0.68500577,0.68500577,0.68500577
1691708102000,0.68500574,0.68500574,0.68500574
1691708103000,0.68500244,0.68500244,0.68500244
1691708104000,0.68500215,0.68500215,0.68500215
1691708105000,0.68500218,0.68500218,0.68500218
1691708106000,0.68500218,0.68500218,0.68500218
1691708107000,0.6850029,0.6850029,0.6850029
1691708108000,0.68490212,0.68490212,0.68490212
1691708109000,0.68485827,0.68485827,0.68485827
1691708110000,0.68485827,0.68485827,0.68485827
1691708111000,0.68485827,0.68485827,0.68485827
1691708112000,0.68485827,0.68485827,0.68485827
1691708113000,0.68481909,0.68481909,0.68481909
1691708114000,0.68481483,0.68481483,0.68481483
1691708115000,0.68481483,0.68481483,0.68481483
1691708116000,0.6848148,0.6848148,0.6848148
1691708117000,0.6848148,0.6848148,0.6848148
1691708118000,0.6848148,0.6848148,0.6848148
1691708119000,0.68481116,0.68481116,0.68481116
1691708120000,0.68481119,0.68481119,0.68481119
1691708121000,0.68479811,0.68479811,0.68479811
1691708122000,0.68479811,0.68479811,0.68479811
1691708123000,0.68479811,0.68479811,0.68479811
1691708124000,0.68475538,0.68475538,0.68475538
1691708125000,0.68475099,0.68475099,0.68475099
1691708126000,0.68475099,0.68475099,0.68475099
1691708127000,0.68475099,0.68475099,0.68475099
1691708128000,0.68475102,0.68475102,0.68475102
1691708129000,0.68462059,0.68462059,0.68462059
1691708130000,0.68461789,0.68461789,0.68461789
1691708131000,0.68461786,0.68461786,0.68461786
1691708132000,0.68461786,0.68461786,0.68461786
1691708133000,0.68461786,0.68461786,0.68461786
1691708134000,0.68461786,0.68461786,0.68461786
1691708135000,0.68461789,0.68461789,0.68461789
1691708136000,0.68461625,0.68461625,0.68461625
1691708137000,0.68461625,0.68461625,0.68461625
1691708138000,0.68461628,0.68461628,0.68461628
1691708139000,0.68461628,0.68461628,0.68461628
1691708140000,0.68461625,0.68461625,0.68461625
1691708141000,0.6846156,0.6846156,0.6846156
1691708142000,0.68465908,0.68465908,0.68465908
1691708143000,0.68461451,0.68461451,0.68461451
1691708144000,0.68461451,0.68461451,0.68461451
1691708145000,0.68461454,0.68461454,0.68461454
1691708146000,0.68461454,0.68461454,0.68461454
1691708147000,0.68460788,0.68460788,0.68460788
1691708148000,0.68460788,0.68460788,0.68460788
1691708149000,0.68460788,0.68460788,0.68460788
1691708150000,0.6846,0.6846,0.6846
1691708151000,0.6846,0.6846,0.6846
1691708152000,0.6846,0.6846,0.6846
1691708153000,0.68459571,0.68459571,0.68459571
1691708154000,0.68455226,0.68455226,0.68455226
1691708155000,0.6846,0.6846,0.6846
1691708156000,0.6846,0.6846,0.6846
1691708157000,0.6846,0.6846,0.6846
1691708158000,0.68455071,0.68455071,0.68455071
1691708159000,0.68459418,0.68459418,0.68459418
1691708160000,0.68459418,0.68459418,0.68459418
1691708161000,0.68459418,0.68459418,0.68459418
1691708162000,0.6846,0.6846,0.6846
1691708163000,0.6846,0.6846,0.6846
1691708164000,0.6846,0.6846,0.6846
1691708165000,0.68457814,0.68457814,0.68457814
1691708166000,0.68453466,0.68453466,0.68453466
1691708167000,0.68453466,0.68453466,0.68453466
1691708168000,0.6846,0.6846,0.6846
1691708169000,0.6846,0.6846,0.6846
1691708170000,0.6846,0.6846,0.6846
1691708171000,0.6846,0.6846,0.6846
1691708172000,0.6846,0.6846,0.6846
1691708173000,0.6846,0.6846,0.6846
1691708174000,0.6846,0.6846,0.6846
1691708175000,0.6846,0.6846,0.6846
1691708176000,0.6846,0.6846,0.6846
1691708177000,0.6846,0.6846,0.6846
1691708178000,0.68453809,0.68453809,0.68453809
1691708179000,0.68453809,0.68453809,0.68453809
1691708180000,0.68453685,0.68453685,0.68453685
1691708181000,0.68453685,0.68453685,0.68453685
1691708182000,0.68453685,0.68453685,0.68453685
1691708183000,0.68458033,0.68458033,0.68458033
1691708184000,0.68458033,0.68458033,0.68458033
1691708185000,0.6846,0.6846,0.6846
1691708186000,0.6846,0.6846,0.6846
1691708187000,0.6846,0.6846,0.6846
1691708188000,0.6846,0.6846,0.6846
1691708189000,0.6846,0.6846,0.6846
1691708190000,0.6846,0.6846,0.6846
1691708191000,0.6847,0.6847,0.6847
1691708192000,0.6847,0.6847,0.6847
1691708193000,0.6847,0.6847,0.6847
1691708194000,0.6847,0.6847,0.6847
1691708195000,0.6847,0.6847,0.6847
1691708196000,0.6847,0.6847,0.6847
1691708197000,0.6847,0.6847,0.6847
1691708198000,0.6847,0.6847,0.6847
1691708199000,0.6847,0.6847,0.6847
1691708200000,0.6848,0.6848,0.6848
1691708201000,0.6848,0.6848,0.6848
1691708202000,0.6848,0.6848,0.6848
1691708203000,0.6847,0.6847,0.6847
1691708204000,0.6847,0.6847,0.6847
1691708205000,0.6847,0.6847,0.6847
1691708206000,0.6847,0.6847,0.6847
1691708207000,0.6847,0.6847,0.6847
1691708208000,0.6848,0.6848,0.6848
1691708209000,0.6847,0.6847,0.6847
1691708210000,0.6847,0.6847,0.6847
1691708211000,0.6847,0.6847,0.6847
1691708212000,0.6847,0.6847,0.6847
1691708213000,0.6847,0.6847,0.6847
1691708214000,0.6847,0.6847,0.6847
1691708215000,0.6847,0.6847,0.6847
1691708216000,0.6847,0.6847,0.6847
1691708217000,0.6847,0.6847,0.6847
1691708218000,0.6848,0.6848,0.6848
1691708219000,0.6848,0.6848,0.6848
1691708220000,0.6847,0.6847,0.6847
1691708221000,0.6847,0.6847,0.6847
1691708222000,0.6847,0.6847,0.6847
1691708223000,0.6848,0.6848,0.6848
1691708224000,0.6848,0.6848,0.6848
1691708225000,0.6848,0.6848,0.6848
1691708226000,0.6848,0.6848,0.6848
1691708227000,0.6849,0.6849,0.6849
1691708228000,0.685,0.685,0.685
1691708229000,0.685,0.685,0.685
1691708230000,0.685,0.685,0.685
1691708231000,0.685,0.685,0.685
1691708232000,0.6849,0.6849,0.6849
1691708233000,0.6849,0.6849,0.6849
1691708234000,0.6849,0.6849,0.6849
1691708235000,0.6849,0.6849,0.6849
1691708236000,0.6849,0.6849,0.6849
1691708237000,0.6849,0.6849,0.6849
1691708238000,0.6847,0.6847,0.6847
1691708239000,0.6847,0.6847,0.6847
1691708240000,0.6847,0.6847,0.6847
1691708241000,0.6847,0.6847,0.6847
1691708242000,0.6848,0.6848,0.6848
1691708243000,0.6848,0.6848,0.6848
1691708244000,0.6848,0.6848,0.6848
1691708245000,0.6847,0.6847,0.6847
1691708246000,0.6847,0.6847,0.6847
1691708247000,0.6847,0.6847,0.6847
1691708248000,0.68464617,0.68464617,0.68464617
1691708249000,0.68464617,0.68464617,0.68464617
1691708250000,0.68464617,0.68464617,0.68464617
1691708251000,0.68464617,0.68464617,0.68464617
1691708252000,0.68464472,0.68464472,0.68464472
1691708253000,0.6847,0.6847,0.6847
1691708254000,0.6847,0.6847,0.6847
1691708255000,0.6847,0.6847,0.6847
1691708256000,0.6847,0.6847,0.6847
1691708257000,0.6847,0.6847,0.6847
1691708258000,0.6847,0.6847,0.6847
1691708259000,0.6847,0.6847,0.6847
1691708260000,0.6847,0.6847,0.6847
1691708261000,0.6847,0.6847,0.6847
1691708262000,0.6847,0.6847,0.6847
1691708263000,0.6847,0.6847,0.6847
1691708264000,0.6847,0.6847,0.6847
1691708265000,0.6847,0.6847,0.6847
1691708266000,0.6847,0.6847,0.6847
1691708267000,0.6847,0.6847,0.6847
1691708268000,0.6847,0.6847,0.6847
1691708269000,0.68463978,0.68463978,0.68463978
1691708270000,0.68463975,0.68463975,0.68463975
1691708271000,0.68463978,0.68463978,0.68463978
1691708272000,0.68463978,0.68463978,0.68463978
1691708273000,0.68463975,0.68463975,0.68463975
1691708274000,0.68463877,0.68463877,0.68463877
1691708275000,0.68463877,0.68463877,0.68463877
1691708276000,0.68463877,0.68463877,0.68463877
1691708277000,0.68463877,0.68463877,0.68463877
1691708278000,0.6846,0.6846,0.6846
1691708279000,0.6846,0.6846,0.6846
1691708280000,0.6846,0.6846,0.6846
1691708281000,0.6846,0.6846,0.6846
1691708282000,0.6847,0.6847,0.6847
1691708283000,0.6846,0.6846,0.6846
1691708284000,0.6847,0.6847,0.6847
1691708285000,0.6846,0.6846,0.6846
1691708286000,0.6846,0.6846,0.6846
1691708287000,0.6846,0.6846,0.6846
1691708288000,0.6846,0.6846,0.6846
1691708289000,0.6846,0.6846,0.6846
1691708290000,0.6846,0.6846,0.6846
1691708291000,0.6846,0.6846,0.6846
1691708292000,0.6847,0.6847,0.6847
1691708293000,0.6847,0.6847,0.6847
1691708294000,0.6846,0.6846,0.6846
1691708295000,0.6846,0.6846,0.6846
1691708296000,0.6846,0.6846,0.6846
1691708297000,0.6846,0.6846,0.6846
1691708298000,0.68455361,0.68455361,0.68455361
1691708299000,0.68455361,0.68455361,0.68455361
1691708300000,0.68454057,0.68454057,0.68454057
1691708301000,0.6845,0.6845,0.6845
1691708302000,0.6845,0.6845,0.6845
1691708303000,0.68441094,0.68441094,0.68441094
1691708304000,0.6845,0.6845,0.6845
1691708305000,0.6845,0.6845,0.6845
1691708306000,0.6845,0.6845,0.6845
1691708307000,0.6845,0.6845,0.6845
1691708308000,0.6845,0.6845,0.6845
1691708309000,0.6845,0.6845,0.6845
1691708310000,0.6845,0.6845,0.6845
1691708311000,0.68445465,0.68445465,0.68445465
1691708312000,0.68441043,0.68441043,0.68441043
1691708313000,0.6845,0.6845,0.6845
1691708314000,0.6845,0.6845,0.6845
1691708315000,0.6845,0.6845,0.6845
1691708316000,0.6845,0.6845,0.6845
1691708317000,0.6845,0.6845,0.6845
1691708318000,0.6845,0.6845,0.6845
1691708319000,0.6845,0.6845,0.6845
1691708320000,0.6845,0.6845,0.6845
1691708321000,0.6845,0.6845,0.6845
1691708322000,0.6845,0.6845,0.6845
1691708323000,0.68440237,0.68440237,0.68440237
1691708324000,0.68444553,0.68444553,0.68444553
1691708325000,0.68444553,0.68444553,0.68444553
1691708326000,0.68444528,0.68444528,0.68444528
1691708327000,0.68444513,0.68444513,0.68444513
1691708328000,0.68444513,0.68444513,0.68444513
1691708329000,0.68444218,0.68444218,0.68444218
1691708330000,0.68444215,0.68444215,0.68444215
1691708331000,0.68444215,0.68444215,0.68444215
1691708332000,0.68444218,0.68444218,0.68444218
1691708333000,0.68444218,0.68444218,0.68444218
1691708334000,0.68444215,0.68444215,0.68444215
1691708335000,0.68444013,0.68444013,0.68444013
1691708336000,0.68444013,0.68444013,0.68444013
1691708337000,0.68439665,0.68439665,0.68439665
1691708338000,0.68439591,0.68439591,0.68439591
1691708339000,0.68439665,0.68439665,0.68439665
1691708340000,0.68439386,0.68439386,0.68439386
1691708341000,0.68439386,0.68439386,0.68439386
1691708342000,0.6844,0.6844,0.6844
1691708343000,0.6844,0.6844,0.6844
1691708344000,0.68443662,0.68443662,0.68443662
1691708345000,0.68443248,0.68443248,0.68443248
1691708346000,0.68442926,0.68442926,0.68442926
1691708347000,0.68442926,0.68442926,0.68442926
1691708348000,0.68442926,0.68442926,0.68442926
1691708349000,0.68442926,0.68442926,0.68442926
1691708350000,0.68442969,0.68442969,0.68442969
1691708351000,0.68442405,0.68442405,0.68442405
1691708352000,0.6844222,0.6844222,0.6844222
1691708353000,0.6844222,0.6844222,0.6844222
1691708354000,0.68442295,0.68442295,0.68442295
1691708355000,0.68442239,0.68442239,0.68442239
1691708356000,0.68442239,0.68442239,0.68442239
1691708357000,0.68441986,0.68441986,0.68441986
1691708358000,0.68442638,0.68442638,0.68442638
1691708359000,0.68442638,0.68442638,0.68442638
1691708360000,0.68442562,0.68442562,0.68442562
1691708361000,0.68442559,0.68442559,0.68442559
1691708362000,0.68442562,0.68442562,0.68442562
1691708363000,0.68442375,0.68442375,0.68442375
1691708364000,0.68442375,0.68442375,0.68442375
1691708365000,0.68442408,0.68442408,0.68442408
1691708366000,0.68442405,0.68442405,0.68442405
1691708367000,0.68442405,0.68442405,0.68442405
1691708368000,0.68442143,0.68442143,0.68442143
1691708369000,0.68442143,0.68442143,0.68442143
1691708370000,0.68442068,0.68442068,0.68442068
1691708371000,0.68442068,0.68442068,0.68442068
1691708372000,0.68442068,0.68442068,0.68442068
1691708373000,0.68442068,0.68442068,0.68442068
1691708374000,0.68442101,0.68442101,0.68442101
1691708375000,0.68442143,0.68442143,0.68442143
1691708376000,0.68442143,0.68442143,0.68442143
1691708377000,0.68442146,0.68442146,0.68442146
1691708378000,0.68442146,0.68442146,0.68442146
1691708379000,0.68442197,0.68442197,0.68442197
1691708380000,0.68442092,0.68442092,0.68442092
1691708381000,0.68442092,0.68442092,0.68442092
1691708382000,0.68442095,0.68442095,0.68442095
1691708383000,0.68442095,0.68442095,0.68442095
1691708384000,0.68437748,0.68437748,0.68437748
1691708385000,0.684378,0.684378,0.684378
1691708386000,0.68437803,0.68437803,0.68437803
1691708387000,0.68437803,0.68437803,0.68437803
1691708388000,0.684378,0.684378,0.684378
1691708389000,0.684378,0.684378,0.684378
1691708390000,0.68437839,0.68437839,0.68437839
1691708391000,0.6844,0.6844,0.6844
1691708392000,0.6846,0.6846,0.6846
1691708393000,0.6846,0.6846,0.6846
1691708394000,0.6846,0.6846,0.6846
1691708395000,0.6846,0.6846,0.6846
1691708396000,0.6846,0.6846,0.6846
1691708397000,0.6846,0.6846,0.6846
1691708398000,0.6846,0.6846,0.6846
1691708399000,0.6846,0.6846,0.6846
1691708400000,0.6846,0.6846,0.6846
1691708401000,0.6845,0.6845,0.6845
1691708402000,0.6845,0.6845,0.6845
1691708403000,0.6845,0.6845,0.6845
1691708404000,0.6845,0.6845,0.6845
1691708405000,0.6846,0.6846,0.6846
1691708406000,0.6846,0.6846,0.6846
1691708407000,0.6845,0.6845,0.6845
1691708408000,0.6845,0.6845,0.6845
1691708409000,0.6846,0.6846,0.6846
1691708410000,0.6846,0.6846,0.6846
1691708411000,0.6846,0.6846,0.6846
1691708412000,0.6846,0.6846,0.6846
1691708413000,0.6845,0.6845,0.6845
1691708414000,0.6846,0.6846,0.6846
1691708415000,0.6846,0.6846,0.6846
1691708416000,0.6846,0.6846,0.6846
1691708417000,0.6846,0.6846,0.6846
1691708418000,0.6846,0.6846,0.6846
1691708419000,0.6846,0.6846,0.6846
1691708420000,0.68450107,0.68450107,0.68450107
1691708421000,0.68450107,0.68450107,0.68450107
1691708422000,0.6845,0.6845,0.6845
1691708423000,0.6846,0.6846,0.6846
1691708424000,0.6846,0.6846,0.6846
1691708425000,0.6846,0.6846,0.6846
1691708426000,0.6846,0.6846,0.6846
1691708427000,0.68450465,0.68450465,0.68450465
1691708428000,0.68450465,0.68450465,0.68450465
1691708429000,0.6846,0.6846,0.6846
1691708430000,0.6846,0.6846,0.6846
1691708431000,0.6845,0.6845,0.6845
1691708432000,0.6845,0.6845,0.6845
1691708433000,0.6845,0.6845,0.6845
1691708434000,0.6845,0.6845,0.6845
1691708435000,0.6845,0.6845,0.6845
1691708436000,0.6845,0.6845,0.6845
1691708437000,0.6845,0.6845,0.6845
1691708438000,0.6845,0.6845,0.6845
1691708439000,0.6845,0.6845,0.6845
1691708440000,0.6845,0.6845,0.6845
1691708441000,0.6845,0.6845,0.6845
1691708442000,0.6845,0.6845,0.6845
1691708443000,0.68446345,0.68446345,0.68446345
1691708444000,0.68446345,0.68446345,0.68446345
1691708445000,0.68450767,0.68450767,0.68450767
1691708446000,0.68451219,0.68451219,0.68451219
1691708447000,0.6845,0.6845,0.6845
1691708448000,0.68446794,0.68446794,0.68446794
1691708449000,0.68446797,0.68446797,0.68446797
1691708450000,0.68446797,0.68446797,0.68446797
1691708451000,0.6845,0.6845,0.6845
1691708452000,0.68446832,0.68446832,0.68446832
1691708453000,0.6845,0.6845,0.6845
1691708454000,0.6845,0.6845,0.6845
1691708455000,0.68446832,0.68446832,0.68446832
1691708456000,0.68446832,0.68446832,0.68446832
1691708457000,0.68446843,0.68446843,0.68446843
1691708458000,0.68446843,0.68446843,0.68446843
1691708459000,0.68446187,0.68446187,0.68446187
1691708460000,0.68446187,0.68446187,0.68446187
1691708461000,0.68446108,0.68446108,0.68446108
1691708462000,0.68446135,0.68446135,0.68446135
1691708463000,0.68441569,0.68441569,0.68441569
1691708464000,0.68441569,0.68441569,0.68441569
1691708465000,0.68440261,0.68440261,0.68440261
1691708466000,0.6844019,0.6844019,0.6844019
1691708467000,0.68440187,0.68440187,0.68440187
1691708468000,0.68444571,0.68444571,0.68444571
1691708469000,0.68444571,0.68444571,0.68444571
1691708470000,0.68444571,0.68444571,0.68444571
1691708471000,0.68444567,0.68444567,0.68444567
1691708472000,0.68444567,0.68444567,0.68444567
1691708473000,0.68444288,0.68444288,0.68444288
1691708474000,0.68444205,0.68444205,0.68444205
1691708475000,0.68444131,0.68444131,0.68444131
1691708476000,0.68444131,0.68444131,0.68444131
1691708477000,0.68444131,0.68444131,0.68444131
1691708478000,0.68444131,0.68444131,0.68444131
1691708479000,0.68443864,0.68443864,0.68443864
1691708480000,0.68443867,0.68443867,0.68443867
1691708481000,0.68443867,0.68443867,0.68443867
1691708482000,0.68443864,0.68443864,0.68443864
1691708483000,0.68443867,0.68443867,0.68443867
1691708484000,0.68443598,0.68443598,0.68443598
1691708485000,0.68443589,0.68443589,0.68443589
1691708486000,0.6844358,0.6844358,0.6844358
1691708487000,0.6844358,0.6844358,0.6844358
1691708488000,0.68443577,0.68443577,0.68443577
1691708489000,0.6844358,0.6844358,0.6844358
1691708490000,0.68439032,0.68439032,0.68439032
1691708491000,0.68443457,0.68443457,0.68443457
1691708492000,0.68443457,0.68443457,0.68443457
1691708493000,0.68443457,0.68443457,0.68443457
1691708494000,0.68439614,0.68439614,0.68439614
1691708495000,0.68439322,0.68439322,0.68439322
1691708496000,0.68439322,0.68439322,0.68439322
1691708497000,0.68439322,0.68439322,0.68439322
1691708498000,0.68439247,0.68439247,0.68439247
1691708499000,0.6843925,0.6843925,0.6843925
1691708500000,0.68439247,0.68439247,0.68439247
1691708501000,0.6843871,0.6843871,0.6843871
1691708502000,0.68434365,0.68434365,0.68434365
1691708503000,0.68434365,0.68434365,0.68434365
1691708504000,0.68432939,0.68432939,0.68432939
1691708505000,0.68432939,0.68432939,0.68432939
1691708506000,0.68432448,0.68432448,0.68432448
1691708507000,0.68432448,0.68432448,0.68432448
1691708508000,0.68432451,0.68432451,0.68432451
1691708509000,0.68432448,0.68432448,0.68432448
1691708510000,0.68432522,0.68432522,0.68432522
1691708511000,0.68432525,0.68432525,0.68432525
1691708512000,0.68432072,0.68432072,0.68432072
1691708513000,0.68432069,0.68432069,0.68432069
1691708514000,0.68432072,0.68432072,0.68432072
1691708515000,0.68432069,0.68432069,0.68432069
1691708516000,0.68436417,0.68436417,0.68436417
1691708517000,0.68436417,0.68436417,0.68436417
1691708518000,0.68436255,0.68436255,0.68436255
1691708519000,0.68436212,0.68436212,0.68436212
1691708520000,0.68436212,0.68436212,0.68436212
1691708521000,0.68436138,0.68436138,0.68436138
1691708522000,0.68436138,0.68436138,0.68436138
1691708523000,0.6844,0.6844,0.6844
1691708524000,0.68435803,0.68435803,0.68435803
1691708525000,0.6845,0.6845,0.6845
1691708526000,0.6845,0.6845,0.6845
1691708527000,0.6845,0.6845,0.6845
1691708528000,0.6845,0.6845,0.6845
1691708529000,0.6846,0.6846,0.6846
1691708530000,0.6846,0.6846,0.6846
1691708531000,0.6847,0.6847,0.6847
1691708532000,0.6846,0.6846,0.6846
1691708533000,0.6846,0.6846,0.6846
1691708534000,0.6846,0.6846,0.6846
1691708535000,0.6846,0.6846,0.6846
1691708536000,0.6845,0.6845,0.6845
1691708537000,0.6845,0.6845,0.6845
1691708538000,0.6846,0.6846,0.6846
1691708539000,0.6845,0.6845,0.6845
1691708540000,0.6845,0.6845,0.6845
1691708541000,0.6845,0.6845,0.6845
1691708542000,0.68440589,0.68440589,0.68440589
1691708543000,0.68440589,0.68440589,0.68440589
1691708544000,0.6845,0.6845,0.6845
1691708545000,0.6845,0.6845,0.6845
1691708546000,0.68441764,0.68441764,0.68441764
1691708547000,0.68441764,0.68441764,0.68441764
1691708548000,0.68441767,0.68441767,0.68441767
1691708549000,0.68441767,0.68441767,0.68441767
1691708550000,0.6844,0.6844,0.6844
1691708551000,0.6844,0.6844,0.6844
1691708552000,0.6844,0.6844,0.6844
1691708553000,0.6844,0.6844,0.6844
1691708554000,0.6844,0.6844,0.6844
1691708555000,0.6844,0.6844,0.6844
1691708556000,0.6844,0.6844,0.6844
1691708557000,0.6844,0.6844,0.6844
1691708558000,0.6844,0.6844,0.6844
1691708559000,0.6845,0.6845,0.6845
1691708560000,0.6845,0.6845,0.6845
1691708561000,0.6844,0.6844,0.6844
1691708562000,0.6844,0.6844,0.6844
1691708563000,0.6844,0.6844,0.6844
1691708564000,0.6844,0.6844,0.6844
1691708565000,0.6845,0.6845,0.6845
1691708566000,0.6845,0.6845,0.6845
1691708567000,0.68441741,0.68441741,0.68441741
1691708568000,0.68441666,0.68441666,0.68441666
1691708569000,0.68441666,0.68441666,0.68441666
1691708570000,0.68441666,0.68441666,0.68441666
1691708571000,0.68441653,0.68441653,0.68441653
1691708572000,0.68441653,0.68441653,0.68441653
1691708573000,0.68441684,0.68441684,0.68441684
1691708574000,0.6845,0.6845,0.6845
1691708575000,0.6845,0.6845,0.6845
1691708576000,0.68441678,0.68441678,0.68441678
1691708577000,0.68441678,0.68441678,0.68441678
1691708578000,0.6844178,0.6844178,0.6844178
1691708579000,0.6844178,0.6844178,0.6844178
1691708580000,0.68441806,0.68441806,0.68441806
1691708581000,0.68441806,0.68441806,0.68441806
1691708582000,0.68446151,0.68446151,0.68446151
1691708583000,0.6845,0.6845,0.6845
1691708584000,0.68446075,0.68446075,0.68446075
1691708585000,0.68446069,0.68446069,0.68446069
1691708586000,0.68446069,0.68446069,0.68446069
1691708587000,0.68446072,0.68446072,0.68446072
1691708588000,0.6845,0.6845,0.6845
1691708589000,0.68445998,0.68445998,0.68445998
1691708590000,0.6845,0.6845,0.6845
1691708591000,0.6845,0.6845,0.6845
1691708592000,0.6844585,0.6844585,0.6844585
1691708593000,0.6844585,0.6844585,0.6844585
1691708594000,0.6844585,0.6844585,0.6844585
1691708595000,0.6845,0.6845,0.6845
1691708596000,0.6845,0.6845,0.6845
1691708597000,0.6844,0.6844,0.6844
1691708598000,0.6844,0.6844,0.6844
1691708599000,0.6844,0.6844,0.6844
1691708600000,0.6844,0.6844,0.6844
1691708601000,0.6845,0.6845,0.6845
1691708602000,0.6844,0.6844,0.6844
1691708603000,0.68444332,0.68444332,0.68444332
1691708604000,0.68444332,0.68444332,0.68444332
1691708605000,0.68444329,0.68444329,0.68444329
1691708606000,0.6845,0.6845,0.6845
1691708607000,0.6844434,0.6844434,0.6844434
1691708608000,0.6845,0.6845,0.6845
1691708609000,0.6844434,0.6844434,0.6844434
1691708610000,0.6844,0.6844,0.6844
1691708611000,0.6844,0.6844,0.6844
1691708612000,0.6845,0.6845,0.6845
1691708613000,0.6845,0.6845,0.6845
1691708614000,0.6845,0.6845,0.6845
1691708615000,0.6845,0.6845,0.6845
1691708616000,0.6845,0.6845,0.6845
1691708617000,0.6844,0.6844,0.6844
1691708618000,0.6844,0.6844,0.6844
1691708619000,0.6844,0.6844,0.6844
1691708620000,0.6844,0.6844,0.6844
1691708621000,0.6844,0.6844,0.6844
1691708622000,0.6845,0.6845,0.6845
1691708623000,0.6844,0.6844,0.6844
1691708624000,0.6844,0.6844,0.6844
1691708625000,0.6844,0.6844,0.6844
1691708626000,0.68444527,0.68444527,0.68444527
1691708627000,0.68444527,0.68444527,0.68444527
1691708628000,0.68444602,0.68444602,0.68444602
1691708629000,0.68444598,0.68444598,0.68444598
1691708630000,0.68444598,0.68444598,0.68444598
1691708631000,0.68444513,0.68444513,0.68444513
1691708632000,0.6845,0.6845,0.6845
1691708633000,0.68444516,0.68444516,0.68444516
1691708634000,0.68444666,0.68444666,0.68444666
1691708635000,0.68444662,0.68444662,0.68444662
1691708636000,0.68444666,0.68444666,0.68444666
1691708637000,0.68444666,0.68444666,0.68444666
1691708638000,0.6845,0.6845,0.6845
1691708639000,0.6845,0.6845,0.6845
1691708640000,0.6845,0.6845,0.6845
1691708641000,0.6845,0.6845,0.6845
1691708642000,0.6845,0.6845,0.6845
1691708643000,0.6846,0.6846,0.6846
1691708644000,0.6845,0.6845,0.6845
1691708645000,0.6846,0.6846,0.6846
1691708646000,0.6846,0.6846,0.6846
1691708647000,0.6845,0.6845,0.6845
1691708648000,0.6845,0.6845,0.6845
1691708649000,0.6845,0.6845,0.6845
1691708650000,0.6845,0.6845,0.6845
1691708651000,0.6845,0.6845,0.6845
1691708652000,0.6845,0.6845,0.6845
1691708653000,0.68446313,0.68446313,0.68446313
1691708654000,0.6844,0.6844,0.6844
1691708655000,0.6844,0.6844,0.6844
1691708656000,0.6844,0.6844,0.6844
1691708657000,0.6844,0.6844,0.6844
1691708658000,0.6844,0.6844,0.6844
1691708659000,0.6844,0.6844,0.6844
1691708660000,0.6845,0.6845,0.6845
1691708661000,0.6844,0.6844,0.6844
1691708662000,0.6844,0.6844,0.6844
1691708663000,0.6844,0.6844,0.6844
1691708664000,0.6844,0.6844,0.6844
1691708665000,0.6844,0.6844,0.6844
1691708666000,0.6844,0.6844,0.6844
1691708667000,0.6844,0.6844,0.6844
1691708668000,0.6844,0.6844,0.6844
1691708669000,0.6844,0.6844,0.6844
1691708670000,0.6844,0.6844,0.6844
1691708671000,0.6844,0.6844,0.6844
1691708672000,0.6844,0.6844,0.6844
1691708673000,0.6845,0.6845,0.6845
1691708674000,0.6845,0.6845,0.6845
1691708675000,0.6845,0.6845,0.6845
1691708676000,0.6844,0.6844,0.6844
1691708677000,0.6844,0.6844,0.6844
1691708678000,0.6844,0.6844,0.6844
1691708679000,0.6845,0.6845,0.6845
1691708680000,0.6845,0.6845,0.6845
1691708681000,0.6844,0.6844,0.6844
1691708682000,0.6844,0.6844,0.6844
1691708683000,0.6844,0.6844,0.6844
1691708684000,0.6844,0.6844,0.6844
1691708685000,0.6844,0.6844,0.6844
1691708686000,0.6844,0.6844,0.6844
1691708687000,0.6844,0.6844,0.6844
1691708688000,0.6845,0.6845,0.6845
1691708689000,0.6845,0.6845,0.6845
1691708690000,0.6844,0.6844,0.6844
1691708691000,0.6844,0.6844,0.6844
1691708692000,0.6844,0.6844,0.6844
1691708693000,0.6844,0.6844,0.6844
1691708694000,0.6844,0.6844,0.6844
1691708695000,0.6844,0.6844,0.6844
1691708696000,0.6844,0.6844,0.6844
1691708697000,0.6844,0.6844,0.6844
1691708698000,0.6844,0.6844,0.6844
1691708699000,0.6844,0.6844,0.6844
1691708700000,0.6844,0.6844,0.6844
1691708701000,0.6844,0.6844,0.6844
1691708702000,0.6844,0.6844,0.6844
1691708703000,0.6844,0.6844,0.6844
1691708704000,0.6844,0.6844,0.6844
1691708705000,0.6844,0.6844,0.6844
1691708706000,0.6844,0.6844,0.6844
1691708707000,0.6844,0.6844,0.6844
1691708708000,0.6844,0.6844,0.6844
1691708709000,0.6844,0.6844,0.6844
1691708710000,0.6845,0.6845,0.6845
1691708711000,0.6845,0.6845,0.6845
1691708712000,0.6844,0.6844,0.6844
1691708713000,0.6844,0.6844,0.6844
1691708714000,0.6845,0.6845,0.6845
1691708715000,0.6844,0.6844,0.6844
1691708716000,0.6844,0.6844,0.6844
1691708717000,0.68443386,0.68443386,0.68443386
1691708718000,0.6844,0.6844,0.6844
1691708719000,0.6844,0.6844,0.6844
1691708720000,0.6844,0.6844,0.6844
1691708721000,0.6844,0.6844,0.6844
1691708722000,0.6844,0.6844,0.6844
1691708723000,0.6844,0.6844,0.6844
1691708724000,0.6844,0.6844,0.6844
1691708725000,0.6844,0.6844,0.6844
1691708726000,0.6844,0.6844,0.6844
1691708727000,0.6844,0.6844,0.6844
1691708728000,0.6844,0.6844,0.6844
1691708729000,0.6844,0.6844,0.6844
1691708730000,0.6844,0.6844,0.6844
1691708731000,0.6844,0.6844,0.6844
1691708732000,0.6845,0.6845,0.6845
1691708733000,0.6845,0.6845,0.6845
1691708734000,0.6845,0.6845,0.6845
1691708735000,0.6845,0.6845,0.6845
1691708736000,0.6845,0.6845,0.6845
1691708737000,0.6845,0.6845,0.6845
1691708738000,0.6845,0.6845,0.6845
1691708739000,0.6845,0.6845,0.6845
1691708740000,0.6845,0.6845,0.6845
1691708741000,0.6845,0.6845,0.6845
1691708742000,0.6845,0.6845,0.6845
1691708743000,0.6845,0.6845,0.6845
1691708744000,0.6845,0.6845,0.6845
1691708745000,0.6845,0.6845,0.6845
1691708746000,0.6845,0.6845,0.6845
1691708747000,0.6846,0.6846,0.6846
1691708748000,0.6846,0.6846,0.6846
1691708749000,0.6845,0.6845,0.6845
1691708750000,0.6845,0.6845,0.6845
1691708751000,0.6845,0.6845,0.6845
1691708752000,0.6845,0.6845,0.6845
1691708753000,0.6845,0.6845,0.6845
1691708754000,0.6845,0.6845,0.6845
1691708755000,0.6845,0.6845,0.6845
1691708756000,0.6845,0.6845,0.6845
1691708757000,0.6844,0.6844,0.6844
1691708758000,0.6844,0.6844,0.6844
1691708759000,0.6844,0.6844,0.6844
1691708760000,0.6844,0.6844,0.6844
1691708761000,0.68439211,0.68439211,0.68439211
1691708762000,0.68439207,0.68439207,0.68439207
1691708763000,0.68439207,0.68439207,0.68439207
1691708764000,0.68439207,0.68439207,0.68439207
1691708765000,0.6844,0.6844,0.6844
1691708766000,0.6844,0.6844,0.6844
1691708767000,0.6844,0.6844,0.6844
1691708768000,0.68439238,0.68439238,0.68439238
1691708769000,0.6844,0.6844,0.6844
1691708770000,0.68439163,0.68439163,0.68439163
1691708771000,0.6844,0.6844,0.6844
1691708772000,0.6844,0.6844,0.6844
1691708773000,0.68439455,0.68439455,0.68439455
1691708774000,0.6844,0.6844,0.6844
1691708775000,0.6844,0.6844,0.6844
1691708776000,0.6844,0.6844,0.6844
1691708777000,0.68443901,0.68443901,0.68443901
1691708778000,0.68444102,0.68444102,0.68444102
1691708779000,0.68444102,0.68444102,0.68444102
1691708780000,0.68444102,0.68444102,0.68444102
1691708781000,0.68444026,0.68444026,0.68444026
1691708782000,0.68444026,0.68444026,0.68444026
1691708783000,0.68444242,0.68444242,0.68444242
1691708784000,0.68444238,0.68444238,0.68444238
1691708785000,0.68444369,0.68444369,0.68444369
1691708786000,0.68444373,0.68444373,0.68444373
1691708787000,0.68443619,0.68443619,0.68443619
1691708788000,0.68443619,0.68443619,0.68443619
1691708789000,0.68443999,0.68443999,0.68443999
1691708790000,0.68443965,0.68443965,0.68443965
1691708791000,0.68443879,0.68443879,0.68443879
1691708792000,0.68443879,0.68443879,0.68443879
1691708793000,0.68443883,0.68443883,0.68443883
1691708794000,0.68444284,0.68444284,0.68444284
1691708795000,0.68444244,0.68444244,0.68444244
1691708796000,0.6845,0.6845,0.6845
1691708797000,0.6845,0.6845,0.6845
1691708798000,0.68444247,0.68444247,0.68444247
1691708799000,0.68444247,0.68444247,0.68444247
1691708800000,0.68444577,0.68444577,0.68444577
1691708801000,0.68444574,0.68444574,0.68444574
1691708802000,0.6844,0.6844,0.6844
1691708803000,0.6844,0.6844,0.6844
1691708804000,0.6844,0.6844,0.6844
1691708805000,0.6844,0.6844,0.6844
1691708806000,0.6844,0.6844,0.6844
1691708807000,0.6845,0.6845,0.6845
1691708808000,0.6844,0.6844,0.6844
1691708809000,0.6844,0.6844,0.6844
1691708810000,0.6844,0.6844,0.6844
1691708811000,0.6844038,0.6844038,0.6844038
1691708812000,0.68440376,0.68440376,0.68440376
1691708813000,0.6844038,0.6844038,0.6844038
1691708814000,0.6844038,0.6844038,0.6844038
1691708815000,0.6844038,0.6844038,0.6844038
1691708816000,0.68440698,0.68440698,0.68440698
1691708817000,0.68440698,0.68440698,0.68440698
1691708818000,0.68440783,0.68440783,0.68440783
1691708819000,0.68440787,0.68440787,0.68440787
1691708820000,0.68440783,0.68440783,0.68440783
1691708821000,0.6845,0.6845,0.6845
1691708822000,0.6845,0.6845,0.6845
1691708823000,0.68440238,0.68440238,0.68440238
1691708824000,0.68440242,0.68440242,0.68440242
1691708825000,0.68440242,0.68440242,0.68440242
1691708826000,0.6845,0.6845,0.6845
1691708827000,0.6845,0.6845,0.6845
1691708828000,0.68445051,0.68445051,0.68445051
1691708829000,0.68445051,0.68445051,0.68445051
1691708830000,0.68445051,0.68445051,0.68445051
1691708831000,0.68444984,0.68444984,0.68444984
1691708832000,0.68444984,0.68444984,0.68444984
1691708833000,0.68444716,0.68444716,0.68444716
1691708834000,0.6844,0.6844,0.6844
1691708835000,0.6844,0.6844,0.6844
1691708836000,0.6844,0.6844,0.6844
1691708837000,0.6844,0.6844,0.6844
1691708838000,0.6844,0.6844,0.6844
1691708839000,0.6844,0.6844,0.6844
1691708840000,0.68444835,0.68444835,0.68444835
1691708841000,0.6845,0.6845,0.6845
1691708842000,0.6845,0.6845,0.6845
1691708843000,0.68444798,0.68444798,0.68444798
1691708844000,0.68445607,0.68445607,0.68445607
1691708845000,0.68445607,0.68445607,0.68445607
1691708846000,0.68445607,0.68445607,0.68445607
1691708847000,0.68445644,0.68445644,0.68445644
1691708848000,0.68445644,0.68445644,0.68445644
1691708849000,0.6845,0.6845,0.6845
1691708850000,0.6845,0.6845,0.6845
1691708851000,0.6845,0.6845,0.6845
1691708852000,0.6845,0.6845,0.6845
1691708853000,0.68440498,0.68440498,0.68440498
1691708854000,0.6844058,0.6844058,0.6844058
1691708855000,0.68440661,0.68440661,0.68440661
1691708856000,0.68440664,0.68440664,0.68440664
1691708857000,0.68445623,0.68445623,0.68445623
1691708858000,0.6845,0.6845,0.6845
1691708859000,0.68445623,0.68445623,0.68445623
1691708860000,0.6844562,0.6844562,0.6844562
1691708861000,0.68445717,0.68445717,0.68445717
1691708862000,0.68445917,0.68445917,0.68445917
1691708863000,0.68445831,0.68445831,0.68445831
1691708864000,0.68445831,0.68445831,0.68445831
1691708865000,0.68445831,0.68445831,0.68445831
1691708866000,0.68445881,0.68445881,0.68445881
1691708867000,0.68445833,0.68445833,0.68445833
1691708868000,0.68445833,0.68445833,0.68445833
1691708869000,0.68445833,0.68445833,0.68445833
1691708870000,0.68445833,0.68445833,0.68445833
1691708871000,0.6845,0.6845,0.6845
1691708872000,0.6845,0.6845,0.6845
1691708873000,0.6845,0.6845,0.6845
1691708874000,0.68445894,0.68445894,0.68445894
1691708875000,0.68445894,0.68445894,0.68445894
1691708876000,0.68445894,0.68445894,0.68445894
1691708877000,0.68441479,0.68441479,0.68441479
1691708878000,0.68441482,0.68441482,0.68441482
1691708879000,0.68441568,0.68441568,0.68441568
1691708880000,0.68441482,0.68441482,0.68441482
1691708881000,0.68441564,0.68441564,0.68441564
1691708882000,0.68441564,0.68441564,0.68441564
1691708883000,0.6845,0.6845,0.6845
1691708884000,0.68446166,0.68446166,0.68446166
1691708885000,0.68446166,0.68446166,0.68446166
1691708886000,0.68446166,0.68446166,0.68446166
1691708887000,0.68446166,0.68446166,0.68446166
1691708888000,0.68441325,0.68441325,0.68441325
1691708889000,0.68441325,0.68441325,0.68441325
1691708890000,0.68441329,0.68441329,0.68441329
1691708891000,0.68441329,0.68441329,0.68441329
1691708892000,0.6844118,0.6844118,0.6844118
1691708893000,0.6844118,0.6844118,0.6844118
1691708894000,0.68441482,0.68441482,0.68441482
1691708895000,0.68441482,0.68441482,0.68441482
1691708896000,0.6845,0.6845,0.6845
1691708897000,0.6845,0.6845,0.6845
1691708898000,0.6845,0.6845,0.6845
1691708899000,0.68441724,0.68441724,0.68441724
1691708900000,0.68441724,0.68441724,0.68441724
1691708901000,0.68441721,0.68441721,0.68441721
1691708902000,0.68441724,0.68441724,0.68441724
1691708903000,0.68441683,0.68441683,0.68441683
1691708904000,0.68441683,0.68441683,0.68441683
1691708905000,0.68441796,0.68441796,0.68441796
1691708906000,0.68441796,0.68441796,0.68441796
1691708907000,0.68441796,0.68441796,0.68441796
1691708908000,0.6844183,0.6844183,0.6844183
1691708909000,0.6844183,0.6844183,0.6844183
1691708910000,0.68442154,0.68442154,0.68442154
1691708911000,0.68442069,0.68442069,0.68442069
1691708912000,0.68442069,0.68442069,0.68442069
1691708913000,0.68442069,0.68442069,0.68442069
1691708914000,0.68442121,0.68442121,0.68442121
1691708915000,0.6845,0.6845,0.6845
1691708916000,0.6845,0.6845,0.6845
1691708917000,0.6845,0.6845,0.6845
1691708918000,0.6845,0.6845,0.6845
1691708919000,0.68447217,0.68447217,0.68447217
1691708920000,0.68447217,0.68447217,0.68447217
1691708921000,0.68447217,0.68447217,0.68447217
1691708922000,0.68447294,0.68447294,0.68447294
1691708923000,0.68447391,0.68447391,0.68447391
1691708924000,0.68447391,0.68447391,0.68447391
1691708925000,0.68442391,0.68442391,0.68442391
1691708926000,0.68442388,0.68442388,0.68442388
1691708927000,0.68442503,0.68442503,0.68442503
1691708928000,0.68442394,0.68442394,0.68442394
1691708929000,0.68442476,0.68442476,0.68442476
1691708930000,0.68442476,0.68442476,0.68442476
1691708931000,0.6844248,0.6844248,0.6844248
1691708932000,0.6844248,0.6844248,0.6844248
1691708933000,0.68442707,0.68442707,0.68442707
1691708934000,0.68442704,0.68442704,0.68442704
1691708935000,0.68442704,0.68442704,0.68442704
1691708936000,0.6844,0.6844,0.6844
1691708937000,0.6845,0.6845,0.6845
1691708938000,0.6844,0.6844,0.6844
1691708939000,0.6844,0.6844,0.6844
1691708940000,0.6844,0.6844,0.6844
1691708941000,0.6844,0.6844,0.6844
1691708942000,0.68425655,0.68425655,0.68425655
1691708943000,0.68425655,0.68425655,0.68425655
1691708944000,0.6841,0.6841,0.6841
1691708945000,0.6841,0.6841,0.6841
1691708946000,0.6841,0.6841,0.6841
1691708947000,0.6841,0.6841,0.6841
1691708948000,0.6841,0.6841,0.6841
1691708949000,0.6842,0.6842,0.6842
1691708950000,0.68417559,0.68417559,0.68417559
1691708951000,0.6842,0.6842,0.6842
1691708952000,0.6842,0.6842,0.6842
1691708953000,0.68420559,0.68420559,0.68420559
1691708954000,0.68420821,0.68420821,0.68420821
1691708955000,0.6842079,0.6842079,0.6842079
1691708956000,0.6842079,0.6842079,0.6842079
1691708957000,0.68420875,0.68420875,0.68420875
1691708958000,0.68425875,0.68425875,0.68425875
1691708959000,0.68425823,0.68425823,0.68425823
1691708960000,0.68425925,0.68425925,0.68425925
1691708961000,0.68425925,0.68425925,0.68425925
1691708962000,0.68425925,0.68425925,0.68425925
1691708963000,0.68425925,0.68425925,0.68425925
1691708964000,0.68425861,0.68425861,0.68425861
1691708965000,0.68425059,0.68425059,0.68425059
1691708966000,0.68424764,0.68424764,0.68424764
1691708967000,0.68424764,0.68424764,0.68424764
1691708968000,0.68424739,0.68424739,0.68424739
1691708969000,0.68424739,0.68424739,0.68424739
1691708970000,0.6842495,0.6842495,0.6842495
1691708971000,0.68424467,0.68424467,0.68424467
1691708972000,0.68418717,0.68418717,0.68418717
1691708973000,0.68418717,0.68418717,0.68418717
1691708974000,0.68418717,0.68418717,0.68418717
1691708975000,0.68418802,0.68418802,0.68418802
1691708976000,0.68418802,0.68418802,0.68418802
1691708977000,0.68418063,0.68418063,0.68418063
1691708978000,0.68403478,0.68403478,0.68403478
1691708979000,0.68403478,0.68403478,0.68403478
1691708980000,0.68403563,0.68403563,0.68403563
1691708981000,0.68403563,0.68403563,0.68403563
1691708982000,0.6840314,0.6840314,0.6840314
1691708983000,0.6840239,0.6840239,0.6840239
1691708984000,0.68402394,0.68402394,0.68402394
1691708985000,0.68402476,0.68402476,0.68402476
1691708986000,0.68402476,0.68402476,0.68402476
1691708987000,0.68403226,0.68403226,0.68403226
1691708988000,0.68403073,0.68403073,0.68403073
1691708989000,0.68402987,0.68402987,0.68402987
1691708990000,0.68402984,0.68402984,0.68402984
1691708991000,0.68402984,0.68402984,0.68402984
1691708992000,0.68402984,0.68402984,0.68402984
1691708993000,0.6840282,0.6840282,0.6840282
1691708994000,0.68402301,0.68402301,0.68402301
1691708995000,0.68402363,0.68402363,0.68402363
1691708996000,0.6840227,0.6840227,0.6840227
1691708997000,0.6840227,0.6840227,0.6840227
1691708998000,0.6840227,0.6840227,0.6840227
1691708999000,0.68397196,0.68397196,0.68397196
1691709000000,0.6839339,0.6839339,0.6839339
1691709001000,0.68393235,0.68393235,0.68393235
1691709002000,0.68393225,0.68393225,0.68393225
1691709003000,0.68393225,0.68393225,0.68393225
1691709004000,0.68393306,0.68393306,0.68393306
1691709005000,0.68393209,0.68393209,0.68393209
1691709006000,0.68393212,0.68393212,0.68393212
1691709007000,0.68393212,0.68393212,0.68393212
1691709008000,0.68393212,0.68393212,0.68393212
1691709009000,0.684,0.684,0.684
1691709010000,0.6839321,0.6839321,0.6839321
1691709011000,0.68393151,0.68393151,0.68393151
1691709012000,0.68393151,0.68393151,0.68393151
1691709013000,0.68393151,0.68393151,0.68393151
1691709014000,0.68393032,0.68393032,0.68393032
1691709015000,0.684,0.684,0.684
1691709016000,0.684,0.684,0.684
1691709017000,0.684,0.684,0.684
1691709018000,0.68398095,0.68398095,0.68398095
1691709019000,0.684,0.684,0.684
1691709020000,0.68398095,0.68398095,0.68398095
1691709021000,0.68397959,0.68397959,0.68397959
1691709022000,0.684,0.684,0.684
1691709023000,0.684,0.684,0.684
1691709024000,0.684,0.684,0.684
1691709025000,0.68397752,0.68397752,0.68397752
1691709026000,0.68397748,0.68397748,0.68397748
1691709027000,0.68397671,0.68397671,0.68397671
1691709028000,0.68396129,0.68396129,0.68396129
1691709029000,0.68396125,0.68396125,0.68396125
1691709030000,0.68396125,0.68396125,0.68396125
1691709031000,0.68396211,0.68396211,0.68396211
1691709032000,0.68396059,0.68396059,0.68396059
1691709033000,0.68396059,0.68396059,0.68396059
1691709034000,0.68395973,0.68395973,0.68395973
1691709035000,0.68397562,0.68397562,0.68397562
1691709036000,0.68397562,0.68397562,0.68397562
1691709037000,0.68397562,0.68397562,0.68397562
1691709038000,0.68392385,0.68392385,0.68392385
1691709039000,0.68392385,0.68392385,0.68392385
1691709040000,0.68392385,0.68392385,0.68392385
1691709041000,0.68392385,0.68392385,0.68392385
1691709042000,0.68392385,0.68392385,0.68392385
1691709043000,0.68392204,0.68392204,0.68392204
1691709044000,0.684,0.684,0.684
1691709045000,0.6839218,0.6839218,0.6839218
1691709046000,0.68392176,0.68392176,0.68392176
1691709047000,0.68392176,0.68392176,0.68392176
1691709048000,0.68392176,0.68392176,0.68392176
1691709049000,0.6839,0.6839,0.6839
1691709050000,0.6839,0.6839,0.6839
1691709051000,0.6839,0.6839,0.6839
1691709052000,0.68392502,0.68392502,0.68392502
1691709053000,0.684,0.684,0.684
1691709054000,0.684,0.684,0.684
1691709055000,0.68392396,0.68392396,0.68392396
1691709056000,0.68392396,0.68392396,0.68392396
1691709057000,0.684,0.684,0.684
1691709058000,0.684,0.684,0.684
1691709059000,0.68392396,0.68392396,0.68392396
1691709060000,0.68392384,0.68392384,0.68392384
1691709061000,0.68392381,0.68392381,0.68392381
1691709062000,0.684,0.684,0.684
1691709063000,0.68392384,0.68392384,0.68392384
1691709064000,0.68392381,0.68392381,0.68392381
1691709065000,0.684,0.684,0.684
1691709066000,0.68392529,0.68392529,0.68392529
1691709067000,0.6842,0.6842,0.6842
1691709068000,0.6842,0.6842,0.6842
1691709069000,0.6842,0.6842,0.6842
1691709070000,0.68414265,0.68414265,0.68414265
1691709071000,0.68414439,0.68414439,0.68414439
1691709072000,0.68414642,0.68414642,0.68414642
1691709073000,0.68414642,0.68414642,0.68414642
1691709074000,0.68414727,0.68414727,0.68414727
1691709075000,0.68414727,0.68414727,0.68414727
1691709076000,0.68414851,0.68414851,0.68414851
1691709077000,0.68414922,0.68414922,0.68414922
1691709078000,0.68414926,0.68414926,0.68414926
1691709079000,0.6842,0.6842,0.6842
1691709080000,0.6842,0.6842,0.6842
1691709081000,0.6841484,0.6841484,0.6841484
1691709082000,0.68415118,0.68415118,0.68415118
1691709083000,0.68415114,0.68415114,0.68415114
1691709084000,0.68415114,0.68415114,0.68415114
1691709085000,0.68415114,0.68415114,0.68415114
1691709086000,0.68415032,0.68415032,0.68415032
1691709087000,0.68415065,0.68415065,0.68415065
1691709088000,0.68415065,0.68415065,0.68415065
1691709089000,0.6841515,0.6841515,0.6841515
1691709090000,0.6841515,0.6841515,0.6841515
1691709091000,0.68410732,0.68410732,0.68410732
1691709092000,0.68415068,0.68415068,0.68415068
1691709093000,0.6841515,0.6841515,0.6841515
1691709094000,0.6841515,0.6841515,0.6841515
1691709095000,0.68419568,0.68419568,0.68419568
1691709096000,0.68419572,0.68419572,0.68419572
1691709097000,0.68419601,0.68419601,0.68419601
1691709098000,0.68419601,0.68419601,0.68419601
1691709099000,0.68419535,0.68419535,0.68419535
1691709100000,0.6841945,0.6841945,0.6841945
1691709101000,0.6841945,0.6841945,0.6841945
1691709102000,0.68419446,0.68419446,0.68419446
1691709103000,0.68419506,0.68419506,0.68419506
1691709104000,0.68419442,0.68419442,0.68419442
1691709105000,0.68415023,0.68415023,0.68415023
1691709106000,0.6841502,0.6841502,0.6841502
1691709107000,0.6841502,0.6841502,0.6841502
1691709108000,0.68419385,0.68419385,0.68419385
1691709109000,0.68419385,0.68419385,0.68419385
1691709110000,0.68419053,0.68419053,0.68419053
1691709111000,0.68419053,0.68419053,0.68419053
1691709112000,0.68419139,0.68419139,0.68419139
1691709113000,0.68419139,0.68419139,0.68419139
1691709114000,0.68419068,0.68419068,0.68419068
1691709115000,0.68418754,0.68418754,0.68418754
1691709116000,0.68418843,0.68418843,0.68418843
1691709117000,0.68418843,0.68418843,0.68418843
1691709118000,0.68418839,0.68418839,0.68418839
1691709119000,0.68414455,0.68414455,0.68414455
1691709120000,0.68414458,0.68414458,0.68414458
1691709121000,0.6842,0.6842,0.6842
1691709122000,0.6842,0.6842,0.6842
1691709123000,0.68414238,0.68414238,0.68414238
1691709124000,0.68414238,0.68414238,0.68414238
1691709125000,0.68414149,0.68414149,0.68414149
1691709126000,0.68414079,0.68414079,0.68414079
1691709127000,0.68414079,0.68414079,0.68414079
1691709128000,0.68418494,0.68418494,0.68418494
1691709129000,0.68418538,0.68418538,0.68418538
1691709130000,0.68418542,0.68418542,0.68418542
1691709131000,0.68418542,0.68418542,0.68418542
1691709132000,0.68418464,0.68418464,0.68418464
1691709133000,0.68418472,0.68418472,0.68418472
1691709134000,0.68418472,0.68418472,0.68418472
1691709135000,0.68418472,0.68418472,0.68418472
1691709136000,0.6842,0.6842,0.6842
1691709137000,0.68418312,0.68418312,0.68418312
1691709138000,0.68418312,0.68418312,0.68418312
1691709139000,0.68418275,0.68418275,0.68418275
1691709140000,0.68418275,0.68418275,0.68418275
1691709141000,0.68418275,0.68418275,0.68418275
1691709142000,0.6841836,0.6841836,0.6841836
1691709143000,0.68418057,0.68418057,0.68418057
1691709144000,0.68418057,0.68418057,0.68418057
1691709145000,0.6841806,0.6841806,0.6841806
1691709146000,0.6841806,0.6841806,0.6841806
1691709147000,0.68418057,0.68418057,0.68418057
1691709148000,0.68417829,0.68417829,0.68417829
1691709149000,0.68417829,0.68417829,0.68417829
1691709150000,0.68417829,0.68417829,0.68417829
1691709151000,0.68417832,0.68417832,0.68417832
1691709152000,0.68417914,0.68417914,0.68417914
1691709153000,0.68417914,0.68417914,0.68417914
1691709154000,0.68417561,0.68417561,0.68417561
1691709155000,0.68417561,0.68417561,0.68417561
1691709156000,0.68417413,0.68417413,0.68417413
1691709157000,0.68417413,0.68417413,0.68417413
1691709158000,0.68417498,0.68417498,0.68417498
1691709159000,0.68417049,0.68417049,0.68417049
1691709160000,0.68417049,0.68417049,0.68417049
1691709161000,0.68416964,0.68416964,0.68416964
1691709162000,0.68416964,0.68416964,0.68416964
1691709163000,0.68416964,0.68416964,0.68416964
1691709164000,0.68416967,0.68416967,0.68416967
1691709165000,0.68416687,0.68416687,0.68416687
1691709166000,0.68416691,0.68416691,0.68416691
1691709167000,0.68416691,0.68416691,0.68416691
1691709168000,0.68416687,0.68416687,0.68416687
1691709169000,0.68412358,0.68412358,0.68412358
1691709170000,0.68412135,0.68412135,0.68412135
1691709171000,0.68412135,0.68412135,0.68412135
1691709172000,0.68412053,0.68412053,0.68412053
1691709173000,0.68412138,0.68412138,0.68412138
1691709174000,0.68412138,0.68412138,0.68412138
1691709175000,0.68412161,0.68412161,0.68412161
1691709176000,0.68412722,0.68412722,0.68412722
1691709177000,0.68412722,0.68412722,0.68412722
1691709178000,0.68412722,0.68412722,0.68412722
1691709179000,0.68412666,0.68412666,0.68412666
1691709180000,0.68412666,0.68412666,0.68412666
1691709181000,0.68412666,0.68412666,0.68412666
1691709182000,0.68412264,0.68412264,0.68412264
1691709183000,0.68412179,0.68412179,0.68412179
1691709184000,0.68412179,0.68412179,0.68412179
1691709185000,0.68412201,0.68412201,0.68412201
1691709186000,0.68412201,0.68412201,0.68412201
1691709187000,0.68412125,0.68412125,0.68412125
1691709188000,0.68412125,0.68412125,0.68412125
1691709189000,0.68412125,0.68412125,0.68412125
1691709190000,0.68412125,0.68412125,0.68412125
1691709191000,0.68412125,0.68412125,0.68412125
1691709192000,0.68412122,0.68412122,0.68412122
1691709193000,0.68413376,0.68413376,0.68413376
1691709194000,0.68413376,0.68413376,0.68413376
1691709195000,0.68413305,0.68413305,0.68413305
1691709196000,0.68413305,0.68413305,0.68413305
1691709197000,0.68408305,0.68408305,0.68408305
1691709198000,0.68407308,0.68407308,0.68407308
1691709199000,0.68407308,0.68407308,0.68407308
1691709200000,0.68407323,0.68407323,0.68407323
1691709201000,0.68407323,0.68407323,0.68407323
1691709202000,0.68407323,0.68407323,0.68407323
1691709203000,0.68407326,0.68407326,0.68407326
1691709204000,0.68407237,0.68407237,0.68407237
1691709205000,0.68407237,0.68407237,0.68407237
1691709206000,0.68407211,0.68407211,0.68407211
1691709207000,0.68407211,0.68407211,0.68407211
1691709208000,0.6841,0.6841,0.6841
1691709209000,0.68406897,0.68406897,0.68406897
1691709210000,0.68406897,0.68406897,0.68406897
1691709211000,0.68406882,0.68406882,0.68406882
1691709212000,0.68406967,0.68406967,0.68406967
1691709213000,0.68406967,0.68406967,0.68406967
1691709214000,0.68406967,0.68406967,0.68406967
1691709215000,0.68406762,0.68406762,0.68406762
1691709216000,0.68406762,0.68406762,0.68406762
1691709217000,0.68406758,0.68406758,0.68406758
1691709218000,0.68406758,0.68406758,0.68406758
1691709219000,0.68406758,0.68406758,0.68406758
1691709220000,0.68411633,0.68411633,0.68411633
1691709221000,0.68411551,0.68411551,0.68411551
1691709222000,0.68411551,0.68411551,0.68411551
1691709223000,0.68410798,0.68410798,0.68410798
1691709224000,0.68410801,0.68410801,0.68410801
1691709225000,0.6843,0.6843,0.6843
1691709226000,0.6843,0.6843,0.6843
1691709227000,0.6843,0.6843,0.6843
1691709228000,0.6844,0.6844,0.6844
1691709229000,0.6844,0.6844,0.6844
1691709230000,0.6844,0.6844,0.6844
1691709231000,0.6844,0.6844,0.6844
1691709232000,0.6843,0.6843,0.6843
1691709233000,0.6843,0.6843,0.6843
1691709234000,0.6843,0.6843,0.6843
1691709235000,0.6843,0.6843,0.6843
1691709236000,0.6843,0.6843,0.6843
1691709237000,0.6843,0.6843,0.6843
1691709238000,0.6843,0.6843,0.6843
1691709239000,0.6843,0.6843,0.6843
1691709240000,0.6843,0.6843,0.6843
1691709241000,0.6843,0.6843,0.6843
1691709242000,0.6843,0.6843,0.6843
1691709243000,0.6843,0.6843,0.6843
1691709244000,0.6843,0.6843,0.6843
1691709245000,0.6843,0.6843,0.6843
1691709246000,0.6843,0.6843,0.6843
1691709247000,0.6843,0.6843,0.6843
1691709248000,0.6843,0.6843,0.6843
1691709249000,0.6843,0.6843,0.6843
1691709250000,0.6843,0.6843,0.6843
1691709251000,0.6844,0.6844,0.6844
1691709252000,0.6844,0.6844,0.6844
1691709253000,0.6844,0.6844,0.6844
1691709254000,0.6844,0.6844,0.6844
1691709255000,0.6844,0.6844,0.6844
1691709256000,0.6844,0.6844,0.6844
1691709257000,0.6844,0.6844,0.6844
1691709258000,0.68431051,0.68431051,0.68431051
1691709259000,0.6844,0.6844,0.6844
1691709260000,0.6844,0.6844,0.6844
1691709261000,0.6844,0.6844,0.6844
1691709262000,0.6844,0.6844,0.6844
1691709263000,0.68431433,0.68431433,0.68431433
1691709264000,0.68431565,0.68431565,0.68431565
1691709265000,0.68431565,0.68431565,0.68431565
1691709266000,0.68431565,0.68431565,0.68431565
1691709267000,0.68431565,0.68431565,0.68431565
1691709268000,0.68431565,0.68431565,0.68431565
1691709269000,0.6844,0.6844,0.6844
1691709270000,0.6844,0.6844,0.6844
1691709271000,0.6844,0.6844,0.6844
1691709272000,0.6844,0.6844,0.6844
1691709273000,0.6842,0.6842,0.6842
1691709274000,0.6842,0.6842,0.6842
1691709275000,0.6842,0.6842,0.6842
1691709276000,0.6842,0.6842,0.6842
1691709277000,0.6842,0.6842,0.6842
1691709278000,0.6841515,0.6841515,0.6841515
1691709279000,0.68415897,0.68415897,0.68415897
1691709280000,0.68415897,0.68415897,0.68415897
1691709281000,0.68416132,0.68416132,0.68416132
1691709282000,0.68416132,0.68416132,0.68416132
1691709283000,0.68416132,0.68416132,0.68416132
1691709284000,0.68416132,0.68416132,0.68416132
1691709285000,0.68416132,0.68416132,0.68416132
1691709286000,0.68416132,0.68416132,0.68416132
1691709287000,0.68416154,0.68416154,0.68416154
1691709288000,0.68416154,0.68416154,0.68416154
1691709289000,0.68416154,0.68416154,0.68416154
1691709290000,0.68414654,0.68414654,0.68414654
1691709291000,0.68414736,0.68414736,0.68414736
1691709292000,0.68414728,0.68414728,0.68414728
1691709293000,0.68414728,0.68414728,0.68414728
1691709294000,0.68414728,0.68414728,0.68414728
1691709295000,0.68414728,0.68414728,0.68414728
1691709296000,0.68414728,0.68414728,0.68414728
1691709297000,0.68414728,0.68414728,0.68414728
1691709298000,0.68414798,0.68414798,0.68414798
1691709299000,0.68414798,0.68414798,0.68414798
1691709300000,0.68414798,0.68414798,0.68414798
1691709301000,0.68414798,0.68414798,0.68414798
1691709302000,0.6841,0.6841,0.6841
1691709303000,0.6841,0.6841,0.6841
1691709304000,0.6841,0.6841,0.6841
1691709305000,0.6841,0.6841,0.6841
1691709306000,0.6841,0.6841,0.6841
1691709307000,0.6841,0.6841,0.6841
1691709308000,0.6841,0.6841,0.6841
1691709309000,0.6841,0.6841,0.6841
1691709310000,0.68414885,0.68414885,0.68414885
1691709311000,0.68414885,0.68414885,0.68414885
1691709312000,0.6842,0.6842,0.6842
1691709313000,0.6842,0.6842,0.6842
1691709314000,0.6841,0.6841,0.6841
1691709315000,0.6843,0.6843,0.6843
1691709316000,0.6842,0.6842,0.6842
1691709317000,0.6843,0.6843,0.6843
1691709318000,0.6843,0.6843,0.6843
1691709319000,0.6842,0.6842,0.6842
1691709320000,0.6842,0.6842,0.6842
1691709321000,0.6842,0.6842,0.6842
1691709322000,0.6842,0.6842,0.6842
1691709323000,0.6842,0.6842,0.6842
1691709324000,0.6842,0.6842,0.6842
1691709325000,0.6842,0.6842,0.6842
1691709326000,0.6843,0.6843,0.6843
1691709327000,0.6842,0.6842,0.6842
1691709328000,0.6842,0.6842,0.6842
1691709329000,0.6842,0.6842,0.6842
1691709330000,0.6842,0.6842,0.6842
1691709331000,0.6842,0.6842,0.6842
1691709332000,0.6842,0.6842,0.6842
1691709333000,0.6842,0.6842,0.6842
1691709334000,0.6842,0.6842,0.6842
1691709335000,0.6842,0.6842,0.6842
1691709336000,0.6842,0.6842,0.6842
1691709337000,0.6842,0.6842,0.6842
1691709338000,0.6842,0.6842,0.6842
1691709339000,0.6842,0.6842,0.6842
1691709340000,0.6842,0.6842,0.6842
1691709341000,0.6842,0.6842,0.6842
1691709342000,0.6842,0.6842,0.6842
1691709343000,0.6842,0.6842,0.6842
1691709344000,0.68422161,0.68422161,0.68422161
1691709345000,0.68422165,0.68422165,0.68422165
1691709346000,0.68422079,0.68422079,0.68422079
1691709347000,0.68422048,0.68422048,0.68422048
1691709348000,0.68422167,0.68422167,0.68422167
1691709349000,0.68422167,0.68422167,0.68422167
1691709350000,0.68422085,0.68422085,0.68422085
1691709351000,0.68422082,0.68422082,0.68422082
1691709352000,0.68422082,0.68422082,0.68422082
1691709353000,0.68421921,0.68421921,0.68421921
1691709354000,0.6842201,0.6842201,0.6842201
1691709355000,0.6842201,0.6842201,0.6842201
1691709356000,0.6842201,0.6842201,0.6842201
1691709357000,0.68422007,0.68422007,0.68422007
1691709358000,0.6842201,0.6842201,0.6842201
1691709359000,0.68412027,0.68412027,0.68412027
1691709360000,0.68412027,0.68412027,0.68412027
1691709361000,0.68412027,0.68412027,0.68412027
1691709362000,0.6842,0.6842,0.6842
1691709363000,0.6842,0.6842,0.6842
1691709364000,0.6842,0.6842,0.6842
1691709365000,0.6844,0.6844,0.6844
1691709366000,0.6846,0.6846,0.6846
1691709367000,0.6847,0.6847,0.6847
1691709368000,0.6846,0.6846,0.6846
1691709369000,0.6844,0.6844,0.6844
1691709370000,0.6844,0.6844,0.6844
1691709371000,0.68442321,0.68442321,0.68442321
1691709372000,0.68442324,0.68442324,0.68442324
1691709373000,0.68442324,0.68442324,0.68442324
1691709374000,0.68442339,0.68442339,0.68442339
1691709375000,0.68436439,0.68436439,0.68436439
1691709376000,0.6843669,0.6843669,0.6843669
1691709377000,0.6844,0.6844,0.6844
1691709378000,0.6844,0.6844,0.6844
1691709379000,0.68436686,0.68436686,0.68436686
1691709380000,0.68436686,0.68436686,0.68436686
1691709381000,0.6844,0.6844,0.6844
1691709382000,0.6844,0.6844,0.6844
1691709383000,0.6844,0.6844,0.6844
1691709384000,0.68436513,0.68436513,0.68436513
1691709385000,0.6844,0.6844,0.6844
1691709386000,0.6845,0.6845,0.6845
1691709387000,0.6845,0.6845,0.6845
1691709388000,0.6845,0.6845,0.6845
1691709389000,0.6844,0.6844,0.6844
1691709390000,0.6844,0.6844,0.6844
1691709391000,0.6844,0.6844,0.6844
1691709392000,0.6844,0.6844,0.6844
1691709393000,0.6844,0.6844,0.6844
1691709394000,0.6844,0.6844,0.6844
1691709395000,0.6845,0.6845,0.6845
1691709396000,0.6844,0.6844,0.6844
1691709397000,0.6844,0.6844,0.6844
1691709398000,0.6844,0.6844,0.6844
1691709399000,0.6844,0.6844,0.6844
1691709400000,0.6844,0.6844,0.6844
1691709401000,0.6844,0.6844,0.6844
1691709402000,0.6844,0.6844,0.6844
1691709403000,0.6844,0.6844,0.6844
1691709404000,0.6844,0.6844,0.6844
1691709405000,0.6844,0.6844,0.6844
1691709406000,0.6844,0.6844,0.6844
1691709407000,0.6844,0.6844,0.6844
1691709408000,0.6844,0.6844,0.6844
1691709409000,0.68431521,0.68431521,0.68431521
1691709410000,0.68431521,0.68431521,0.68431521
1691709411000,0.68431521,0.68431521,0.68431521
1691709412000,0.68431521,0.68431521,0.68431521
1691709413000,0.68431521,0.68431521,0.68431521
1691709414000,0.68431802,0.68431802,0.68431802
1691709415000,0.68431791,0.68431791,0.68431791
1691709416000,0.68431791,0.68431791,0.68431791
1691709417000,0.68431791,0.68431791,0.68431791
1691709418000,0.68431705,0.68431705,0.68431705
1691709419000,0.68431815,0.68431815,0.68431815
1691709420000,0.68431804,0.68431804,0.68431804
1691709421000,0.68431804,0.68431804,0.68431804
1691709422000,0.68431889,0.68431889,0.68431889
1691709423000,0.68431807,0.68431807,0.68431807
1691709424000,0.6844,0.6844,0.6844
1691709425000,0.68431841,0.68431841,0.68431841
1691709426000,0.68431841,0.68431841,0.68431841
1691709427000,0.68431845,0.68431845,0.68431845
1691709428000,0.68431845,0.68431845,0.68431845
1691709429000,0.68431845,0.68431845,0.68431845
1691709430000,0.68431885,0.68431885,0.68431885
1691709431000,0.68431885,0.68431885,0.68431885
1691709432000,0.68431971,0.68431971,0.68431971
1691709433000,0.68431967,0.68431967,0.68431967
1691709434000,0.68431967,0.68431967,0.68431967
1691709435000,0.6844,0.6844,0.6844
1691709436000,0.6844,0.6844,0.6844
1691709437000,0.68431373,0.68431373,0.68431373
1691709438000,0.68431373,0.68431373,0.68431373
1691709439000,0.68431376,0.68431376,0.68431376
1691709440000,0.68431376,0.68431376,0.68431376
1691709441000,0.68436373,0.68436373,0.68436373
1691709442000,0.68436416,0.68436416,0.68436416
1691709443000,0.68436416,0.68436416,0.68436416
1691709444000,0.68436419,0.68436419,0.68436419
1691709445000,0.68436505,0.68436505,0.68436505
1691709446000,0.68436505,0.68436505,0.68436505
1691709447000,0.68435741,0.68435741,0.68435741
1691709448000,0.68435741,0.68435741,0.68435741
1691709449000,0.68435741,0.68435741,0.68435741
1691709450000,0.68435745,0.68435745,0.68435745
1691709451000,0.68435745,0.68435745,0.68435745
1691709452000,0.68435745,0.68435745,0.68435745
1691709453000,0.68435967,0.68435967,0.68435967
1691709454000,0.68435967,0.68435967,0.68435967
1691709455000,0.68435964,0.68435964,0.68435964
1691709456000,0.68436714,0.68436714,0.68436714
1691709457000,0.68436717,0.68436717,0.68436717
1691709458000,0.68436934,0.68436934,0.68436934
1691709459000,0.68436934,0.68436934,0.68436934
1691709460000,0.68436934,0.68436934,0.68436934
1691709461000,0.68436934,0.68436934,0.68436934
1691709462000,0.68436934,0.68436934,0.68436934
1691709463000,0.68436938,0.68436938,0.68436938
1691709464000,0.68436975,0.68436975,0.68436975
1691709465000,0.68436975,0.68436975,0.68436975
1691709466000,0.68436975,0.68436975,0.68436975
1691709467000,0.68436978,0.68436978,0.68436978
1691709468000,0.68436978,0.68436978,0.68436978
1691709469000,0.6844,0.6844,0.6844
1691709470000,0.6844,0.6844,0.6844
1691709471000,0.6844,0.6844,0.6844
1691709472000,0.6844,0.6844,0.6844
1691709473000,0.6844,0.6844,0.6844
1691709474000,0.6844,0.6844,0.6844
1691709475000,0.6844,0.6844,0.6844
1691709476000,0.6844,0.6844,0.6844
1691709477000,0.6845,0.6845,0.6845
1691709478000,0.6846,0.6846,0.6846
1691709479000,0.6846,0.6846,0.6846
1691709480000,0.6846,0.6846,0.6846
1691709481000,0.6846,0.6846,0.6846
1691709482000,0.6846,0.6846,0.6846
1691709483000,0.6846,0.6846,0.6846
1691709484000,0.6846,0.6846,0.6846
1691709485000,0.6847,0.6847,0.6847
1691709486000,0.6847,0.6847,0.6847
1691709487000,0.6847,0.6847,0.6847
1691709488000,0.6847,0.6847,0.6847
1691709489000,0.6846,0.6846,0.6846
1691709490000,0.6846,0.6846,0.6846
1691709491000,0.6847,0.6847,0.6847
1691709492000,0.6847,0.6847,0.6847
1691709493000,0.6847,0.6847,0.6847
1691709494000,0.6847,0.6847,0.6847
1691709495000,0.6846,0.6846,0.6846
1691709496000,0.6846,0.6846,0.6846
1691709497000,0.6846,0.6846,0.6846
1691709498000,0.6847,0.6847,0.6847
1691709499000,0.6846,0.6846,0.6846
1691709500000,0.68460959,0.68460959,0.68460959
1691709501000,0.68460959,0.68460959,0.68460959
1691709502000,0.68461167,0.68461167,0.68461167
1691709503000,0.68461164,0.68461164,0.68461164
1691709504000,0.68461082,0.68461082,0.68461082
1691709505000,0.68461082,0.68461082,0.68461082
1691709506000,0.68462667,0.68462667,0.68462667
1691709507000,0.68462667,0.68462667,0.68462667
1691709508000,0.68462878,0.68462878,0.68462878
1691709509000,0.68462792,0.68462792,0.68462792
1691709510000,0.68462789,0.68462789,0.68462789
1691709511000,0.68462789,0.68462789,0.68462789
1691709512000,0.68462789,0.68462789,0.68462789
1691709513000,0.68462792,0.68462792,0.68462792
1691709514000,0.68462643,0.68462643,0.68462643
1691709515000,0.68462643,0.68462643,0.68462643
1691709516000,0.6846264,0.6846264,0.6846264
1691709517000,0.6846264,0.6846264,0.6846264
1691709518000,0.68462788,0.68462788,0.68462788
1691709519000,0.68462639,0.68462639,0.68462639
1691709520000,0.68462639,0.68462639,0.68462639
1691709521000,0.68462639,0.68462639,0.68462639
1691709522000,0.68462639,0.68462639,0.68462639
1691709523000,0.68462639,0.68462639,0.68462639
1691709524000,0.68462639,0.68462639,0.68462639
1691709525000,0.68462738,0.68462738,0.68462738
1691709526000,0.68462815,0.68462815,0.68462815
1691709527000,0.68462812,0.68462812,0.68462812
1691709528000,0.68462812,0.68462812,0.68462812
1691709529000,0.68462812,0.68462812,0.68462812
1691709530000,0.68462574,0.68462574,0.68462574
1691709531000,0.68462574,0.68462574,0.68462574
1691709532000,0.68461192,0.68461192,0.68461192
1691709533000,0.68461192,0.68461192,0.68461192
1691709534000,0.68461195,0.68461195,0.68461195
1691709535000,0.68461195,0.68461195,0.68461195
1691709536000,0.68465191,0.68465191,0.68465191
1691709537000,0.68465188,0.68465188,0.68465188
1691709538000,0.68465188,0.68465188,0.68465188
1691709539000,0.68463886,0.68463886,0.68463886
1691709540000,0.68463886,0.68463886,0.68463886
1691709541000,0.6846,0.6846,0.6846
1691709542000,0.6846,0.6846,0.6846
1691709543000,0.6846,0.6846,0.6846
1691709544000,0.6846,0.6846,0.6846
1691709545000,0.6845932,0.6845932,0.6845932
1691709546000,0.6845932,0.6845932,0.6845932
1691709547000,0.6846058,0.6846058,0.6846058
1691709548000,0.6846058,0.6846058,0.6846058
1691709549000,0.6846058,0.6846058,0.6846058
1691709550000,0.68464925,0.68464925,0.68464925
1691709551000,0.68464928,0.68464928,0.68464928
1691709552000,0.6846471,0.6846471,0.6846471
1691709553000,0.6846471,0.6846471,0.6846471
1691709554000,0.68460365,0.68460365,0.68460365
1691709555000,0.6846044,0.6846044,0.6846044
1691709556000,0.6846044,0.6846044,0.6846044
1691709557000,0.68460365,0.68460365,0.68460365
1691709558000,0.68460218,0.68460218,0.68460218
1691709559000,0.68460218,0.68460218,0.68460218
1691709560000,0.68460218,0.68460218,0.68460218
1691709561000,0.68460218,0.68460218,0.68460218
1691709562000,0.68460218,0.68460218,0.68460218
1691709563000,0.68460163,0.68460163,0.68460163
1691709564000,0.68460166,0.68460166,0.68460166
1691709565000,0.68460166,0.68460166,0.68460166
1691709566000,0.68460166,0.68460166,0.68460166
1691709567000,0.68460163,0.68460163,0.68460163
1691709568000,0.68460163,0.68460163,0.68460163
1691709569000,0.68460274,0.68460274,0.68460274
1691709570000,0.68460277,0.68460277,0.68460277
1691709571000,0.68460348,0.68460348,0.68460348
1691709572000,0.68460274,0.68460274,0.68460274
1691709573000,0.68460274,0.68460274,0.68460274
1691709574000,0.68460383,0.68460383,0.68460383
1691709575000,0.6847,0.6847,0.6847
1691709576000,0.6847,0.6847,0.6847
1691709577000,0.6847,0.6847,0.6847
1691709578000,0.6847,0.6847,0.6847
1691709579000,0.6847,0.6847,0.6847
1691709580000,0.6846,0.6846,0.6846
1691709581000,0.6846,0.6846,0.6846
1691709582000,0.6846,0.6846,0.6846
1691709583000,0.6846,0.6846,0.6846
1691709584000,0.6846,0.6846,0.6846
1691709585000,0.6846,0.6846,0.6846
1691709586000,0.6846,0.6846,0.6846
1691709587000,0.6846,0.6846,0.6846
1691709588000,0.6846,0.6846,0.6846
1691709589000,0.6846,0.6846,0.6846
1691709590000,0.6846,0.6846,0.6846
1691709591000,0.6846,0.6846,0.6846
1691709592000,0.6846,0.6846,0.6846
1691709593000,0.6846,0.6846,0.6846
1691709594000,0.6846,0.6846,0.6846
1691709595000,0.6846,0.6846,0.6846
1691709596000,0.6846,0.6846,0.6846
1691709597000,0.6846,0.6846,0.6846
1691709598000,0.6847,0.6847,0.6847
1691709599000,0.6847,0.6847,0.6847
1691709600000,0.6847,0.6847,0.6847
1691709601000,0.6847,0.6847,0.6847
1691709602000,0.6847,0.6847,0.6847
1691709603000,0.68462215,0.68462215,0.68462215
1691709604000,0.6849,0.6849,0.6849
1691709605000,0.6849,0.6849,0.6849
1691709606000,0.6848,0.6848,0.6848
1691709607000,0.6848,0.6848,0.6848
1691709608000,0.6848,0.6848,0.6848
1691709609000,0.6848,0.6848,0.6848
1691709610000,0.6848,0.6848,0.6848
1691709611000,0.6848,0.6848,0.6848
1691709612000,0.6848,0.6848,0.6848
1691709613000,0.6848,0.6848,0.6848
1691709614000,0.6848,0.6848,0.6848
1691709615000,0.6848,0.6848,0.6848
1691709616000,0.6848,0.6848,0.6848
1691709617000,0.6848,0.6848,0.6848
1691709618000,0.6847,0.6847,0.6847
1691709619000,0.6847,0.6847,0.6847
1691709620000,0.6848,0.6848,0.6848
1691709621000,0.6848,0.6848,0.6848
1691709622000,0.6848,0.6848,0.6848
1691709623000,0.6847,0.6847,0.6847
1691709624000,0.6847,0.6847,0.6847
1691709625000,0.6847,0.6847,0.6847
1691709626000,0.6847,0.6847,0.6847
1691709627000,0.6848,0.6848,0.6848
1691709628000,0.6848,0.6848,0.6848
1691709629000,0.6847,0.6847,0.6847
1691709630000,0.6847,0.6847,0.6847
1691709631000,0.6847,0.6847,0.6847
1691709632000,0.6847,0.6847,0.6847
1691709633000,0.6847,0.6847,0.6847
1691709634000,0.6848,0.6848,0.6848
1691709635000,0.6848,0.6848,0.6848
1691709636000,0.6848,0.6848,0.6848
1691709637000,0.6847,0.6847,0.6847
1691709638000,0.6847,0.6847,0.6847
1691709639000,0.6847,0.6847,0.6847
1691709640000,0.6847,0.6847,0.6847
1691709641000,0.6847,0.6847,0.6847
1691709642000,0.6847,0.6847,0.6847
1691709643000,0.6847,0.6847,0.6847
1691709644000,0.6847,0.6847,0.6847
1691709645000,0.6847,0.6847,0.6847
1691709646000,0.6848,0.6848,0.6848
1691709647000,0.6848,0.6848,0.6848
1691709648000,0.6848,0.6848,0.6848
1691709649000,0.6848,0.6848,0.6848
1691709650000,0.6848,0.6848,0.6848
1691709651000,0.6848,0.6848,0.6848
1691709652000,0.6848,0.6848,0.6848
1691709653000,0.6848,0.6848,0.6848
1691709654000,0.6849,0.6849,0.6849
1691709655000,0.6849,0.6849,0.6849
1691709656000,0.6849,0.6849,0.6849
1691709657000,0.6849,0.6849,0.6849
1691709658000,0.6849,0.6849,0.6849
1691709659000,0.6849,0.6849,0.6849
1691709660000,0.6849,0.6849,0.6849
1691709661000,0.6849,0.6849,0.6849
1691709662000,0.6849,0.6849,0.6849
1691709663000,0.6849,0.6849,0.6849
1691709664000,0.6849,0.6849,0.6849
1691709665000,0.6849,0.6849,0.6849
1691709666000,0.6849,0.6849,0.6849
1691709667000,0.6849,0.6849,0.6849
1691709668000,0.685,0.685,0.685
1691709669000,0.685,0.685,0.685
1691709670000,0.685,0.685,0.685
1691709671000,0.685,0.685,0.685
1691709672000,0.685,0.685,0.685
1691709673000,0.685,0.685,0.685
1691709674000,0.685,0.685,0.685
1691709675000,0.685,0.685,0.685
1691709676000,0.685,0.685,0.685
1691709677000,0.6849,0.6849,0.6849
1691709678000,0.6849,0.6849,0.6849
1691709679000,0.6849,0.6849,0.6849
1691709680000,0.6849,0.6849,0.6849
1691709681000,0.6849,0.6849,0.6849
1691709682000,0.6849,0.6849,0.6849
1691709683000,0.6849,0.6849,0.6849
1691709684000,0.6849,0.6849,0.6849
1691709685000,0.6849,0.6849,0.6849
1691709686000,0.685,0.685,0.685
1691709687000,0.685,0.685,0.685
1691709688000,0.685,0.685,0.685
1691709689000,0.685,0.685,0.685
1691709690000,0.685,0.685,0.685
1691709691000,0.685,0.685,0.685
1691709692000,0.685,0.685,0.685
1691709693000,0.685,0.685,0.685
1691709694000,0.685,0.685,0.685
1691709695000,0.685,0.685,0.685
1691709696000,0.685,0.685,0.685
1691709697000,0.685,0.685,0.685
1691709698000,0.685,0.685,0.685
1691709699000,0.685,0.685,0.685
1691709700000,0.685,0.685,0.685
1691709701000,0.685,0.685,0.685
1691709702000,0.685,0.685,0.685
1691709703000,0.685,0.685,0.685
1691709704000,0.685,0.685,0.685
1691709705000,0.685,0.685,0.685
1691709706000,0.685,0.685,0.685
1691709707000,0.685,0.685,0.685
1691709708000,0.685,0.685,0.685
1691709709000,0.685,0.685,0.685
1691709710000,0.685,0.685,0.685
1691709711000,0.685,0.685,0.685
1691709712000,0.685,0.685,0.685
1691709713000,0.6849,0.6849,0.6849
1691709714000,0.6849,0.6849,0.6849
1691709715000,0.6849,0.6849,0.6849
1691709716000,0.6849,0.6849,0.6849
1691709717000,0.6849,0.6849,0.6849
1691709718000,0.6849,0.6849,0.6849
1691709719000,0.685,0.685,0.685
1691709720000,0.685,0.685,0.685
1691709721000,0.6849,0.6849,0.6849
1691709722000,0.6849,0.6849,0.6849
1691709723000,0.6849,0.6849,0.6849
1691709724000,0.6849,0.6849,0.6849
1691709725000,0.6849,0.6849,0.6849
1691709726000,0.6849,0.6849,0.6849
1691709727000,0.68490244,0.68490244,0.68490244
1691709728000,0.68490244,0.68490244,0.68490244
1691709729000,0.685,0.685,0.685
1691709730000,0.68492991,0.68492991,0.68492991
1691709731000,0.68494299,0.68494299,0.68494299
1691709732000,0.68494296,0.68494296,0.68494296
1691709733000,0.68493646,0.68493646,0.68493646
1691709734000,0.68493646,0.68493646,0.68493646
1691709735000,0.685,0.685,0.685
1691709736000,0.685,0.685,0.685
1691709737000,0.685,0.685,0.685
1691709738000,0.685,0.685,0.685
1691709739000,0.685,0.685,0.685
1691709740000,0.685,0.685,0.685
1691709741000,0.685,0.685,0.685
1691709742000,0.685,0.685,0.685
1691709743000,0.685,0.685,0.685
1691709744000,0.685,0.685,0.685
1691709745000,0.685,0.685,0.685
1691709746000,0.685,0.685,0.685
1691709747000,0.685,0.685,0.685
1691709748000,0.685,0.685,0.685
1691709749000,0.685,0.685,0.685
1691709750000,0.685,0.685,0.685
1691709751000,0.685,0.685,0.685
1691709752000,0.685,0.685,0.685
1691709753000,0.685,0.685,0.685
1691709754000,0.685,0.685,0.685
1691709755000,0.685,0.685,0.685
1691709756000,0.685,0.685,0.685
1691709757000,0.685,0.685,0.685
1691709758000,0.685,0.685,0.685
1691709759000,0.6849,0.6849,0.6849
1691709760000,0.685,0.685,0.685
1691709761000,0.685,0.685,0.685
1691709762000,0.685,0.685,0.685
1691709763000,0.685,0.685,0.685
1691709764000,0.685,0.685,0.685
1691709765000,0.685,0.685,0.685
1691709766000,0.685,0.685,0.685
1691709767000,0.685,0.685,0.685
1691709768000,0.685,0.685,0.685
1691709769000,0.685,0.685,0.685
1691709770000,0.685,0.685,0.685
1691709771000,0.685,0.685,0.685
1691709772000,0.685,0.685,0.685
1691709773000,0.685,0.685,0.685
1691709774000,0.685,0.685,0.685
1691709775000,0.685,0.685,0.685
1691709776000,0.685,0.685,0.685
1691709777000,0.685,0.685,0.685
1691709778000,0.685,0.685,0.685
1691709779000,0.685,0.685,0.685
1691709780000,0.685,0.685,0.685
1691709781000,0.685,0.685,0.685
1691709782000,0.685,0.685,0.685
1691709783000,0.685,0.685,0.685
1691709784000,0.685,0.685,0.685
1691709785000,0.685,0.685,0.685
1691709786000,0.685,0.685,0.685
1691709787000,0.685,0.685,0.685
1691709788000,0.685,0.685,0.685
1691709789000,0.685,0.685,0.685
1691709790000,0.685,0.685,0.685
1691709791000,0.685,0.685,0.685
1691709792000,0.6849225,0.6849225,0.6849225
1691709793000,0.6849225,0.6849225,0.6849225
1691709794000,0.68492299,0.68492299,0.68492299
1691709795000,0.68492299,0.68492299,0.68492299
1691709796000,0.68492177,0.68492177,0.68492177
1691709797000,0.68492177,0.68492177,0.68492177
1691709798000,0.68492174,0.68492174,0.68492174
1691709799000,0.68492174,0.68492174,0.68492174
1691709800000,0.68492174,0.68492174,0.68492174
1691709801000,0.68492263,0.68492263,0.68492263
1691709802000,0.68492263,0.68492263,0.68492263
1691709803000,0.685,0.685,0.685
1691709804000,0.685,0.685,0.685
1691709805000,0.685,0.685,0.685
1691709806000,0.68492371,0.68492371,0.68492371
1691709807000,0.68493817,0.68493817,0.68493817
1691709808000,0.68493817,0.68493817,0.68493817
1691709809000,0.68493944,0.68493944,0.68493944
1691709810000,0.68493944,0.68493944,0.68493944
1691709811000,0.68493944,0.68493944,0.68493944
1691709812000,0.68494149,0.68494149,0.68494149
1691709813000,0.68494149,0.68494149,0.68494149
1691709814000,0.68494094,0.68494094,0.68494094
1691709815000,0.68494094,0.68494094,0.68494094
1691709816000,0.68494091,0.68494091,0.68494091
1691709817000,0.68494091,0.68494091,0.68494091
1691709818000,0.68494296,0.68494296,0.68494296
1691709819000,0.6850028,0.6850028,0.6850028
1691709820000,0.6850028,0.6850028,0.6850028
1691709821000,0.6850028,0.6850028,0.6850028
1691709822000,0.6849528,0.6849528,0.6849528
1691709823000,0.68495219,0.68495219,0.68495219
1691709824000,0.68495219,0.68495219,0.68495219
1691709825000,0.68495271,0.68495271,0.68495271
1691709826000,0.68495271,0.68495271,0.68495271
1691709827000,0.68495271,0.68495271,0.68495271
1691709828000,0.68495271,0.68495271,0.68495271
1691709829000,0.68495382,0.68495382,0.68495382
1691709830000,0.68495244,0.68495244,0.68495244
1691709831000,0.68495244,0.68495244,0.68495244
1691709832000,0.68495241,0.68495241,0.68495241
1691709833000,0.68495241,0.68495241,0.68495241
1691709834000,0.68495241,0.68495241,0.68495241
1691709835000,0.68495282,0.68495282,0.68495282
1691709836000,0.68495282,0.68495282,0.68495282
1691709837000,0.68495371,0.68495371,0.68495371
1691709838000,0.68495371,0.68495371,0.68495371
1691709839000,0.68495371,0.68495371,0.68495371
1691709840000,0.68493875,0.68493875,0.68493875
1691709841000,0.68493875,0.68493875,0.68493875
1691709842000,0.68493875,0.68493875,0.68493875
1691709843000,0.68493789,0.68493789,0.68493789
1691709844000,0.68498789,0.68498789,0.68498789
1691709845000,0.68498786,0.68498786,0.68498786
1691709846000,0.6849902,0.6849902,0.6849902
1691709847000,0.6849902,0.6849902,0.6849902
1691709848000,0.6849902,0.6849902,0.6849902
1691709849000,0.6849902,0.6849902,0.6849902
1691709850000,0.6849902,0.6849902,0.6849902
1691709851000,0.68499042,0.68499042,0.68499042
1691709852000,0.68499042,0.68499042,0.68499042
1691709853000,0.68499042,0.68499042,0.68499042
1691709854000,0.68499042,0.68499042,0.68499042
1691709855000,0.68499042,0.68499042,0.68499042
1691709856000,0.68499045,0.68499045,0.68499045
1691709857000,0.68498761,0.68498761,0.68498761
1691709858000,0.68498761,0.68498761,0.68498761
1691709859000,0.68498758,0.68498758,0.68498758
1691709860000,0.68498758,0.68498758,0.68498758
1691709861000,0.68498758,0.68498758,0.68498758
1691709862000,0.68498706,0.68498706,0.68498706
1691709863000,0.68498706,0.68498706,0.68498706
1691709864000,0.6849871,0.6849871,0.6849871
1691709865000,0.6849871,0.6849871,0.6849871
1691709866000,0.68498796,0.68498796,0.68498796
1691709867000,0.68498792,0.68498792,0.68498792
1691709868000,0.68498574,0.68498574,0.68498574
1691709869000,0.68498488,0.68498488,0.68498488
1691709870000,0.68498488,0.68498488,0.68498488
1691709871000,0.68498488,0.68498488,0.68498488
1691709872000,0.68498574,0.68498574,0.68498574
1691709873000,0.68498361,0.68498361,0.68498361
1691709874000,0.68493357,0.68493357,0.68493357
1691709875000,0.68493357,0.68493357,0.68493357
1691709876000,0.68493272,0.68493272,0.68493272
1691709877000,0.68493272,0.68493272,0.68493272
1691709878000,0.68493272,0.68493272,0.68493272
1691709879000,0.68493139,0.68493139,0.68493139
1691709880000,0.68493139,0.68493139,0.68493139
1691709881000,0.68493136,0.68493136,0.68493136
1691709882000,0.68493136,0.68493136,0.68493136
1691709883000,0.68493136,0.68493136,0.68493136
1691709884000,0.68492937,0.68492937,0.68492937
1691709885000,0.68492937,0.68492937,0.68492937
1691709886000,0.6849294,0.6849294,0.6849294
1691709887000,0.6849294,0.6849294,0.6849294
1691709888000,0.6849294,0.6849294,0.6849294
1691709889000,0.68492937,0.68492937,0.68492937
1691709890000,0.68492742,0.68492742,0.68492742
1691709891000,0.68492742,0.68492742,0.68492742
1691709892000,0.685,0.685,0.685
1691709893000,0.685,0.685,0.685
1691709894000,0.685,0.685,0.685
1691709895000,0.685,0.685,0.685
1691709896000,0.68492638,0.68492638,0.68492638
1691709897000,0.68492638,0.68492638,0.68492638
1691709898000,0.68492724,0.68492724,0.68492724
1691709899000,0.68492724,0.68492724,0.68492724
1691709900000,0.6849272,0.6849272,0.6849272
1691709901000,0.68492688,0.68492688,0.68492688
1691709902000,0.68492688,0.68492688,0.68492688
1691709903000,0.685,0.685,0.685
1691709904000,0.685,0.685,0.685
1691709905000,0.685,0.685,0.685
1691709906000,0.685,0.685,0.685
1691709907000,0.685,0.685,0.685
1691709908000,0.6851,0.6851,0.6851
1691709909000,0.6851,0.6851,0.6851
1691709910000,0.6851,0.6851,0.6851
1691709911000,0.685,0.685,0.685
1691709912000,0.685,0.685,0.685
1691709913000,0.685,0.685,0.685
1691709914000,0.685,0.685,0.685
1691709915000,0.685,0.685,0.685
1691709916000,0.685,0.685,0.685
1691709917000,0.685,0.685,0.685
1691709918000,0.685,0.685,0.685
1691709919000,0.685,0.685,0.685
1691709920000,0.685,0.685,0.685
1691709921000,0.685,0.685,0.685
1691709922000,0.685,0.685,0.685
1691709923000,0.685,0.685,0.685
1691709924000,0.685,0.685,0.685
1691709925000,0.6851,0.6851,0.6851
1691709926000,0.685,0.685,0.685
1691709927000,0.685,0.685,0.685
1691709928000,0.685,0.685,0.685
1691709929000,0.685,0.685,0.685
1691709930000,0.685,0.685,0.685
1691709931000,0.685,0.685,0.685
1691709932000,0.685,0.685,0.685
1691709933000,0.685,0.685,0.685
1691709934000,0.685,0.685,0.685
1691709935000,0.685,0.685,0.685
1691709936000,0.685,0.685,0.685
1691709937000,0.685,0.685,0.685
1691709938000,0.685,0.685,0.685
1691709939000,0.685,0.685,0.685
1691709940000,0.685,0.685,0.685
1691709941000,0.685,0.685,0.685
1691709942000,0.685,0.685,0.685
1691709943000,0.685,0.685,0.685
1691709944000,0.685,0.685,0.685
1691709945000,0.685,0.685,0.685
1691709946000,0.685,0.685,0.685
1691709947000,0.685,0.685,0.685
1691709948000,0.685,0.685,0.685
1691709949000,0.685,0.685,0.685
1691709950000,0.685,0.685,0.685
1691709951000,0.685,0.685,0.685
1691709952000,0.6851,0.6851,0.6851
1691709953000,0.6851,0.6851,0.6851
1691709954000,0.685,0.685,0.685
1691709955000,0.685,0.685,0.685
1691709956000,0.685,0.685,0.685
1691709957000,0.685,0.685,0.685
1691709958000,0.685,0.685,0.685
1691709959000,0.685,0.685,0.685
1691709960000,0.685,0.685,0.685
1691709961000,0.685,0.685,0.685
1691709962000,0.685,0.685,0.685
1691709963000,0.685,0.685,0.685
1691709964000,0.685,0.685,0.685
1691709965000,0.685,0.685,0.685
1691709966000,0.685,0.685,0.685
1691709967000,0.685,0.685,0.685
1691709968000,0.685,0.685,0.685
1691709969000,0.685,0.685,0.685
1691709970000,0.685,0.685,0.685
1691709971000,0.685,0.685,0.685
1691709972000,0.6851,0.6851,0.6851
1691709973000,0.6851,0.6851,0.6851
1691709974000,0.6851,0.6851,0.6851
1691709975000,0.6851,0.6851,0.6851
1691709976000,0.685,0.685,0.685
1691709977000,0.68496899,0.68496899,0.68496899
1691709978000,0.68496988,0.68496988,0.68496988
1691709979000,0.68496932,0.68496932,0.68496932
1691709980000,0.68496932,0.68496932,0.68496932
1691709981000,0.68498432,0.68498432,0.68498432
1691709982000,0.68498432,0.68498432,0.68498432
1691709983000,0.68498429,0.68498429,0.68498429
1691709984000,0.6851,0.6851,0.6851
1691709985000,0.6851,0.6851,0.6851
1691709986000,0.6851,0.6851,0.6851
1691709987000,0.685,0.685,0.685
1691709988000,0.68503294,0.68503294,0.68503294
1691709989000,0.68503294,0.68503294,0.68503294
1691709990000,0.68503328,0.68503328,0.68503328
1691709991000,0.6851,0.6851,0.6851
1691709992000,0.6851,0.6851,0.6851
1691709993000,0.6851,0.6851,0.6851
1691709994000,0.6851,0.6851,0.6851
1691709995000,0.6851,0.6851,0.6851
1691709996000,0.6851,0.6851,0.6851
1691709997000,0.68503284,0.68503284,0.68503284
1691709998000,0.68503284,0.68503284,0.68503284
1691709999000,0.6850328,0.6850328,0.6850328
1691710000000,0.6851,0.6851,0.6851
1691710001000,0.6852,0.6852,0.6852
1691710002000,0.6852,0.6852,0.6852
1691710003000,0.6852,0.6852,0.6852
1691710004000,0.6852,0.6852,0.6852
1691710005000,0.6852,0.6852,0.6852
1691710006000,0.6852,0.6852,0.6852
1691710007000,0.6851403,0.6851403,0.6851403
1691710008000,0.6851403,0.6851403,0.6851403
1691710009000,0.6851403,0.6851403,0.6851403
1691710010000,0.6851403,0.6851403,0.6851403
1691710011000,0.6851403,0.6851403,0.6851403
1691710012000,0.6851382,0.6851382,0.6851382
1691710013000,0.6851382,0.6851382,0.6851382
1691710014000,0.6851427,0.6851427,0.6851427
1691710015000,0.6851427,0.6851427,0.6851427
1691710016000,0.6851427,0.6851427,0.6851427
1691710017000,0.68514036,0.68514036,0.68514036
1691710018000,0.6851,0.6851,0.6851
1691710019000,0.6851,0.6851,0.6851
1691710020000,0.6851,0.6851,0.6851
1691710021000,0.6851,0.6851,0.6851
1691710022000,0.68509033,0.68509033,0.68509033
1691710023000,0.6850881,0.6850881,0.6850881
1691710024000,0.6850881,0.6850881,0.6850881
1691710025000,0.68508813,0.68508813,0.68508813
1691710026000,0.68508813,0.68508813,0.68508813
1691710027000,0.6850881,0.6850881,0.6850881
1691710028000,0.68508659,0.68508659,0.68508659
1691710029000,0.6851,0.6851,0.6851
1691710030000,0.6851,0.6851,0.6851
1691710031000,0.6851,0.6851,0.6851
1691710032000,0.68508662,0.68508662,0.68508662
1691710033000,0.68508744,0.68508744,0.68508744
1691710034000,0.68508679,0.68508679,0.68508679
1691710035000,0.68508593,0.68508593,0.68508593
1691710036000,0.68508589,0.68508589,0.68508589
1691710037000,0.6851,0.6851,0.6851
1691710038000,0.68508589,0.68508589,0.68508589
1691710039000,0.68508513,0.68508513,0.68508513
1691710040000,0.68508513,0.68508513,0.68508513
1691710041000,0.6851,0.6851,0.6851
1691710042000,0.6851,0.6851,0.6851
1691710043000,0.6851,0.6851,0.6851
1691710044000,0.6851,0.6851,0.6851
1691710045000,0.6851,0.6851,0.6851
1691710046000,0.6851,0.6851,0.6851
1691710047000,0.6851,0.6851,0.6851
1691710048000,0.6851,0.6851,0.6851
1691710049000,0.6851,0.6851,0.6851
1691710050000,0.6851381,0.6851381,0.6851381
1691710051000,0.685145,0.685145,0.685145
1691710052000,0.68514504,0.68514504,0.68514504
1691710053000,0.68514504,0.68514504,0.68514504
1691710054000,0.68514504,0.68514504,0.68514504
1691710055000,0.68514504,0.68514504,0.68514504
1691710056000,0.68514483,0.68514483,0.68514483
1691710057000,0.68515983,0.68515983,0.68515983
1691710058000,0.68515983,0.68515983,0.68515983
1691710059000,0.68515979,0.68515979,0.68515979
1691710060000,0.68515979,0.68515979,0.68515979
1691710061000,0.68515979,0.68515979,0.68515979
1691710062000,0.68515907,0.68515907,0.68515907
1691710063000,0.68515907,0.68515907,0.68515907
1691710064000,0.68515904,0.68515904,0.68515904
1691710065000,0.68515904,0.68515904,0.68515904
1691710066000,0.6852,0.6852,0.6852
1691710067000,0.6852,0.6852,0.6852
1691710068000,0.68515896,0.68515896,0.68515896
1691710069000,0.6851581,0.6851581,0.6851581
1691710070000,0.68515814,0.68515814,0.68515814
1691710071000,0.68515814,0.68515814,0.68515814
1691710072000,0.68515814,0.68515814,0.68515814
1691710073000,0.68515805,0.68515805,0.68515805
1691710074000,0.68510805,0.68510805,0.68510805
1691710075000,0.68510805,0.68510805,0.68510805
1691710076000,0.68510805,0.68510805,0.68510805
1691710077000,0.68510805,0.68510805,0.68510805
1691710078000,0.68510883,0.68510883,0.68510883
1691710079000,0.68510883,0.68510883,0.68510883
1691710080000,0.68510883,0.68510883,0.68510883
1691710081000,0.68510883,0.68510883,0.68510883
1691710082000,0.68510969,0.68510969,0.68510969
1691710083000,0.68510969,0.68510969,0.68510969
1691710084000,0.68516068,0.68516068,0.68516068
1691710085000,0.68516068,0.68516068,0.68516068
1691710086000,0.68515959,0.68515959,0.68515959
1691710087000,0.6852,0.6852,0.6852
1691710088000,0.6851587,0.6851587,0.6851587
1691710089000,0.68515884,0.68515884,0.68515884
1691710090000,0.68515884,0.68515884,0.68515884
1691710091000,0.68515958,0.68515958,0.68515958
1691710092000,0.68515958,0.68515958,0.68515958
1691710093000,0.68515958,0.68515958,0.68515958
1691710094000,0.68515958,0.68515958,0.68515958
1691710095000,0.68515961,0.68515961,0.68515961
1691710096000,0.6852,0.6852,0.6852
1691710097000,0.6852,0.6852,0.6852
1691710098000,0.6851595,0.6851595,0.6851595
1691710099000,0.68515946,0.68515946,0.68515946
1691710100000,0.6852,0.6852,0.6852
1691710101000,0.6852,0.6852,0.6852
1691710102000,0.6852,0.6852,0.6852
1691710103000,0.6851669,0.6851669,0.6851669
1691710104000,0.6851669,0.6851669,0.6851669
1691710105000,0.6851669,0.6851669,0.6851669
1691710106000,0.68516542,0.68516542,0.68516542
1691710107000,0.68516542,0.68516542,0.68516542
1691710108000,0.68516542,0.68516542,0.68516542
1691710109000,0.68516542,0.68516542,0.68516542
1691710110000,0.68516542,0.68516542,0.68516542
1691710111000,0.68516688,0.68516688,0.68516688
1691710112000,0.68516688,0.68516688,0.68516688
1691710113000,0.6852,0.6852,0.6852
1691710114000,0.6852,0.6852,0.6852
1691710115000,0.6852,0.6852,0.6852
1691710116000,0.6852,0.6852,0.6852
1691710117000,0.6853,0.6853,0.6853
1691710118000,0.6852,0.6852,0.6852
1691710119000,0.6852,0.6852,0.6852
1691710120000,0.6852,0.6852,0.6852
1691710121000,0.6852,0.6852,0.6852
1691710122000,0.6852,0.6852,0.6852
1691710123000,0.6852,0.6852,0.6852
1691710124000,0.6852,0.6852,0.6852
1691710125000,0.6852,0.6852,0.6852
1691710126000,0.6852,0.6852,0.6852
1691710127000,0.6852,0.6852,0.6852
1691710128000,0.6852,0.6852,0.6852
1691710129000,0.6852,0.6852,0.6852
1691710130000,0.6852,0.6852,0.6852
1691710131000,0.6853,0.6853,0.6853
1691710132000,0.6853,0.6853,0.6853
1691710133000,0.6852,0.6852,0.6852
1691710134000,0.6852,0.6852,0.6852
1691710135000,0.6852,0.6852,0.6852
1691710136000,0.6852,0.6852,0.6852
1691710137000,0.6852,0.6852,0.6852
1691710138000,0.6852,0.6852,0.6852
1691710139000,0.6853,0.6853,0.6853
1691710140000,0.6853,0.6853,0.6853
1691710141000,0.6853,0.6853,0.6853
1691710142000,0.6853,0.6853,0.6853
1691710143000,0.6852,0.6852,0.6852
1691710144000,0.6852,0.6852,0.6852
1691710145000,0.6852,0.6852,0.6852
1691710146000,0.6853,0.6853,0.6853
1691710147000,0.6853,0.6853,0.6853
1691710148000,0.6853,0.6853,0.6853
1691710149000,0.68500538,0.68500538,0.68500538
1691710150000,0.68501044,0.68501044,0.68501044
1691710151000,0.6851,0.6851,0.6851
1691710152000,0.6851,0.6851,0.6851
1691710153000,0.6851,0.6851,0.6851
1691710154000,0.6851,0.6851,0.6851
1691710155000,0.6851,0.6851,0.6851
1691710156000,0.6851,0.6851,0.6851
1691710157000,0.6851,0.6851,0.6851
1691710158000,0.6852,0.6852,0.6852
1691710159000,0.6851,0.6851,0.6851
1691710160000,0.6851,0.6851,0.6851
1691710161000,0.68506593,0.68506593,0.68506593
1691710162000,0.68506593,0.68506593,0.68506593
1691710163000,0.68506593,0.68506593,0.68506593
1691710164000,0.68506593,0.68506593,0.68506593
1691710165000,0.68506593,0.68506593,0.68506593
1691710166000,0.68506504,0.68506504,0.68506504
1691710167000,0.6851,0.6851,0.6851
1691710168000,0.6851,0.6851,0.6851
1691710169000,0.68506745,0.68506745,0.68506745
1691710170000,0.68506745,0.68506745,0.68506745
1691710171000,0.6851,0.6851,0.6851
1691710172000,0.6851,0.6851,0.6851
1691710173000,0.68516987,0.68516987,0.68516987
1691710174000,0.6851199,0.6851199,0.6851199
1691710175000,0.6851199,0.6851199,0.6851199
1691710176000,0.68511861,0.68511861,0.68511861
1691710177000,0.68511861,0.68511861,0.68511861
1691710178000,0.68511938,0.68511938,0.68511938
1691710179000,0.68511938,0.68511938,0.68511938
1691710180000,0.68511938,0.68511938,0.68511938
1691710181000,0.68512027,0.68512027,0.68512027
1691710182000,0.68512027,0.68512027,0.68512027
1691710183000,0.68517103,0.68517103,0.68517103
1691710184000,0.685171,0.685171,0.685171
1691710185000,0.685171,0.685171,0.685171
1691710186000,0.685171,0.685171,0.685171
1691710187000,0.68516384,0.68516384,0.68516384
1691710188000,0.68516301,0.68516301,0.68516301
1691710189000,0.68516293,0.68516293,0.68516293
1691710190000,0.68516297,0.68516297,0.68516297
1691710191000,0.68516297,0.68516297,0.68516297
1691710192000,0.68516293,0.68516293,0.68516293
1691710193000,0.68516293,0.68516293,0.68516293
1691710194000,0.68516293,0.68516293,0.68516293
1691710195000,0.68515969,0.68515969,0.68515969
1691710196000,0.68515966,0.68515966,0.68515966
1691710197000,0.68515966,0.68515966,0.68515966
1691710198000,0.68515966,0.68515966,0.68515966
1691710199000,0.68515966,0.68515966,0.68515966
1691710200000,0.68515638,0.68515638,0.68515638
1691710201000,0.68515638,0.68515638,0.68515638
1691710202000,0.68516388,0.68516388,0.68516388
1691710203000,0.68516388,0.68516388,0.68516388
1691710204000,0.68516388,0.68516388,0.68516388
1691710205000,0.68516388,0.68516388,0.68516388
1691710206000,0.68515916,0.68515916,0.68515916
1691710207000,0.68515916,0.68515916,0.68515916
1691710208000,0.68515916,0.68515916,0.68515916
1691710209000,0.6851592,0.6851592,0.6851592
1691710210000,0.6851592,0.6851592,0.6851592
1691710211000,0.68515588,0.68515588,0.68515588
1691710212000,0.68514758,0.68514758,0.68514758
1691710213000,0.68514758,0.68514758,0.68514758
1691710214000,0.68514758,0.68514758,0.68514758
1691710215000,0.68514758,0.68514758,0.68514758
1691710216000,0.68514761,0.68514761,0.68514761
1691710217000,0.68514195,0.68514195,0.68514195
1691710218000,0.68514192,0.68514192,0.68514192
1691710219000,0.68514192,0.68514192,0.68514192
1691710220000,0.68514192,0.68514192,0.68514192
1691710221000,0.68514195,0.68514195,0.68514195
1691710222000,0.68513722,0.68513722,0.68513722
1691710223000,0.68513722,0.68513722,0.68513722
1691710224000,0.68513206,0.68513206,0.68513206
1691710225000,0.68513118,0.68513118,0.68513118
1691710226000,0.68513122,0.68513122,0.68513122
1691710227000,0.68513118,0.68513118,0.68513118
1691710228000,0.68512655,0.68512655,0.68512655
1691710229000,0.68512659,0.68512659,0.68512659
1691710230000,0.68512659,0.68512659,0.68512659
1691710231000,0.68506804,0.68506804,0.68506804
1691710232000,0.68506722,0.68506722,0.68506722
1691710233000,0.68506273,0.68506273,0.68506273
1691710234000,0.68506273,0.68506273,0.68506273
1691710235000,0.68506273,0.68506273,0.68506273
1691710236000,0.68506273,0.68506273,0.68506273
1691710237000,0.68506355,0.68506355,0.68506355
1691710238000,0.68506358,0.68506358,0.68506358
1691710239000,0.68506008,0.68506008,0.68506008
1691710240000,0.68505037,0.68505037,0.68505037
1691710241000,0.68505037,0.68505037,0.68505037
1691710242000,0.68505037,0.68505037,0.68505037
1691710243000,0.68505037,0.68505037,0.68505037
1691710244000,0.68504703,0.68504703,0.68504703
1691710245000,0.68505026,0.68505026,0.68505026
1691710246000,0.68505026,0.68505026,0.68505026
1691710247000,0.68505022,0.68505022,0.68505022
1691710248000,0.68505022,0.68505022,0.68505022
1691710249000,0.68505022,0.68505022,0.68505022
1691710250000,0.6850469,0.6850469,0.6850469
1691710251000,0.6849969,0.6849969,0.6849969
1691710252000,0.68499604,0.68499604,0.68499604
1691710253000,0.68499604,0.68499604,0.68499604
1691710254000,0.68499604,0.68499604,0.68499604
1691710255000,0.68504369,0.68504369,0.68504369
1691710256000,0.68502869,0.68502869,0.68502869
1691710257000,0.68502869,0.68502869,0.68502869
1691710258000,0.68502869,0.68502869,0.68502869
1691710259000,0.68502869,0.68502869,0.68502869
1691710260000,0.68502869,0.68502869,0.68502869
1691710261000,0.68502386,0.68502386,0.68502386
1691710262000,0.68502386,0.68502386,0.68502386
1691710263000,0.68502386,0.68502386,0.68502386
1691710264000,0.68502386,0.68502386,0.68502386
1691710265000,0.68502383,0.68502383,0.68502383
1691710266000,0.68502383,0.68502383,0.68502383
1691710267000,0.68501967,0.68501967,0.68501967
1691710268000,0.68501967,0.68501967,0.68501967
1691710269000,0.68501967,0.68501967,0.68501967
1691710270000,0.68501967,0.68501967,0.68501967
1691710271000,0.68501967,0.68501967,0.68501967
1691710272000,0.68501675,0.68501675,0.68501675
1691710273000,0.68501675,0.68501675,0.68501675
1691710274000,0.68501675,0.68501675,0.68501675
1691710275000,0.68496675,0.68496675,0.68496675
1691710276000,0.68496678,0.68496678,0.68496678
1691710277000,0.68496675,0.68496675,0.68496675
1691710278000,0.6849655,0.6849655,0.6849655
1691710279000,0.6849655,0.6849655,0.6849655
1691710280000,0.68501464,0.68501464,0.68501464
1691710281000,0.68501464,0.68501464,0.68501464
1691710282000,0.68499968,0.68499968,0.68499968
1691710283000,0.68499837,0.68499837,0.68499837
1691710284000,0.68499841,0.68499841,0.68499841
1691710285000,0.68499837,0.68499837,0.68499837
1691710286000,0.68499837,0.68499837,0.68499837
1691710287000,0.68499837,0.68499837,0.68499837
1691710288000,0.685,0.685,0.685
1691710289000,0.685,0.685,0.685
1691710290000,0.685,0.685,0.685
1691710291000,0.685,0.685,0.685
1691710292000,0.685,0.685,0.685
1691710293000,0.685,0.685,0.685
1691710294000,0.685,0.685,0.685
1691710295000,0.685,0.685,0.685
1691710296000,0.6851,0.6851,0.6851
1691710297000,0.6851,0.6851,0.6851
1691710298000,0.6851,0.6851,0.6851
1691710299000,0.6851,0.6851,0.6851
1691710300000,0.6851,0.6851,0.6851
1691710301000,0.6851,0.6851,0.6851
1691710302000,0.6851,0.6851,0.6851
1691710303000,0.6851,0.6851,0.6851
1691710304000,0.6851,0.6851,0.6851
1691710305000,0.6851,0.6851,0.6851
1691710306000,0.6851,0.6851,0.6851
1691710307000,0.6851,0.6851,0.6851
1691710308000,0.6851,0.6851,0.6851
1691710309000,0.6851,0.6851,0.6851
1691710310000,0.6851,0.6851,0.6851
1691710311000,0.6851,0.6851,0.6851
1691710312000,0.6851,0.6851,0.6851
1691710313000,0.6851,0.6851,0.6851
1691710314000,0.6851,0.6851,0.6851
1691710315000,0.6851,0.6851,0.6851
1691710316000,0.6851,0.6851,0.6851
1691710317000,0.6851,0.6851,0.6851
1691710318000,0.6851,0.6851,0.6851
1691710319000,0.6851,0.6851,0.6851
1691710320000,0.6851,0.6851,0.6851
1691710321000,0.6851,0.6851,0.6851
1691710322000,0.6851,0.6851,0.6851
1691710323000,0.6851,0.6851,0.6851
1691710324000,0.6851,0.6851,0.6851
1691710325000,0.6851,0.6851,0.6851
1691710326000,0.6851,0.6851,0.6851
1691710327000,0.6851,0.6851,0.6851
1691710328000,0.6851,0.6851,0.6851
1691710329000,0.6852,0.6852,0.6852
1691710330000,0.6852,0.6852,0.6852
1691710331000,0.6852,0.6852,0.6852
1691710332000,0.6853,0.6853,0.6853
1691710333000,0.6852,0.6852,0.6852
1691710334000,0.6853,0.6853,0.6853
1691710335000,0.6853,0.6853,0.6853
1691710336000,0.6853,0.6853,0.6853
1691710337000,0.6853,0.6853,0.6853
1691710338000,0.6853,0.6853,0.6853
1691710339000,0.6853,0.6853,0.6853
1691710340000,0.6853,0.6853,0.6853
1691710341000,0.6853,0.6853,0.6853
1691710342000,0.6853,0.6853,0.6853
1691710343000,0.6853,0.6853,0.6853
1691710344000,0.6853,0.6853,0.6853
1691710345000,0.6852,0.6852,0.6852
1691710346000,0.6852,0.6852,0.6852
1691710347000,0.6852,0.6852,0.6852
1691710348000,0.6852,0.6852,0.6852
1691710349000,0.6852,0.6852,0.6852
1691710350000,0.6853,0.6853,0.6853
1691710351000,0.6853,0.6853,0.6853
1691710352000,0.6853,0.6853,0.6853
1691710353000,0.6853,0.6853,0.6853
1691710354000,0.6853,0.6853,0.6853
1691710355000,0.6854,0.6854,0.6854
1691710356000,0.6854,0.6854,0.6854
1691710357000,0.6854,0.6854,0.6854
1691710358000,0.6854,0.6854,0.6854
1691710359000,0.6853,0.6853,0.6853
1691710360000,0.6853,0.6853,0.6853
1691710361000,0.6853,0.6853,0.6853
1691710362000,0.6854,0.6854,0.6854
1691710363000,0.6854,0.6854,0.6854
1691710364000,0.6854,0.6854,0.6854
1691710365000,0.6854,0.6854,0.6854
1691710366000,0.6854,0.6854,0.6854
1691710367000,0.6854,0.6854,0.6854
1691710368000,0.6854,0.6854,0.6854
1691710369000,0.6854,0.6854,0.6854
1691710370000,0.6854,0.6854,0.6854
1691710371000,0.6854,0.6854,0.6854
1691710372000,0.6854,0.6854,0.6854
1691710373000,0.6855,0.6855,0.6855
1691710374000,0.6855,0.6855,0.6855
1691710375000,0.6855,0.6855,0.6855
1691710376000,0.6855,0.6855,0.6855
1691710377000,0.6855,0.6855,0.6855
1691710378000,0.6855,0.6855,0.6855
1691710379000,0.6855,0.6855,0.6855
1691710380000,0.6855,0.6855,0.6855
1691710381000,0.6855,0.6855,0.6855
1691710382000,0.6855,0.6855,0.6855
1691710383000,0.6854,0.6854,0.6854
1691710384000,0.6854,0.6854,0.6854
1691710385000,0.6855,0.6855,0.6855
1691710386000,0.6855,0.6855,0.6855
1691710387000,0.6855,0.6855,0.6855
1691710388000,0.6855,0.6855,0.6855
1691710389000,0.6854,0.6854,0.6854
1691710390000,0.6854,0.6854,0.6854
1691710391000,0.6854,0.6854,0.6854
1691710392000,0.6854,0.6854,0.6854
1691710393000,0.6854,0.6854,0.6854
1691710394000,0.6854,0.6854,0.6854
1691710395000,0.68538603,0.68538603,0.68538603
1691710396000,0.6854,0.6854,0.6854
1691710397000,0.6854,0.6854,0.6854
1691710398000,0.6854,0.6854,0.6854
1691710399000,0.6854,0.6854,0.6854
1691710400000,0.6854,0.6854,0.6854
1691710401000,0.6854,0.6854,0.6854
1691710402000,0.6854,0.6854,0.6854
1691710403000,0.6854,0.6854,0.6854
1691710404000,0.6854,0.6854,0.6854
1691710405000,0.6854,0.6854,0.6854
1691710406000,0.6854,0.6854,0.6854
1691710407000,0.6854,0.6854,0.6854
1691710408000,0.6855,0.6855,0.6855
1691710409000,0.6855,0.6855,0.6855
1691710410000,0.6855,0.6855,0.6855
1691710411000,0.6855,0.6855,0.6855
1691710412000,0.6855,0.6855,0.6855
1691710413000,0.6855,0.6855,0.6855
1691710414000,0.6855,0.6855,0.6855
1691710415000,0.6855,0.6855,0.6855
1691710416000,0.6855,0.6855,0.6855
1691710417000,0.6855,0.6855,0.6855
1691710418000,0.6855,0.6855,0.6855
1691710419000,0.6855,0.6855,0.6855
1691710420000,0.6855,0.6855,0.6855
1691710421000,0.6855,0.6855,0.6855
1691710422000,0.6855,0.6855,0.6855
1691710423000,0.6855,0.6855,0.6855
1691710424000,0.6855,0.6855,0.6855
1691710425000,0.6855,0.6855,0.6855
1691710426000,0.6855,0.6855,0.6855
1691710427000,0.6855,0.6855,0.6855
1691710428000,0.6854,0.6854,0.6854
1691710429000,0.6854,0.6854,0.6854
1691710430000,0.6854,0.6854,0.6854
1691710431000,0.6854,0.6854,0.6854
1691710432000,0.6854,0.6854,0.6854
1691710433000,0.6854,0.6854,0.6854
1691710434000,0.6854,0.6854,0.6854
1691710435000,0.6855,0.6855,0.6855
1691710436000,0.6855,0.6855,0.6855
1691710437000,0.6855,0.6855,0.6855
1691710438000,0.6855,0.6855,0.6855
1691710439000,0.6855,0.6855,0.6855
1691710440000,0.6855,0.6855,0.6855
1691710441000,0.6855,0.6855,0.6855
1691710442000,0.6855,0.6855,0.6855
1691710443000,0.6855,0.6855,0.6855
1691710444000,0.6855,0.6855,0.6855
1691710445000,0.68540304,0.68540304,0.68540304
1691710446000,0.68540304,0.68540304,0.68540304
1691710447000,0.685403,0.685403,0.685403
1691710448000,0.685403,0.685403,0.685403
1691710449000,0.68540119,0.68540119,0.68540119
1691710450000,0.68540119,0.68540119,0.68540119
1691710451000,0.68540123,0.68540123,0.68540123
1691710452000,0.68540119,0.68540119,0.68540119
1691710453000,0.68540119,0.68540119,0.68540119
1691710454000,0.68540119,0.68540119,0.68540119
1691710455000,0.68540134,0.68540134,0.68540134
1691710456000,0.68540138,0.68540138,0.68540138
1691710457000,0.68540134,0.68540134,0.68540134
1691710458000,0.68540134,0.68540134,0.68540134
1691710459000,0.68540134,0.68540134,0.68540134
1691710460000,0.68540054,0.68540054,0.68540054
1691710461000,0.68540054,0.68540054,0.68540054
1691710462000,0.68540058,0.68540058,0.68540058
1691710463000,0.68540054,0.68540054,0.68540054
1691710464000,0.68540054,0.68540054,0.68540054
1691710465000,0.68540644,0.68540644,0.68540644
1691710466000,0.6854048,0.6854048,0.6854048
1691710467000,0.6854048,0.6854048,0.6854048
1691710468000,0.6854048,0.6854048,0.6854048
1691710469000,0.6854048,0.6854048,0.6854048
1691710470000,0.68540483,0.68540483,0.68540483
1691710471000,0.68540647,0.68540647,0.68540647
1691710472000,0.68540561,0.68540561,0.68540561
1691710473000,0.68540561,0.68540561,0.68540561
1691710474000,0.68540558,0.68540558,0.68540558
1691710475000,0.68540558,0.68540558,0.68540558
1691710476000,0.68540558,0.68540558,0.68540558
1691710477000,0.68540797,0.68540797,0.68540797
1691710478000,0.68540797,0.68540797,0.68540797
1691710479000,0.68540797,0.68540797,0.68540797
1691710480000,0.68540794,0.68540794,0.68540794
1691710481000,0.6855,0.6855,0.6855
1691710482000,0.6855,0.6855,0.6855
1691710483000,0.6855,0.6855,0.6855
1691710484000,0.6855,0.6855,0.6855
1691710485000,0.6855,0.6855,0.6855
1691710486000,0.6855,0.6855,0.6855
1691710487000,0.6855,0.6855,0.6855
1691710488000,0.685412,0.685412,0.685412
1691710489000,0.6855,0.6855,0.6855
1691710490000,0.6855,0.6855,0.6855
1691710491000,0.6855,0.6855,0.6855
1691710492000,0.6855,0.6855,0.6855
1691710493000,0.6855,0.6855,0.6855
1691710494000,0.6855,0.6855,0.6855
1691710495000,0.6855,0.6855,0.6855
1691710496000,0.6855,0.6855,0.6855
1691710497000,0.6855,0.6855,0.6855
1691710498000,0.6855,0.6855,0.6855
1691710499000,0.6856,0.6856,0.6856
1691710500000,0.6855,0.6855,0.6855
1691710501000,0.6855,0.6855,0.6855
1691710502000,0.6855,0.6855,0.6855
1691710503000,0.6855,0.6855,0.6855
1691710504000,0.6855,0.6855,0.6855
1691710505000,0.6855,0.6855,0.6855
1691710506000,0.6855,0.6855,0.6855
1691710507000,0.6855,0.6855,0.6855
1691710508000,0.6855,0.6855,0.6855
1691710509000,0.6855,0.6855,0.6855
1691710510000,0.6856,0.6856,0.6856
1691710511000,0.6855,0.6855,0.6855
1691710512000,0.6855,0.6855,0.6855
1691710513000,0.6855,0.6855,0.6855
1691710514000,0.6855,0.6855,0.6855
1691710515000,0.6855,0.6855,0.6855
1691710516000,0.6855,0.6855,0.6855
1691710517000,0.6855,0.6855,0.6855
1691710518000,0.6855,0.6855,0.6855
1691710519000,0.6856,0.6856,0.6856
1691710520000,0.6856,0.6856,0.6856
1691710521000,0.6856,0.6856,0.6856
1691710522000,0.6856,0.6856,0.6856
1691710523000,0.6856,0.6856,0.6856
1691710524000,0.6856,0.6856,0.6856
1691710525000,0.6856,0.6856,0.6856
1691710526000,0.6856,0.6856,0.6856
1691710527000,0.6856,0.6856,0.6856
1691710528000,0.6856,0.6856,0.6856
1691710529000,0.6855,0.6855,0.6855
1691710530000,0.6855,0.6855,0.6855
1691710531000,0.6855,0.6855,0.6855
1691710532000,0.6855,0.6855,0.6855
1691710533000,0.6856,0.6856,0.6856
1691710534000,0.6856,0.6856,0.6856
1691710535000,0.6856,0.6856,0.6856
1691710536000,0.6856,0.6856,0.6856
1691710537000,0.6855,0.6855,0.6855
1691710538000,0.6855,0.6855,0.6855
1691710539000,0.6855,0.6855,0.6855
1691710540000,0.6855,0.6855,0.6855
1691710541000,0.6856,0.6856,0.6856
1691710542000,0.6856,0.6856,0.6856
1691710543000,0.6856,0.6856,0.6856
1691710544000,0.6856,0.6856,0.6856
1691710545000,0.6856,0.6856,0.6856
1691710546000,0.6856,0.6856,0.6856
1691710547000,0.68562819,0.68562819,0.68562819
1691710548000,0.68562819,0.68562819,0.68562819
1691710549000,0.68564004,0.68564004,0.68564004
1691710550000,0.68564007,0.68564007,0.68564007
1691710551000,0.68564004,0.68564004,0.68564004
1691710552000,0.68564004,0.68564004,0.68564004
1691710553000,0.68568352,0.68568352,0.68568352
1691710554000,0.6857,0.6857,0.6857
1691710555000,0.6857,0.6857,0.6857
1691710556000,0.6857,0.6857,0.6857
1691710557000,0.68568677,0.68568677,0.68568677
1691710558000,0.6856868,0.6856868,0.6856868
1691710559000,0.6857,0.6857,0.6857
1691710560000,0.6857,0.6857,0.6857
1691710561000,0.6857,0.6857,0.6857
1691710562000,0.6857,0.6857,0.6857
1691710563000,0.68568937,0.68568937,0.68568937
1691710564000,0.6857,0.6857,0.6857
1691710565000,0.6857,0.6857,0.6857
1691710566000,0.68569407,0.68569407,0.68569407
1691710567000,0.68569407,0.68569407,0.68569407
1691710568000,0.68569404,0.68569404,0.68569404
1691710569000,0.68569407,0.68569407,0.68569407
1691710570000,0.68569404,0.68569404,0.68569404
1691710571000,0.68569718,0.68569718,0.68569718
1691710572000,0.6857,0.6857,0.6857
1691710573000,0.6857,0.6857,0.6857
1691710574000,0.6857,0.6857,0.6857
1691710575000,0.68569718,0.68569718,0.68569718
1691710576000,0.68569721,0.68569721,0.68569721
1691710577000,0.68569791,0.68569791,0.68569791
1691710578000,0.68569791,0.68569791,0.68569791
1691710579000,0.68569791,0.68569791,0.68569791
1691710580000,0.68569791,0.68569791,0.68569791
1691710581000,0.6857,0.6857,0.6857
1691710582000,0.68570028,0.68570028,0.68570028
1691710583000,0.68570028,0.68570028,0.68570028
1691710584000,0.68570025,0.68570025,0.68570025
1691710585000,0.68570025,0.68570025,0.68570025
1691710586000,0.68570028,0.68570028,0.68570028
1691710587000,0.68570025,0.68570025,0.68570025
1691710588000,0.68570159,0.68570159,0.68570159
1691710589000,0.68570159,0.68570159,0.68570159
1691710590000,0.68570162,0.68570162,0.68570162
1691710591000,0.68570159,0.68570159,0.68570159
1691710592000,0.68570159,0.68570159,0.68570159
1691710593000,0.68571022,0.68571022,0.68571022
1691710594000,0.68566786,0.68566786,0.68566786
1691710595000,0.68566786,0.68566786,0.68566786
1691710596000,0.68562439,0.68562439,0.68562439
1691710597000,0.68562439,0.68562439,0.68562439
1691710598000,0.68563088,0.68563088,0.68563088
1691710599000,0.68562373,0.68562373,0.68562373
1691710600000,0.68562373,0.68562373,0.68562373
1691710601000,0.68561721,0.68561721,0.68561721
1691710602000,0.6855737,0.6855737,0.6855737
1691710603000,0.6855737,0.6855737,0.6855737
1691710604000,0.68557373,0.68557373,0.68557373
1691710605000,0.68557227,0.68557227,0.68557227
1691710606000,0.68557224,0.68557224,0.68557224
1691710607000,0.68557224,0.68557224,0.68557224
1691710608000,0.68557227,0.68557227,0.68557227
1691710609000,0.68557227,0.68557227,0.68557227
1691710610000,0.68557154,0.68557154,0.68557154
1691710611000,0.68557154,0.68557154,0.68557154
1691710612000,0.68557151,0.68557151,0.68557151
1691710613000,0.68557151,0.68557151,0.68557151
1691710614000,0.68557151,0.68557151,0.68557151
1691710615000,0.68557154,0.68557154,0.68557154
1691710616000,0.6855687,0.6855687,0.6855687
1691710617000,0.6855687,0.6855687,0.6855687
1691710618000,0.68556873,0.68556873,0.68556873
1691710619000,0.68556873,0.68556873,0.68556873
1691710620000,0.68556947,0.68556947,0.68556947
1691710621000,0.68556702,0.68556702,0.68556702
1691710622000,0.68556702,0.68556702,0.68556702
1691710623000,0.68555395,0.68555395,0.68555395
1691710624000,0.68555395,0.68555395,0.68555395
1691710625000,0.68541008,0.68541008,0.68541008
1691710626000,0.68541008,0.68541008,0.68541008
1691710627000,0.68540358,0.68540358,0.68540358
1691710628000,0.68540358,0.68540358,0.68540358
1691710629000,0.68540358,0.68540358,0.68540358
1691710630000,0.68540361,0.68540361,0.68540361
1691710631000,0.68540286,0.68540286,0.68540286
1691710632000,0.68539513,0.68539513,0.68539513
1691710633000,0.68539513,0.68539513,0.68539513
1691710634000,0.6853951,0.6853951,0.6853951
1691710635000,0.68539584,0.68539584,0.68539584
1691710636000,0.68539584,0.68539584,0.68539584
1691710637000,0.68539584,0.68539584,0.68539584
1691710638000,0.68538821,0.68538821,0.68538821
1691710639000,0.68538821,0.68538821,0.68538821
1691710640000,0.68538818,0.68538818,0.68538818
1691710641000,0.68538821,0.68538821,0.68538821
1691710642000,0.68538892,0.68538892,0.68538892
1691710643000,0.68538205,0.68538205,0.68538205
1691710644000,0.68538205,0.68538205,0.68538205
1691710645000,0.68538202,0.68538202,0.68538202
1691710646000,0.68538127,0.68538127,0.68538127
1691710647000,0.6853813,0.6853813,0.6853813
1691710648000,0.6853813,0.6853813,0.6853813
1691710649000,0.68537437,0.68537437,0.68537437
1691710650000,0.68537437,0.68537437,0.68537437
1691710651000,0.6853744,0.6853744,0.6853744
1691710652000,0.6853744,0.6853744,0.6853744
1691710653000,0.68537437,0.68537437,0.68537437
1691710654000,0.68532758,0.68532758,0.68532758
1691710655000,0.68532758,0.68532758,0.68532758
1691710656000,0.68532755,0.68532755,0.68532755
1691710657000,0.68532755,0.68532755,0.68532755
1691710658000,0.68532755,0.68532755,0.68532755
1691710659000,0.6853268,0.6853268,0.6853268
1691710660000,0.68531904,0.68531904,0.68531904
1691710661000,0.68531904,0.68531904,0.68531904
1691710662000,0.68530674,0.68530674,0.68530674
1691710663000,0.68530674,0.68530674,0.68530674
1691710664000,0.68530597,0.68530597,0.68530597
1691710665000,0.68530088,0.68530088,0.68530088
1691710666000,0.68530088,0.68530088,0.68530088
1691710667000,0.68530091,0.68530091,0.68530091
1691710668000,0.68530165,0.68530165,0.68530165
1691710669000,0.68530165,0.68530165,0.68530165
1691710670000,0.68530165,0.68530165,0.68530165
1691710671000,0.68529451,0.68529451,0.68529451
1691710672000,0.68529451,0.68529451,0.68529451
1691710673000,0.68529451,0.68529451,0.68529451
1691710674000,0.68529454,0.68529454,0.68529454
1691710675000,0.68529451,0.68529451,0.68529451
1691710676000,0.68529451,0.68529451,0.68529451
1691710677000,0.68528733,0.68528733,0.68528733
1691710678000,0.68528733,0.68528733,0.68528733
1691710679000,0.68528662,0.68528662,0.68528662
1691710680000,0.68528662,0.68528662,0.68528662
1691710681000,0.68528662,0.68528662,0.68528662
1691710682000,0.68528184,0.68528184,0.68528184
1691710683000,0.68528184,0.68528184,0.68528184
1691710684000,0.68528184,0.68528184,0.68528184
1691710685000,0.68527068,0.68527068,0.68527068
1691710686000,0.68527068,0.68527068,0.68527068
1691710687000,0.68527068,0.68527068,0.68527068
1691710688000,0.68526685,0.68526685,0.68526685
1691710689000,0.68526685,0.68526685,0.68526685
1691710690000,0.68526705,0.68526705,0.68526705
1691710691000,0.68526675,0.68526675,0.68526675
1691710692000,0.68526675,0.68526675,0.68526675
1691710693000,0.68526543,0.68526543,0.68526543
1691710694000,0.68526543,0.68526543,0.68526543
1691710695000,0.68526504,0.68526504,0.68526504
1691710696000,0.68526504,0.68526504,0.68526504
1691710697000,0.68526578,0.68526578,0.68526578
1691710698000,0.68526578,0.68526578,0.68526578
1691710699000,0.68526446,0.68526446,0.68526446
1691710700000,0.68526352,0.68526352,0.68526352
1691710701000,0.68526355,0.68526355,0.68526355
1691710702000,0.68526355,0.68526355,0.68526355
1691710703000,0.68526355,0.68526355,0.68526355
1691710704000,0.68526297,0.68526297,0.68526297
1691710705000,0.68526297,0.68526297,0.68526297
1691710706000,0.6852622,0.6852622,0.6852622
1691710707000,0.68526213,0.68526213,0.68526213
1691710708000,0.68526213,0.68526213,0.68526213
1691710709000,0.68526213,0.68526213,0.68526213
1691710710000,0.68526086,0.68526086,0.68526086
1691710711000,0.68525923,0.68525923,0.68525923
1691710712000,0.68525923,0.68525923,0.68525923
1691710713000,0.68525923,0.68525923,0.68525923
1691710714000,0.68525923,0.68525923,0.68525923
1691710715000,0.68525629,0.68525629,0.68525629
1691710716000,0.6853,0.6853,0.6853
1691710717000,0.6853,0.6853,0.6853
1691710718000,0.6853,0.6853,0.6853
1691710719000,0.6853,0.6853,0.6853
1691710720000,0.6853,0.6853,0.6853
1691710721000,0.6853,0.6853,0.6853
1691710722000,0.6853,0.6853,0.6853
1691710723000,0.6853,0.6853,0.6853
1691710724000,0.6853,0.6853,0.6853
1691710725000,0.6853,0.6853,0.6853
1691710726000,0.6853,0.6853,0.6853
1691710727000,0.6853,0.6853,0.6853
1691710728000,0.6853,0.6853,0.6853
1691710729000,0.6853,0.6853,0.6853
1691710730000,0.6853,0.6853,0.6853
1691710731000,0.6853,0.6853,0.6853
1691710732000,0.6853,0.6853,0.6853
1691710733000,0.6853,0.6853,0.6853
1691710734000,0.6853,0.6853,0.6853
1691710735000,0.68525891,0.68525891,0.68525891
1691710736000,0.6853,0.6853,0.6853
1691710737000,0.6853,0.6853,0.6853
1691710738000,0.6853,0.6853,0.6853
1691710739000,0.6853,0.6853,0.6853
1691710740000,0.6853,0.6853,0.6853
1691710741000,0.6853,0.6853,0.6853
1691710742000,0.68525846,0.68525846,0.68525846
1691710743000,0.6852573,0.6852573,0.6852573
1691710744000,0.6853,0.6853,0.6853
1691710745000,0.6853,0.6853,0.6853
1691710746000,0.6853,0.6853,0.6853
1691710747000,0.6853,0.6853,0.6853
1691710748000,0.6853,0.6853,0.6853
1691710749000,0.6853,0.6853,0.6853
1691710750000,0.6853,0.6853,0.6853
1691710751000,0.6853,0.6853,0.6853
1691710752000,0.6853,0.6853,0.6853
1691710753000,0.6853,0.6853,0.6853
1691710754000,0.6855,0.6855,0.6855
1691710755000,0.6855,0.6855,0.6855
1691710756000,0.6855,0.6855,0.6855
1691710757000,0.6855,0.6855,0.6855
1691710758000,0.6855,0.6855,0.6855
1691710759000,0.6854,0.6854,0.6854
1691710760000,0.6854,0.6854,0.6854
1691710761000,0.6854,0.6854,0.6854
1691710762000,0.6854,0.6854,0.6854
1691710763000,0.6854,0.6854,0.6854
1691710764000,0.6854,0.6854,0.6854
1691710765000,0.6855,0.6855,0.6855
1691710766000,0.6855,0.6855,0.6855
1691710767000,0.6855,0.6855,0.6855
1691710768000,0.6855,0.6855,0.6855
1691710769000,0.6855,0.6855,0.6855
1691710770000,0.6855,0.6855,0.6855
1691710771000,0.6855,0.6855,0.6855
1691710772000,0.6855,0.6855,0.6855
1691710773000,0.6855,0.6855,0.6855
1691710774000,0.6855,0.6855,0.6855
1691710775000,0.6855,0.6855,0.6855
1691710776000,0.6855,0.6855,0.6855
1691710777000,0.6855,0.6855,0.6855
1691710778000,0.6855,0.6855,0.6855
1691710779000,0.6855,0.6855,0.6855
1691710780000,0.6855,0.6855,0.6855
1691710781000,0.6855,0.6855,0.6855
1691710782000,0.6855,0.6855,0.6855
1691710783000,0.6855,0.6855,0.6855
1691710784000,0.6855,0.6855,0.6855
1691710785000,0.6855,0.6855,0.6855
1691710786000,0.6855,0.6855,0.6855
1691710787000,0.6855,0.6855,0.6855
1691710788000,0.6855,0.6855,0.6855
1691710789000,0.6855,0.6855,0.6855
1691710790000,0.6855,0.6855,0.6855
1691710791000,0.6855,0.6855,0.6855
1691710792000,0.6854,0.6854,0.6854
1691710793000,0.6854,0.6854,0.6854
1691710794000,0.6854,0.6854,0.6854
1691710795000,0.6854,0.6854,0.6854
1691710796000,0.6854,0.6854,0.6854
1691710797000,0.6854,0.6854,0.6854
1691710798000,0.6854,0.6854,0.6854
1691710799000,0.6854,0.6854,0.6854
1691710800000,0.6854,0.6854,0.6854
1691710801000,0.6854,0.6854,0.6854
1691710802000,0.6854,0.6854,0.6854
1691710803000,0.6854,0.6854,0.6854
1691710804000,0.6854,0.6854,0.6854
1691710805000,0.6854,0.6854,0.6854
1691710806000,0.6854,0.6854,0.6854
1691710807000,0.6854,0.6854,0.6854
1691710808000,0.6854,0.6854,0.6854
1691710809000,0.6854,0.6854,0.6854
1691710810000,0.6854,0.6854,0.6854
1691710811000,0.6854,0.6854,0.6854
1691710812000,0.6854,0.6854,0.6854
1691710813000,0.6853259,0.6853259,0.6853259
1691710814000,0.68532593,0.68532593,0.68532593
1691710815000,0.68532358,0.68532358,0.68532358
1691710816000,0.68532355,0.68532355,0.68532355
1691710817000,0.6854,0.6854,0.6854
1691710818000,0.68532355,0.68532355,0.68532355
1691710819000,0.68534964,0.68534964,0.68534964
1691710820000,0.68534723,0.68534723,0.68534723
1691710821000,0.68534723,0.68534723,0.68534723
1691710822000,0.68534723,0.68534723,0.68534723
1691710823000,0.68534715,0.68534715,0.68534715
1691710824000,0.68534697,0.68534697,0.68534697
1691710825000,0.68534697,0.68534697,0.68534697
1691710826000,0.6852854,0.6852854,0.6852854
1691710827000,0.6852854,0.6852854,0.6852854
1691710828000,0.68524196,0.68524196,0.68524196
1691710829000,0.68524193,0.68524193,0.68524193
1691710830000,0.68526075,0.68526075,0.68526075
1691710831000,0.68522821,0.68522821,0.68522821
1691710832000,0.68522821,0.68522821,0.68522821
1691710833000,0.68522821,0.68522821,0.68522821
1691710834000,0.68522821,0.68522821,0.68522821
1691710835000,0.68522821,0.68522821,0.68522821
1691710836000,0.68522824,0.68522824,0.68522824
1691710837000,0.68522364,0.68522364,0.68522364
1691710838000,0.68522364,0.68522364,0.68522364
1691710839000,0.68522361,0.68522361,0.68522361
1691710840000,0.68522364,0.68522364,0.68522364
1691710841000,0.68522364,0.68522364,0.68522364
1691710842000,0.68522364,0.68522364,0.68522364
1691710843000,0.68521818,0.68521818,0.68521818
1691710844000,0.68521821,0.68521821,0.68521821
1691710845000,0.68521821,0.68521821,0.68521821
1691710846000,0.68521818,0.68521818,0.68521818
1691710847000,0.68515538,0.68515538,0.68515538
1691710848000,0.68514853,0.68514853,0.68514853
1691710849000,0.68514853,0.68514853,0.68514853
1691710850000,0.68514853,0.68514853,0.68514853
1691710851000,0.68514853,0.68514853,0.68514853
1691710852000,0.6851,0.6851,0.6851
1691710853000,0.6851,0.6851,0.6851
1691710854000,0.68514472,0.68514472,0.68514472
1691710855000,0.68514472,0.68514472,0.68514472
1691710856000,0.68514476,0.68514476,0.68514476
1691710857000,0.68514476,0.68514476,0.68514476
1691710858000,0.68514472,0.68514472,0.68514472
1691710859000,0.68514164,0.68514164,0.68514164
1691710860000,0.68514164,0.68514164,0.68514164
1691710861000,0.68514164,0.68514164,0.68514164
1691710862000,0.68514079,0.68514079,0.68514079
1691710863000,0.68518336,0.68518336,0.68518336
1691710864000,0.68518322,0.68518322,0.68518322
1691710865000,0.68518019,0.68518019,0.68518019
1691710866000,0.68518019,0.68518019,0.68518019
1691710867000,0.68518015,0.68518015,0.68518015
1691710868000,0.68518015,0.68518015,0.68518015
1691710869000,0.68518019,0.68518019,0.68518019
1691710870000,0.68517641,0.68517641,0.68517641
1691710871000,0.68512641,0.68512641,0.68512641
1691710872000,0.68512641,0.68512641,0.68512641
1691710873000,0.68512641,0.68512641,0.68512641
1691710874000,0.68512641,0.68512641,0.68512641
1691710875000,0.68512638,0.68512638,0.68512638
1691710876000,0.68517385,0.68517385,0.68517385
1691710877000,0.6854,0.6854,0.6854
1691710878000,0.6854,0.6854,0.6854
1691710879000,0.6852,0.6852,0.6852
1691710880000,0.68528131,0.68528131,0.68528131
1691710881000,0.68527833,0.68527833,0.68527833
1691710882000,0.68527833,0.68527833,0.68527833
1691710883000,0.68527837,0.68527837,0.68527837
1691710884000,0.68522837,0.68522837,0.68522837
1691710885000,0.68522837,0.68522837,0.68522837
1691710886000,0.68522833,0.68522833,0.68522833
1691710887000,0.6852248,0.6852248,0.6852248
1691710888000,0.6852248,0.6852248,0.6852248
1691710889000,0.68522477,0.68522477,0.68522477
1691710890000,0.68522477,0.68522477,0.68522477
1691710891000,0.68522477,0.68522477,0.68522477
1691710892000,0.68522,0.68522,0.68522
1691710893000,0.68522004,0.68522004,0.68522004
1691710894000,0.68522004,0.68522004,0.68522004
1691710895000,0.68522,0.68522,0.68522
1691710896000,0.6852,0.6852,0.6852
1691710897000,0.6852,0.6852,0.6852
1691710898000,0.6852,0.6852,0.6852
1691710899000,0.6852,0.6852,0.6852
1691710900000,0.6852,0.6852,0.6852
1691710901000,0.68521715,0.68521715,0.68521715
1691710902000,0.68521711,0.68521711,0.68521711
1691710903000,0.68521593,0.68521593,0.68521593
1691710904000,0.68521593,0.68521593,0.68521593
1691710905000,0.68521593,0.68521593,0.68521593
1691710906000,0.68521593,0.68521593,0.68521593
1691710907000,0.68521593,0.68521593,0.68521593
1691710908000,0.68521682,0.68521682,0.68521682
1691710909000,0.68521402,0.68521402,0.68521402
1691710910000,0.68521402,0.68521402,0.68521402
1691710911000,0.68516405,0.68516405,0.68516405
1691710912000,0.68516405,0.68516405,0.68516405
1691710913000,0.68516405,0.68516405,0.68516405
1691710914000,0.68516044,0.68516044,0.68516044
1691710915000,0.68516044,0.68516044,0.68516044
1691710916000,0.68517544,0.68517544,0.68517544
1691710917000,0.68517547,0.68517547,0.68517547
1691710918000,0.68522544,0.68522544,0.68522544
1691710919000,0.68522544,0.68522544,0.68522544
1691710920000,0.6852077,0.6852077,0.6852077
1691710921000,0.6852077,0.6852077,0.6852077
1691710922000,0.6852077,0.6852077,0.6852077
1691710923000,0.68520855,0.68520855,0.68520855
1691710924000,0.68520855,0.68520855,0.68520855
1691710925000,0.6852058,0.6852058,0.6852058
1691710926000,0.6852058,0.6852058,0.6852058
1691710927000,0.6852058,0.6852058,0.6852058
1691710928000,0.6852058,0.6852058,0.6852058
1691710929000,0.6852058,0.6852058,0.6852058
1691710930000,0.6852058,0.6852058,0.6852058
1691710931000,0.68520943,0.68520943,0.68520943
1691710932000,0.68520943,0.68520943,0.68520943
1691710933000,0.68520946,0.68520946,0.68520946
1691710934000,0.68520943,0.68520943,0.68520943
1691710935000,0.68520943,0.68520943,0.68520943
1691710936000,0.68520946,0.68520946,0.68520946
1691710937000,0.68520996,0.68520996,0.68520996
1691710938000,0.68520996,0.68520996,0.68520996
1691710939000,0.68520992,0.68520992,0.68520992
1691710940000,0.68520992,0.68520992,0.68520992
1691710941000,0.68520992,0.68520992,0.68520992
1691710942000,0.68520773,0.68520773,0.68520773
1691710943000,0.68520859,0.68520859,0.68520859
1691710944000,0.68520859,0.68520859,0.68520859
1691710945000,0.68520862,0.68520862,0.68520862
1691710946000,0.68520862,0.68520862,0.68520862
1691710947000,0.68520859,0.68520859,0.68520859
1691710948000,0.68520905,0.68520905,0.68520905
1691710949000,0.68520905,0.68520905,0.68520905
1691710950000,0.68520823,0.68520823,0.68520823
1691710951000,0.68520819,0.68520819,0.68520819
1691710952000,0.68520819,0.68520819,0.68520819
1691710953000,0.68520866,0.68520866,0.68520866
1691710954000,0.68520866,0.68520866,0.68520866
1691710955000,0.6852162,0.6852162,0.6852162
1691710956000,0.6852162,0.6852162,0.6852162
1691710957000,0.68521705,0.68521705,0.68521705
1691710958000,0.68521702,0.68521702,0.68521702
1691710959000,0.68521673,0.68521673,0.68521673
1691710960000,0.68517169,0.68517169,0.68517169
1691710961000,0.68517169,0.68517169,0.68517169
1691710962000,0.68517172,0.68517172,0.68517172
1691710963000,0.68517169,0.68517169,0.68517169
1691710964000,0.6851,0.6851,0.6851
1691710965000,0.6851,0.6851,0.6851
1691710966000,0.6851,0.6851,0.6851
1691710967000,0.6851,0.6851,0.6851
1691710968000,0.68512131,0.68512131,0.68512131
1691710969000,0.68512131,0.68512131,0.68512131
1691710970000,0.68512066,0.68512066,0.68512066
1691710971000,0.68512066,0.68512066,0.68512066
1691710972000,0.68512066,0.68512066,0.68512066
1691710973000,0.68512151,0.68512151,0.68512151
1691710974000,0.68512151,0.68512151,0.68512151
1691710975000,0.68512005,0.68512005,0.68512005
1691710976000,0.68511969,0.68511969,0.68511969
1691710977000,0.68511969,0.68511969,0.68511969
1691710978000,0.68511969,0.68511969,0.68511969
1691710979000,0.68511969,0.68511969,0.68511969
1691710980000,0.68511969,0.68511969,0.68511969
1691710981000,0.68505375,0.68505375,0.68505375
1691710982000,0.68505378,0.68505378,0.68505378
1691710983000,0.68505378,0.68505378,0.68505378
1691710984000,0.68505378,0.68505378,0.68505378
1691710985000,0.68505375,0.68505375,0.68505375
1691710986000,0.68505122,0.68505122,0.68505122
1691710987000,0.68503971,0.68503971,0.68503971
1691710988000,0.68503971,0.68503971,0.68503971
1691710989000,0.68503971,0.68503971,0.68503971
1691710990000,0.68502471,0.68502471,0.68502471
1691710991000,0.68502471,0.68502471,0.68502471
1691710992000,0.68502379,0.68502379,0.68502379
1691710993000,0.68502375,0.68502375,0.68502375
1691710994000,0.68502375,0.68502375,0.68502375
1691710995000,0.68502375,0.68502375,0.68502375
1691710996000,0.68502375,0.68502375,0.68502375
1691710997000,0.68502289,0.68502289,0.68502289
1691710998000,0.68502289,0.68502289,0.68502289
1691710999000,0.68502286,0.68502286,0.68502286
1691711000000,0.68502286,0.68502286,0.68502286
1691711001000,0.68503911,0.68503911,0.68503911
1691711002000,0.685,0.685,0.685
1691711003000,0.685,0.685,0.685
1691711004000,0.685,0.685,0.685
1691711005000,0.685,0.685,0.685
1691711006000,0.685,0.685,0.685
1691711007000,0.685,0.685,0.685
1691711008000,0.685,0.685,0.685
1691711009000,0.685,0.685,0.685
1691711010000,0.685,0.685,0.685
1691711011000,0.685,0.685,0.685
1691711012000,0.685,0.685,0.685
1691711013000,0.685,0.685,0.685
1691711014000,0.68502949,0.68502949,0.68502949
1691711015000,0.68502949,0.68502949,0.68502949
1691711016000,0.685,0.685,0.685
1691711017000,0.685,0.685,0.685
1691711018000,0.68497953,0.68497953,0.68497953
1691711019000,0.685,0.685,0.685
1691711020000,0.685,0.685,0.685
1691711021000,0.685,0.685,0.685
1691711022000,0.685,0.685,0.685
1691711023000,0.68497668,0.68497668,0.68497668
1691711024000,0.68497672,0.68497672,0.68497672
1691711025000,0.68497487,0.68497487,0.68497487
1691711026000,0.68497487,0.68497487,0.68497487
1691711027000,0.68496737,0.68496737,0.68496737
1691711028000,0.68496737,0.68496737,0.68496737
1691711029000,0.685,0.685,0.685
1691711030000,0.685,0.685,0.685
1691711031000,0.685,0.685,0.685
1691711032000,0.68501363,0.68501363,0.68501363
1691711033000,0.68501434,0.68501434,0.68501434
1691711034000,0.6851,0.6851,0.6851
1691711035000,0.6851,0.6851,0.6851
1691711036000,0.6851,0.6851,0.6851
1691711037000,0.6851,0.6851,0.6851
1691711038000,0.6851,0.6851,0.6851
1691711039000,0.6852,0.6852,0.6852
1691711040000,0.6852,0.6852,0.6852
1691711041000,0.6852,0.6852,0.6852
1691711042000,0.6852,0.6852,0.6852
1691711043000,0.6852,0.6852,0.6852
1691711044000,0.6852,0.6852,0.6852
1691711045000,0.6852,0.6852,0.6852
1691711046000,0.6852,0.6852,0.6852
1691711047000,0.6852,0.6852,0.6852
1691711048000,0.6852,0.6852,0.6852
1691711049000,0.6852,0.6852,0.6852
1691711050000,0.6852,0.6852,0.6852
1691711051000,0.6852,0.6852,0.6852
1691711052000,0.6852,0.6852,0.6852
1691711053000,0.6852,0.6852,0.6852
1691711054000,0.6852,0.6852,0.6852
1691711055000,0.6852,0.6852,0.6852
1691711056000,0.6852,0.6852,0.6852
1691711057000,0.6852,0.6852,0.6852
1691711058000,0.6852,0.6852,0.6852
1691711059000,0.6852,0.6852,0.6852
1691711060000,0.6852,0.6852,0.6852
1691711061000,0.6852,0.6852,0.6852
1691711062000,0.6852,0.6852,0.6852
1691711063000,0.6852,0.6852,0.6852
1691711064000,0.6852,0.6852,0.6852
1691711065000,0.6852,0.6852,0.6852
1691711066000,0.6852,0.6852,0.6852
1691711067000,0.6852,0.6852,0.6852
1691711068000,0.6852,0.6852,0.6852
1691711069000,0.6852,0.6852,0.6852
1691711070000,0.6852,0.6852,0.6852
1691711071000,0.6852,0.6852,0.6852
1691711072000,0.6852,0.6852,0.6852
1691711073000,0.6852,0.6852,0.6852
1691711074000,0.6852,0.6852,0.6852
1691711075000,0.6851,0.6851,0.6851
1691711076000,0.6851,0.6851,0.6851
1691711077000,0.6851,0.6851,0.6851
1691711078000,0.6851,0.6851,0.6851
1691711079000,0.6852,0.6852,0.6852
1691711080000,0.6852,0.6852,0.6852
1691711081000,0.6852,0.6852,0.6852
1691711082000,0.6852,0.6852,0.6852
1691711083000,0.6852,0.6852,0.6852
1691711084000,0.6852,0.6852,0.6852
1691711085000,0.6852,0.6852,0.6852
1691711086000,0.6852,0.6852,0.6852
1691711087000,0.6852,0.6852,0.6852
1691711088000,0.6852,0.6852,0.6852
1691711089000,0.6852,0.6852,0.6852
1691711090000,0.6851,0.6851,0.6851
1691711091000,0.6851,0.6851,0.6851
1691711092000,0.6851,0.6851,0.6851
1691711093000,0.6851,0.6851,0.6851
1691711094000,0.6851,0.6851,0.6851
1691711095000,0.6851,0.6851,0.6851
1691711096000,0.6851,0.6851,0.6851
1691711097000,0.6851,0.6851,0.6851
1691711098000,0.6851,0.6851,0.6851
1691711099000,0.6851,0.6851,0.6851
1691711100000,0.6851,0.6851,0.6851
1691711101000,0.6851,0.6851,0.6851
1691711102000,0.6851,0.6851,0.6851
1691711103000,0.6851,0.6851,0.6851
1691711104000,0.6851,0.6851,0.6851
1691711105000,0.6851,0.6851,0.6851
1691711106000,0.6851,0.6851,0.6851
1691711107000,0.6851,0.6851,0.6851
1691711108000,0.6852,0.6852,0.6852
1691711109000,0.6852,0.6852,0.6852
1691711110000,0.6851,0.6851,0.6851
1691711111000,0.6851,0.6851,0.6851
1691711112000,0.6851,0.6851,0.6851
1691711113000,0.6851,0.6851,0.6851
1691711114000,0.6852,0.6852,0.6852
1691711115000,0.6852,0.6852,0.6852
1691711116000,0.6852,0.6852,0.6852
1691711117000,0.6852,0.6852,0.6852
1691711118000,0.6852,0.6852,0.6852
1691711119000,0.6851,0.6851,0.6851
1691711120000,0.6851,0.6851,0.6851
1691711121000,0.6851,0.6851,0.6851
1691711122000,0.6851,0.6851,0.6851
1691711123000,0.6851,0.6851,0.6851
1691711124000,0.6851,0.6851,0.6851
1691711125000,0.6851,0.6851,0.6851
1691711126000,0.6852,0.6852,0.6852
1691711127000,0.6852,0.6852,0.6852
1691711128000,0.6852,0.6852,0.6852
1691711129000,0.6852,0.6852,0.6852
1691711130000,0.6851,0.6851,0.6851
1691711131000,0.6851,0.6851,0.6851
1691711132000,0.6851,0.6851,0.6851
1691711133000,0.6851,0.6851,0.6851
1691711134000,0.6851,0.6851,0.6851
1691711135000,0.6852,0.6852,0.6852
1691711136000,0.6852,0.6852,0.6852
1691711137000,0.6852,0.6852,0.6852
1691711138000,0.6852,0.6852,0.6852
1691711139000,0.6852,0.6852,0.6852
1691711140000,0.6852,0.6852,0.6852
1691711141000,0.6852,0.6852,0.6852
1691711142000,0.6852,0.6852,0.6852
1691711143000,0.6852,0.6852,0.6852
1691711144000,0.6852,0.6852,0.6852
1691711145000,0.6852,0.6852,0.6852
1691711146000,0.6852,0.6852,0.6852
1691711147000,0.6852,0.6852,0.6852
1691711148000,0.6851,0.6851,0.6851
1691711149000,0.6851,0.6851,0.6851
1691711150000,0.6851,0.6851,0.6851
1691711151000,0.6851,0.6851,0.6851
1691711152000,0.6851,0.6851,0.6851
1691711153000,0.6851,0.6851,0.6851
1691711154000,0.6851,0.6851,0.6851
1691711155000,0.6851,0.6851,0.6851
1691711156000,0.6851,0.6851,0.6851
1691711157000,0.6851,0.6851,0.6851
1691711158000,0.6851,0.6851,0.6851
1691711159000,0.6851,0.6851,0.6851
1691711160000,0.6851,0.6851,0.6851
1691711161000,0.6851,0.6851,0.6851
1691711162000,0.6851,0.6851,0.6851
1691711163000,0.6851,0.6851,0.6851
1691711164000,0.6851,0.6851,0.6851
1691711165000,0.6851,0.6851,0.6851
1691711166000,0.6851,0.6851,0.6851
1691711167000,0.6851,0.6851,0.6851
1691711168000,0.6851,0.6851,0.6851
1691711169000,0.6851,0.6851,0.6851
1691711170000,0.6851,0.6851,0.6851
1691711171000,0.6851,0.6851,0.6851
1691711172000,0.6851,0.6851,0.6851
1691711173000,0.6853,0.6853,0.6853
1691711174000,0.6854,0.6854,0.6854
1691711175000,0.6854,0.6854,0.6854
1691711176000,0.6853,0.6853,0.6853
1691711177000,0.6853,0.6853,0.6853
1691711178000,0.6853,0.6853,0.6853
1691711179000,0.6853,0.6853,0.6853
1691711180000,0.6853,0.6853,0.6853
1691711181000,0.6852,0.6852,0.6852
1691711182000,0.6852,0.6852,0.6852
1691711183000,0.6852,0.6852,0.6852
1691711184000,0.68510661,0.68510661,0.68510661
1691711185000,0.6851095,0.6851095,0.6851095
1691711186000,0.6851095,0.6851095,0.6851095
1691711187000,0.6852,0.6852,0.6852
1691711188000,0.6852,0.6852,0.6852
1691711189000,0.6852,0.6852,0.6852
1691711190000,0.6852,0.6852,0.6852
1691711191000,0.6852,0.6852,0.6852
1691711192000,0.6852,0.6852,0.6852
1691711193000,0.6852,0.6852,0.6852
1691711194000,0.6852,0.6852,0.6852
1691711195000,0.6852,0.6852,0.6852
1691711196000,0.6852,0.6852,0.6852
1691711197000,0.68520807,0.68520807,0.68520807
1691711198000,0.6852,0.6852,0.6852
1691711199000,0.6852,0.6852,0.6852
1691711200000,0.6852,0.6852,0.6852
1691711201000,0.6852,0.6852,0.6852
1691711202000,0.6852,0.6852,0.6852
1691711203000,0.6852,0.6852,0.6852
1691711204000,0.68517524,0.68517524,0.68517524
1691711205000,0.68517524,0.68517524,0.68517524
1691711206000,0.68517521,0.68517521,0.68517521
1691711207000,0.68517439,0.68517439,0.68517439
1691711208000,0.68517579,0.68517579,0.68517579
1691711209000,0.68517579,0.68517579,0.68517579
1691711210000,0.68517576,0.68517576,0.68517576
1691711211000,0.68517576,0.68517576,0.68517576
1691711212000,0.68517576,0.68517576,0.68517576
1691711213000,0.68517801,0.68517801,0.68517801
1691711214000,0.68517801,0.68517801,0.68517801
1691711215000,0.68522798,0.68522798,0.68522798
1691711216000,0.68522798,0.68522798,0.68522798
1691711217000,0.68522798,0.68522798,0.68522798
1691711218000,0.68522798,0.68522798,0.68522798
1691711219000,0.68522985,0.68522985,0.68522985
1691711220000,0.68523739,0.68523739,0.68523739
1691711221000,0.68524489,0.68524489,0.68524489
1691711222000,0.68524489,0.68524489,0.68524489
1691711223000,0.68524489,0.68524489,0.68524489
1691711224000,0.685245,0.685245,0.685245
1691711225000,0.685245,0.685245,0.685245
1691711226000,0.685245,0.685245,0.685245
1691711227000,0.6852459,0.6852459,0.6852459
1691711228000,0.68524504,0.68524504,0.68524504
1691711229000,0.68524504,0.68524504,0.68524504
1691711230000,0.68524499,0.68524499,0.68524499
1691711231000,0.68524499,0.68524499,0.68524499
1691711232000,0.68519499,0.68519499,0.68519499
1691711233000,0.68519503,0.68519503,0.68519503
1691711234000,0.6852,0.6852,0.6852
1691711235000,0.6852,0.6852,0.6852
1691711236000,0.6852,0.6852,0.6852
1691711237000,0.6852,0.6852,0.6852
1691711238000,0.6852,0.6852,0.6852
1691711239000,0.6852,0.6852,0.6852
1691711240000,0.6852,0.6852,0.6852
1691711241000,0.68520508,0.68520508,0.68520508
1691711242000,0.68520508,0.68520508,0.68520508
1691711243000,0.68520508,0.68520508,0.68520508
1691711244000,0.68520508,0.68520508,0.68520508
1691711245000,0.6852,0.6852,0.6852
1691711246000,0.6852,0.6852,0.6852
1691711247000,0.6852,0.6852,0.6852
1691711248000,0.6852,0.6852,0.6852
1691711249000,0.6852,0.6852,0.6852
1691711250000,0.6852,0.6852,0.6852
1691711251000,0.6852,0.6852,0.6852
1691711252000,0.68523589,0.68523589,0.68523589
1691711253000,0.68523589,0.68523589,0.68523589
1691711254000,0.68523589,0.68523589,0.68523589
1691711255000,0.68523589,0.68523589,0.68523589
1691711256000,0.68523589,0.68523589,0.68523589
1691711257000,0.68523982,0.68523982,0.68523982
1691711258000,0.68523982,0.68523982,0.68523982
1691711259000,0.6853,0.6853,0.6853
1691711260000,0.6853,0.6853,0.6853
1691711261000,0.6853,0.6853,0.6853
1691711262000,0.6853,0.6853,0.6853
1691711263000,0.6853,0.6853,0.6853
1691711264000,0.6853,0.6853,0.6853
1691711265000,0.6853,0.6853,0.6853
1691711266000,0.6853,0.6853,0.6853
1691711267000,0.6853,0.6853,0.6853
1691711268000,0.6853,0.6853,0.6853
1691711269000,0.6853,0.6853,0.6853
1691711270000,0.6853,0.6853,0.6853
1691711271000,0.6853,0.6853,0.6853
1691711272000,0.6853,0.6853,0.6853
1691711273000,0.6853,0.6853,0.6853
1691711274000,0.6853,0.6853,0.6853
1691711275000,0.6853,0.6853,0.6853
1691711276000,0.6853,0.6853,0.6853
1691711277000,0.6853,0.6853,0.6853
1691711278000,0.6853,0.6853,0.6853
1691711279000,0.6853,0.6853,0.6853
1691711280000,0.6853,0.6853,0.6853
1691711281000,0.6853,0.6853,0.6853
1691711282000,0.6853,0.6853,0.6853
1691711283000,0.68520176,0.68520176,0.68520176
1691711284000,0.68520176,0.68520176,0.68520176
1691711285000,0.6852039,0.6852039,0.6852039
1691711286000,0.6852039,0.6852039,0.6852039
1691711287000,0.6852039,0.6852039,0.6852039
1691711288000,0.6852039,0.6852039,0.6852039
1691711289000,0.68498758,0.68498758,0.68498758
1691711290000,0.68498968,0.68498968,0.68498968
1691711291000,0.68494057,0.68494057,0.68494057
1691711292000,0.68492553,0.68492553,0.68492553
1691711293000,0.68492553,0.68492553,0.68492553
1691711294000,0.68492394,0.68492394,0.68492394
1691711295000,0.68491734,0.68491734,0.68491734
1691711296000,0.68497022,0.68497022,0.68497022
1691711297000,0.68492022,0.68492022,0.68492022
1691711298000,0.68492025,0.68492025,0.68492025
1691711299000,0.68492147,0.68492147,0.68492147
1691711300000,0.68492147,0.68492147,0.68492147
1691711301000,0.68492248,0.68492248,0.68492248
1691711302000,0.68492425,0.68492425,0.68492425
1691711303000,0.68492425,0.68492425,0.68492425
1691711304000,0.68492425,0.68492425,0.68492425
1691711305000,0.68492346,0.68492346,0.68492346
1691711306000,0.68492346,0.68492346,0.68492346
1691711307000,0.68492312,0.68492312,0.68492312
1691711308000,0.68492226,0.68492226,0.68492226
1691711309000,0.68492226,0.68492226,0.68492226
1691711310000,0.68492065,0.68492065,0.68492065
1691711311000,0.68492068,0.68492068,0.68492068
1691711312000,0.68492068,0.68492068,0.68492068
1691711313000,0.68492157,0.68492157,0.68492157
1691711314000,0.68492157,0.68492157,0.68492157
1691711315000,0.68491931,0.68491931,0.68491931
1691711316000,0.68491907,0.68491907,0.68491907
1691711317000,0.68491992,0.68491992,0.68491992
1691711318000,0.68492159,0.68492159,0.68492159
1691711319000,0.68492073,0.68492073,0.68492073
1691711320000,0.68492073,0.68492073,0.68492073
1691711321000,0.68492058,0.68492058,0.68492058
1691711322000,0.68497062,0.68497062,0.68497062
1691711323000,0.68497062,0.68497062,0.68497062
1691711324000,0.68497145,0.68497145,0.68497145
1691711325000,0.68497145,0.68497145,0.68497145
1691711326000,0.68497108,0.68497108,0.68497108
1691711327000,0.68497112,0.68497112,0.68497112
1691711328000,0.68497108,0.68497108,0.68497108
1691711329000,0.68497109,0.68497109,0.68497109
1691711330000,0.68497038,0.68497038,0.68497038
1691711331000,0.68497123,0.68497123,0.68497123
1691711332000,0.68497123,0.68497123,0.68497123
1691711333000,0.68497127,0.68497127,0.68497127
1691711334000,0.6849705,0.6849705,0.6849705
1691711335000,0.68496973,0.68496973,0.68496973
1691711336000,0.68496906,0.68496906,0.68496906
1691711337000,0.68496909,0.68496909,0.68496909
1691711338000,0.68496909,0.68496909,0.68496909
1691711339000,0.68496906,0.68496906,0.68496906
1691711340000,0.68495981,0.68495981,0.68495981
1691711341000,0.68495962,0.68495962,0.68495962
1691711342000,0.68495962,0.68495962,0.68495962
1691711343000,0.68490958,0.68490958,0.68490958
1691711344000,0.68490958,0.68490958,0.68490958
1691711345000,0.68490962,0.68490962,0.68490962
1691711346000,0.68490515,0.68490515,0.68490515
1691711347000,0.68490512,0.68490512,0.68490512
1691711348000,0.68490515,0.68490515,0.68490515
1691711349000,0.68490515,0.68490515,0.68490515
1691711350000,0.68490512,0.68490512,0.68490512
1691711351000,0.68490351,0.68490351,0.68490351
1691711352000,0.68490351,0.68490351,0.68490351
1691711353000,0.68490354,0.68490354,0.68490354
1691711354000,0.68490354,0.68490354,0.68490354
1691711355000,0.68490269,0.68490269,0.68490269
1691711356000,0.68490269,0.68490269,0.68490269
1691711357000,0.68489937,0.68489937,0.68489937
1691711358000,0.68489937,0.68489937,0.68489937
1691711359000,0.68489937,0.68489937,0.68489937
1691711360000,0.68489937,0.68489937,0.68489937
1691711361000,0.68489937,0.68489937,0.68489937
1691711362000,0.68489701,0.68489701,0.68489701
1691711363000,0.68489701,0.68489701,0.68489701
1691711364000,0.68489698,0.68489698,0.68489698
1691711365000,0.68489698,0.68489698,0.68489698
1691711366000,0.68489698,0.68489698,0.68489698
1691711367000,0.68489698,0.68489698,0.68489698
1691711368000,0.68489542,0.68489542,0.68489542
1691711369000,0.68489542,0.68489542,0.68489542
1691711370000,0.68485124,0.68485124,0.68485124
1691711371000,0.68485124,0.68485124,0.68485124
1691711372000,0.68485124,0.68485124,0.68485124
1691711373000,0.68485017,0.68485017,0.68485017
1691711374000,0.6848502,0.6848502,0.6848502
1691711375000,0.68485102,0.68485102,0.68485102
1691711376000,0.68485852,0.68485852,0.68485852
1691711377000,0.68485852,0.68485852,0.68485852
1691711378000,0.68485852,0.68485852,0.68485852
1691711379000,0.68485769,0.68485769,0.68485769
1691711380000,0.68485769,0.68485769,0.68485769
1691711381000,0.68482773,0.68482773,0.68482773
1691711382000,0.68482773,0.68482773,0.68482773
1691711383000,0.68482773,0.68482773,0.68482773
1691711384000,0.68482679,0.68482679,0.68482679
1691711385000,0.68482676,0.68482676,0.68482676
1691711386000,0.68482679,0.68482679,0.68482679
1691711387000,0.68482676,0.68482676,0.68482676
1691711388000,0.68482679,0.68482679,0.68482679
1691711389000,0.6849,0.6849,0.6849
1691711390000,0.6849,0.6849,0.6849
1691711391000,0.6849,0.6849,0.6849
1691711392000,0.6849,0.6849,0.6849
1691711393000,0.6849,0.6849,0.6849
1691711394000,0.6849,0.6849,0.6849
1691711395000,0.6849,0.6849,0.6849
1691711396000,0.6849,0.6849,0.6849
1691711397000,0.68487391,0.68487391,0.68487391
1691711398000,0.68487391,0.68487391,0.68487391
1691711399000,0.68487395,0.68487395,0.68487395
1691711400000,0.68487395,0.68487395,0.68487395
1691711401000,0.68487339,0.68487339,0.68487339
1691711402000,0.68487339,0.68487339,0.68487339
1691711403000,0.68487339,0.68487339,0.68487339
1691711404000,0.68487335,0.68487335,0.68487335
1691711405000,0.68487339,0.68487339,0.68487339
1691711406000,0.68487335,0.68487335,0.68487335
1691711407000,0.68487156,0.68487156,0.68487156
1691711408000,0.68487159,0.68487159,0.68487159
1691711409000,0.68487159,0.68487159,0.68487159
1691711410000,0.6849,0.6849,0.6849
1691711411000,0.6849,0.6849,0.6849
1691711412000,0.6849,0.6849,0.6849
1691711413000,0.6849,0.6849,0.6849
1691711414000,0.6849,0.6849,0.6849
1691711415000,0.6849,0.6849,0.6849
1691711416000,0.6849,0.6849,0.6849
1691711417000,0.68487018,0.68487018,0.68487018
1691711418000,0.68486878,0.68486878,0.68486878
1691711419000,0.6849,0.6849,0.6849
1691711420000,0.6849,0.6849,0.6849
1691711421000,0.6849,0.6849,0.6849
1691711422000,0.6849,0.6849,0.6849
1691711423000,0.6849,0.6849,0.6849
1691711424000,0.6849,0.6849,0.6849
1691711425000,0.6849,0.6849,0.6849
1691711426000,0.68486651,0.68486651,0.68486651
1691711427000,0.68486651,0.68486651,0.68486651
1691711428000,0.68486651,0.68486651,0.68486651
1691711429000,0.68485874,0.68485874,0.68485874
1691711430000,0.68485874,0.68485874,0.68485874
1691711431000,0.68485874,0.68485874,0.68485874
1691711432000,0.68485878,0.68485878,0.68485878
1691711433000,0.68490296,0.68490296,0.68490296
1691711434000,0.685,0.685,0.685
1691711435000,0.685,0.685,0.685
1691711436000,0.685,0.685,0.685
1691711437000,0.685,0.685,0.685
1691711438000,0.685,0.685,0.685
1691711439000,0.685,0.685,0.685
1691711440000,0.685,0.685,0.685
1691711441000,0.685,0.685,0.685
1691711442000,0.685,0.685,0.685
1691711443000,0.685,0.685,0.685
1691711444000,0.685,0.685,0.685
1691711445000,0.685,0.685,0.685
1691711446000,0.685,0.685,0.685
1691711447000,0.685,0.685,0.685
1691711448000,0.685,0.685,0.685
1691711449000,0.685,0.685,0.685
1691711450000,0.685,0.685,0.685
1691711451000,0.685,0.685,0.685
1691711452000,0.685,0.685,0.685
1691711453000,0.685,0.685,0.685
1691711454000,0.685,0.685,0.685
1691711455000,0.685,0.685,0.685
1691711456000,0.685,0.685,0.685
1691711457000,0.685,0.685,0.685
1691711458000,0.685,0.685,0.685
1691711459000,0.685,0.685,0.685
1691711460000,0.685,0.685,0.685
1691711461000,0.685,0.685,0.685
1691711462000,0.685,0.685,0.685
1691711463000,0.685,0.685,0.685
1691711464000,0.685,0.685,0.685
1691711465000,0.685,0.685,0.685
1691711466000,0.685,0.685,0.685
1691711467000,0.685,0.685,0.685
1691711468000,0.685,0.685,0.685
1691711469000,0.685,0.685,0.685
1691711470000,0.685,0.685,0.685
1691711471000,0.685,0.685,0.685
1691711472000,0.685,0.685,0.685
1691711473000,0.685,0.685,0.685
1691711474000,0.685,0.685,0.685
1691711475000,0.685,0.685,0.685
1691711476000,0.685,0.685,0.685
1691711477000,0.685,0.685,0.685
1691711478000,0.685,0.685,0.685
1691711479000,0.685,0.685,0.685
1691711480000,0.685,0.685,0.685
1691711481000,0.685,0.685,0.685
1691711482000,0.685,0.685,0.685
1691711483000,0.685,0.685,0.685
1691711484000,0.68499392,0.68499392,0.68499392
1691711485000,0.68499392,0.68499392,0.68499392
1691711486000,0.68499389,0.68499389,0.68499389
1691711487000,0.68499389,0.68499389,0.68499389
1691711488000,0.68499389,0.68499389,0.68499389
1691711489000,0.68499389,0.68499389,0.68499389
1691711490000,0.68499269,0.68499269,0.68499269
1691711491000,0.68499269,0.68499269,0.68499269
1691711492000,0.68499269,0.68499269,0.68499269
1691711493000,0.68499269,0.68499269,0.68499269
1691711494000,0.68499272,0.68499272,0.68499272
1691711495000,0.685,0.685,0.685
1691711496000,0.685,0.685,0.685
1691711497000,0.685,0.685,0.685
1691711498000,0.685,0.685,0.685
1691711499000,0.685,0.685,0.685
1691711500000,0.685,0.685,0.685
1691711501000,0.685,0.685,0.685
1691711502000,0.685,0.685,0.685
1691711503000,0.685,0.685,0.685
1691711504000,0.685,0.685,0.685
1691711505000,0.685,0.685,0.685
1691711506000,0.685,0.685,0.685
1691711507000,0.685,0.685,0.685
1691711508000,0.685,0.685,0.685
1691711509000,0.685,0.685,0.685
1691711510000,0.685,0.685,0.685
1691711511000,0.68500299,0.68500299,0.68500299
1691711512000,0.6851,0.6851,0.6851
1691711513000,0.6851,0.6851,0.6851
1691711514000,0.6851,0.6851,0.6851
1691711515000,0.6851,0.6851,0.6851
1691711516000,0.6851,0.6851,0.6851
1691711517000,0.6851,0.6851,0.6851
1691711518000,0.6851,0.6851,0.6851
1691711519000,0.6851,0.6851,0.6851
1691711520000,0.6851,0.6851,0.6851
1691711521000,0.6851,0.6851,0.6851
1691711522000,0.6851,0.6851,0.6851
1691711523000,0.68501038,0.68501038,0.68501038
1691711524000,0.68501038,0.68501038,0.68501038
1691711525000,0.68501038,0.68501038,0.68501038
1691711526000,0.68506124,0.68506124,0.68506124
1691711527000,0.6850612,0.6850612,0.6850612
1691711528000,0.68506279,0.68506279,0.68506279
1691711529000,0.68506279,0.68506279,0.68506279
1691711530000,0.68506283,0.68506283,0.68506283
1691711531000,0.68506283,0.68506283,0.68506283
1691711532000,0.68506283,0.68506283,0.68506283
1691711533000,0.6851,0.6851,0.6851
1691711534000,0.6851,0.6851,0.6851
1691711535000,0.6851,0.6851,0.6851
1691711536000,0.6851,0.6851,0.6851
1691711537000,0.6851,0.6851,0.6851
1691711538000,0.6851,0.6851,0.6851
1691711539000,0.6851,0.6851,0.6851
1691711540000,0.6851,0.6851,0.6851
1691711541000,0.6851,0.6851,0.6851
1691711542000,0.6851,0.6851,0.6851
1691711543000,0.6851,0.6851,0.6851
1691711544000,0.6851,0.6851,0.6851
1691711545000,0.6851,0.6851,0.6851
1691711546000,0.6851,0.6851,0.6851
1691711547000,0.6851,0.6851,0.6851
1691711548000,0.6851,0.6851,0.6851
1691711549000,0.6851,0.6851,0.6851
1691711550000,0.6851,0.6851,0.6851
1691711551000,0.6851,0.6851,0.6851
1691711552000,0.6851,0.6851,0.6851
1691711553000,0.6852,0.6852,0.6852
1691711554000,0.6852,0.6852,0.6852
1691711555000,0.6852,0.6852,0.6852
1691711556000,0.6852,0.6852,0.6852
1691711557000,0.6852,0.6852,0.6852
1691711558000,0.6852,0.6852,0.6852
1691711559000,0.6852,0.6852,0.6852
1691711560000,0.6852,0.6852,0.6852
1691711561000,0.6852,0.6852,0.6852
1691711562000,0.6852,0.6852,0.6852
1691711563000,0.6852,0.6852,0.6852
1691711564000,0.6852,0.6852,0.6852
1691711565000,0.6852,0.6852,0.6852
1691711566000,0.6852,0.6852,0.6852
1691711567000,0.6852,0.6852,0.6852
1691711568000,0.6852,0.6852,0.6852
1691711569000,0.6852,0.6852,0.6852
1691711570000,0.6852,0.6852,0.6852
1691711571000,0.6852,0.6852,0.6852
1691711572000,0.6852,0.6852,0.6852
1691711573000,0.6852,0.6852,0.6852
1691711574000,0.6852,0.6852,0.6852
1691711575000,0.6852,0.6852,0.6852
1691711576000,0.6852,0.6852,0.6852
1691711577000,0.6852,0.6852,0.6852
1691711578000,0.6852,0.6852,0.6852
1691711579000,0.6852,0.6852,0.6852
1691711580000,0.6852,0.6852,0.6852
1691711581000,0.6852,0.6852,0.6852
1691711582000,0.6852,0.6852,0.6852
1691711583000,0.6852,0.6852,0.6852
1691711584000,0.6852,0.6852,0.6852
1691711585000,0.6852,0.6852,0.6852
1691711586000,0.6852,0.6852,0.6852
1691711587000,0.6852,0.6852,0.6852
1691711588000,0.6852,0.6852,0.6852
1691711589000,0.6852,0.6852,0.6852
1691711590000,0.6852,0.6852,0.6852
1691711591000,0.6852,0.6852,0.6852
1691711592000,0.6852,0.6852,0.6852
1691711593000,0.6852,0.6852,0.6852
1691711594000,0.6852,0.6852,0.6852
1691711595000,0.6852,0.6852,0.6852
1691711596000,0.6852,0.6852,0.6852
1691711597000,0.6852,0.6852,0.6852
1691711598000,0.6852,0.6852,0.6852
1691711599000,0.6852,0.6852,0.6852
1691711600000,0.6852,0.6852,0.6852
1691711601000,0.6852,0.6852,0.6852
1691711602000,0.6851,0.6851,0.6851
1691711603000,0.6851,0.6851,0.6851
1691711604000,0.6852,0.6852,0.6852
1691711605000,0.6852,0.6852,0.6852
1691711606000,0.6852,0.6852,0.6852
1691711607000,0.6852,0.6852,0.6852
1691711608000,0.6852,0.6852,0.6852
1691711609000,0.6852,0.6852,0.6852
1691711610000,0.6851,0.6851,0.6851
1691711611000,0.6851,0.6851,0.6851
1691711612000,0.6851,0.6851,0.6851
1691711613000,0.6851,0.6851,0.6851
1691711614000,0.6851,0.6851,0.6851
1691711615000,0.6851,0.6851,0.6851
1691711616000,0.6852,0.6852,0.6852
1691711617000,0.6852,0.6852,0.6852
1691711618000,0.6852,0.6852,0.6852
1691711619000,0.6852,0.6852,0.6852
1691711620000,0.6852,0.6852,0.6852
1691711621000,0.6852,0.6852,0.6852
1691711622000,0.6852,0.6852,0.6852
1691711623000,0.6852,0.6852,0.6852
1691711624000,0.6852,0.6852,0.6852
1691711625000,0.6852,0.6852,0.6852
1691711626000,0.6852,0.6852,0.6852
1691711627000,0.6852,0.6852,0.6852
1691711628000,0.6852,0.6852,0.6852
1691711629000,0.6852,0.6852,0.6852
1691711630000,0.6852,0.6852,0.6852
1691711631000,0.6852,0.6852,0.6852
1691711632000,0.6852,0.6852,0.6852
1691711633000,0.6852,0.6852,0.6852
1691711634000,0.6852,0.6852,0.6852
1691711635000,0.6852,0.6852,0.6852
1691711636000,0.6852,0.6852,0.6852
1691711637000,0.6852,0.6852,0.6852
1691711638000,0.6852,0.6852,0.6852
1691711639000,0.6852,0.6852,0.6852
1691711640000,0.6852,0.6852,0.6852
1691711641000,0.6852,0.6852,0.6852
1691711642000,0.6852,0.6852,0.6852
1691711643000,0.6852,0.6852,0.6852
1691711644000,0.6852,0.6852,0.6852
1691711645000,0.6852,0.6852,0.6852
1691711646000,0.6852,0.6852,0.6852
1691711647000,0.68516099,0.68516099,0.68516099
1691711648000,0.68516103,0.68516103,0.68516103
1691711649000,0.68516084,0.68516084,0.68516084
1691711650000,0.68516163,0.68516163,0.68516163
1691711651000,0.68516078,0.68516078,0.68516078
1691711652000,0.68516078,0.68516078,0.68516078
1691711653000,0.6852,0.6852,0.6852
1691711654000,0.6852,0.6852,0.6852
1691711655000,0.6852,0.6852,0.6852
1691711656000,0.6852,0.6852,0.6852
1691711657000,0.68516257,0.68516257,0.68516257
1691711658000,0.68516343,0.68516343,0.68516343
1691711659000,0.68516343,0.68516343,0.68516343
1691711660000,0.68516343,0.68516343,0.68516343
1691711661000,0.685164,0.685164,0.685164
1691711662000,0.685164,0.685164,0.685164
1691711663000,0.68516396,0.68516396,0.68516396
1691711664000,0.68511396,0.68511396,0.68511396
1691711665000,0.6852,0.6852,0.6852
1691711666000,0.6852,0.6852,0.6852
1691711667000,0.6852,0.6852,0.6852
1691711668000,0.6852,0.6852,0.6852
1691711669000,0.6852,0.6852,0.6852
1691711670000,0.6852,0.6852,0.6852
1691711671000,0.6852,0.6852,0.6852
1691711672000,0.68511672,0.68511672,0.68511672
1691711673000,0.68511594,0.68511594,0.68511594
1691711674000,0.68511594,0.68511594,0.68511594
1691711675000,0.68511683,0.68511683,0.68511683
1691711676000,0.68511683,0.68511683,0.68511683
1691711677000,0.68511683,0.68511683,0.68511683
1691711678000,0.68511604,0.68511604,0.68511604
1691711679000,0.68511563,0.68511563,0.68511563
1691711680000,0.68511559,0.68511559,0.68511559
1691711681000,0.68511559,0.68511559,0.68511559
1691711682000,0.68511477,0.68511477,0.68511477
1691711683000,0.68511412,0.68511412,0.68511412
1691711684000,0.68511412,0.68511412,0.68511412
1691711685000,0.68511446,0.68511446,0.68511446
1691711686000,0.6851,0.6851,0.6851
1691711687000,0.685092,0.685092,0.685092
1691711688000,0.685092,0.685092,0.685092
1691711689000,0.68508879,0.68508879,0.68508879
1691711690000,0.68508879,0.68508879,0.68508879
1691711691000,0.68508879,0.68508879,0.68508879
1691711692000,0.68508879,0.68508879,0.68508879
1691711693000,0.68508879,0.68508879,0.68508879
1691711694000,0.68508761,0.68508761,0.68508761
1691711695000,0.68508764,0.68508764,0.68508764
1691711696000,0.68504346,0.68504346,0.68504346
1691711697000,0.68504346,0.68504346,0.68504346
1691711698000,0.685,0.685,0.685
1691711699000,0.68491342,0.68491342,0.68491342
1691711700000,0.68490739,0.68490739,0.68490739
1691711701000,0.68490743,0.68490743,0.68490743
1691711702000,0.68490743,0.68490743,0.68490743
1691711703000,0.68490743,0.68490743,0.68490743
1691711704000,0.68490828,0.68490828,0.68490828
1691711705000,0.68490775,0.68490775,0.68490775
1691711706000,0.68490775,0.68490775,0.68490775
1691711707000,0.68490772,0.68490772,0.68490772
1691711708000,0.68495772,0.68495772,0.68495772
1691711709000,0.68495772,0.68495772,0.68495772
1691711710000,0.685,0.685,0.685
1691711711000,0.685,0.685,0.685
1691711712000,0.685,0.685,0.685
1691711713000,0.685,0.685,0.685
1691711714000,0.6851,0.6851,0.6851
1691711715000,0.6851,0.6851,0.6851
1691711716000,0.685,0.685,0.685
1691711717000,0.685,0.685,0.685
1691711718000,0.685,0.685,0.685
1691711719000,0.685,0.685,0.685
1691711720000,0.685,0.685,0.685
1691711721000,0.685,0.685,0.685
1691711722000,0.685,0.685,0.685
1691711723000,0.685,0.685,0.685
1691711724000,0.685,0.685,0.685
1691711725000,0.685,0.685,0.685
1691711726000,0.685,0.685,0.685
1691711727000,0.685,0.685,0.685
1691711728000,0.685,0.685,0.685
1691711729000,0.685,0.685,0.685
1691711730000,0.685,0.685,0.685
1691711731000,0.685,0.685,0.685
1691711732000,0.685,0.685,0.685
1691711733000,0.6851,0.6851,0.6851
1691711734000,0.6851,0.6851,0.6851
1691711735000,0.6851,0.6851,0.6851
1691711736000,0.6851,0.6851,0.6851
1691711737000,0.6851,0.6851,0.6851
1691711738000,0.6851,0.6851,0.6851
1691711739000,0.6851,0.6851,0.6851
1691711740000,0.6851,0.6851,0.6851
1691711741000,0.6851,0.6851,0.6851
1691711742000,0.6851,0.6851,0.6851
1691711743000,0.685,0.685,0.685
1691711744000,0.685,0.685,0.685
1691711745000,0.685,0.685,0.685
1691711746000,0.685,0.685,0.685
1691711747000,0.6851,0.6851,0.6851
1691711748000,0.6851,0.6851,0.6851
1691711749000,0.6851,0.6851,0.6851
1691711750000,0.6851,0.6851,0.6851
1691711751000,0.6851,0.6851,0.6851
1691711752000,0.6851,0.6851,0.6851
1691711753000,0.6851,0.6851,0.6851
1691711754000,0.685,0.685,0.685
1691711755000,0.685,0.685,0.685
1691711756000,0.68494244,0.68494244,0.68494244
1691711757000,0.68494244,0.68494244,0.68494244
1691711758000,0.68494244,0.68494244,0.68494244
1691711759000,0.68494244,0.68494244,0.68494244
1691711760000,0.68494174,0.68494174,0.68494174
1691711761000,0.68494174,0.68494174,0.68494174
1691711762000,0.68494174,0.68494174,0.68494174
1691711763000,0.6848926,0.6848926,0.6848926
1691711764000,0.6848926,0.6848926,0.6848926
1691711765000,0.6848926,0.6848926,0.6848926
1691711766000,0.68484028,0.68484028,0.68484028
1691711767000,0.68484028,0.68484028,0.68484028
1691711768000,0.68484028,0.68484028,0.68484028
1691711769000,0.68484028,0.68484028,0.68484028
1691711770000,0.68484028,0.68484028,0.68484028
1691711771000,0.68483961,0.68483961,0.68483961
1691711772000,0.68483961,0.68483961,0.68483961
1691711773000,0.68483961,0.68483961,0.68483961
1691711774000,0.68483964,0.68483964,0.68483964
1691711775000,0.68483961,0.68483961,0.68483961
1691711776000,0.68483961,0.68483961,0.68483961
1691711777000,0.68483745,0.68483745,0.68483745
1691711778000,0.68483745,0.68483745,0.68483745
1691711779000,0.68483745,0.68483745,0.68483745
1691711780000,0.68483745,0.68483745,0.68483745
1691711781000,0.68483745,0.68483745,0.68483745
1691711782000,0.68483745,0.68483745,0.68483745
1691711783000,0.68483763,0.68483763,0.68483763
1691711784000,0.68483763,0.68483763,0.68483763
1691711785000,0.68483852,0.68483852,0.68483852
1691711786000,0.68483852,0.68483852,0.68483852
1691711787000,0.6848,0.6848,0.6848
1691711788000,0.6848,0.6848,0.6848
1691711789000,0.6848,0.6848,0.6848
1691711790000,0.6848,0.6848,0.6848
1691711791000,0.6848,0.6848,0.6848
1691711792000,0.6848,0.6848,0.6848
1691711793000,0.6848,0.6848,0.6848
1691711794000,0.6848,0.6848,0.6848
1691711795000,0.6848,0.6848,0.6848
1691711796000,0.6848,0.6848,0.6848
1691711797000,0.6848,0.6848,0.6848
1691711798000,0.6848,0.6848,0.6848
1691711799000,0.68483163,0.68483163,0.68483163
1691711800000,0.68483163,0.68483163,0.68483163
1691711801000,0.68483159,0.68483159,0.68483159
1691711802000,0.68482409,0.68482409,0.68482409
1691711803000,0.68482409,0.68482409,0.68482409
1691711804000,0.68482409,0.68482409,0.68482409
1691711805000,0.68482282,0.68482282,0.68482282
1691711806000,0.68482282,0.68482282,0.68482282
1691711807000,0.68482282,0.68482282,0.68482282
1691711808000,0.68482286,0.68482286,0.68482286
1691711809000,0.68482286,0.68482286,0.68482286
1691711810000,0.68481999,0.68481999,0.68481999
1691711811000,0.68481999,0.68481999,0.68481999
1691711812000,0.68481999,0.68481999,0.68481999
1691711813000,0.68481999,0.68481999,0.68481999
1691711814000,0.68481999,0.68481999,0.68481999
1691711815000,0.68481996,0.68481996,0.68481996
1691711816000,0.68481797,0.68481797,0.68481797
1691711817000,0.68481797,0.68481797,0.68481797
1691711818000,0.68481797,0.68481797,0.68481797
1691711819000,0.68481797,0.68481797,0.68481797
1691711820000,0.68481797,0.68481797,0.68481797
1691711821000,0.68481678,0.68481678,0.68481678
1691711822000,0.68481675,0.68481675,0.68481675
1691711823000,0.68481675,0.68481675,0.68481675
1691711824000,0.68481764,0.68481764,0.68481764
1691711825000,0.68481761,0.68481761,0.68481761
1691711826000,0.68481764,0.68481764,0.68481764
1691711827000,0.68481618,0.68481618,0.68481618
1691711828000,0.68481618,0.68481618,0.68481618
1691711829000,0.68481618,0.68481618,0.68481618
1691711830000,0.68481618,0.68481618,0.68481618
1691711831000,0.68481615,0.68481615,0.68481615
1691711832000,0.68481581,0.68481581,0.68481581
1691711833000,0.68481585,0.68481585,0.68481585
1691711834000,0.68481585,0.68481585,0.68481585
1691711835000,0.68481581,0.68481581,0.68481581
1691711836000,0.68486581,0.68486581,0.68486581
1691711837000,0.68486581,0.68486581,0.68486581
1691711838000,0.68501291,0.68501291,0.68501291
1691711839000,0.68501291,0.68501291,0.68501291
1691711840000,0.68501291,0.68501291,0.68501291
1691711841000,0.68501291,0.68501291,0.68501291
1691711842000,0.68501205,0.68501205,0.68501205
1691711843000,0.68501006,0.68501006,0.68501006
1691711844000,0.68501091,0.68501091,0.68501091
1691711845000,0.68501091,0.68501091,0.68501091
1691711846000,0.68501091,0.68501091,0.68501091
1691711847000,0.68501841,0.68501841,0.68501841
1691711848000,0.68501841,0.68501841,0.68501841
1691711849000,0.68501666,0.68501666,0.68501666
1691711850000,0.68501666,0.68501666,0.68501666
1691711851000,0.685,0.685,0.685
1691711852000,0.685,0.685,0.685
1691711853000,0.685,0.685,0.685
1691711854000,0.685,0.685,0.685
1691711855000,0.685,0.685,0.685
1691711856000,0.685,0.685,0.685
1691711857000,0.685,0.685,0.685
1691711858000,0.685,0.685,0.685
1691711859000,0.685,0.685,0.685
1691711860000,0.685,0.685,0.685
1691711861000,0.685,0.685,0.685
1691711862000,0.685,0.685,0.685
1691711863000,0.685,0.685,0.685
1691711864000,0.685,0.685,0.685
1691711865000,0.685,0.685,0.685
1691711866000,0.685,0.685,0.685
1691711867000,0.6849,0.6849,0.6849
1691711868000,0.6849,0.6849,0.6849
1691711869000,0.6849,0.6849,0.6849
1691711870000,0.6849,0.6849,0.6849
1691711871000,0.6849,0.6849,0.6849
1691711872000,0.6849,0.6849,0.6849
1691711873000,0.6849,0.6849,0.6849
1691711874000,0.6849,0.6849,0.6849
1691711875000,0.6849,0.6849,0.6849
1691711876000,0.6849,0.6849,0.6849
1691711877000,0.6849,0.6849,0.6849
1691711878000,0.6849,0.6849,0.6849
1691711879000,0.6849,0.6849,0.6849
1691711880000,0.6849,0.6849,0.6849
1691711881000,0.6849,0.6849,0.6849
1691711882000,0.6849,0.6849,0.6849
1691711883000,0.6849,0.6849,0.6849
1691711884000,0.68493201,0.68493201,0.68493201
1691711885000,0.68493197,0.68493197,0.68493197
1691711886000,0.68493197,0.68493197,0.68493197
1691711887000,0.68493197,0.68493197,0.68493197
1691711888000,0.68493118,0.68493118,0.68493118
1691711889000,0.68493122,0.68493122,0.68493122
1691711890000,0.68493122,0.68493122,0.68493122
1691711891000,0.68493122,0.68493122,0.68493122
1691711892000,0.685,0.685,0.685
1691711893000,0.685,0.685,0.685
1691711894000,0.685,0.685,0.685
1691711895000,0.685,0.685,0.685
1691711896000,0.685,0.685,0.685
1691711897000,0.685,0.685,0.685
1691711898000,0.685,0.685,0.685
1691711899000,0.685,0.685,0.685
1691711900000,0.685,0.685,0.685
1691711901000,0.685,0.685,0.685
1691711902000,0.6849296,0.6849296,0.6849296
1691711903000,0.6849296,0.6849296,0.6849296
1691711904000,0.68492884,0.68492884,0.68492884
1691711905000,0.68492802,0.68492802,0.68492802
1691711906000,0.68498548,0.68498548,0.68498548
1691711907000,0.68498552,0.68498552,0.68498552
1691711908000,0.68498548,0.68498548,0.68498548
1691711909000,0.68498552,0.68498552,0.68498552
1691711910000,0.68498381,0.68498381,0.68498381
1691711911000,0.68498378,0.68498378,0.68498378
1691711912000,0.68498381,0.68498381,0.68498381
1691711913000,0.68498378,0.68498378,0.68498378
1691711914000,0.68498467,0.68498467,0.68498467
1691711915000,0.68498297,0.68498297,0.68498297
1691711916000,0.685,0.685,0.685
1691711917000,0.685,0.685,0.685
1691711918000,0.685,0.685,0.685
1691711919000,0.685,0.685,0.685
1691711920000,0.68493297,0.68493297,0.68493297
1691711921000,0.685,0.685,0.685
1691711922000,0.685,0.685,0.685
1691711923000,0.685,0.685,0.685
1691711924000,0.68497418,0.68497418,0.68497418
1691711925000,0.68497421,0.68497421,0.68497421
1691711926000,0.68497448,0.68497448,0.68497448
1691711927000,0.685,0.685,0.685
1691711928000,0.685,0.685,0.685
1691711929000,0.685,0.685,0.685
1691711930000,0.68497448,0.68497448,0.68497448
1691711931000,0.68497359,0.68497359,0.68497359
1691711932000,0.68498854,0.68498854,0.68498854
1691711933000,0.68502354,0.68502354,0.68502354
1691711934000,0.68502354,0.68502354,0.68502354
1691711935000,0.68502357,0.68502357,0.68502357
1691711936000,0.68502357,0.68502357,0.68502357
1691711937000,0.68502268,0.68502268,0.68502268
1691711938000,0.68502265,0.68502265,0.68502265
1691711939000,0.68502265,0.68502265,0.68502265
1691711940000,0.68502265,0.68502265,0.68502265
1691711941000,0.68502265,0.68502265,0.68502265
1691711942000,0.68502354,0.68502354,0.68502354
1691711943000,0.68502262,0.68502262,0.68502262
1691711944000,0.68502262,0.68502262,0.68502262
1691711945000,0.68502266,0.68502266,0.68502266
1691711946000,0.68502266,0.68502266,0.68502266
1691711947000,0.68502266,0.68502266,0.68502266
1691711948000,0.68502127,0.68502127,0.68502127
1691711949000,0.68502127,0.68502127,0.68502127
1691711950000,0.68502127,0.68502127,0.68502127
1691711951000,0.68502127,0.68502127,0.68502127
1691711952000,0.68502124,0.68502124,0.68502124
1691711953000,0.68502127,0.68502127,0.68502127
1691711954000,0.68501988,0.68501988,0.68501988
1691711955000,0.68502622,0.68502622,0.68502622
1691711956000,0.6850254,0.6850254,0.6850254
1691711957000,0.68502536,0.68502536,0.68502536
1691711958000,0.68502536,0.68502536,0.68502536
1691711959000,0.68502385,0.68502385,0.68502385
1691711960000,0.68502385,0.68502385,0.68502385
1691711961000,0.68502385,0.68502385,0.68502385
1691711962000,0.68502385,0.68502385,0.68502385
1691711963000,0.68502385,0.68502385,0.68502385
1691711964000,0.68502385,0.68502385,0.68502385
1691711965000,0.68502237,0.68502237,0.68502237
1691711966000,0.68502237,0.68502237,0.68502237
1691711967000,0.6850224,0.6850224,0.6850224
1691711968000,0.6850224,0.6850224,0.6850224
1691711969000,0.6850224,0.6850224,0.6850224
1691711970000,0.685,0.685,0.685
1691711971000,0.6851,0.6851,0.6851
1691711972000,0.6851,0.6851,0.6851
1691711973000,0.6851,0.6851,0.6851
1691711974000,0.6851,0.6851,0.6851
1691711975000,0.6851,0.6851,0.6851
1691711976000,0.685,0.685,0.685
1691711977000,0.685,0.685,0.685
1691711978000,0.6851,0.6851,0.6851
1691711979000,0.6851,0.6851,0.6851
1691711980000,0.6851,0.6851,0.6851
1691711981000,0.6851,0.6851,0.6851
1691711982000,0.6851,0.6851,0.6851
1691711983000,0.6851,0.6851,0.6851
1691711984000,0.6851,0.6851,0.6851
1691711985000,0.685,0.685,0.685
1691711986000,0.685,0.685,0.685
1691711987000,0.6851,0.6851,0.6851
1691711988000,0.6851,0.6851,0.6851
1691711989000,0.6851,0.6851,0.6851
1691711990000,0.6851,0.6851,0.6851
1691711991000,0.6851,0.6851,0.6851
1691711992000,0.6851,0.6851,0.6851
1691711993000,0.6852,0.6852,0.6852
1691711994000,0.6852,0.6852,0.6852
1691711995000,0.6852,0.6852,0.6852
1691711996000,0.6852,0.6852,0.6852
1691711997000,0.6852,0.6852,0.6852
1691711998000,0.6852,0.6852,0.6852
1691711999000,0.6852,0.6852,0.6852
1691712000000,0.6851,0.6851,0.6851